% start	end	CellId	IMSI	RNTI	LCID	nTxPDUs	TxBytes	nRxPDUs	RxBytes	delay	stdDev	min	max	PduSize	stdDev	min	max
0	0.25	1	1	3	4	8	1240	8	1240	0.0039812	0.00078599	0.00324918	0.00568236	155	0	155	155	
0	0.25	1	2	4	3	8	1240	8	1240	0.0034267	0.000341982	0.0030765	0.00396238	155	0	155	155	
0	0.25	1	3	2	3	9	1395	9	1395	0.00371508	0.000913712	0.00300772	0.00598923	155	0	155	155	
0	0.25	1	4	6	3	11	1705	11	1705	0.00356631	0.00046862	0.00300833	0.00450895	155	0	155	155	
0	0.25	1	5	1	3	8	1240	8	1240	0.00362043	0.00025606	0.00328148	0.00399143	155	0	155	155	
0.25	0.5	1	1	3	4	11	1705	11	1705	0.00373367	0.000363569	0.00324979	0.00457109	155	0	155	155	
0.25	0.5	1	2	4	3	10	1550	10	1550	0.00354709	0.000374352	0.00312886	0.00398913	155	0	155	155	
0.25	0.5	1	3	2	3	11	1705	11	1705	0.00374581	0.000393425	0.00322718	0.0045498	155	0	155	155	
0.25	0.5	1	4	6	3	10	1550	10	1550	0.00360986	0.000408716	0.0030047	0.00434252	155	0	155	155	
0.25	0.5	1	5	1	3	9	1395	9	1395	0.00372856	0.000302813	0.00325633	0.00437933	155	0	155	155	
0.5	0.75	1	1	3	4	11	1705	10	1550	0.00374747	0.000522549	0.00309367	0.00492254	155	0	155	155	
0.5	0.75	1	2	4	3	13	2015	13	2015	0.00359565	0.000333773	0.00317866	0.004279	155	0	155	155	
0.5	0.75	1	3	2	3	15	2325	15	2325	0.00370281	0.000644019	0.00301294	0.00499365	155	0	155	155	
0.5	0.75	1	4	6	3	7	1085	7	1085	0.00345535	0.000253406	0.00304573	0.00381519	155	0	155	155	
0.5	0.75	1	5	1	3	11	1705	11	1705	0.00370173	0.00041101	0.00301929	0.00459268	155	0	155	155	
0.75	1	1	1	3	4	10	1550	11	1705	0.00344988	0.000243099	0.00313202	0.00398562	155	0	155	155	
0.75	1	1	2	4	3	13	2015	13	2015	0.00384311	0.000659912	0.00320796	0.00533906	155	0	155	155	
0.75	1	1	3	2	3	8	1240	8	1240	0.00374973	0.000535203	0.0031393	0.00496241	155	0	155	155	
0.75	1	1	4	6	3	13	2015	13	2015	0.00361807	0.000323797	0.00323537	0.00427247	155	0	155	155	
0.75	1	1	5	1	3	12	1860	12	1860	0.00342362	0.000235885	0.00304998	0.00375618	155	0	155	155	
1	1.25	1	1	3	4	8	1240	8	1240	0.00370032	0.0002061	0.0034243	0.00399373	155	0	155	155	
1	1.25	1	2	4	3	12	1860	12	1860	0.0034984	0.000446896	0.00300783	0.00449078	155	0	155	155	
1	1.25	1	3	2	3	11	1705	10	1550	0.00354306	0.000329667	0.00300391	0.00396569	155	0	155	155	
1	1.25	1	4	6	3	13	2015	13	2015	0.00379115	0.000648038	0.00303926	0.00534828	155	0	155	155	
1	1.25	1	5	1	3	10	1550	10	1550	0.00348631	0.000458347	0.0030186	0.00418425	155	0	155	155	
1.25	1.5	1	1	3	4	8	1240	7	1085	0.00349535	0.000314761	0.00309174	0.00392419	155	0	155	155	
1.25	1.5	1	2	4	3	9	1395	9	1395	0.00344678	0.000340685	0.00303099	0.00396209	155	0	155	155	
1.25	1.5	1	3	2	3	11	1705	12	1860	0.00358497	0.0004176	0.00301643	0.00445934	155	0	155	155	
1.25	1.5	1	4	6	3	12	1860	12	1860	0.00348541	0.00031711	0.00312409	0.00410995	155	0	155	155	
1.25	1.5	1	5	1	3	10	1550	10	1550	0.00347803	0.000288823	0.00308406	0.00391324	155	0	155	155	
1.5	1.75	1	1	3	4	12	1860	13	2015	0.00347422	0.00028737	0.0030929	0.00393168	155	0	155	155	
1.5	1.75	1	2	4	3	9	1395	9	1395	0.00353504	0.000451885	0.00301775	0.00418352	155	0	155	155	
1.5	1.75	1	3	2	3	11	1705	11	1705	0.00342293	0.00023134	0.00305781	0.00382776	155	0	155	155	
1.5	1.75	1	4	6	3	10	1550	10	1550	0.00378092	0.000322274	0.00327431	0.00442484	155	0	155	155	
1.5	1.75	1	5	1	3	8	1240	8	1240	0.00350066	0.000227079	0.00320951	0.00389948	155	0	155	155	
1.75	2	1	1	3	4	13	2015	13	2015	0.00374259	0.000546707	0.0031205	0.00484563	155	0	155	155	
1.75	2	1	2	4	3	13	2015	13	2015	0.00358856	0.000350112	0.00300093	0.00397085	155	0	155	155	
1.75	2	1	3	2	3	12	1860	12	1860	0.00348915	0.000255258	0.00305055	0.00381359	155	0	155	155	
1.75	2	1	4	6	3	12	1860	12	1860	0.00361564	0.000310322	0.00308534	0.00422435	155	0	155	155	
1.75	2	1	5	1	3	9	1395	9	1395	0.00351909	0.000223135	0.00316376	0.0037947	155	0	155	155	
2	2.25	1	1	3	4	12	1860	12	1860	0.00347586	0.000325184	0.00305866	0.00416304	155	0	155	155	
2	2.25	1	2	4	3	12	1860	12	1860	0.00345447	0.00037241	0.00306615	0.0044691	155	0	155	155	
2	2.25	1	3	2	3	11	1705	10	1550	0.00340212	0.000221731	0.00308957	0.00366169	155	0	155	155	
2	2.25	1	4	6	3	11	1705	11	1705	0.00373738	0.000690755	0.00306099	0.00563938	155	0	155	155	
2	2.25	1	5	1	3	13	2015	13	2015	0.00338764	0.000292557	0.00301291	0.00387637	155	0	155	155	
2.25	2.5	1	1	3	4	12	1860	12	1860	0.00381315	0.000594421	0.00319434	0.00491008	155	0	155	155	
2.25	2.5	1	2	4	3	10	1550	9	1395	0.00331183	0.000324817	0.00301601	0.00391021	155	0	155	155	
2.25	2.5	1	3	2	3	11	1705	12	1860	0.00363449	0.00026392	0.00312576	0.00391573	155	0	155	155	
2.25	2.5	1	4	6	3	13	2015	12	1860	0.00372524	0.000482735	0.0031696	0.00497004	155	0	155	155	
2.25	2.5	1	5	1	3	13	2015	13	2015	0.00371993	0.000694943	0.00303167	0.00495658	155	0	155	155	
2.5	2.75	1	1	3	4	10	1550	10	1550	0.00348132	0.000292957	0.0030928	0.00393941	155	0	155	155	
2.5	2.75	1	2	4	3	11	1705	12	1860	0.00357652	0.000262182	0.00305263	0.00398269	155	0	155	155	
2.5	2.75	1	3	2	3	13	2015	13	2015	0.00342778	0.000208906	0.00305025	0.00388117	155	0	155	155	
2.5	2.75	1	4	6	3	10	1550	11	1705	0.00367851	0.000432613	0.00304068	0.00447205	155	0	155	155	
2.5	2.75	1	5	1	3	10	1550	9	1395	0.00349255	0.000277958	0.00311412	0.0039693	155	0	155	155	
2.75	3	1	1	3	4	13	2015	13	2015	0.00352103	0.000460081	0.00306253	0.00445522	155	0	155	155	
2.75	3	1	2	4	3	10	1550	9	1395	0.00338283	0.000263089	0.00308104	0.00381641	155	0	155	155	
2.75	3	1	3	2	3	10	1550	10	1550	0.00345769	0.000593244	0.00301712	0.00498595	155	0	155	155	
2.75	3	1	4	6	3	13	2015	13	2015	0.00342334	0.000434538	0.0030124	0.00439116	155	0	155	155	
2.75	3	1	5	1	3	11	1705	12	1860	0.00347779	0.000352382	0.00302642	0.00430961	155	0	155	155	
3	3.25	1	1	3	4	12	1860	12	1860	0.00415724	0.000888437	0.00316171	0.00578645	155	0	155	155	
3	3.25	1	2	4	3	13	2015	14	2170	0.00348589	0.000343285	0.00303032	0.00409597	155	0	155	155	
3	3.25	1	3	2	3	11	1705	11	1705	0.00353734	0.000246156	0.00316347	0.00386144	155	0	155	155	
3	3.25	1	4	6	3	11	1705	10	1550	0.00368337	0.000265161	0.00309873	0.00399092	155	0	155	155	
3	3.25	1	5	1	3	14	2170	14	2170	0.00344071	0.000289473	0.00302756	0.00395952	155	0	155	155	
3.25	3.5	1	1	3	4	9	1395	9	1395	0.00378794	0.000353473	0.00340616	0.00457219	155	0	155	155	
3.25	3.5	1	2	4	3	12	1860	12	1860	0.00367205	0.000704611	0.00301638	0.00570834	155	0	155	155	
3.25	3.5	1	3	2	3	12	1860	12	1860	0.00374438	0.000338922	0.00337782	0.00438792	155	0	155	155	
3.25	3.5	1	4	6	3	11	1705	12	1860	0.00348977	0.000274787	0.00306097	0.00397591	155	0	155	155	
3.25	3.5	1	5	1	3	10	1550	9	1395	0.00385479	0.000612092	0.00312425	0.00473007	155	0	155	155	
3.5	3.75	1	1	3	4	11	1705	11	1705	0.00375032	0.000281553	0.003338	0.00439997	155	0	155	155	
3.5	3.75	1	2	4	3	12	1860	11	1705	0.00378564	0.000173069	0.00348697	0.00399959	155	0	155	155	
3.5	3.75	1	3	2	3	9	1395	9	1395	0.0036806	0.000438801	0.00302191	0.00461546	155	0	155	155	
3.5	3.75	1	4	6	3	14	2170	14	2170	0.00375647	0.000529144	0.00307783	0.0047755	155	0	155	155	
3.5	3.75	1	5	1	3	9	1395	10	1550	0.00344147	0.000287541	0.00301807	0.00379505	155	0	155	155	
3.75	4	1	1	3	4	13	2015	13	2015	0.00351583	0.000283343	0.00301446	0.0039809	155	0	155	155	
3.75	4	1	2	4	3	12	1860	13	2015	0.00356641	0.000310484	0.00314082	0.00399233	155	0	155	155	
3.75	4	1	3	2	3	10	1550	10	1550	0.00343614	0.000289331	0.00310821	0.00394803	155	0	155	155	
3.75	4	1	4	6	3	11	1705	11	1705	0.00360357	0.000262361	0.00314256	0.00398693	155	0	155	155	
3.75	4	1	5	1	3	11	1705	11	1705	0.00352991	0.000330563	0.0030035	0.00425064	155	0	155	155	
4	4.25	1	1	3	4	16	2480	16	2480	0.0034854	0.000278185	0.00313071	0.00406724	155	0	155	155	
4	4.25	1	2	4	3	11	1705	10	1550	0.00337304	0.000362984	0.00300005	0.00394417	155	0	155	155	
4	4.25	1	3	2	3	11	1705	11	1705	0.0034812	0.000318451	0.00312673	0.00396554	155	0	155	155	
4	4.25	1	4	6	3	7	1085	7	1085	0.0036043	0.000510743	0.00308025	0.00460746	155	0	155	155	
4	4.25	1	5	1	3	11	1705	10	1550	0.00364978	0.000365655	0.00307658	0.00433552	155	0	155	155	
4.25	4.5	1	1	3	4	11	1705	11	1705	0.00372692	0.000551929	0.00303554	0.00495964	155	0	155	155	
4.25	4.5	1	2	4	3	14	2170	14	2170	0.00371755	0.000746735	0.00303041	0.00580689	155	0	155	155	
4.25	4.5	1	3	2	3	15	2325	14	2170	0.00366671	0.000585374	0.00313689	0.00543875	155	0	155	155	
4.25	4.5	1	4	6	3	12	1860	12	1860	0.00361754	0.00033293	0.00315437	0.00428153	155	0	155	155	
4.25	4.5	1	5	1	3	11	1705	12	1860	0.0034805	0.000446375	0.00300112	0.00421163	155	0	155	155	
4.5	4.75	1	1	3	4	10	1550	10	1550	0.00335897	0.000283848	0.00306778	0.00396481	155	0	155	155	
4.5	4.75	1	2	4	3	14	2170	15	2325	0.00358295	0.000339716	0.00306022	0.00450293	155	0	155	155	
4.5	4.75	1	3	2	3	11	1705	12	1860	0.00363109	0.000317579	0.00309466	0.00395657	155	0	155	155	
4.5	4.75	1	4	6	3	11	1705	11	1705	0.00356414	0.000273128	0.00305097	0.00387875	155	0	155	155	
4.5	4.75	1	5	1	3	7	1085	7	1085	0.00379309	0.000609836	0.00303869	0.00494544	155	0	155	155	
4.75	5	1	1	3	4	11	1705	11	1705	0.00349777	0.000264847	0.00313055	0.00391623	155	0	155	155	
4.75	5	1	2	4	3	12	1860	12	1860	0.0035502	0.000347187	0.00303134	0.00403757	155	0	155	155	
4.75	5	1	3	2	3	10	1550	10	1550	0.00367931	0.000186513	0.00331839	0.00387667	155	0	155	155	
4.75	5	1	4	6	3	9	1395	9	1395	0.00378366	0.000410623	0.0033683	0.00473843	155	0	155	155	
4.75	5	1	5	1	3	12	1860	12	1860	0.00367095	0.000261404	0.00312689	0.00410243	155	0	155	155	
5	5.25	1	1	3	4	10	1550	10	1550	0.00368882	0.000468109	0.00307317	0.00467003	155	0	155	155	
5	5.25	1	2	4	3	9	1395	9	1395	0.00353179	0.000561373	0.00308121	0.00485993	155	0	155	155	
5	5.25	1	3	2	3	11	1705	11	1705	0.00366614	0.000656659	0.0030009	0.00497655	155	0	155	155	
5	5.25	1	4	6	3	12	1860	11	1705	0.00387738	0.00103411	0.00300014	0.00680629	155	0	155	155	
5	5.25	1	5	1	3	10	1550	9	1395	0.0033464	0.000218575	0.0030333	0.00371648	155	0	155	155	
5.25	5.5	1	1	3	4	12	1860	12	1860	0.00373573	0.000457626	0.00305145	0.00458475	155	0	155	155	
5.25	5.5	1	2	4	3	10	1550	9	1395	0.00358322	0.00030588	0.00316584	0.00393355	155	0	155	155	
5.25	5.5	1	3	2	3	14	2170	14	2170	0.00369405	0.000571894	0.00307967	0.00491145	155	0	155	155	
5.25	5.5	1	4	6	3	14	2170	15	2325	0.00374655	0.000523553	0.00303999	0.00504118	155	0	155	155	
5.25	5.5	1	5	1	3	12	1860	12	1860	0.00355584	0.000456671	0.00301343	0.00464731	155	0	155	155	
5.5	5.75	1	1	3	4	11	1705	11	1705	0.00362665	0.000251062	0.00327825	0.00398986	155	0	155	155	
5.5	5.75	1	2	4	3	15	2325	16	2480	0.00348263	0.000265123	0.00307438	0.00400526	155	0	155	155	
5.5	5.75	1	3	2	3	14	2170	14	2170	0.0036272	0.000578869	0.00307371	0.00500399	155	0	155	155	
5.5	5.75	1	4	6	3	10	1550	10	1550	0.00357374	0.00029148	0.00311103	0.00392866	155	0	155	155	
5.5	5.75	1	5	1	3	9	1395	10	1550	0.00355758	0.000300765	0.00307597	0.00399889	155	0	155	155	
5.75	6	1	1	3	4	13	2015	13	2015	0.00348639	0.000282035	0.00301154	0.00390145	155	0	155	155	
5.75	6	1	2	4	3	12	1860	11	1705	0.00346718	0.000287211	0.00301685	0.00396661	155	0	155	155	
5.75	6	1	3	2	3	10	1550	10	1550	0.00354941	0.000260283	0.00320142	0.00378859	155	0	155	155	
5.75	6	1	4	6	3	10	1550	10	1550	0.00355299	0.000338771	0.00307457	0.00398415	155	0	155	155	
5.75	6	1	5	1	3	12	1860	12	1860	0.003449	0.000375612	0.00301421	0.00422281	155	0	155	155	
6	6.25	1	1	3	4	13	2015	13	2015	0.00363331	0.000469418	0.0030643	0.00469222	155	0	155	155	
6	6.25	1	2	4	3	11	1705	12	1860	0.00351449	0.000197892	0.00314813	0.00378648	155	0	155	155	
6	6.25	1	3	2	3	12	1860	11	1705	0.00364235	0.0004803	0.0031142	0.00484349	155	0	155	155	
6	6.25	1	4	6	3	10	1550	10	1550	0.00346797	0.000204996	0.00313886	0.00376387	155	0	155	155	
6	6.25	1	5	1	3	10	1550	10	1550	0.00363012	0.000486217	0.00311388	0.00461977	155	0	155	155	
6.25	6.5	1	1	3	4	12	1860	12	1860	0.00360515	0.000272227	0.00307263	0.00392282	155	0	155	155	
6.25	6.5	1	2	4	3	9	1395	8	1240	0.00376642	0.000373561	0.00312956	0.00434878	155	0	155	155	
6.25	6.5	1	3	2	3	10	1550	10	1550	0.00349943	0.000336137	0.00306509	0.00398114	155	0	155	155	
6.25	6.5	1	4	6	3	9	1395	9	1395	0.00349338	0.00026457	0.00318307	0.00399665	155	0	155	155	
6.25	6.5	1	5	1	3	12	1860	12	1860	0.00366873	0.000424689	0.00303092	0.00457286	155	0	155	155	
6.5	6.75	1	1	3	4	12	1860	12	1860	0.00346322	0.00037695	0.00302439	0.0039963	155	0	155	155	
6.5	6.75	1	2	4	3	11	1705	12	1860	0.00348189	0.000318983	0.00307356	0.00396587	155	0	155	155	
6.5	6.75	1	3	2	3	13	2015	14	2170	0.0037202	0.000487095	0.00308911	0.00448459	155	0	155	155	
6.5	6.75	1	4	6	3	14	2170	14	2170	0.00371295	0.000506506	0.00300386	0.00472497	155	0	155	155	
6.5	6.75	1	5	1	3	9	1395	9	1395	0.0035498	0.000264566	0.00314128	0.00394698	155	0	155	155	
6.75	7	1	1	3	4	12	1860	12	1860	0.00361316	0.000474322	0.00303738	0.00463518	155	0	155	155	
6.75	7	1	2	4	3	12	1860	12	1860	0.00349143	0.000436418	0.00305419	0.00432247	155	0	155	155	
6.75	7	1	3	2	3	8	1240	8	1240	0.0035811	0.000353075	0.00300296	0.00395525	155	0	155	155	
6.75	7	1	4	6	3	12	1860	11	1705	0.00373247	0.000526897	0.00307222	0.00477519	155	0	155	155	
6.75	7	1	5	1	3	12	1860	12	1860	0.00346735	0.00027002	0.0030143	0.0039887	155	0	155	155	
7	7.25	1	1	3	4	10	1550	10	1550	0.00347937	0.000419428	0.00301528	0.00439395	155	0	155	155	
7	7.25	1	2	4	3	8	1240	8	1240	0.00347813	0.000260806	0.00301593	0.00388429	155	0	155	155	
7	7.25	1	3	2	3	12	1860	12	1860	0.00358574	0.000337796	0.00300379	0.00398108	155	0	155	155	
7	7.25	1	4	6	3	10	1550	11	1705	0.00355915	0.000388303	0.00312636	0.00447601	155	0	155	155	
7	7.25	1	5	1	3	12	1860	12	1860	0.00360385	0.000337153	0.00300788	0.00435112	155	0	155	155	
7.25	7.5	1	1	3	4	11	1705	11	1705	0.00347362	0.000398674	0.00300036	0.00422703	155	0	155	155	
7.25	7.5	1	2	4	3	9	1395	9	1395	0.00354816	0.000308758	0.00307174	0.00388061	155	0	155	155	
7.25	7.5	1	3	2	3	16	2480	16	2480	0.00364359	0.000448885	0.003036	0.00445879	155	0	155	155	
7.25	7.5	1	4	6	3	8	1240	8	1240	0.00355764	0.000220808	0.00319359	0.00380976	155	0	155	155	
7.25	7.5	1	5	1	3	12	1860	12	1860	0.00381185	0.000575986	0.00305249	0.00480575	155	0	155	155	
7.5	7.75	1	1	3	4	14	2170	14	2170	0.00378118	0.000338305	0.00325749	0.00461527	155	0	155	155	
7.5	7.75	1	2	4	3	10	1550	10	1550	0.00348425	0.000401222	0.00304276	0.00396737	155	0	155	155	
7.5	7.75	1	3	2	3	10	1550	10	1550	0.00369458	0.000478326	0.00301911	0.00482338	155	0	155	155	
7.5	7.75	1	4	6	3	13	2015	13	2015	0.00344258	0.000242918	0.00317914	0.00398699	155	0	155	155	
7.5	7.75	1	5	1	3	11	1705	11	1705	0.00355215	0.000376489	0.00301934	0.00396783	155	0	155	155	
7.75	8	1	1	3	4	13	2015	13	2015	0.00362605	0.000802366	0.00302006	0.00561795	155	0	155	155	
7.75	8	1	2	4	3	10	1550	10	1550	0.0034652	0.000315995	0.00303055	0.00398945	155	0	155	155	
7.75	8	1	3	2	3	12	1860	12	1860	0.00407023	0.000945106	0.00312684	0.00591732	155	0	155	155	
7.75	8	1	4	6	3	9	1395	9	1395	0.00368795	0.000458097	0.00308358	0.00471352	155	0	155	155	
7.75	8	1	5	1	3	11	1705	11	1705	0.00393386	0.000813824	0.00316055	0.00556073	155	0	155	155	
8	8.25	1	1	3	4	15	2325	15	2325	0.00371567	0.000528448	0.00308515	0.00475774	155	0	155	155	
8	8.25	1	2	4	3	9	1395	9	1395	0.00351447	0.000326675	0.00307807	0.00394175	155	0	155	155	
8	8.25	1	3	2	3	12	1860	12	1860	0.00354577	0.000329887	0.00305989	0.00418508	155	0	155	155	
8	8.25	1	4	6	3	14	2170	13	2015	0.00357253	0.000206352	0.00316692	0.00387103	155	0	155	155	
8	8.25	1	5	1	3	10	1550	10	1550	0.00347287	0.000258007	0.00311055	0.00384012	155	0	155	155	
8.25	8.5	1	1	3	4	15	2325	15	2325	0.00381176	0.000660085	0.00311119	0.00549193	155	0	155	155	
8.25	8.5	1	2	4	3	16	2480	16	2480	0.0036454	0.000352447	0.00311239	0.0045568	155	0	155	155	
8.25	8.5	1	3	2	3	12	1860	12	1860	0.0037269	0.000736843	0.00309919	0.00560034	155	0	155	155	
8.25	8.5	1	4	6	3	10	1550	10	1550	0.00340945	0.000242596	0.00307356	0.00386996	155	0	155	155	
8.25	8.5	1	5	1	3	13	2015	13	2015	0.00345387	0.000294069	0.00302018	0.00386798	155	0	155	155	
8.5	8.75	1	1	3	4	16	2480	16	2480	0.0035125	0.000441945	0.00302691	0.00469594	155	0	155	155	
8.5	8.75	1	2	4	3	12	1860	12	1860	0.00367371	0.000519246	0.00308136	0.00476529	155	0	155	155	
8.5	8.75	1	3	2	3	9	1395	9	1395	0.00357706	0.000299295	0.00310523	0.00399934	155	0	155	155	
8.5	8.75	1	4	6	3	11	1705	12	1860	0.00364805	0.000664136	0.00313964	0.00564992	155	0	155	155	
8.5	8.75	1	5	1	3	13	2015	13	2015	0.00349383	0.000310769	0.00307469	0.00386159	155	0	155	155	
8.75	9	1	1	3	4	11	1705	11	1705	0.00362281	0.000380207	0.003041	0.00450652	155	0	155	155	
8.75	9	1	2	4	3	11	1705	10	1550	0.00357994	0.000397801	0.00308255	0.00432923	155	0	155	155	
8.75	9	1	3	2	3	12	1860	12	1860	0.00362511	0.000336438	0.0031606	0.00427192	155	0	155	155	
8.75	9	1	4	6	3	15	2325	14	2170	0.00366984	0.000427746	0.00303235	0.00437668	155	0	155	155	
8.75	9	1	5	1	3	10	1550	10	1550	0.00347338	0.000253273	0.00311787	0.00382478	155	0	155	155	
9	9.25	1	1	3	4	12	1860	12	1860	0.00367844	0.000402104	0.0032563	0.00445067	155	0	155	155	
9	9.25	1	2	4	3	9	1395	10	1550	0.00346299	0.000294501	0.00303589	0.00396085	155	0	155	155	
9	9.25	1	3	2	3	15	2325	15	2325	0.00358389	0.000375602	0.00314084	0.00465582	155	0	155	155	
9	9.25	1	4	6	3	11	1705	12	1860	0.00372454	0.000721028	0.00304342	0.00583702	155	0	155	155	
9	9.25	1	5	1	3	13	2015	13	2015	0.00345801	0.000312984	0.00301166	0.00393404	155	0	155	155	
9.25	9.5	1	1	3	4	11	1705	11	1705	0.00346665	0.000313616	0.00301935	0.00399543	155	0	155	155	
9.25	9.5	1	2	4	3	9	1395	9	1395	0.00368763	0.000527551	0.00309716	0.00473375	155	0	155	155	
9.25	9.5	1	3	2	3	13	2015	13	2015	0.00347586	0.00038579	0.00300932	0.004239	155	0	155	155	
9.25	9.5	1	4	6	3	14	2170	14	2170	0.00352512	0.000237011	0.0030994	0.00396837	155	0	155	155	
9.25	9.5	1	5	1	3	9	1395	9	1395	0.00356149	0.00022708	0.00319974	0.00394849	155	0	155	155	
9.5	9.75	1	1	3	4	16	2480	16	2480	0.00372593	0.000441768	0.00302969	0.00470834	155	0	155	155	
9.5	9.75	1	2	4	3	16	2480	15	2325	0.00357271	0.00027164	0.00313453	0.00389826	155	0	155	155	
9.5	9.75	1	3	2	3	11	1705	11	1705	0.00363736	0.000450923	0.0032501	0.00481289	155	0	155	155	
9.5	9.75	1	4	6	3	14	2170	14	2170	0.00365746	0.000314121	0.00314408	0.00403203	155	0	155	155	
9.5	9.75	1	5	1	3	11	1705	11	1705	0.0035971	0.000627304	0.00306077	0.00521502	155	0	155	155	
9.75	10	1	1	3	4	10	1550	10	1550	0.0038652	0.000859764	0.00306552	0.00594306	155	0	155	155	
9.75	10	1	2	4	3	10	1550	11	1705	0.00357263	0.000244682	0.00317718	0.00391773	155	0	155	155	
9.75	10	1	3	2	3	10	1550	10	1550	0.00363512	0.000408658	0.00325261	0.00455358	155	0	155	155	
9.75	10	1	4	6	3	11	1705	11	1705	0.00358786	0.000218035	0.00307706	0.00382669	155	0	155	155	
9.75	10	1	5	1	3	11	1705	11	1705	0.00345926	0.000223678	0.00315688	0.00378094	155	0	155	155	
10	10.25	1	1	3	4	9	1395	9	1395	0.00362026	0.000227845	0.00326943	0.00397887	155	0	155	155	
10	10.25	1	2	4	3	12	1860	12	1860	0.00357176	0.000278686	0.00314484	0.00399006	155	0	155	155	
10	10.25	1	3	2	3	15	2325	15	2325	0.00369341	0.000410183	0.00309199	0.00493363	155	0	155	155	
10	10.25	1	4	6	3	11	1705	11	1705	0.0036846	0.00044989	0.0030511	0.00482688	155	0	155	155	
10	10.25	1	5	1	3	8	1240	8	1240	0.0034027	0.000264042	0.00303014	0.0038095	155	0	155	155	
10.25	10.5	1	1	3	4	11	1705	11	1705	0.00344325	0.0003454	0.00301671	0.00385254	155	0	155	155	
10.25	10.5	1	2	4	3	11	1705	11	1705	0.00350383	0.000342744	0.0031124	0.00429753	155	0	155	155	
10.25	10.5	1	3	2	3	16	2480	16	2480	0.00378836	0.00058297	0.0032053	0.00491613	155	0	155	155	
10.25	10.5	1	4	6	3	13	2015	13	2015	0.00341012	0.00032981	0.00302785	0.00392734	155	0	155	155	
10.25	10.5	1	5	1	3	14	2170	14	2170	0.00368589	0.000543369	0.00317739	0.0047549	155	0	155	155	
10.5	10.75	1	1	3	4	12	1860	12	1860	0.00352719	0.000221233	0.00318865	0.00387979	155	0	155	155	
10.5	10.75	1	2	4	3	14	2170	14	2170	0.00363418	0.000247125	0.00305052	0.00390973	155	0	155	155	
10.5	10.75	1	3	2	3	9	1395	9	1395	0.0039293	0.000784873	0.00322776	0.00592475	155	0	155	155	
10.5	10.75	1	4	6	3	13	2015	12	1860	0.00385639	0.000543637	0.00317242	0.00499797	155	0	155	155	
10.5	10.75	1	5	1	3	9	1395	8	1240	0.00353173	0.000380554	0.00302382	0.00392942	155	0	155	155	
10.75	11	1	1	3	4	10	1550	10	1550	0.00358427	0.00018059	0.00335679	0.00397047	155	0	155	155	
10.75	11	1	2	4	3	11	1705	11	1705	0.00355275	0.000268576	0.00318534	0.0039665	155	0	155	155	
10.75	11	1	3	2	3	11	1705	11	1705	0.00347898	0.000286278	0.00313541	0.00423365	155	0	155	155	
10.75	11	1	4	6	3	11	1705	12	1860	0.00377531	0.000607978	0.00305959	0.0049983	155	0	155	155	
10.75	11	1	5	1	3	11	1705	12	1860	0.00356717	0.000419753	0.00301615	0.00447783	155	0	155	155	
11	11.25	1	1	3	4	12	1860	12	1860	0.00351714	0.00035306	0.00302463	0.00398456	155	0	155	155	
11	11.25	1	2	4	3	13	2015	13	2015	0.00350926	0.000330565	0.00303969	0.00393601	155	0	155	155	
11	11.25	1	3	2	3	10	1550	10	1550	0.00355861	0.000281777	0.00315968	0.00397209	155	0	155	155	
11	11.25	1	4	6	3	7	1085	6	930	0.00351456	0.000332619	0.00300043	0.00387194	155	0	155	155	
11	11.25	1	5	1	3	11	1705	11	1705	0.00340054	0.00049074	0.0030378	0.00465351	155	0	155	155	
11.25	11.5	1	1	3	4	11	1705	11	1705	0.00365239	0.000440163	0.00317201	0.00456972	155	0	155	155	
11.25	11.5	1	2	4	3	16	2480	16	2480	0.00366161	0.000676948	0.00300965	0.00551303	155	0	155	155	
11.25	11.5	1	3	2	3	11	1705	11	1705	0.00360203	0.000341017	0.00301244	0.00397991	155	0	155	155	
11.25	11.5	1	4	6	3	11	1705	11	1705	0.00329907	0.000239847	0.00303795	0.0037452	155	0	155	155	
11.25	11.5	1	5	1	3	10	1550	10	1550	0.00365431	0.000308331	0.00317689	0.00398812	155	0	155	155	
11.5	11.75	1	1	3	4	10	1550	10	1550	0.00359294	0.00034835	0.00306297	0.00397714	155	0	155	155	
11.5	11.75	1	2	4	3	12	1860	11	1705	0.00353609	0.000528556	0.00305793	0.00483082	155	0	155	155	
11.5	11.75	1	3	2	3	10	1550	10	1550	0.00349671	0.000246316	0.00310282	0.00384211	155	0	155	155	
11.5	11.75	1	4	6	3	12	1860	13	2015	0.00374793	0.000766175	0.00303214	0.00574524	155	0	155	155	
11.5	11.75	1	5	1	3	11	1705	11	1705	0.00355494	0.000263344	0.00319908	0.00394373	155	0	155	155	
11.75	12	1	1	3	4	14	2170	14	2170	0.00368849	0.000364338	0.00301613	0.00435853	155	0	155	155	
11.75	12	1	2	4	3	14	2170	15	2325	0.00345571	0.000362169	0.00301466	0.00397694	155	0	155	155	
11.75	12	1	3	2	3	12	1860	12	1860	0.00370566	0.000379765	0.00322954	0.004685	155	0	155	155	
11.75	12	1	4	6	3	12	1860	11	1705	0.00373927	0.000503751	0.00315486	0.00473129	155	0	155	155	
11.75	12	1	5	1	3	10	1550	9	1395	0.00361265	0.000293054	0.00312086	0.00392603	155	0	155	155	
12	12.25	1	1	3	4	10	1550	10	1550	0.00359089	0.000456841	0.00305791	0.00447246	155	0	155	155	
12	12.25	1	2	4	3	17	2635	16	2480	0.00364869	0.000474495	0.0030446	0.00473502	155	0	155	155	
12	12.25	1	3	2	3	11	1705	11	1705	0.00350634	0.000225787	0.0031234	0.00384382	155	0	155	155	
12	12.25	1	4	6	3	16	2480	17	2635	0.0037137	0.000420462	0.00306753	0.004916	155	0	155	155	
12	12.25	1	5	1	3	14	2170	14	2170	0.00363444	0.000659798	0.00306814	0.00572789	155	0	155	155	
12.25	12.5	1	1	3	4	12	1860	12	1860	0.00343359	0.000404456	0.0030152	0.00437276	155	0	155	155	
12.25	12.5	1	2	4	3	12	1860	13	2015	0.00365384	0.000274847	0.003209	0.00411557	155	0	155	155	
12.25	12.5	1	3	2	3	12	1860	11	1705	0.00337902	0.000507587	0.00302604	0.00480302	155	0	155	155	
12.25	12.5	1	4	6	3	10	1550	10	1550	0.00350132	0.000387697	0.00303039	0.00405511	155	0	155	155	
12.25	12.5	1	5	1	3	13	2015	14	2170	0.00373691	0.000707493	0.00316068	0.00569582	155	0	155	155	
12.5	12.75	1	1	3	4	15	2325	15	2325	0.00355917	0.000417514	0.00302431	0.00446874	155	0	155	155	
12.5	12.75	1	2	4	3	12	1860	11	1705	0.00356765	0.000433388	0.0030812	0.00446894	155	0	155	155	
12.5	12.75	1	3	2	3	5	775	6	930	0.00354459	0.000288791	0.0031344	0.00385087	155	0	155	155	
12.5	12.75	1	4	6	3	12	1860	12	1860	0.00370338	0.000441335	0.0031184	0.0044299	155	0	155	155	
12.5	12.75	1	5	1	3	12	1860	12	1860	0.00348248	0.000325404	0.00300282	0.00407604	155	0	155	155	
12.75	13	1	1	3	4	10	1550	10	1550	0.0034623	0.000302962	0.00306275	0.00390542	155	0	155	155	
12.75	13	1	2	4	3	12	1860	13	2015	0.00371605	0.000476428	0.00317203	0.00479586	155	0	155	155	
12.75	13	1	3	2	3	9	1395	9	1395	0.00349059	0.000250888	0.0031056	0.00377402	155	0	155	155	
12.75	13	1	4	6	3	13	2015	13	2015	0.00372499	0.000578916	0.00304724	0.00498781	155	0	155	155	
12.75	13	1	5	1	3	11	1705	11	1705	0.00359389	0.000412715	0.00303995	0.00437233	155	0	155	155	
13	13.25	1	1	3	4	10	1550	10	1550	0.00355067	0.000301616	0.00318703	0.00423761	155	0	155	155	
13	13.25	1	2	4	3	13	2015	13	2015	0.0036072	0.000482579	0.00307132	0.0046414	155	0	155	155	
13	13.25	1	3	2	3	15	2325	14	2170	0.00342819	0.000315063	0.00300797	0.00393565	155	0	155	155	
13	13.25	1	4	6	3	10	1550	10	1550	0.00333981	0.000273979	0.00305735	0.00379121	155	0	155	155	
13	13.25	1	5	1	3	14	2170	14	2170	0.0034606	0.000451315	0.00301362	0.00432828	155	0	155	155	
13.25	13.5	1	1	3	4	16	2480	16	2480	0.00346169	0.000301446	0.00303678	0.00396681	155	0	155	155	
13.25	13.5	1	2	4	3	9	1395	9	1395	0.00345721	0.000437961	0.0030307	0.00439542	155	0	155	155	
13.25	13.5	1	3	2	3	13	2015	13	2015	0.00363766	0.000361031	0.003036	0.00424422	155	0	155	155	
13.25	13.5	1	4	6	3	10	1550	10	1550	0.00371265	0.00040323	0.00326131	0.00462452	155	0	155	155	
13.25	13.5	1	5	1	3	12	1860	12	1860	0.00389266	0.000578109	0.00320291	0.00494656	155	0	155	155	
13.5	13.75	1	1	3	4	11	1705	11	1705	0.00351453	0.000311225	0.00305296	0.00396208	155	0	155	155	
13.5	13.75	1	2	4	3	11	1705	11	1705	0.00349774	0.000318079	0.00310219	0.00398755	155	0	155	155	
13.5	13.75	1	3	2	3	15	2325	16	2480	0.00381441	0.000799629	0.00302888	0.00593884	155	0	155	155	
13.5	13.75	1	4	6	3	13	2015	13	2015	0.00355452	0.000507567	0.00302657	0.00459805	155	0	155	155	
13.5	13.75	1	5	1	3	14	2170	14	2170	0.0036832	0.000566757	0.00305477	0.00472693	155	0	155	155	
13.75	14	1	1	3	4	10	1550	10	1550	0.00355914	0.000251949	0.00317415	0.00394098	155	0	155	155	
13.75	14	1	2	4	3	6	930	6	930	0.00362686	0.000146826	0.00347891	0.00385331	155	0	155	155	
13.75	14	1	3	2	3	11	1705	10	1550	0.00398829	0.0006944	0.00316883	0.00497926	155	0	155	155	
13.75	14	1	4	6	3	13	2015	13	2015	0.00364064	0.000463606	0.00307763	0.00490909	155	0	155	155	
13.75	14	1	5	1	3	10	1550	10	1550	0.00340672	0.000221285	0.00314614	0.00387882	155	0	155	155	
14	14.25	1	1	3	4	7	1085	6	930	0.00362979	0.000294297	0.00317148	0.00396715	155	0	155	155	
14	14.25	1	2	4	3	13	2015	13	2015	0.00361847	0.000259602	0.00319135	0.0039522	155	0	155	155	
14	14.25	1	3	2	3	11	1705	12	1860	0.00374264	0.000379878	0.00305975	0.00452569	155	0	155	155	
14	14.25	1	4	6	3	12	1860	12	1860	0.00360792	0.000548811	0.0030072	0.00499256	155	0	155	155	
14	14.25	1	5	1	3	13	2015	13	2015	0.00343194	0.000326151	0.00300396	0.00398849	155	0	155	155	
14.25	14.5	1	1	3	4	12	1860	13	2015	0.00363034	0.000312351	0.00315152	0.00399354	155	0	155	155	
14.25	14.5	1	2	4	3	12	1860	12	1860	0.00360826	0.000309699	0.0030685	0.00397237	155	0	155	155	
14.25	14.5	1	3	2	3	13	2015	13	2015	0.00362057	0.000318576	0.00316884	0.00419028	155	0	155	155	
14.25	14.5	1	4	6	3	13	2015	13	2015	0.00350279	0.000265768	0.00312691	0.00393782	155	0	155	155	
14.25	14.5	1	5	1	3	12	1860	12	1860	0.00378986	0.000755526	0.00309016	0.00595685	155	0	155	155	
14.5	14.75	1	1	3	4	12	1860	12	1860	0.00361194	0.000319792	0.00301307	0.00397697	155	0	155	155	
14.5	14.75	1	2	4	3	13	2015	13	2015	0.00354718	0.000460821	0.00307077	0.00477455	155	0	155	155	
14.5	14.75	1	3	2	3	9	1395	9	1395	0.00338254	0.000210635	0.00301165	0.00363057	155	0	155	155	
14.5	14.75	1	4	6	3	10	1550	10	1550	0.00357684	0.00030308	0.00311746	0.00401146	155	0	155	155	
14.5	14.75	1	5	1	3	11	1705	11	1705	0.00388721	0.000565177	0.00336499	0.00484189	155	0	155	155	
14.75	15	1	1	3	4	11	1705	11	1705	0.003558	0.000463616	0.00313691	0.00463209	155	0	155	155	
14.75	15	1	2	4	3	12	1860	12	1860	0.00380073	0.000518207	0.00304918	0.00456972	155	0	155	155	
14.75	15	1	3	2	3	11	1705	11	1705	0.00350417	0.000306029	0.00303474	0.00399805	155	0	155	155	
14.75	15	1	4	6	3	12	1860	12	1860	0.00371583	0.000483761	0.00301093	0.00465869	155	0	155	155	
14.75	15	1	5	1	3	10	1550	10	1550	0.00370682	0.000344451	0.00307884	0.00426522	155	0	155	155	
15	15.25	1	1	3	4	13	2015	13	2015	0.00357258	0.000430185	0.00323023	0.00449588	155	0	155	155	
15	15.25	1	2	4	3	11	1705	11	1705	0.00349258	0.000295657	0.00307827	0.00389954	155	0	155	155	
15	15.25	1	3	2	3	6	930	6	930	0.00343987	0.000279666	0.00317786	0.00396345	155	0	155	155	
15	15.25	1	4	6	3	12	1860	12	1860	0.00358202	0.000562323	0.00302475	0.0051267	155	0	155	155	
15	15.25	1	5	1	3	8	1240	8	1240	0.00350739	0.000244389	0.00322116	0.00390786	155	0	155	155	
15.25	15.5	1	1	3	4	10	1550	10	1550	0.00372513	0.000712048	0.00304538	0.00563527	155	0	155	155	
15.25	15.5	1	2	4	3	9	1395	8	1240	0.0034303	0.000350981	0.00301759	0.00390732	155	0	155	155	
15.25	15.5	1	3	2	3	11	1705	11	1705	0.00334319	0.000278674	0.0030285	0.00395669	155	0	155	155	
15.25	15.5	1	4	6	3	13	2015	13	2015	0.00359567	0.000505943	0.00301412	0.00469427	155	0	155	155	
15.25	15.5	1	5	1	3	12	1860	12	1860	0.00351273	0.000294773	0.0030004	0.00403634	155	0	155	155	
15.5	15.75	1	1	3	4	9	1395	8	1240	0.00334243	0.00031014	0.00305054	0.00391458	155	0	155	155	
15.5	15.75	1	2	4	3	7	1085	8	1240	0.00358838	0.000251378	0.00329273	0.00396579	155	0	155	155	
15.5	15.75	1	3	2	3	15	2325	15	2325	0.00350546	0.000478261	0.00301667	0.00449669	155	0	155	155	
15.5	15.75	1	4	6	3	8	1240	8	1240	0.00370305	0.000215006	0.00333844	0.0039435	155	0	155	155	
15.5	15.75	1	5	1	3	10	1550	10	1550	0.00363778	0.000510734	0.00303696	0.00456258	155	0	155	155	
15.75	16	1	1	3	4	11	1705	12	1860	0.00337642	0.000352952	0.00303961	0.00399294	155	0	155	155	
15.75	16	1	2	4	3	12	1860	11	1705	0.00366309	0.000222488	0.00328844	0.00394127	155	0	155	155	
15.75	16	1	3	2	3	7	1085	7	1085	0.00364656	0.000190534	0.00330216	0.0038515	155	0	155	155	
15.75	16	1	4	6	3	7	1085	7	1085	0.00334765	0.000433396	0.00300116	0.00397126	155	0	155	155	
15.75	16	1	5	1	3	16	2480	15	2325	0.00368236	0.000475672	0.00303689	0.00490402	155	0	155	155	
16	16.25	1	1	3	4	12	1860	12	1860	0.00362615	0.000212728	0.0032254	0.00388844	155	0	155	155	
16	16.25	1	2	4	3	8	1240	9	1395	0.00341774	0.000352193	0.00302792	0.00391847	155	0	155	155	
16	16.25	1	3	2	3	11	1705	11	1705	0.00363772	0.0002242	0.00320314	0.0039932	155	0	155	155	
16	16.25	1	4	6	3	10	1550	10	1550	0.00346079	0.000397339	0.00304154	0.00417631	155	0	155	155	
16	16.25	1	5	1	3	12	1860	13	2015	0.00358844	0.000517653	0.00302727	0.00474689	155	0	155	155	
16.25	16.5	1	1	3	4	8	1240	8	1240	0.00349759	0.000274608	0.00315214	0.00389094	155	0	155	155	
16.25	16.5	1	2	4	3	13	2015	13	2015	0.00375447	0.000430834	0.00311746	0.00499141	155	0	155	155	
16.25	16.5	1	3	2	3	9	1395	9	1395	0.00366927	0.000549743	0.00308303	0.00480964	155	0	155	155	
16.25	16.5	1	4	6	3	8	1240	8	1240	0.00362783	0.000552592	0.00305836	0.0046597	155	0	155	155	
16.25	16.5	1	5	1	3	8	1240	8	1240	0.00347209	0.000333266	0.00306753	0.00381747	155	0	155	155	
16.5	16.75	1	1	3	4	10	1550	10	1550	0.00359156	0.000327389	0.00304157	0.00399297	155	0	155	155	
16.5	16.75	1	2	4	3	10	1550	10	1550	0.00367772	0.000316718	0.00301858	0.00410427	155	0	155	155	
16.5	16.75	1	3	2	3	11	1705	11	1705	0.0036841	0.000471153	0.00316113	0.00489481	155	0	155	155	
16.5	16.75	1	4	6	3	8	1240	8	1240	0.00343641	0.000339747	0.00303954	0.00381794	155	0	155	155	
16.5	16.75	1	5	1	3	10	1550	10	1550	0.00356674	0.000654907	0.00311594	0.00527646	155	0	155	155	
16.75	17	1	1	3	4	8	1240	8	1240	0.00355257	0.000301092	0.00308866	0.00392454	155	0	155	155	
16.75	17	1	2	4	3	12	1860	12	1860	0.00359185	0.000393096	0.00316553	0.00442528	155	0	155	155	
16.75	17	1	3	2	3	11	1705	11	1705	0.00381528	0.000491775	0.00308858	0.00454215	155	0	155	155	
16.75	17	1	4	6	3	13	2015	13	2015	0.00369544	0.000637761	0.00300775	0.00474433	155	0	155	155	
16.75	17	1	5	1	3	11	1705	11	1705	0.00359179	0.000459409	0.00300515	0.0047935	155	0	155	155	
17	17.25	1	1	3	4	8	1240	8	1240	0.0035781	0.000278911	0.0032803	0.00399962	155	0	155	155	
17	17.25	1	2	4	3	9	1395	9	1395	0.00374038	0.000432516	0.00319413	0.0047293	155	0	155	155	
17	17.25	1	3	2	3	11	1705	11	1705	0.00349792	0.000360415	0.0030036	0.00418793	155	0	155	155	
17	17.25	1	4	6	3	12	1860	12	1860	0.00376809	0.000718028	0.00309366	0.00565266	155	0	155	155	
17	17.25	1	5	1	3	8	1240	8	1240	0.00331184	0.000285343	0.00305149	0.00387807	155	0	155	155	
17.25	17.5	1	1	3	4	12	1860	12	1860	0.00336292	0.000280121	0.00300674	0.00393347	155	0	155	155	
17.25	17.5	1	2	4	3	12	1860	12	1860	0.00374558	0.000426764	0.00307676	0.00476979	155	0	155	155	
17.25	17.5	1	3	2	3	11	1705	11	1705	0.00370932	0.000508627	0.00308736	0.00473538	155	0	155	155	
17.25	17.5	1	4	6	3	15	2325	15	2325	0.00385627	0.00064818	0.00311349	0.00523879	155	0	155	155	
17.25	17.5	1	5	1	3	11	1705	11	1705	0.00363512	0.000442309	0.00313445	0.00448249	155	0	155	155	
17.5	17.75	1	1	3	4	15	2325	15	2325	0.00366943	0.000399852	0.00307338	0.00453454	155	0	155	155	
17.5	17.75	1	2	4	3	11	1705	11	1705	0.00351955	0.000264881	0.0030515	0.00388922	155	0	155	155	
17.5	17.75	1	3	2	3	12	1860	12	1860	0.00364083	0.000393038	0.00307226	0.00437365	155	0	155	155	
17.5	17.75	1	4	6	3	14	2170	14	2170	0.00364716	0.000484821	0.00300544	0.00480966	155	0	155	155	
17.5	17.75	1	5	1	3	11	1705	10	1550	0.00336113	0.000242458	0.00307321	0.0038804	155	0	155	155	
17.75	18	1	1	3	4	10	1550	10	1550	0.00360112	0.00046309	0.00305984	0.00428648	155	0	155	155	
17.75	18	1	2	4	3	13	2015	12	1860	0.00362312	0.000455472	0.00304221	0.00458975	155	0	155	155	
17.75	18	1	3	2	3	10	1550	10	1550	0.0034076	0.000279962	0.00300039	0.00376801	155	0	155	155	
17.75	18	1	4	6	3	9	1395	9	1395	0.00343858	0.000243097	0.00307382	0.00376194	155	0	155	155	
17.75	18	1	5	1	3	8	1240	9	1395	0.00354156	0.000571303	0.00302315	0.0047998	155	0	155	155	
18	18.25	1	1	3	4	12	1860	12	1860	0.00397068	0.000551224	0.00326441	0.00503021	155	0	155	155	
18	18.25	1	2	4	3	11	1705	11	1705	0.00356766	0.000269801	0.00322035	0.00414514	155	0	155	155	
18	18.25	1	3	2	3	12	1860	12	1860	0.00352921	0.00046869	0.00300683	0.00437989	155	0	155	155	
18	18.25	1	4	6	3	12	1860	12	1860	0.00403506	0.000785731	0.00305698	0.005795	155	0	155	155	
18	18.25	1	5	1	3	12	1860	11	1705	0.00347026	0.00034181	0.00300839	0.00394515	155	0	155	155	
18.25	18.5	1	1	3	4	12	1860	12	1860	0.00346487	0.00045503	0.00305391	0.00474403	155	0	155	155	
18.25	18.5	1	2	4	3	14	2170	15	2325	0.00349757	0.000272524	0.00317828	0.00394921	155	0	155	155	
18.25	18.5	1	3	2	3	14	2170	14	2170	0.00360879	0.000565238	0.00300596	0.00495771	155	0	155	155	
18.25	18.5	1	4	6	3	12	1860	12	1860	0.00342258	0.000289093	0.00307785	0.00385841	155	0	155	155	
18.25	18.5	1	5	1	3	13	2015	14	2170	0.00361718	0.000440811	0.00309751	0.00481121	155	0	155	155	
18.5	18.75	1	1	3	4	11	1705	10	1550	0.00382854	0.000511703	0.00310691	0.0046646	155	0	155	155	
18.5	18.75	1	2	4	3	10	1550	10	1550	0.00358454	0.000347125	0.00322308	0.0044289	155	0	155	155	
18.5	18.75	1	3	2	3	16	2480	16	2480	0.0034926	0.000337961	0.00300266	0.00397739	155	0	155	155	
18.5	18.75	1	4	6	3	8	1240	8	1240	0.00345979	0.000282118	0.00306672	0.00393507	155	0	155	155	
18.5	18.75	1	5	1	3	11	1705	11	1705	0.00351489	0.000270384	0.00316352	0.00394921	155	0	155	155	
18.75	19	1	1	3	4	15	2325	16	2480	0.00356083	0.00043767	0.00305238	0.00478254	155	0	155	155	
18.75	19	1	2	4	3	15	2325	15	2325	0.00348193	0.000495079	0.00300115	0.0045198	155	0	155	155	
18.75	19	1	3	2	3	11	1705	10	1550	0.00352621	0.000394531	0.00307857	0.00421038	155	0	155	155	
18.75	19	1	4	6	3	10	1550	9	1395	0.00360887	0.000383973	0.00316755	0.00445765	155	0	155	155	
18.75	19	1	5	1	3	8	1240	8	1240	0.00330789	0.000179325	0.00306523	0.00353718	155	0	155	155	
19	19.25	1	1	3	4	11	1705	11	1705	0.00385001	0.000320216	0.00348332	0.00456466	155	0	155	155	
19	19.25	1	2	4	3	14	2170	14	2170	0.0036255	0.000338024	0.00309066	0.00428579	155	0	155	155	
19	19.25	1	3	2	3	8	1240	9	1395	0.00369383	0.00045163	0.00306581	0.00461658	155	0	155	155	
19	19.25	1	4	6	3	14	2170	15	2325	0.00375401	0.000591446	0.00307252	0.00551051	155	0	155	155	
19	19.25	1	5	1	3	9	1395	9	1395	0.00380753	0.000213337	0.00339062	0.00399271	155	0	155	155	
19.25	19.5	1	1	3	4	8	1240	8	1240	0.00347174	0.000301914	0.00312448	0.00383695	155	0	155	155	
19.25	19.5	1	2	4	3	11	1705	11	1705	0.00355159	0.000316197	0.00307966	0.00396491	155	0	155	155	
19.25	19.5	1	3	2	3	11	1705	10	1550	0.00370323	0.000350945	0.00317285	0.00427723	155	0	155	155	
19.25	19.5	1	4	6	3	12	1860	12	1860	0.00360332	0.00026717	0.00316281	0.00398823	155	0	155	155	
19.25	19.5	1	5	1	3	9	1395	9	1395	0.00355467	0.000326347	0.00305466	0.00413466	155	0	155	155	
19.5	19.75	1	1	3	4	11	1705	11	1705	0.00362667	0.000298715	0.00307185	0.00416671	155	0	155	155	
19.5	19.75	1	2	4	3	13	2015	13	2015	0.00356606	0.000343449	0.00301651	0.00431557	155	0	155	155	
19.5	19.75	1	3	2	3	8	1240	9	1395	0.00338319	0.000324147	0.00300492	0.00391541	155	0	155	155	
19.5	19.75	1	4	6	3	10	1550	10	1550	0.00361357	0.000548744	0.00303892	0.00497775	155	0	155	155	
19.5	19.75	1	5	1	3	14	2170	14	2170	0.00347514	0.000487373	0.00302275	0.00487455	155	0	155	155	
19.75	20	1	1	3	4	12	1860	12	1860	0.00334671	0.000249695	0.00304631	0.00378146	155	0	155	155	
19.75	20	1	2	4	3	14	2170	14	2170	0.00332078	0.000252242	0.00300158	0.00385912	155	0	155	155	
19.75	20	1	3	2	3	12	1860	11	1705	0.00354704	0.000299749	0.00311229	0.00395226	155	0	155	155	
19.75	20	1	4	6	3	16	2480	16	2480	0.0037407	0.000436803	0.00310025	0.00481298	155	0	155	155	
19.75	20	1	5	1	3	11	1705	11	1705	0.00356401	0.000418875	0.003112	0.00457943	155	0	155	155	
20	20.25	1	1	3	4	11	1705	11	1705	0.00385756	0.00049001	0.0033117	0.00487421	155	0	155	155	
20	20.25	1	2	4	3	9	1395	9	1395	0.00345007	0.000269589	0.00309605	0.00399727	155	0	155	155	
20	20.25	1	3	2	3	13	2015	14	2170	0.00363992	0.000349154	0.00302755	0.00413372	155	0	155	155	
20	20.25	1	4	6	3	12	1860	12	1860	0.003691	0.000529592	0.00302214	0.00461277	155	0	155	155	
20	20.25	1	5	1	3	8	1240	8	1240	0.00330535	0.000267842	0.0030124	0.0036933	155	0	155	155	
20.25	20.5	1	1	3	4	13	2015	13	2015	0.00344593	0.000317092	0.00304396	0.00397983	155	0	155	155	
20.25	20.5	1	2	4	3	13	2015	13	2015	0.00370296	0.00041873	0.00308256	0.00472403	155	0	155	155	
20.25	20.5	1	3	2	3	12	1860	12	1860	0.00381501	0.000474846	0.00302623	0.00494143	155	0	155	155	
20.25	20.5	1	4	6	3	13	2015	13	2015	0.00350558	0.000226127	0.00308957	0.00390041	155	0	155	155	
20.25	20.5	1	5	1	3	10	1550	10	1550	0.00348315	0.000431203	0.00300934	0.00403068	155	0	155	155	
20.5	20.75	1	1	3	4	9	1395	9	1395	0.00350915	0.00034745	0.00306161	0.00413377	155	0	155	155	
20.5	20.75	1	2	4	3	11	1705	11	1705	0.00352875	0.000263806	0.00317461	0.00394212	155	0	155	155	
20.5	20.75	1	3	2	3	8	1240	8	1240	0.00344662	0.000390369	0.00300152	0.00389913	155	0	155	155	
20.5	20.75	1	4	6	3	11	1705	11	1705	0.00362027	0.000486396	0.00314101	0.00477115	155	0	155	155	
20.5	20.75	1	5	1	3	12	1860	12	1860	0.00351728	0.000272078	0.00303131	0.00395244	155	0	155	155	
20.75	21	1	1	3	4	12	1860	12	1860	0.00351756	0.000369693	0.00312961	0.00394583	155	0	155	155	
20.75	21	1	2	4	3	8	1240	8	1240	0.00351664	0.000308372	0.0030487	0.00382028	155	0	155	155	
20.75	21	1	3	2	3	8	1240	8	1240	0.00350007	0.000358173	0.00300755	0.00394293	155	0	155	155	
20.75	21	1	4	6	3	9	1395	9	1395	0.00364718	0.000628159	0.00310009	0.00485931	155	0	155	155	
20.75	21	1	5	1	3	9	1395	9	1395	0.00351572	0.000257204	0.00316654	0.00396617	155	0	155	155	
21	21.25	1	1	3	4	11	1705	11	1705	0.00351415	0.00044833	0.00308119	0.00470848	155	0	155	155	
21	21.25	1	2	4	3	11	1705	10	1550	0.00355666	0.000251176	0.00320495	0.00388432	155	0	155	155	
21	21.25	1	3	2	3	10	1550	10	1550	0.00371589	0.000822332	0.00301627	0.00591822	155	0	155	155	
21	21.25	1	4	6	3	10	1550	10	1550	0.0034853	0.000311799	0.00300828	0.00393119	155	0	155	155	
21	21.25	1	5	1	3	9	1395	9	1395	0.00348485	0.000259498	0.00314517	0.00396429	155	0	155	155	
21.25	21.5	1	1	3	4	12	1860	12	1860	0.00368976	0.000551926	0.00321327	0.00496837	155	0	155	155	
21.25	21.5	1	2	4	3	12	1860	12	1860	0.00353905	0.000366558	0.00300586	0.00399859	155	0	155	155	
21.25	21.5	1	3	2	3	16	2480	16	2480	0.00363073	0.000419589	0.00320427	0.00461278	155	0	155	155	
21.25	21.5	1	4	6	3	10	1550	10	1550	0.00347616	0.000252897	0.00303088	0.00387785	155	0	155	155	
21.25	21.5	1	5	1	3	11	1705	11	1705	0.00350698	0.000311221	0.00305518	0.00394099	155	0	155	155	
21.5	21.75	1	1	3	4	11	1705	11	1705	0.00375276	0.000374518	0.00322289	0.00463852	155	0	155	155	
21.5	21.75	1	2	4	3	13	2015	13	2015	0.00367492	0.000246267	0.00316587	0.00398402	155	0	155	155	
21.5	21.75	1	3	2	3	10	1550	10	1550	0.00371943	0.000477287	0.00325981	0.00486806	155	0	155	155	
21.5	21.75	1	4	6	3	10	1550	9	1395	0.00342047	0.000303918	0.00308241	0.00389679	155	0	155	155	
21.5	21.75	1	5	1	3	10	1550	10	1550	0.00340393	0.000366029	0.00302855	0.00398361	155	0	155	155	
21.75	22	1	1	3	4	13	2015	13	2015	0.00353318	0.000380298	0.0030084	0.00438304	155	0	155	155	
21.75	22	1	2	4	3	8	1240	9	1395	0.00364932	0.000166408	0.00338265	0.00391616	155	0	155	155	
21.75	22	1	3	2	3	13	2015	13	2015	0.00347094	0.000287749	0.00310701	0.00393044	155	0	155	155	
21.75	22	1	4	6	3	13	2015	14	2170	0.00365566	0.000311532	0.00308635	0.00404875	155	0	155	155	
21.75	22	1	5	1	3	17	2635	17	2635	0.00370782	0.000562225	0.0030327	0.00499174	155	0	155	155	
22	22.25	1	1	3	4	11	1705	11	1705	0.00371312	0.000393158	0.00317648	0.00432418	155	0	155	155	
22	22.25	1	2	4	3	13	2015	13	2015	0.00382025	0.000692271	0.00319199	0.00597409	155	0	155	155	
22	22.25	1	3	2	3	12	1860	12	1860	0.00338279	0.000259842	0.00313089	0.00387357	155	0	155	155	
22	22.25	1	4	6	3	11	1705	10	1550	0.00368341	0.000386625	0.00303326	0.00430663	155	0	155	155	
22	22.25	1	5	1	3	12	1860	12	1860	0.00364423	0.000517624	0.00312695	0.00468716	155	0	155	155	
22.25	22.5	1	1	3	4	14	2170	14	2170	0.00370584	0.000702145	0.00315718	0.00581498	155	0	155	155	
22.25	22.5	1	2	4	3	14	2170	14	2170	0.00363766	0.000289651	0.00311403	0.00393864	155	0	155	155	
22.25	22.5	1	3	2	3	10	1550	9	1395	0.00366644	0.000429352	0.00312841	0.00463062	155	0	155	155	
22.25	22.5	1	4	6	3	11	1705	12	1860	0.00356237	0.000448827	0.00300614	0.00465929	155	0	155	155	
22.25	22.5	1	5	1	3	12	1860	12	1860	0.00346949	0.000429375	0.0030093	0.00417643	155	0	155	155	
22.5	22.75	1	1	3	4	15	2325	15	2325	0.00364637	0.000451662	0.00304466	0.00464403	155	0	155	155	
22.5	22.75	1	2	4	3	11	1705	11	1705	0.00360957	0.000392442	0.00302329	0.00443721	155	0	155	155	
22.5	22.75	1	3	2	3	12	1860	13	2015	0.00353686	0.000330415	0.00309631	0.00395568	155	0	155	155	
22.5	22.75	1	4	6	3	14	2170	13	2015	0.00383055	0.000774286	0.00303812	0.00524776	155	0	155	155	
22.5	22.75	1	5	1	3	14	2170	14	2170	0.00375562	0.000585466	0.00305008	0.00487861	155	0	155	155	
22.75	23	1	1	3	4	10	1550	10	1550	0.0036035	0.000485447	0.00300559	0.0046248	155	0	155	155	
22.75	23	1	2	4	3	14	2170	13	2015	0.00354493	0.000283386	0.00323639	0.00398452	155	0	155	155	
22.75	23	1	3	2	3	15	2325	15	2325	0.00376612	0.00095868	0.00310678	0.00687445	155	0	155	155	
22.75	23	1	4	6	3	10	1550	11	1705	0.00364183	0.000263081	0.00325632	0.0039916	155	0	155	155	
22.75	23	1	5	1	3	11	1705	11	1705	0.00329997	0.000306556	0.00300652	0.0039175	155	0	155	155	
23	23.25	1	1	3	4	11	1705	11	1705	0.00363305	0.000793646	0.00306503	0.005896	155	0	155	155	
23	23.25	1	2	4	3	14	2170	15	2325	0.00352088	0.000341809	0.00304233	0.00398133	155	0	155	155	
23	23.25	1	3	2	3	11	1705	11	1705	0.00364891	0.000684386	0.00302223	0.00542587	155	0	155	155	
23	23.25	1	4	6	3	14	2170	14	2170	0.0038532	0.001295	0.00307839	0.00802898	155	0	155	155	
23	23.25	1	5	1	3	12	1860	11	1705	0.00344071	0.000335832	0.00301787	0.00392101	155	0	155	155	
23.25	23.5	1	1	3	4	13	2015	13	2015	0.00333204	0.000280218	0.00305668	0.00398258	155	0	155	155	
23.25	23.5	1	2	4	3	10	1550	10	1550	0.00372915	0.000801907	0.00315081	0.00584875	155	0	155	155	
23.25	23.5	1	3	2	3	13	2015	12	1860	0.00339385	0.000257818	0.0030497	0.00387269	155	0	155	155	
23.25	23.5	1	4	6	3	13	2015	13	2015	0.00361627	0.000312478	0.00323782	0.00437585	155	0	155	155	
23.25	23.5	1	5	1	3	10	1550	11	1705	0.00352769	0.000398671	0.00303784	0.00423966	155	0	155	155	
23.5	23.75	1	1	3	4	10	1550	10	1550	0.00334459	0.000260234	0.00305498	0.00394472	155	0	155	155	
23.5	23.75	1	2	4	3	12	1860	12	1860	0.00336402	0.000292127	0.00300602	0.00389534	155	0	155	155	
23.5	23.75	1	3	2	3	12	1860	13	2015	0.0035974	0.000421392	0.00304629	0.00444349	155	0	155	155	
23.5	23.75	1	4	6	3	11	1705	11	1705	0.00362594	0.000395632	0.00311461	0.00458611	155	0	155	155	
23.5	23.75	1	5	1	3	6	930	6	930	0.00348423	0.000337499	0.00307697	0.00392443	155	0	155	155	
23.75	24	1	1	3	4	16	2480	16	2480	0.00358211	0.000586907	0.00301254	0.00524702	155	0	155	155	
23.75	24	1	2	4	3	12	1860	12	1860	0.00348933	0.000233125	0.00323026	0.00391222	155	0	155	155	
23.75	24	1	3	2	3	9	1395	9	1395	0.0034792	0.000329332	0.00301768	0.00394595	155	0	155	155	
23.75	24	1	4	6	3	13	2015	12	1860	0.00373033	0.00045538	0.00304838	0.00445695	155	0	155	155	
23.75	24	1	5	1	3	11	1705	11	1705	0.00358998	0.000285595	0.00323591	0.00395065	155	0	155	155	
24	24.25	1	1	3	4	11	1705	11	1705	0.00375335	0.000403431	0.0032575	0.00458272	155	0	155	155	
24	24.25	1	2	4	3	12	1860	12	1860	0.00369789	0.00041604	0.00300815	0.00463737	155	0	155	155	
24	24.25	1	3	2	3	11	1705	10	1550	0.00362768	0.000222768	0.0031672	0.00388276	155	0	155	155	
24	24.25	1	4	6	3	8	1240	9	1395	0.00356715	0.000287081	0.00300903	0.00388777	155	0	155	155	
24	24.25	1	5	1	3	14	2170	14	2170	0.0038038	0.000466598	0.00303741	0.00479297	155	0	155	155	
24.25	24.5	1	1	3	4	12	1860	12	1860	0.00392141	0.000720444	0.00307747	0.00569299	155	0	155	155	
24.25	24.5	1	2	4	3	9	1395	9	1395	0.00375646	0.000295597	0.0031763	0.00411812	155	0	155	155	
24.25	24.5	1	3	2	3	12	1860	13	2015	0.00369147	0.000563662	0.0030114	0.00494788	155	0	155	155	
24.25	24.5	1	4	6	3	12	1860	12	1860	0.00354026	0.000433175	0.00315721	0.00481872	155	0	155	155	
24.25	24.5	1	5	1	3	12	1860	12	1860	0.00370622	0.00027048	0.00309666	0.00399931	155	0	155	155	
24.5	24.75	1	1	3	4	12	1860	12	1860	0.00347792	0.000340764	0.00306932	0.00398741	155	0	155	155	
24.5	24.75	1	2	4	3	12	1860	11	1705	0.00360035	0.000315981	0.00310172	0.00391971	155	0	155	155	
24.5	24.75	1	3	2	3	13	2015	13	2015	0.00360773	0.000470971	0.00301638	0.00447759	155	0	155	155	
24.5	24.75	1	4	6	3	9	1395	8	1240	0.00348712	0.000237142	0.00302385	0.00379795	155	0	155	155	
24.5	24.75	1	5	1	3	8	1240	8	1240	0.00350479	0.000243345	0.00318535	0.00389234	155	0	155	155	
24.75	25	1	1	3	4	11	1705	11	1705	0.00364662	0.000301412	0.00307977	0.00399139	155	0	155	155	
24.75	25	1	2	4	3	14	2170	14	2170	0.0036177	0.000509936	0.00304998	0.0047407	155	0	155	155	
24.75	25	1	3	2	3	9	1395	9	1395	0.00333708	0.000237743	0.00307415	0.00377744	155	0	155	155	
24.75	25	1	4	6	3	10	1550	11	1705	0.00346167	0.000226655	0.0031005	0.003812	155	0	155	155	
24.75	25	1	5	1	3	10	1550	10	1550	0.00359932	0.000525322	0.0030444	0.00488617	155	0	155	155	
25	25.25	1	1	3	4	11	1705	11	1705	0.00366506	0.000394513	0.00306942	0.00430351	155	0	155	155	
25	25.25	1	2	4	3	8	1240	9	1395	0.00355054	0.00035244	0.00302846	0.00399106	155	0	155	155	
25	25.25	1	3	2	3	10	1550	10	1550	0.00350119	0.000327991	0.00309879	0.00399207	155	0	155	155	
25	25.25	1	4	6	3	14	2170	13	2015	0.00338706	0.000273034	0.00302442	0.00397171	155	0	155	155	
25	25.25	1	5	1	3	11	1705	11	1705	0.00359043	0.000317388	0.0030844	0.00399173	155	0	155	155	
25.25	25.5	1	1	3	4	12	1860	11	1705	0.00350969	0.000292243	0.00320365	0.0039873	155	0	155	155	
25.25	25.5	1	2	4	3	13	2015	13	2015	0.00351599	0.00025837	0.00305073	0.00388241	155	0	155	155	
25.25	25.5	1	3	2	3	11	1705	10	1550	0.00347568	0.000378078	0.00303969	0.00420572	155	0	155	155	
25.25	25.5	1	4	6	3	9	1395	10	1550	0.00385766	0.000725934	0.00321246	0.00576265	155	0	155	155	
25.25	25.5	1	5	1	3	12	1860	12	1860	0.00371852	0.000626124	0.00305021	0.0048314	155	0	155	155	
25.5	25.75	1	1	3	4	13	2015	13	2015	0.00363616	0.00039471	0.00319066	0.00460892	155	0	155	155	
25.5	25.75	1	2	4	3	13	2015	13	2015	0.00393644	0.000977371	0.00308651	0.0067978	155	0	155	155	
25.5	25.75	1	3	2	3	10	1550	11	1705	0.0033603	0.000260844	0.00303564	0.00397919	155	0	155	155	
25.5	25.75	1	4	6	3	12	1860	12	1860	0.00338643	0.000293214	0.00302013	0.00378224	155	0	155	155	
25.5	25.75	1	5	1	3	11	1705	11	1705	0.00342542	0.000293926	0.00311735	0.00388339	155	0	155	155	
25.75	26	1	1	3	4	10	1550	11	1705	0.00341418	0.000282983	0.00301059	0.00386081	155	0	155	155	
25.75	26	1	2	4	3	11	1705	10	1550	0.00354213	0.00034695	0.00315031	0.00404648	155	0	155	155	
25.75	26	1	3	2	3	12	1860	12	1860	0.00351258	0.000378303	0.00308548	0.00433577	155	0	155	155	
25.75	26	1	4	6	3	8	1240	8	1240	0.00366356	0.00025828	0.00310211	0.00399781	155	0	155	155	
25.75	26	1	5	1	3	9	1395	9	1395	0.00350505	0.000272637	0.00313391	0.00399555	155	0	155	155	
26	26.25	1	1	3	4	13	2015	13	2015	0.00387394	0.000847019	0.00310944	0.00597195	155	0	155	155	
26	26.25	1	2	4	3	11	1705	12	1860	0.00366757	0.000801693	0.00309753	0.00603364	155	0	155	155	
26	26.25	1	3	2	3	13	2015	13	2015	0.00357474	0.000249394	0.00308639	0.00398178	155	0	155	155	
26	26.25	1	4	6	3	11	1705	11	1705	0.00346241	0.000224013	0.00303735	0.00386859	155	0	155	155	
26	26.25	1	5	1	3	11	1705	11	1705	0.00358979	0.000470931	0.00305217	0.00451203	155	0	155	155	
26.25	26.5	1	1	3	4	14	2170	14	2170	0.00395218	0.000518997	0.00304169	0.00499335	155	0	155	155	
26.25	26.5	1	2	4	3	15	2325	15	2325	0.00363075	0.000395776	0.00309852	0.0045564	155	0	155	155	
26.25	26.5	1	3	2	3	11	1705	11	1705	0.00357853	0.000271585	0.00313145	0.00396473	155	0	155	155	
26.25	26.5	1	4	6	3	14	2170	14	2170	0.00371133	0.000243749	0.003305	0.00399104	155	0	155	155	
26.25	26.5	1	5	1	3	14	2170	14	2170	0.00342351	0.000290304	0.00305872	0.00399657	155	0	155	155	
26.5	26.75	1	1	3	4	8	1240	7	1085	0.00396893	0.000582095	0.00333297	0.00508867	155	0	155	155	
26.5	26.75	1	2	4	3	13	2015	13	2015	0.00366319	0.0004374	0.00314944	0.00466478	155	0	155	155	
26.5	26.75	1	3	2	3	13	2015	13	2015	0.00358601	0.000585142	0.00303153	0.00530743	155	0	155	155	
26.5	26.75	1	4	6	3	13	2015	13	2015	0.0036218	0.000386442	0.00300984	0.00425573	155	0	155	155	
26.5	26.75	1	5	1	3	7	1085	7	1085	0.00336934	0.0002455	0.00304942	0.00382573	155	0	155	155	
26.75	27	1	1	3	4	9	1395	10	1550	0.00356167	0.000380523	0.00304252	0.00432155	155	0	155	155	
26.75	27	1	2	4	3	10	1550	10	1550	0.00350859	0.000399119	0.00302865	0.00442104	155	0	155	155	
26.75	27	1	3	2	3	12	1860	11	1705	0.0037277	0.000440848	0.00321601	0.00452876	155	0	155	155	
26.75	27	1	4	6	3	9	1395	9	1395	0.00367125	0.000344388	0.00306222	0.00416563	155	0	155	155	
26.75	27	1	5	1	3	11	1705	11	1705	0.00338	0.000308168	0.00307724	0.00397157	155	0	155	155	
27	27.25	1	1	3	4	11	1705	11	1705	0.00346717	0.000315828	0.00305348	0.00398221	155	0	155	155	
27	27.25	1	2	4	3	12	1860	12	1860	0.00350329	0.000303835	0.00305944	0.00397322	155	0	155	155	
27	27.25	1	3	2	3	11	1705	12	1860	0.0038079	0.000566858	0.00312698	0.00483625	155	0	155	155	
27	27.25	1	4	6	3	12	1860	12	1860	0.00370213	0.000303997	0.00326371	0.00441336	155	0	155	155	
27	27.25	1	5	1	3	13	2015	13	2015	0.00351095	0.000336672	0.00310307	0.00412182	155	0	155	155	
27.25	27.5	1	1	3	4	10	1550	10	1550	0.00352267	0.000224656	0.0031734	0.00397755	155	0	155	155	
27.25	27.5	1	2	4	3	8	1240	7	1085	0.00361861	0.000352897	0.00302376	0.0039762	155	0	155	155	
27.25	27.5	1	3	2	3	9	1395	9	1395	0.00361706	0.000291396	0.00308257	0.00402091	155	0	155	155	
27.25	27.5	1	4	6	3	10	1550	10	1550	0.00369488	0.000265053	0.00327932	0.00423807	155	0	155	155	
27.25	27.5	1	5	1	3	14	2170	14	2170	0.00362754	0.000293793	0.00307153	0.00411924	155	0	155	155	
27.5	27.75	1	1	3	4	12	1860	12	1860	0.00369051	0.000448565	0.00303906	0.0048309	155	0	155	155	
27.5	27.75	1	2	4	3	12	1860	12	1860	0.00358851	0.000300569	0.00315235	0.00399079	155	0	155	155	
27.5	27.75	1	3	2	3	11	1705	11	1705	0.00372191	0.00085962	0.00308187	0.00618481	155	0	155	155	
27.5	27.75	1	4	6	3	8	1240	7	1085	0.00335066	0.000301151	0.00304146	0.00394094	155	0	155	155	
27.5	27.75	1	5	1	3	11	1705	11	1705	0.00378714	0.00058747	0.0031337	0.00493745	155	0	155	155	
27.75	28	1	1	3	4	13	2015	13	2015	0.0036761	0.000324988	0.00319059	0.00415315	155	0	155	155	
27.75	28	1	2	4	3	7	1085	8	1240	0.00402346	0.000711162	0.0034649	0.00563465	155	0	155	155	
27.75	28	1	3	2	3	12	1860	12	1860	0.00357511	0.000265624	0.00321705	0.00393472	155	0	155	155	
27.75	28	1	4	6	3	12	1860	13	2015	0.0033483	0.000151318	0.00310514	0.00368687	155	0	155	155	
27.75	28	1	5	1	3	12	1860	12	1860	0.00342732	0.000273534	0.00305934	0.00394996	155	0	155	155	
28	28.25	1	1	3	4	14	2170	14	2170	0.00371761	0.000421584	0.00328224	0.00491296	155	0	155	155	
28	28.25	1	2	4	3	14	2170	13	2015	0.00345588	0.000358324	0.00303223	0.00415187	155	0	155	155	
28	28.25	1	3	2	3	12	1860	12	1860	0.00364691	0.000494654	0.00302806	0.00492416	155	0	155	155	
28	28.25	1	4	6	3	19	2945	19	2945	0.00363716	0.000519475	0.00302159	0.00471691	155	0	155	155	
28	28.25	1	5	1	3	9	1395	9	1395	0.00345938	0.000294271	0.00319817	0.00401448	155	0	155	155	
28.25	28.5	1	1	3	4	14	2170	14	2170	0.00354843	0.000351247	0.00302694	0.00432282	155	0	155	155	
28.25	28.5	1	2	4	3	13	2015	14	2170	0.00346295	0.000414104	0.0030369	0.00432775	155	0	155	155	
28.25	28.5	1	3	2	3	11	1705	11	1705	0.0036243	0.000414213	0.00300218	0.00439096	155	0	155	155	
28.25	28.5	1	4	6	3	9	1395	9	1395	0.00352815	0.000406352	0.003013	0.00398678	155	0	155	155	
28.25	28.5	1	5	1	3	15	2325	14	2170	0.00380209	0.00065937	0.00310529	0.00571474	155	0	155	155	
28.5	28.75	1	1	3	4	10	1550	10	1550	0.00355243	0.000546086	0.00300184	0.00485984	155	0	155	155	
28.5	28.75	1	2	4	3	11	1705	11	1705	0.00359478	0.000729865	0.00300013	0.0054877	155	0	155	155	
28.5	28.75	1	3	2	3	8	1240	8	1240	0.00349242	0.000575239	0.0030562	0.00487589	155	0	155	155	
28.5	28.75	1	4	6	3	11	1705	11	1705	0.00350019	0.000439358	0.00300889	0.00439854	155	0	155	155	
28.5	28.75	1	5	1	3	10	1550	11	1705	0.00367263	0.000606809	0.00301531	0.00485299	155	0	155	155	
28.75	29	1	1	3	4	12	1860	12	1860	0.00355651	0.000255195	0.00325418	0.00395276	155	0	155	155	
28.75	29	1	2	4	3	9	1395	9	1395	0.00375381	0.000508027	0.00306129	0.00483186	155	0	155	155	
28.75	29	1	3	2	3	9	1395	9	1395	0.00357967	0.000306648	0.00314626	0.0040218	155	0	155	155	
28.75	29	1	4	6	3	13	2015	13	2015	0.00373027	0.000462243	0.00318016	0.00473994	155	0	155	155	
28.75	29	1	5	1	3	9	1395	9	1395	0.00354847	0.000609946	0.00301826	0.00498046	155	0	155	155	
29	29.25	1	1	3	4	10	1550	9	1395	0.00343889	0.000314919	0.00301734	0.00396195	155	0	155	155	
29	29.25	1	2	4	3	13	2015	13	2015	0.00344016	0.000305001	0.00301559	0.0039843	155	0	155	155	
29	29.25	1	3	2	3	9	1395	9	1395	0.00340477	0.000255332	0.00301982	0.00373618	155	0	155	155	
29	29.25	1	4	6	3	13	2015	12	1860	0.00366466	0.000502934	0.00300966	0.00458055	155	0	155	155	
29	29.25	1	5	1	3	8	1240	8	1240	0.00359807	0.000426789	0.00318193	0.00426124	155	0	155	155	
29.25	29.5	1	1	3	4	12	1860	13	2015	0.00340449	0.000324777	0.00305233	0.00397371	155	0	155	155	
29.25	29.5	1	2	4	3	14	2170	14	2170	0.00362429	0.000491807	0.00306506	0.00494579	155	0	155	155	
29.25	29.5	1	3	2	3	14	2170	14	2170	0.00380275	0.000646987	0.00310621	0.00537339	155	0	155	155	
29.25	29.5	1	4	6	3	9	1395	10	1550	0.00356399	0.000255468	0.00313666	0.0038566	155	0	155	155	
29.25	29.5	1	5	1	3	11	1705	11	1705	0.00351958	0.000519838	0.00310772	0.00491939	155	0	155	155	
29.5	29.75	1	1	3	4	12	1860	12	1860	0.00347562	0.000237956	0.00312663	0.00393375	155	0	155	155	
29.5	29.75	1	2	4	3	11	1705	10	1550	0.0035128	0.000368338	0.00306392	0.00405041	155	0	155	155	
29.5	29.75	1	3	2	3	8	1240	8	1240	0.0035474	0.000333245	0.00305288	0.00395521	155	0	155	155	
29.5	29.75	1	4	6	3	14	2170	14	2170	0.00379704	0.000723511	0.00303131	0.00551719	155	0	155	155	
29.5	29.75	1	5	1	3	13	2015	12	1860	0.00361066	0.00052968	0.00303137	0.00497016	155	0	155	155	
29.75	30	1	1	3	4	12	1860	11	1705	0.00335388	0.000346588	0.00300193	0.00418197	155	0	155	155	
29.75	30	1	2	4	3	14	2170	15	2325	0.00371222	0.0005153	0.00304144	0.00485846	155	0	155	155	
29.75	30	1	3	2	3	13	2015	13	2015	0.0035749	0.000686101	0.00309049	0.00569828	155	0	155	155	
29.75	30	1	4	6	3	13	2015	13	2015	0.00361233	0.000357889	0.00303306	0.00423614	155	0	155	155	
29.75	30	1	5	1	3	10	1550	11	1705	0.00368234	0.00042943	0.00315704	0.00480865	155	0	155	155	
30	30.25	1	1	3	4	13	2015	14	2170	0.00367512	0.000478162	0.00302651	0.00497647	155	0	155	155	
30	30.25	1	2	4	3	12	1860	12	1860	0.00363597	0.000500038	0.00306231	0.00486659	155	0	155	155	
30	30.25	1	3	2	3	11	1705	11	1705	0.0035374	0.000414518	0.00308979	0.0045587	155	0	155	155	
30	30.25	1	4	6	3	14	2170	13	2015	0.00404967	0.00098046	0.00327176	0.00600106	155	0	155	155	
30	30.25	1	5	1	3	12	1860	12	1860	0.0037981	0.000742951	0.0031	0.00578608	155	0	155	155	
30.25	30.5	1	1	3	4	12	1860	12	1860	0.00358033	0.00041551	0.00302464	0.00439723	155	0	155	155	
30.25	30.5	1	2	4	3	11	1705	11	1705	0.00346152	0.000345434	0.00300607	0.00399994	155	0	155	155	
30.25	30.5	1	3	2	3	8	1240	8	1240	0.0033592	0.000292093	0.0030182	0.00378891	155	0	155	155	
30.25	30.5	1	4	6	3	12	1860	13	2015	0.00350822	0.000256466	0.00311253	0.00387635	155	0	155	155	
30.25	30.5	1	5	1	3	10	1550	10	1550	0.00361709	0.000477711	0.00306896	0.00458326	155	0	155	155	
30.5	30.75	1	1	3	4	14	2170	13	2015	0.00344214	0.000507187	0.00302454	0.00494721	155	0	155	155	
30.5	30.75	1	2	4	3	11	1705	11	1705	0.00349074	0.000289933	0.00309127	0.0039177	155	0	155	155	
30.5	30.75	1	3	2	3	9	1395	9	1395	0.00363375	0.00016796	0.00329596	0.00381369	155	0	155	155	
30.5	30.75	1	4	6	3	12	1860	12	1860	0.00349743	0.000331946	0.00302147	0.00399856	155	0	155	155	
30.5	30.75	1	5	1	3	12	1860	12	1860	0.00342812	0.000324323	0.00300624	0.00397471	155	0	155	155	
30.75	31	1	1	3	4	11	1705	12	1860	0.00353517	0.000313708	0.00305047	0.00398591	155	0	155	155	
30.75	31	1	2	4	3	12	1860	12	1860	0.00363988	0.000260823	0.00320236	0.00397876	155	0	155	155	
30.75	31	1	3	2	3	13	2015	13	2015	0.00366405	0.000316589	0.00312452	0.0041564	155	0	155	155	
30.75	31	1	4	6	3	10	1550	10	1550	0.00372682	0.000354324	0.0032586	0.00437629	155	0	155	155	
30.75	31	1	5	1	3	11	1705	11	1705	0.00359491	0.000338949	0.00307323	0.00433942	155	0	155	155	
31	31.25	1	1	3	4	11	1705	11	1705	0.00382301	0.000427472	0.00317693	0.00490554	155	0	155	155	
31	31.25	1	2	4	3	10	1550	10	1550	0.00355507	0.000301489	0.00304987	0.00398323	155	0	155	155	
31	31.25	1	3	2	3	13	2015	13	2015	0.00359693	0.000281173	0.00303727	0.00395811	155	0	155	155	
31	31.25	1	4	6	3	13	2015	13	2015	0.00363656	0.000466403	0.00303326	0.00480197	155	0	155	155	
31	31.25	1	5	1	3	16	2480	16	2480	0.00355903	0.000341719	0.00316787	0.00446503	155	0	155	155	
31.25	31.5	1	1	3	4	10	1550	10	1550	0.00360669	0.00025599	0.00315557	0.00397421	155	0	155	155	
31.25	31.5	1	2	4	3	8	1240	8	1240	0.00341184	0.00028466	0.00304275	0.00399864	155	0	155	155	
31.25	31.5	1	3	2	3	11	1705	11	1705	0.00347101	0.0004235	0.00306394	0.00446494	155	0	155	155	
31.25	31.5	1	4	6	3	11	1705	11	1705	0.00368392	0.000253116	0.00325735	0.00394886	155	0	155	155	
31.25	31.5	1	5	1	3	10	1550	10	1550	0.00337383	0.000256854	0.00300737	0.00377924	155	0	155	155	
31.5	31.75	1	1	3	4	15	2325	15	2325	0.00372438	0.00051233	0.00314773	0.00477295	155	0	155	155	
31.5	31.75	1	2	4	3	12	1860	12	1860	0.00335657	0.000318689	0.00302816	0.00394401	155	0	155	155	
31.5	31.75	1	3	2	3	11	1705	11	1705	0.00345955	0.000313102	0.00300761	0.00397033	155	0	155	155	
31.5	31.75	1	4	6	3	10	1550	10	1550	0.00355092	0.000368324	0.00300389	0.00423943	155	0	155	155	
31.5	31.75	1	5	1	3	12	1860	12	1860	0.00395191	0.000689468	0.00300512	0.00498059	155	0	155	155	
31.75	32	1	1	3	4	10	1550	10	1550	0.00353409	0.000449816	0.00310392	0.00468634	155	0	155	155	
31.75	32	1	2	4	3	12	1860	12	1860	0.0034986	0.000276886	0.00311194	0.00391978	155	0	155	155	
31.75	32	1	3	2	3	8	1240	8	1240	0.00348692	0.000274932	0.00302343	0.00392209	155	0	155	155	
31.75	32	1	4	6	3	11	1705	11	1705	0.00356581	0.000490893	0.00300452	0.00480342	155	0	155	155	
31.75	32	1	5	1	3	8	1240	8	1240	0.00342186	0.000315771	0.00301049	0.00386363	155	0	155	155	
32	32.25	1	1	3	4	12	1860	11	1705	0.003496	0.000250397	0.00311554	0.00382631	155	0	155	155	
32	32.25	1	2	4	3	12	1860	12	1860	0.0038365	0.00048217	0.00320362	0.00468026	155	0	155	155	
32	32.25	1	3	2	3	7	1085	7	1085	0.00334971	0.000238012	0.0030727	0.00371777	155	0	155	155	
32	32.25	1	4	6	3	12	1860	12	1860	0.00347023	0.000239423	0.00310803	0.00390136	155	0	155	155	
32	32.25	1	5	1	3	11	1705	10	1550	0.00362034	0.000302345	0.00309522	0.00398479	155	0	155	155	
32.25	32.5	1	1	3	4	9	1395	10	1550	0.00369931	0.000488321	0.00330337	0.00497237	155	0	155	155	
32.25	32.5	1	2	4	3	10	1550	10	1550	0.00337014	0.000249273	0.00310872	0.00376305	155	0	155	155	
32.25	32.5	1	3	2	3	12	1860	12	1860	0.00361338	0.000321026	0.00300341	0.00394941	155	0	155	155	
32.25	32.5	1	4	6	3	14	2170	14	2170	0.00366717	0.00035122	0.00312337	0.00434695	155	0	155	155	
32.25	32.5	1	5	1	3	13	2015	14	2170	0.00357337	0.000385162	0.0031862	0.00472823	155	0	155	155	
32.5	32.75	1	1	3	4	9	1395	8	1240	0.00350464	0.000335545	0.00301882	0.00392205	155	0	155	155	
32.5	32.75	1	2	4	3	10	1550	10	1550	0.00348727	0.000317545	0.00301226	0.00398183	155	0	155	155	
32.5	32.75	1	3	2	3	13	2015	13	2015	0.00374	0.000424725	0.0032371	0.00484005	155	0	155	155	
32.5	32.75	1	4	6	3	11	1705	11	1705	0.00342839	0.000226262	0.0030451	0.00382032	155	0	155	155	
32.5	32.75	1	5	1	3	11	1705	11	1705	0.00340311	0.000256773	0.00303309	0.00384596	155	0	155	155	
32.75	33	1	1	3	4	13	2015	14	2170	0.00363916	0.000290391	0.00310407	0.00429541	155	0	155	155	
32.75	33	1	2	4	3	13	2015	12	1860	0.00342485	0.000253171	0.00305085	0.00370102	155	0	155	155	
32.75	33	1	3	2	3	12	1860	12	1860	0.00356412	0.000247443	0.00309999	0.00395513	155	0	155	155	
32.75	33	1	4	6	3	7	1085	7	1085	0.00343504	0.000378625	0.00302856	0.00398553	155	0	155	155	
32.75	33	1	5	1	3	14	2170	14	2170	0.0038484	0.000585036	0.00311297	0.00513974	155	0	155	155	
33	33.25	1	1	3	4	10	1550	9	1395	0.00393441	0.00053283	0.00328054	0.00495037	155	0	155	155	
33	33.25	1	2	4	3	12	1860	13	2015	0.00356616	0.000500411	0.00300602	0.00497931	155	0	155	155	
33	33.25	1	3	2	3	11	1705	11	1705	0.003748	0.00042556	0.00308503	0.00444237	155	0	155	155	
33	33.25	1	4	6	3	13	2015	13	2015	0.00382157	0.000693884	0.00314722	0.00581625	155	0	155	155	
33	33.25	1	5	1	3	11	1705	11	1705	0.00353264	0.0005399	0.00300609	0.00466867	155	0	155	155	
33.25	33.5	1	1	3	4	13	2015	14	2170	0.00348767	0.000326587	0.0030396	0.00399493	155	0	155	155	
33.25	33.5	1	2	4	3	11	1705	11	1705	0.00372589	0.000764383	0.00311263	0.00546748	155	0	155	155	
33.25	33.5	1	3	2	3	12	1860	12	1860	0.00372515	0.000690156	0.00310034	0.00567221	155	0	155	155	
33.25	33.5	1	4	6	3	11	1705	11	1705	0.00359715	0.000234759	0.00327525	0.003982	155	0	155	155	
33.25	33.5	1	5	1	3	12	1860	12	1860	0.00340122	0.000330375	0.00303646	0.00389336	155	0	155	155	
33.5	33.75	1	1	3	4	13	2015	13	2015	0.00357764	0.000318094	0.00311308	0.00394894	155	0	155	155	
33.5	33.75	1	2	4	3	13	2015	13	2015	0.00357216	0.000387323	0.0030311	0.00423955	155	0	155	155	
33.5	33.75	1	3	2	3	9	1395	9	1395	0.00357693	0.000545816	0.00308092	0.00484615	155	0	155	155	
33.5	33.75	1	4	6	3	14	2170	14	2170	0.00353641	0.000230394	0.00311401	0.00394324	155	0	155	155	
33.5	33.75	1	5	1	3	14	2170	14	2170	0.00329909	0.000271856	0.00300854	0.00383338	155	0	155	155	
33.75	34	1	1	3	4	12	1860	12	1860	0.00342511	0.00038551	0.00300402	0.00417016	155	0	155	155	
33.75	34	1	2	4	3	12	1860	11	1705	0.0036354	0.000483745	0.00301191	0.0047557	155	0	155	155	
33.75	34	1	3	2	3	13	2015	13	2015	0.00374584	0.000434345	0.00308591	0.00471889	155	0	155	155	
33.75	34	1	4	6	3	15	2325	15	2325	0.00354704	0.000404077	0.00302127	0.00434113	155	0	155	155	
33.75	34	1	5	1	3	10	1550	10	1550	0.00337138	0.000272296	0.00301403	0.00394907	155	0	155	155	
34	34.25	1	1	3	4	15	2325	15	2325	0.00393728	0.000608355	0.00310317	0.00586238	155	0	155	155	
34	34.25	1	2	4	3	13	2015	14	2170	0.00374542	0.000537902	0.0031063	0.00470378	155	0	155	155	
34	34.25	1	3	2	3	9	1395	9	1395	0.00348898	0.000356159	0.00312444	0.00399929	155	0	155	155	
34	34.25	1	4	6	3	9	1395	9	1395	0.00383958	0.000505591	0.00318802	0.00487327	155	0	155	155	
34	34.25	1	5	1	3	11	1705	11	1705	0.00359046	0.000437003	0.00307916	0.00457783	155	0	155	155	
34.25	34.5	1	1	3	4	11	1705	11	1705	0.00383914	0.000687518	0.00308352	0.0055824	155	0	155	155	
34.25	34.5	1	2	4	3	13	2015	13	2015	0.00355219	0.000417677	0.00301564	0.00433057	155	0	155	155	
34.25	34.5	1	3	2	3	10	1550	10	1550	0.00353506	0.000448066	0.00302463	0.00458221	155	0	155	155	
34.25	34.5	1	4	6	3	11	1705	11	1705	0.00383621	0.000393605	0.00334704	0.00459699	155	0	155	155	
34.25	34.5	1	5	1	3	10	1550	10	1550	0.0034354	0.000249044	0.0030857	0.00384892	155	0	155	155	
34.5	34.75	1	1	3	4	12	1860	12	1860	0.00380462	0.000607422	0.00306788	0.00485072	155	0	155	155	
34.5	34.75	1	2	4	3	11	1705	11	1705	0.00384381	0.000542066	0.00315609	0.00496599	155	0	155	155	
34.5	34.75	1	3	2	3	9	1395	9	1395	0.0035779	0.000268511	0.00315212	0.00399602	155	0	155	155	
34.5	34.75	1	4	6	3	14	2170	14	2170	0.00378398	0.000472261	0.00305654	0.0048875	155	0	155	155	
34.5	34.75	1	5	1	3	14	2170	14	2170	0.00368048	0.000720794	0.00300568	0.00543622	155	0	155	155	
34.75	35	1	1	3	4	9	1395	8	1240	0.00358432	0.00060794	0.00303531	0.00486684	155	0	155	155	
34.75	35	1	2	4	3	8	1240	8	1240	0.00371519	0.000382192	0.00313771	0.00421784	155	0	155	155	
34.75	35	1	3	2	3	10	1550	10	1550	0.0035503	0.000443782	0.00306249	0.00457031	155	0	155	155	
34.75	35	1	4	6	3	6	930	6	930	0.00348041	0.000150594	0.00322372	0.00367878	155	0	155	155	
34.75	35	1	5	1	3	13	2015	13	2015	0.00358543	0.000841942	0.00300628	0.00585066	155	0	155	155	
35	35.25	1	1	3	4	9	1395	10	1550	0.00370563	0.000465192	0.00311725	0.00475625	155	0	155	155	
35	35.25	1	2	4	3	9	1395	9	1395	0.0036041	0.000271027	0.00319755	0.00394228	155	0	155	155	
35	35.25	1	3	2	3	8	1240	8	1240	0.00329142	0.000232688	0.00306149	0.00373384	155	0	155	155	
35	35.25	1	4	6	3	11	1705	11	1705	0.00354878	0.000186935	0.00330107	0.00390916	155	0	155	155	
35	35.25	1	5	1	3	12	1860	12	1860	0.00390374	0.000961659	0.00319577	0.00674809	155	0	155	155	
35.25	35.5	1	1	3	4	10	1550	10	1550	0.00348002	0.000287295	0.00304913	0.00393316	155	0	155	155	
35.25	35.5	1	2	4	3	11	1705	11	1705	0.00365523	0.000450633	0.00318978	0.00484766	155	0	155	155	
35.25	35.5	1	3	2	3	19	2945	18	2790	0.00361359	0.000670849	0.00300673	0.00550393	155	0	155	155	
35.25	35.5	1	4	6	3	12	1860	12	1860	0.00352138	0.000411707	0.00305664	0.00442919	155	0	155	155	
35.25	35.5	1	5	1	3	10	1550	10	1550	0.00371259	0.000747645	0.00300005	0.00558942	155	0	155	155	
35.5	35.75	1	1	3	4	12	1860	12	1860	0.00349348	0.000293523	0.00301834	0.00384619	155	0	155	155	
35.5	35.75	1	2	4	3	12	1860	12	1860	0.0037787	0.00060474	0.0030327	0.00515582	155	0	155	155	
35.5	35.75	1	3	2	3	14	2170	15	2325	0.00378362	0.00052184	0.00328466	0.00515864	155	0	155	155	
35.5	35.75	1	4	6	3	9	1395	9	1395	0.00388563	0.00077493	0.00332468	0.0058555	155	0	155	155	
35.5	35.75	1	5	1	3	7	1085	7	1085	0.00350995	0.000323681	0.00312955	0.00394137	155	0	155	155	
35.75	36	1	1	3	4	10	1550	10	1550	0.00390757	0.000726918	0.00324866	0.00545712	155	0	155	155	
35.75	36	1	2	4	3	10	1550	10	1550	0.00357911	0.000325419	0.00306406	0.00418063	155	0	155	155	
35.75	36	1	3	2	3	13	2015	12	1860	0.00367169	0.000316951	0.00309135	0.00397873	155	0	155	155	
35.75	36	1	4	6	3	13	2015	13	2015	0.00359678	0.000437634	0.00302505	0.00451027	155	0	155	155	
35.75	36	1	5	1	3	8	1240	8	1240	0.00355801	0.000266313	0.00322412	0.00388418	155	0	155	155	
36	36.25	1	1	3	4	9	1395	9	1395	0.0033753	0.000271502	0.00302951	0.00386302	155	0	155	155	
36	36.25	1	2	4	3	11	1705	11	1705	0.00368497	0.000202563	0.00331759	0.00395679	155	0	155	155	
36	36.25	1	3	2	3	16	2480	17	2635	0.00370629	0.000667216	0.00309257	0.00593939	155	0	155	155	
36	36.25	1	4	6	3	11	1705	11	1705	0.00350155	0.00032285	0.00303217	0.00392443	155	0	155	155	
36	36.25	1	5	1	3	9	1395	9	1395	0.00353017	0.00025878	0.0032098	0.00392358	155	0	155	155	
36.25	36.5	1	1	3	4	11	1705	11	1705	0.00363252	0.000236397	0.00319913	0.00397224	155	0	155	155	
36.25	36.5	1	2	4	3	8	1240	8	1240	0.00339753	0.000276378	0.00311625	0.00385522	155	0	155	155	
36.25	36.5	1	3	2	3	12	1860	12	1860	0.00367314	0.000541921	0.00306438	0.00470257	155	0	155	155	
36.25	36.5	1	4	6	3	16	2480	15	2325	0.00366742	0.000637296	0.00307872	0.00536254	155	0	155	155	
36.25	36.5	1	5	1	3	10	1550	10	1550	0.00356934	0.000377369	0.00305512	0.00412736	155	0	155	155	
36.5	36.75	1	1	3	4	13	2015	13	2015	0.00333069	0.000298257	0.00300864	0.00392932	155	0	155	155	
36.5	36.75	1	2	4	3	8	1240	8	1240	0.00357717	0.000309362	0.00320393	0.00392229	155	0	155	155	
36.5	36.75	1	3	2	3	12	1860	12	1860	0.00350894	0.000400978	0.00300017	0.00433614	155	0	155	155	
36.5	36.75	1	4	6	3	8	1240	9	1395	0.00373374	0.00038302	0.00325224	0.00441251	155	0	155	155	
36.5	36.75	1	5	1	3	13	2015	13	2015	0.00350755	0.00035759	0.00304198	0.00413679	155	0	155	155	
36.75	37	1	1	3	4	11	1705	11	1705	0.00364704	0.000237871	0.00327423	0.00391433	155	0	155	155	
36.75	37	1	2	4	3	13	2015	12	1860	0.00359641	0.000281415	0.00301474	0.00397218	155	0	155	155	
36.75	37	1	3	2	3	9	1395	9	1395	0.00357579	0.000452683	0.00301063	0.0046518	155	0	155	155	
36.75	37	1	4	6	3	7	1085	7	1085	0.00325699	0.000297387	0.00300795	0.00386596	155	0	155	155	
36.75	37	1	5	1	3	11	1705	11	1705	0.00349328	0.000313164	0.00303324	0.00394795	155	0	155	155	
37	37.25	1	1	3	4	15	2325	15	2325	0.00374857	0.000729903	0.00303405	0.005211	155	0	155	155	
37	37.25	1	2	4	3	12	1860	13	2015	0.00359507	0.000289675	0.00306018	0.00396742	155	0	155	155	
37	37.25	1	3	2	3	14	2170	14	2170	0.00362046	0.000265629	0.00308054	0.003983	155	0	155	155	
37	37.25	1	4	6	3	11	1705	10	1550	0.00370667	0.000318858	0.00323332	0.00439711	155	0	155	155	
37	37.25	1	5	1	3	10	1550	10	1550	0.00361157	0.000364261	0.00301742	0.00397971	155	0	155	155	
37.25	37.5	1	1	3	4	16	2480	16	2480	0.0035173	0.000324997	0.0030565	0.00399209	155	0	155	155	
37.25	37.5	1	2	4	3	14	2170	14	2170	0.00364762	0.000457131	0.00300835	0.00489231	155	0	155	155	
37.25	37.5	1	3	2	3	13	2015	12	1860	0.00344654	0.000329117	0.00307948	0.00397013	155	0	155	155	
37.25	37.5	1	4	6	3	9	1395	10	1550	0.00351736	0.000335417	0.00300116	0.00390677	155	0	155	155	
37.25	37.5	1	5	1	3	8	1240	7	1085	0.00352734	0.000345325	0.00305204	0.00398057	155	0	155	155	
37.5	37.75	1	1	3	4	16	2480	16	2480	0.00349153	0.000418871	0.00304214	0.00464194	155	0	155	155	
37.5	37.75	1	2	4	3	14	2170	14	2170	0.00362099	0.000485278	0.00303609	0.00455102	155	0	155	155	
37.5	37.75	1	3	2	3	9	1395	10	1550	0.003518	0.000355996	0.00301731	0.00398094	155	0	155	155	
37.5	37.75	1	4	6	3	13	2015	13	2015	0.00370159	0.000543586	0.00303505	0.00518774	155	0	155	155	
37.5	37.75	1	5	1	3	14	2170	15	2325	0.00363803	0.000428287	0.00300648	0.00491014	155	0	155	155	
37.75	38	1	1	3	4	11	1705	11	1705	0.00342283	0.000304751	0.00303646	0.00383577	155	0	155	155	
37.75	38	1	2	4	3	10	1550	10	1550	0.00355315	0.000288635	0.00308437	0.003939	155	0	155	155	
37.75	38	1	3	2	3	12	1860	11	1705	0.00350738	0.000280027	0.00308735	0.00389315	155	0	155	155	
37.75	38	1	4	6	3	7	1085	7	1085	0.00354276	0.000316352	0.00316334	0.00399263	155	0	155	155	
37.75	38	1	5	1	3	12	1860	12	1860	0.00368438	0.00033683	0.00332988	0.00455679	155	0	155	155	
38	38.25	1	1	3	4	13	2015	13	2015	0.00367944	0.000550752	0.00302393	0.00475988	155	0	155	155	
38	38.25	1	2	4	3	13	2015	13	2015	0.00350566	0.000343948	0.00303719	0.00400327	155	0	155	155	
38	38.25	1	3	2	3	17	2635	18	2790	0.00381485	0.000475132	0.0032788	0.00491285	155	0	155	155	
38	38.25	1	4	6	3	11	1705	11	1705	0.00358769	0.000339105	0.00305827	0.00397104	155	0	155	155	
38	38.25	1	5	1	3	14	2170	14	2170	0.00349489	0.000320657	0.00302106	0.00419512	155	0	155	155	
38.25	38.5	1	1	3	4	14	2170	14	2170	0.00374774	0.00069924	0.00312665	0.0057744	155	0	155	155	
38.25	38.5	1	2	4	3	14	2170	14	2170	0.00345077	0.000329493	0.00300641	0.00396618	155	0	155	155	
38.25	38.5	1	3	2	3	13	2015	13	2015	0.0035624	0.000470283	0.00303168	0.00476384	155	0	155	155	
38.25	38.5	1	4	6	3	13	2015	13	2015	0.00373703	0.000444724	0.00306256	0.00484298	155	0	155	155	
38.25	38.5	1	5	1	3	16	2480	15	2325	0.0036872	0.000531751	0.00302359	0.00477486	155	0	155	155	
38.5	38.75	1	1	3	4	14	2170	13	2015	0.00359862	0.000533682	0.00301476	0.00465014	155	0	155	155	
38.5	38.75	1	2	4	3	8	1240	8	1240	0.00365913	0.000364211	0.00311085	0.00397327	155	0	155	155	
38.5	38.75	1	3	2	3	9	1395	9	1395	0.0036517	0.000363807	0.00303824	0.00437787	155	0	155	155	
38.5	38.75	1	4	6	3	13	2015	13	2015	0.00357704	0.000441569	0.0030303	0.00471364	155	0	155	155	
38.5	38.75	1	5	1	3	12	1860	13	2015	0.0035185	0.000444385	0.0030794	0.00471674	155	0	155	155	
38.75	39	1	1	3	4	11	1705	12	1860	0.00377322	0.000457285	0.00302104	0.00459695	155	0	155	155	
38.75	39	1	2	4	3	9	1395	9	1395	0.00365213	0.000262438	0.00307734	0.0038804	155	0	155	155	
38.75	39	1	3	2	3	12	1860	11	1705	0.00358749	0.000392602	0.00322412	0.00464207	155	0	155	155	
38.75	39	1	4	6	3	11	1705	11	1705	0.00341213	0.000280756	0.00301855	0.00397831	155	0	155	155	
38.75	39	1	5	1	3	10	1550	9	1395	0.00350641	0.000330206	0.00301725	0.00396355	155	0	155	155	
39	39.25	1	1	3	4	12	1860	12	1860	0.00347329	0.000305164	0.003109	0.00405275	155	0	155	155	
39	39.25	1	2	4	3	9	1395	9	1395	0.00349372	0.000359619	0.00304894	0.00395821	155	0	155	155	
39	39.25	1	3	2	3	5	775	6	930	0.00364198	0.000239019	0.00325755	0.00398927	155	0	155	155	
39	39.25	1	4	6	3	7	1085	7	1085	0.00344953	0.000280321	0.00305688	0.00384364	155	0	155	155	
39	39.25	1	5	1	3	12	1860	13	2015	0.00352186	0.000304648	0.00307473	0.00398869	155	0	155	155	
39.25	39.5	1	1	3	4	13	2015	13	2015	0.00394105	0.000746093	0.00310719	0.00597258	155	0	155	155	
39.25	39.5	1	2	4	3	9	1395	9	1395	0.0036871	0.000256729	0.00315005	0.00395895	155	0	155	155	
39.25	39.5	1	3	2	3	11	1705	11	1705	0.00374383	0.000734161	0.00319273	0.00564571	155	0	155	155	
39.25	39.5	1	4	6	3	11	1705	10	1550	0.0035894	0.000480817	0.00313895	0.00464993	155	0	155	155	
39.25	39.5	1	5	1	3	13	2015	13	2015	0.00348117	0.00032727	0.0030088	0.00395422	155	0	155	155	
39.5	39.75	1	1	3	4	13	2015	13	2015	0.00381854	0.000695526	0.00307749	0.00516729	155	0	155	155	
39.5	39.75	1	2	4	3	13	2015	13	2015	0.0036052	0.000368358	0.00301096	0.00421862	155	0	155	155	
39.5	39.75	1	3	2	3	10	1550	10	1550	0.00350314	0.000278905	0.0030933	0.00379933	155	0	155	155	
39.5	39.75	1	4	6	3	13	2015	14	2170	0.00343047	0.000318994	0.0030403	0.00394311	155	0	155	155	
39.5	39.75	1	5	1	3	12	1860	12	1860	0.00351371	0.000323503	0.00301311	0.00399446	155	0	155	155	
39.75	40	1	1	3	4	12	1860	12	1860	0.00339699	0.000341087	0.00302476	0.00425075	155	0	155	155	
39.75	40	1	2	4	3	13	2015	13	2015	0.00375626	0.000292689	0.00313827	0.00422898	155	0	155	155	
39.75	40	1	3	2	3	13	2015	13	2015	0.00347219	0.000272353	0.00305844	0.00391365	155	0	155	155	
39.75	40	1	4	6	3	10	1550	10	1550	0.00369491	0.000294438	0.00322045	0.00414207	155	0	155	155	
39.75	40	1	5	1	3	13	2015	13	2015	0.00368028	0.000566698	0.00301451	0.00491261	155	0	155	155	
40	40.25	1	1	3	4	11	1705	11	1705	0.00373278	0.000782666	0.00301557	0.00591983	155	0	155	155	
40	40.25	1	2	4	3	10	1550	10	1550	0.00367485	0.000395273	0.00309016	0.00449426	155	0	155	155	
40	40.25	1	3	2	3	13	2015	13	2015	0.00378316	0.00069808	0.00300182	0.00583077	155	0	155	155	
40	40.25	1	4	6	3	15	2325	14	2170	0.00358831	0.000502189	0.00309102	0.00460918	155	0	155	155	
40	40.25	1	5	1	3	12	1860	12	1860	0.00347124	0.000372431	0.00303391	0.00395569	155	0	155	155	
40.25	40.5	1	1	3	4	13	2015	13	2015	0.00353535	0.000212569	0.00308509	0.00385502	155	0	155	155	
40.25	40.5	1	2	4	3	9	1395	9	1395	0.00338469	0.000234683	0.00300766	0.00365591	155	0	155	155	
40.25	40.5	1	3	2	3	13	2015	12	1860	0.00350879	0.000346993	0.00306032	0.00408926	155	0	155	155	
40.25	40.5	1	4	6	3	14	2170	14	2170	0.00357234	0.000438798	0.00305192	0.00460031	155	0	155	155	
40.25	40.5	1	5	1	3	13	2015	13	2015	0.00350489	0.000264074	0.00301902	0.0039081	155	0	155	155	
40.5	40.75	1	1	3	4	13	2015	13	2015	0.00371711	0.000698491	0.003088	0.00584125	155	0	155	155	
40.5	40.75	1	2	4	3	10	1550	10	1550	0.00366909	0.000259481	0.00307532	0.00394931	155	0	155	155	
40.5	40.75	1	3	2	3	14	2170	14	2170	0.00369537	0.00042388	0.0030409	0.00474252	155	0	155	155	
40.5	40.75	1	4	6	3	9	1395	10	1550	0.00360422	0.000526484	0.00313639	0.00496473	155	0	155	155	
40.5	40.75	1	5	1	3	10	1550	10	1550	0.00362582	0.000331486	0.0030673	0.00417417	155	0	155	155	
40.75	41	1	1	3	4	9	1395	9	1395	0.00351535	0.000293349	0.00313822	0.00397807	155	0	155	155	
40.75	41	1	2	4	3	14	2170	13	2015	0.00348575	0.000252283	0.00311406	0.00409485	155	0	155	155	
40.75	41	1	3	2	3	11	1705	12	1860	0.00357126	0.000303176	0.00322688	0.00398378	155	0	155	155	
40.75	41	1	4	6	3	14	2170	14	2170	0.00368477	0.000430062	0.00307885	0.0044035	155	0	155	155	
40.75	41	1	5	1	3	16	2480	15	2325	0.00359181	0.000570347	0.00300293	0.0048166	155	0	155	155	
41	41.25	1	1	3	4	11	1705	11	1705	0.00358961	0.000300747	0.00326062	0.00431209	155	0	155	155	
41	41.25	1	2	4	3	7	1085	8	1240	0.00347907	0.000334509	0.00304112	0.00397399	155	0	155	155	
41	41.25	1	3	2	3	14	2170	14	2170	0.00355327	0.000314504	0.00302627	0.0039538	155	0	155	155	
41	41.25	1	4	6	3	11	1705	11	1705	0.00371364	0.000443796	0.00309512	0.00478038	155	0	155	155	
41	41.25	1	5	1	3	10	1550	11	1705	0.00339532	0.000246512	0.00302026	0.003755	155	0	155	155	
41.25	41.5	1	1	3	4	11	1705	11	1705	0.00349952	0.00037031	0.00304184	0.00406918	155	0	155	155	
41.25	41.5	1	2	4	3	12	1860	12	1860	0.0035134	0.00033289	0.0030083	0.00400146	155	0	155	155	
41.25	41.5	1	3	2	3	11	1705	11	1705	0.00358411	0.000342645	0.00312816	0.00424428	155	0	155	155	
41.25	41.5	1	4	6	3	14	2170	13	2015	0.00369701	0.000213868	0.00323333	0.00402701	155	0	155	155	
41.25	41.5	1	5	1	3	10	1550	10	1550	0.00362342	0.00031734	0.00301889	0.00405328	155	0	155	155	
41.5	41.75	1	1	3	4	11	1705	11	1705	0.00355816	0.000295527	0.00305428	0.00394101	155	0	155	155	
41.5	41.75	1	2	4	3	13	2015	13	2015	0.00360621	0.000476651	0.00305583	0.00478086	155	0	155	155	
41.5	41.75	1	3	2	3	7	1085	7	1085	0.00348489	0.000358277	0.00305135	0.00394358	155	0	155	155	
41.5	41.75	1	4	6	3	11	1705	12	1860	0.00407685	0.000860548	0.003226	0.00587398	155	0	155	155	
41.5	41.75	1	5	1	3	10	1550	10	1550	0.00344644	0.000296032	0.0030046	0.00394092	155	0	155	155	
41.75	42	1	1	3	4	8	1240	8	1240	0.00353102	0.000248345	0.0030774	0.00383882	155	0	155	155	
41.75	42	1	2	4	3	11	1705	11	1705	0.00371921	0.000249364	0.00333379	0.00420431	155	0	155	155	
41.75	42	1	3	2	3	8	1240	8	1240	0.00368563	0.000240217	0.00316894	0.00391814	155	0	155	155	
41.75	42	1	4	6	3	10	1550	10	1550	0.00339164	0.000261333	0.00305557	0.00372735	155	0	155	155	
41.75	42	1	5	1	3	11	1705	11	1705	0.0037546	0.000417481	0.00324008	0.00453893	155	0	155	155	
42	42.25	1	1	3	4	12	1860	12	1860	0.00351079	0.000498725	0.00303622	0.00488886	155	0	155	155	
42	42.25	1	2	4	3	12	1860	12	1860	0.00365538	0.00027827	0.00324356	0.00394394	155	0	155	155	
42	42.25	1	3	2	3	12	1860	11	1705	0.0036607	0.000373783	0.00334326	0.00469939	155	0	155	155	
42	42.25	1	4	6	3	10	1550	10	1550	0.00376468	0.000198192	0.00343383	0.00398392	155	0	155	155	
42	42.25	1	5	1	3	9	1395	9	1395	0.00357614	0.000336106	0.00300627	0.00410914	155	0	155	155	
42.25	42.5	1	1	3	4	9	1395	9	1395	0.00332641	0.000255717	0.0030617	0.00384842	155	0	155	155	
42.25	42.5	1	2	4	3	12	1860	12	1860	0.00367805	0.000697473	0.00305332	0.00558807	155	0	155	155	
42.25	42.5	1	3	2	3	12	1860	13	2015	0.00364827	0.00046565	0.00306836	0.00456325	155	0	155	155	
42.25	42.5	1	4	6	3	13	2015	12	1860	0.00380976	0.000497846	0.0030858	0.00491769	155	0	155	155	
42.25	42.5	1	5	1	3	13	2015	13	2015	0.00361541	0.000393374	0.00315322	0.00441521	155	0	155	155	
42.5	42.75	1	1	3	4	13	2015	13	2015	0.00352632	0.000371114	0.00303253	0.00430323	155	0	155	155	
42.5	42.75	1	2	4	3	10	1550	10	1550	0.00353125	0.000310464	0.0031401	0.00396733	155	0	155	155	
42.5	42.75	1	3	2	3	12	1860	11	1705	0.00355821	0.000359864	0.00307134	0.00399468	155	0	155	155	
42.5	42.75	1	4	6	3	12	1860	12	1860	0.00378429	0.000570511	0.00317464	0.00542637	155	0	155	155	
42.5	42.75	1	5	1	3	12	1860	12	1860	0.00354391	0.000176585	0.00323759	0.00382865	155	0	155	155	
42.75	43	1	1	3	4	11	1705	11	1705	0.00364063	0.000645559	0.00302078	0.00534339	155	0	155	155	
42.75	43	1	2	4	3	10	1550	10	1550	0.00367598	0.000407797	0.00305853	0.00425523	155	0	155	155	
42.75	43	1	3	2	3	9	1395	10	1550	0.00360451	0.000525806	0.00305858	0.00487033	155	0	155	155	
42.75	43	1	4	6	3	12	1860	13	2015	0.00352573	0.000503292	0.00303195	0.00487976	155	0	155	155	
42.75	43	1	5	1	3	8	1240	8	1240	0.00380311	0.000379036	0.0032985	0.00449874	155	0	155	155	
43	43.25	1	1	3	4	10	1550	10	1550	0.00361497	0.000263848	0.00306443	0.0038765	155	0	155	155	
43	43.25	1	2	4	3	12	1860	12	1860	0.0035319	0.000268393	0.00312252	0.00399629	155	0	155	155	
43	43.25	1	3	2	3	11	1705	11	1705	0.00349448	0.000263922	0.00312242	0.00396196	155	0	155	155	
43	43.25	1	4	6	3	15	2325	15	2325	0.00357889	0.000343852	0.00306223	0.00432264	155	0	155	155	
43	43.25	1	5	1	3	10	1550	10	1550	0.00348778	0.000183861	0.00313667	0.00379987	155	0	155	155	
43.25	43.5	1	1	3	4	13	2015	13	2015	0.0034488	0.000285996	0.00300032	0.00397603	155	0	155	155	
43.25	43.5	1	2	4	3	12	1860	12	1860	0.00347997	0.000319096	0.00302027	0.00395345	155	0	155	155	
43.25	43.5	1	3	2	3	12	1860	12	1860	0.00375874	0.000772465	0.00303008	0.005264	155	0	155	155	
43.25	43.5	1	4	6	3	15	2325	15	2325	0.00405652	0.000668027	0.00300792	0.00556062	155	0	155	155	
43.25	43.5	1	5	1	3	13	2015	12	1860	0.00371456	0.000398495	0.00314226	0.00470711	155	0	155	155	
43.5	43.75	1	1	3	4	13	2015	13	2015	0.00361774	0.000531497	0.00305152	0.00466475	155	0	155	155	
43.5	43.75	1	2	4	3	12	1860	11	1705	0.00351536	0.000379519	0.00309359	0.00442597	155	0	155	155	
43.5	43.75	1	3	2	3	9	1395	9	1395	0.00364307	0.000281425	0.0031277	0.00398401	155	0	155	155	
43.5	43.75	1	4	6	3	10	1550	9	1395	0.00374756	0.000318962	0.00336303	0.00434461	155	0	155	155	
43.5	43.75	1	5	1	3	11	1705	12	1860	0.0036249	0.000322131	0.00301444	0.00396776	155	0	155	155	
43.75	44	1	1	3	4	8	1240	8	1240	0.00344347	0.00031192	0.00306752	0.00394237	155	0	155	155	
43.75	44	1	2	4	3	11	1705	12	1860	0.00351564	0.000525997	0.00300255	0.00493741	155	0	155	155	
43.75	44	1	3	2	3	14	2170	14	2170	0.00365015	0.000596833	0.00315539	0.0055067	155	0	155	155	
43.75	44	1	4	6	3	11	1705	12	1860	0.00360312	0.000269464	0.00305707	0.00398405	155	0	155	155	
43.75	44	1	5	1	3	12	1860	12	1860	0.00383965	0.000445849	0.00311832	0.00470251	155	0	155	155	
44	44.25	1	1	3	4	13	2015	13	2015	0.00366712	0.000279208	0.0031446	0.00395096	155	0	155	155	
44	44.25	1	2	4	3	13	2015	13	2015	0.0035379	0.000381207	0.00307305	0.00433489	155	0	155	155	
44	44.25	1	3	2	3	12	1860	12	1860	0.00355059	0.000543303	0.00301525	0.00493234	155	0	155	155	
44	44.25	1	4	6	3	12	1860	12	1860	0.00367398	0.000487589	0.00301424	0.00477965	155	0	155	155	
44	44.25	1	5	1	3	12	1860	12	1860	0.00364324	0.00044337	0.00317144	0.00451894	155	0	155	155	
44.25	44.5	1	1	3	4	16	2480	16	2480	0.00375377	0.000528419	0.00305609	0.00489384	155	0	155	155	
44.25	44.5	1	2	4	3	12	1860	11	1705	0.00350527	0.000403207	0.00300208	0.00436401	155	0	155	155	
44.25	44.5	1	3	2	3	10	1550	9	1395	0.00353641	0.000296729	0.00313901	0.00394656	155	0	155	155	
44.25	44.5	1	4	6	3	9	1395	9	1395	0.00369823	0.000317753	0.00313486	0.00425608	155	0	155	155	
44.25	44.5	1	5	1	3	14	2170	14	2170	0.00366723	0.000568418	0.00300106	0.0053238	155	0	155	155	
44.5	44.75	1	1	3	4	9	1395	9	1395	0.00340965	0.00033319	0.00304172	0.00389314	155	0	155	155	
44.5	44.75	1	2	4	3	13	2015	14	2170	0.00354936	0.000279162	0.00302241	0.00394763	155	0	155	155	
44.5	44.75	1	3	2	3	7	1085	8	1240	0.00341026	0.000344443	0.00302455	0.00399106	155	0	155	155	
44.5	44.75	1	4	6	3	13	2015	12	1860	0.0038831	0.000640296	0.00309753	0.00562287	155	0	155	155	
44.5	44.75	1	5	1	3	14	2170	13	2015	0.00381092	0.000851835	0.00305683	0.00596473	155	0	155	155	
44.75	45	1	1	3	4	9	1395	9	1395	0.00324012	0.000208785	0.0030162	0.00362871	155	0	155	155	
44.75	45	1	2	4	3	11	1705	10	1550	0.00356648	0.000362177	0.00301432	0.00397742	155	0	155	155	
44.75	45	1	3	2	3	13	2015	13	2015	0.00362805	0.000451192	0.00303124	0.00467148	155	0	155	155	
44.75	45	1	4	6	3	8	1240	8	1240	0.00342305	0.000349111	0.00303915	0.0039858	155	0	155	155	
44.75	45	1	5	1	3	11	1705	12	1860	0.00363396	0.000564505	0.00300984	0.0047916	155	0	155	155	
45	45.25	1	1	3	4	13	2015	13	2015	0.0035413	0.000413043	0.00306797	0.0039872	155	0	155	155	
45	45.25	1	2	4	3	7	1085	8	1240	0.00363075	0.00043869	0.00301139	0.00420997	155	0	155	155	
45	45.25	1	3	2	3	11	1705	11	1705	0.00348222	0.000286056	0.0032068	0.00396145	155	0	155	155	
45	45.25	1	4	6	3	18	2790	19	2945	0.00361844	0.000350987	0.0030914	0.00435105	155	0	155	155	
45	45.25	1	5	1	3	14	2170	14	2170	0.0035594	0.000452477	0.00301834	0.00463813	155	0	155	155	
45.25	45.5	1	1	3	4	12	1860	11	1705	0.00377312	0.000387556	0.00319656	0.00458692	155	0	155	155	
45.25	45.5	1	2	4	3	16	2480	16	2480	0.00359676	0.000510582	0.00301234	0.00496656	155	0	155	155	
45.25	45.5	1	3	2	3	14	2170	14	2170	0.00348665	0.000314205	0.00304029	0.00395575	155	0	155	155	
45.25	45.5	1	4	6	3	13	2015	13	2015	0.00372528	0.000830791	0.0030115	0.00595812	155	0	155	155	
45.25	45.5	1	5	1	3	11	1705	11	1705	0.00354843	0.000279228	0.00305611	0.00386251	155	0	155	155	
45.5	45.75	1	1	3	4	12	1860	13	2015	0.00366102	0.000447099	0.00310143	0.00482069	155	0	155	155	
45.5	45.75	1	2	4	3	12	1860	12	1860	0.00342208	0.000309383	0.00300427	0.00398155	155	0	155	155	
45.5	45.75	1	3	2	3	14	2170	14	2170	0.00367119	0.000377359	0.00306772	0.0044648	155	0	155	155	
45.5	45.75	1	4	6	3	10	1550	10	1550	0.00360937	0.000215294	0.00325844	0.00397014	155	0	155	155	
45.5	45.75	1	5	1	3	9	1395	9	1395	0.00361418	0.000522287	0.00312173	0.00479015	155	0	155	155	
45.75	46	1	1	3	4	14	2170	14	2170	0.00345999	0.000301604	0.00306737	0.00395308	155	0	155	155	
45.75	46	1	2	4	3	16	2480	16	2480	0.00391136	0.000756437	0.00305392	0.00583716	155	0	155	155	
45.75	46	1	3	2	3	14	2170	13	2015	0.00346342	0.000296519	0.00300501	0.00380884	155	0	155	155	
45.75	46	1	4	6	3	13	2015	13	2015	0.00371829	0.000286979	0.00344197	0.00457358	155	0	155	155	
45.75	46	1	5	1	3	11	1705	11	1705	0.00347922	0.000313839	0.00306622	0.00395271	155	0	155	155	
46	46.25	1	1	3	4	13	2015	13	2015	0.00374854	0.000384994	0.00318075	0.00466074	155	0	155	155	
46	46.25	1	2	4	3	11	1705	11	1705	0.00352604	0.000269174	0.00308447	0.00395358	155	0	155	155	
46	46.25	1	3	2	3	12	1860	13	2015	0.00359176	0.000239744	0.00312078	0.00399332	155	0	155	155	
46	46.25	1	4	6	3	11	1705	11	1705	0.00359107	0.000386481	0.00307644	0.00440216	155	0	155	155	
46	46.25	1	5	1	3	11	1705	11	1705	0.00355229	0.000280863	0.0030289	0.00399034	155	0	155	155	
46.25	46.5	1	1	3	4	11	1705	10	1550	0.00355992	0.000542456	0.00314524	0.0049279	155	0	155	155	
46.25	46.5	1	2	4	3	9	1395	9	1395	0.00349579	0.000195869	0.00321256	0.00369724	155	0	155	155	
46.25	46.5	1	3	2	3	11	1705	10	1550	0.00354735	0.000319743	0.00311911	0.00421457	155	0	155	155	
46.25	46.5	1	4	6	3	12	1860	11	1705	0.00343417	0.000297849	0.00300395	0.00384032	155	0	155	155	
46.25	46.5	1	5	1	3	10	1550	10	1550	0.00350659	0.000319895	0.00309617	0.00395247	155	0	155	155	
46.5	46.75	1	1	3	4	7	1085	8	1240	0.00344359	0.000334032	0.00306529	0.0039226	155	0	155	155	
46.5	46.75	1	2	4	3	12	1860	12	1860	0.0035143	0.000410118	0.0030052	0.00449269	155	0	155	155	
46.5	46.75	1	3	2	3	9	1395	10	1550	0.00370886	0.000167109	0.00343928	0.0039684	155	0	155	155	
46.5	46.75	1	4	6	3	11	1705	12	1860	0.00352427	0.000411901	0.00302607	0.00453617	155	0	155	155	
46.5	46.75	1	5	1	3	11	1705	11	1705	0.00373185	0.000444256	0.00318934	0.00478249	155	0	155	155	
46.75	47	1	1	3	4	10	1550	10	1550	0.00357103	0.00026094	0.00322096	0.00396375	155	0	155	155	
46.75	47	1	2	4	3	11	1705	11	1705	0.00371601	0.000339661	0.00309155	0.00430443	155	0	155	155	
46.75	47	1	3	2	3	11	1705	11	1705	0.0035696	0.000430644	0.00302615	0.00437692	155	0	155	155	
46.75	47	1	4	6	3	12	1860	12	1860	0.00347442	0.0003065	0.00302967	0.00392115	155	0	155	155	
46.75	47	1	5	1	3	8	1240	8	1240	0.00353944	0.000353925	0.00305651	0.00407828	155	0	155	155	
47	47.25	1	1	3	4	9	1395	9	1395	0.00390917	0.000511988	0.00328706	0.00491631	155	0	155	155	
47	47.25	1	2	4	3	12	1860	12	1860	0.00353021	0.000223287	0.00329179	0.00389216	155	0	155	155	
47	47.25	1	3	2	3	8	1240	8	1240	0.00354109	0.000232654	0.00306217	0.00374653	155	0	155	155	
47	47.25	1	4	6	3	15	2325	15	2325	0.00371887	0.000566044	0.00303255	0.00490355	155	0	155	155	
47	47.25	1	5	1	3	15	2325	15	2325	0.00362012	0.000477155	0.0030521	0.00475055	155	0	155	155	
47.25	47.5	1	1	3	4	14	2170	14	2170	0.00381822	0.000652587	0.00308915	0.00570724	155	0	155	155	
47.25	47.5	1	2	4	3	12	1860	12	1860	0.00350465	0.000324193	0.00300937	0.00395076	155	0	155	155	
47.25	47.5	1	3	2	3	15	2325	14	2170	0.00374519	0.000507168	0.00311733	0.00492559	155	0	155	155	
47.25	47.5	1	4	6	3	14	2170	14	2170	0.00370958	0.000625896	0.00300658	0.00519689	155	0	155	155	
47.25	47.5	1	5	1	3	11	1705	10	1550	0.00371517	0.000842976	0.00305537	0.00592053	155	0	155	155	
47.5	47.75	1	1	3	4	13	2015	12	1860	0.00366563	0.000455937	0.00303449	0.00490371	155	0	155	155	
47.5	47.75	1	2	4	3	13	2015	13	2015	0.0035836	0.000290981	0.00314714	0.00397695	155	0	155	155	
47.5	47.75	1	3	2	3	10	1550	11	1705	0.00342719	0.000353254	0.0030067	0.00395747	155	0	155	155	
47.5	47.75	1	4	6	3	13	2015	13	2015	0.0037527	0.000353933	0.00320015	0.00469119	155	0	155	155	
47.5	47.75	1	5	1	3	11	1705	12	1860	0.00358992	0.000287423	0.00306159	0.00392811	155	0	155	155	
47.75	48	1	1	3	4	12	1860	13	2015	0.00368847	0.000349545	0.00312097	0.00444089	155	0	155	155	
47.75	48	1	2	4	3	14	2170	14	2170	0.00349728	0.000315215	0.00303516	0.0039783	155	0	155	155	
47.75	48	1	3	2	3	11	1705	11	1705	0.00370606	0.000443508	0.00307787	0.0047563	155	0	155	155	
47.75	48	1	4	6	3	14	2170	14	2170	0.00352871	0.000368543	0.00308195	0.00448815	155	0	155	155	
47.75	48	1	5	1	3	13	2015	13	2015	0.00359797	0.000523133	0.00301451	0.00476556	155	0	155	155	
48	48.25	1	1	3	4	7	1085	7	1085	0.00341013	0.000191471	0.00307752	0.00367049	155	0	155	155	
48	48.25	1	2	4	3	8	1240	8	1240	0.00339093	0.000294694	0.00310373	0.0038237	155	0	155	155	
48	48.25	1	3	2	3	14	2170	14	2170	0.00360099	0.000372921	0.00313541	0.00444236	155	0	155	155	
48	48.25	1	4	6	3	14	2170	14	2170	0.00374819	0.000689002	0.00304671	0.00574531	155	0	155	155	
48	48.25	1	5	1	3	10	1550	9	1395	0.00370298	0.000515011	0.00316013	0.00486951	155	0	155	155	
48.25	48.5	1	1	3	4	10	1550	10	1550	0.00365211	0.0002388	0.00332425	0.00396827	155	0	155	155	
48.25	48.5	1	2	4	3	13	2015	13	2015	0.003586	0.000460103	0.00308314	0.00473195	155	0	155	155	
48.25	48.5	1	3	2	3	14	2170	14	2170	0.00367531	0.000351364	0.00329222	0.00448705	155	0	155	155	
48.25	48.5	1	4	6	3	10	1550	10	1550	0.00360777	0.000545055	0.0030372	0.00497618	155	0	155	155	
48.25	48.5	1	5	1	3	11	1705	12	1860	0.00353389	0.000210123	0.00327992	0.00393962	155	0	155	155	
48.5	48.75	1	1	3	4	12	1860	11	1705	0.00376755	0.000447877	0.00317664	0.00459292	155	0	155	155	
48.5	48.75	1	2	4	3	13	2015	13	2015	0.00361651	0.000422614	0.00307819	0.00457755	155	0	155	155	
48.5	48.75	1	3	2	3	13	2015	13	2015	0.00347167	0.000296423	0.0030548	0.00387492	155	0	155	155	
48.5	48.75	1	4	6	3	12	1860	12	1860	0.0036442	0.000409506	0.00314906	0.0046518	155	0	155	155	
48.5	48.75	1	5	1	3	14	2170	13	2015	0.0036536	0.000319386	0.00313827	0.00439345	155	0	155	155	
48.75	49	1	1	3	4	7	1085	8	1240	0.00377074	0.00067697	0.00309692	0.004868	155	0	155	155	
48.75	49	1	2	4	3	11	1705	11	1705	0.0035272	0.000388957	0.00304623	0.00423784	155	0	155	155	
48.75	49	1	3	2	3	10	1550	10	1550	0.00347556	0.000276324	0.00305861	0.00384077	155	0	155	155	
48.75	49	1	4	6	3	14	2170	14	2170	0.00366608	0.000583291	0.00301395	0.00520948	155	0	155	155	
48.75	49	1	5	1	3	10	1550	11	1705	0.00349359	0.000538401	0.00305255	0.00486141	155	0	155	155	
49	49.25	1	1	3	4	10	1550	10	1550	0.00338589	0.000201494	0.00310076	0.003741	155	0	155	155	
49	49.25	1	2	4	3	8	1240	8	1240	0.00354612	0.000377317	0.00314938	0.00435986	155	0	155	155	
49	49.25	1	3	2	3	11	1705	11	1705	0.00348958	0.000315895	0.00303231	0.00390022	155	0	155	155	
49	49.25	1	4	6	3	12	1860	12	1860	0.00349071	0.000301915	0.00305959	0.00392111	155	0	155	155	
49	49.25	1	5	1	3	17	2635	16	2480	0.00363544	0.000474922	0.00304886	0.00473555	155	0	155	155	
49.25	49.5	1	1	3	4	13	2015	13	2015	0.00369135	0.000496922	0.00301488	0.0049578	155	0	155	155	
49.25	49.5	1	2	4	3	12	1860	12	1860	0.00351915	0.000330537	0.00305907	0.0041403	155	0	155	155	
49.25	49.5	1	3	2	3	16	2480	16	2480	0.00346581	0.000327695	0.0030435	0.00396534	155	0	155	155	
49.25	49.5	1	4	6	3	11	1705	11	1705	0.00370251	0.000321487	0.00305469	0.00424935	155	0	155	155	
49.25	49.5	1	5	1	3	7	1085	8	1240	0.00372144	0.000468001	0.00304439	0.00443664	155	0	155	155	
