% start	end	CellId	IMSI	RNTI	LCID	nTxPDUs	TxBytes	nRxPDUs	RxBytes	delay	stdDev	min	max	PduSize	stdDev	min	max
0	0.25	1	1	15	4	12	1860	12	1860	0.00363208	0.000518121	0.00300491	0.00474707	155	0	155	155	
0	0.25	1	2	9	3	14	2170	14	2170	0.00416848	0.00151693	0.00309989	0.00824967	155	0	155	155	
0	0.25	1	3	3	3	10	1550	10	1550	0.00392875	0.000987285	0.00319171	0.00646389	155	0	155	155	
0	0.25	1	4	11	3	7	1085	7	1085	0.00393144	0.000741323	0.0032249	0.00553962	155	0	155	155	
0	0.25	1	5	2	3	12	1860	11	1705	0.00390765	0.000719118	0.00317088	0.00578542	155	0	155	155	
0	0.25	1	6	4	3	9	1395	9	1395	0.00405349	0.00106978	0.00324996	0.00675789	155	0	155	155	
0	0.25	1	7	16	3	13	2015	12	1860	0.00374648	0.000390833	0.00330812	0.0047356	155	0	155	155	
0	0.25	1	8	1	3	9	1395	9	1395	0.00364291	0.000369904	0.00326841	0.00441808	155	0	155	155	
0	0.25	1	9	12	3	13	2015	13	2015	0.00428842	0.00148888	0.0032311	0.00892386	155	0	155	155	
0	0.25	1	10	10	3	8	1240	8	1240	0.00352964	0.000249682	0.00316329	0.00386954	155	0	155	155	
0.25	0.5	1	1	15	4	14	2170	14	2170	0.00408547	0.00112897	0.00319032	0.00774769	155	0	155	155	
0.25	0.5	1	2	9	3	14	2170	14	2170	0.00419719	0.00163773	0.00304877	0.00946997	155	0	155	155	
0.25	0.5	1	3	3	3	12	1860	12	1860	0.00356666	0.000454983	0.00305482	0.00469902	155	0	155	155	
0.25	0.5	1	4	11	3	12	1860	12	1860	0.0034467	0.000325292	0.00302054	0.00398041	155	0	155	155	
0.25	0.5	1	5	2	3	12	1860	12	1860	0.00374407	0.000652967	0.00320031	0.00561277	155	0	155	155	
0.25	0.5	1	6	4	3	14	2170	13	2015	0.00391289	0.000767166	0.00300301	0.00573125	155	0	155	155	
0.25	0.5	1	7	16	3	14	2170	15	2325	0.00459448	0.00149021	0.00300716	0.00709636	155	0	155	155	
0.25	0.5	1	8	1	3	11	1705	11	1705	0.00354001	0.000420216	0.00302098	0.00418823	155	0	155	155	
0.25	0.5	1	9	12	3	13	2015	13	2015	0.00443339	0.00125209	0.00321797	0.00747954	155	0	155	155	
0.25	0.5	1	10	10	3	11	1705	11	1705	0.00354233	0.000419258	0.00302007	0.00437526	155	0	155	155	
0.5	0.75	1	1	15	4	12	1860	12	1860	0.00387234	0.00077191	0.00307418	0.00563217	155	0	155	155	
0.5	0.75	1	2	9	3	10	1550	10	1550	0.00378427	0.000529589	0.00321158	0.0047959	155	0	155	155	
0.5	0.75	1	3	3	3	7	1085	7	1085	0.0034317	0.000361031	0.00306601	0.003974	155	0	155	155	
0.5	0.75	1	4	11	3	15	2325	15	2325	0.00407269	0.000901198	0.00315768	0.00609324	155	0	155	155	
0.5	0.75	1	5	2	3	9	1395	10	1550	0.00349203	0.000318717	0.00306268	0.00419968	155	0	155	155	
0.5	0.75	1	6	4	3	13	2015	13	2015	0.00385369	0.000646029	0.00302371	0.00475058	155	0	155	155	
0.5	0.75	1	7	16	3	11	1705	11	1705	0.00374622	0.000650238	0.00310887	0.00557843	155	0	155	155	
0.5	0.75	1	8	1	3	13	2015	13	2015	0.00389863	0.00045689	0.00346866	0.00489082	155	0	155	155	
0.5	0.75	1	9	12	3	9	1395	9	1395	0.00351146	0.000268916	0.00301563	0.00383332	155	0	155	155	
0.5	0.75	1	10	10	3	13	2015	13	2015	0.00387103	0.000810694	0.00334074	0.00634178	155	0	155	155	
0.75	1	1	1	15	4	16	2480	16	2480	0.00426203	0.000778156	0.00311187	0.00632968	155	0	155	155	
0.75	1	1	2	9	3	12	1860	12	1860	0.00404735	0.000747582	0.00301342	0.00530188	155	0	155	155	
0.75	1	1	3	3	3	11	1705	11	1705	0.00336222	0.000313405	0.00303169	0.00390855	155	0	155	155	
0.75	1	1	4	11	3	9	1395	9	1395	0.00368764	0.000982514	0.00303155	0.00624118	155	0	155	155	
0.75	1	1	5	2	3	13	2015	13	2015	0.00369653	0.00061104	0.00302358	0.00528421	155	0	155	155	
0.75	1	1	6	4	3	14	2170	15	2325	0.00388895	0.00119701	0.00300973	0.00796831	155	0	155	155	
0.75	1	1	7	16	3	11	1705	11	1705	0.004011	0.000676763	0.00309377	0.00571196	155	0	155	155	
0.75	1	1	8	1	3	12	1860	12	1860	0.00410373	0.00172532	0.00300678	0.0089121	155	0	155	155	
0.75	1	1	9	12	3	11	1705	11	1705	0.00357823	0.000312506	0.00312973	0.00400199	155	0	155	155	
0.75	1	1	10	10	3	11	1705	11	1705	0.00412431	0.000853943	0.0031196	0.0063107	155	0	155	155	
1	1.25	1	1	15	4	7	1085	7	1085	0.00340784	0.000299919	0.00303595	0.00384696	155	0	155	155	
1	1.25	1	2	9	3	14	2170	14	2170	0.004608	0.00140574	0.00331129	0.00820938	155	0	155	155	
1	1.25	1	3	3	3	12	1860	12	1860	0.00400913	0.000515989	0.00330181	0.00487668	155	0	155	155	
1	1.25	1	4	11	3	11	1705	11	1705	0.00350588	0.000388337	0.00305794	0.00425948	155	0	155	155	
1	1.25	1	5	2	3	13	2015	13	2015	0.00364999	0.000692502	0.00311084	0.00587146	155	0	155	155	
1	1.25	1	6	4	3	11	1705	11	1705	0.00389439	0.000853273	0.00304392	0.00616928	155	0	155	155	
1	1.25	1	7	16	3	13	2015	13	2015	0.00398086	0.000940449	0.00300839	0.00692425	155	0	155	155	
1	1.25	1	8	1	3	13	2015	13	2015	0.00376393	0.00054818	0.00301307	0.0049791	155	0	155	155	
1	1.25	1	9	12	3	11	1705	11	1705	0.00371928	0.000584147	0.00325863	0.00531849	155	0	155	155	
1	1.25	1	10	10	3	10	1550	10	1550	0.00366061	0.000500539	0.00301722	0.00466722	155	0	155	155	
1.25	1.5	1	1	15	4	12	1860	11	1705	0.00385473	0.000474101	0.00301209	0.00466829	155	0	155	155	
1.25	1.5	1	2	9	3	10	1550	10	1550	0.00366646	0.000640848	0.00306774	0.00526747	155	0	155	155	
1.25	1.5	1	3	3	3	13	2015	12	1860	0.00429811	0.00113509	0.00323744	0.00692477	155	0	155	155	
1.25	1.5	1	4	11	3	11	1705	11	1705	0.00358356	0.000449956	0.00304665	0.0045026	155	0	155	155	
1.25	1.5	1	5	2	3	14	2170	14	2170	0.00413419	0.00138093	0.00303292	0.00761212	155	0	155	155	
1.25	1.5	1	6	4	3	10	1550	10	1550	0.00392309	0.000844883	0.0030059	0.00547168	155	0	155	155	
1.25	1.5	1	7	16	3	12	1860	11	1705	0.00383261	0.00039882	0.00335792	0.0047264	155	0	155	155	
1.25	1.5	1	8	1	3	9	1395	9	1395	0.00379383	0.000829012	0.00306808	0.00586171	155	0	155	155	
1.25	1.5	1	9	12	3	12	1860	12	1860	0.00376514	0.000448975	0.0030329	0.00485163	155	0	155	155	
1.25	1.5	1	10	10	3	9	1395	9	1395	0.00339268	0.000333115	0.00303868	0.00391566	155	0	155	155	
1.5	1.75	1	1	15	4	8	1240	8	1240	0.0035077	0.000284764	0.00319775	0.00391525	155	0	155	155	
1.5	1.75	1	2	9	3	12	1860	12	1860	0.00374108	0.000330196	0.00331822	0.00461724	155	0	155	155	
1.5	1.75	1	3	3	3	10	1550	11	1705	0.00370472	0.00073643	0.00300197	0.00493784	155	0	155	155	
1.5	1.75	1	4	11	3	8	1240	8	1240	0.00332035	0.000236784	0.00305467	0.00362758	155	0	155	155	
1.5	1.75	1	5	2	3	13	2015	13	2015	0.00398274	0.000790731	0.00310308	0.00503811	155	0	155	155	
1.5	1.75	1	6	4	3	11	1705	11	1705	0.00363235	0.00057733	0.003003	0.00472113	155	0	155	155	
1.5	1.75	1	7	16	3	12	1860	13	2015	0.00415655	0.000763773	0.00314328	0.00549177	155	0	155	155	
1.5	1.75	1	8	1	3	15	2325	15	2325	0.00406075	0.00098351	0.003058	0.00619761	155	0	155	155	
1.5	1.75	1	9	12	3	11	1705	11	1705	0.00360563	0.000410984	0.00307669	0.00451582	155	0	155	155	
1.5	1.75	1	10	10	3	11	1705	11	1705	0.00354294	0.000424055	0.00301358	0.00432839	155	0	155	155	
1.75	2	1	1	15	4	14	2170	15	2325	0.00373897	0.000536199	0.00311672	0.00484479	155	0	155	155	
1.75	2	1	2	9	3	12	1860	12	1860	0.00378919	0.000483023	0.00314463	0.00494575	155	0	155	155	
1.75	2	1	3	3	3	10	1550	9	1395	0.00347346	0.0004489	0.0030513	0.00429194	155	0	155	155	
1.75	2	1	4	11	3	11	1705	11	1705	0.00367532	0.000852802	0.00303835	0.00584625	155	0	155	155	
1.75	2	1	5	2	3	12	1860	12	1860	0.00370977	0.000583871	0.00302743	0.00508128	155	0	155	155	
1.75	2	1	6	4	3	10	1550	10	1550	0.00371721	0.000444892	0.003117	0.0047325	155	0	155	155	
1.75	2	1	7	16	3	10	1550	9	1395	0.00337058	0.00025095	0.00306484	0.00391078	155	0	155	155	
1.75	2	1	8	1	3	9	1395	9	1395	0.00411754	0.000606343	0.00348994	0.00499885	155	0	155	155	
1.75	2	1	9	12	3	13	2015	12	1860	0.00401765	0.00077815	0.00319344	0.00538488	155	0	155	155	
1.75	2	1	10	10	3	14	2170	13	2015	0.00411061	0.000874931	0.0030865	0.0056823	155	0	155	155	
2	2.25	1	1	15	4	11	1705	11	1705	0.00357833	0.000319596	0.00332979	0.00439605	155	0	155	155	
2	2.25	1	2	9	3	12	1860	12	1860	0.00393701	0.000565724	0.00301199	0.00479358	155	0	155	155	
2	2.25	1	3	3	3	9	1395	9	1395	0.00362533	0.000348787	0.00304243	0.00397954	155	0	155	155	
2	2.25	1	4	11	3	10	1550	10	1550	0.00373665	0.000779434	0.0030091	0.00564036	155	0	155	155	
2	2.25	1	5	2	3	11	1705	11	1705	0.0035487	0.000345558	0.00303119	0.0039867	155	0	155	155	
2	2.25	1	6	4	3	10	1550	9	1395	0.00350291	0.000113626	0.00335409	0.00365549	155	0	155	155	
2	2.25	1	7	16	3	12	1860	13	2015	0.0036702	0.000473135	0.0032071	0.00464356	155	0	155	155	
2	2.25	1	8	1	3	18	2790	18	2790	0.0042512	0.00136936	0.00324038	0.00806697	155	0	155	155	
2	2.25	1	9	12	3	14	2170	14	2170	0.00451547	0.00169249	0.00336031	0.00931168	155	0	155	155	
2	2.25	1	10	10	3	14	2170	15	2325	0.00380224	0.00103557	0.00300688	0.00692761	155	0	155	155	
2.25	2.5	1	1	15	4	8	1240	8	1240	0.00368765	0.000475995	0.00307155	0.00462576	155	0	155	155	
2.25	2.5	1	2	9	3	13	2015	13	2015	0.00368961	0.000688793	0.0030367	0.00555959	155	0	155	155	
2.25	2.5	1	3	3	3	10	1550	11	1705	0.00342496	0.000245367	0.00311168	0.00383911	155	0	155	155	
2.25	2.5	1	4	11	3	12	1860	12	1860	0.00369756	0.000391787	0.00313946	0.00471038	155	0	155	155	
2.25	2.5	1	5	2	3	12	1860	12	1860	0.00377553	0.000426455	0.00305022	0.00458666	155	0	155	155	
2.25	2.5	1	6	4	3	12	1860	13	2015	0.00387259	0.000683554	0.00316806	0.00590289	155	0	155	155	
2.25	2.5	1	7	16	3	10	1550	10	1550	0.00379318	0.000707409	0.00304339	0.00511547	155	0	155	155	
2.25	2.5	1	8	1	3	13	2015	13	2015	0.0038655	0.000648329	0.00313562	0.00575613	155	0	155	155	
2.25	2.5	1	9	12	3	12	1860	12	1860	0.00400348	0.000606547	0.00313642	0.00483859	155	0	155	155	
2.25	2.5	1	10	10	3	11	1705	11	1705	0.00398122	0.0007055	0.00317195	0.00536197	155	0	155	155	
2.5	2.75	1	1	15	4	13	2015	13	2015	0.00373564	0.000736277	0.00304959	0.0052845	155	0	155	155	
2.5	2.75	1	2	9	3	12	1860	11	1705	0.00349097	0.000375508	0.00306823	0.00428013	155	0	155	155	
2.5	2.75	1	3	3	3	15	2325	15	2325	0.0036971	0.000722521	0.00305287	0.0058088	155	0	155	155	
2.5	2.75	1	4	11	3	14	2170	14	2170	0.00368272	0.000259652	0.00323484	0.0041836	155	0	155	155	
2.5	2.75	1	5	2	3	11	1705	11	1705	0.00397059	0.001112	0.0030032	0.006396	155	0	155	155	
2.5	2.75	1	6	4	3	14	2170	14	2170	0.00376988	0.00037912	0.00302239	0.00438703	155	0	155	155	
2.5	2.75	1	7	16	3	11	1705	11	1705	0.00373191	0.000609109	0.00314656	0.00492411	155	0	155	155	
2.5	2.75	1	8	1	3	16	2480	16	2480	0.00462089	0.00132959	0.00310769	0.00792539	155	0	155	155	
2.5	2.75	1	9	12	3	14	2170	15	2325	0.00389144	0.000652136	0.00305102	0.00538528	155	0	155	155	
2.5	2.75	1	10	10	3	14	2170	14	2170	0.00360967	0.00041141	0.00307429	0.00457838	155	0	155	155	
2.75	3	1	1	15	4	12	1860	11	1705	0.00371698	0.000505096	0.00314249	0.00493188	155	0	155	155	
2.75	3	1	2	9	3	9	1395	10	1550	0.00375428	0.000540662	0.00320209	0.00470273	155	0	155	155	
2.75	3	1	3	3	3	10	1550	10	1550	0.00355265	0.000334241	0.00300835	0.00399388	155	0	155	155	
2.75	3	1	4	11	3	12	1860	12	1860	0.00378278	0.000641786	0.00324721	0.00559493	155	0	155	155	
2.75	3	1	5	2	3	9	1395	9	1395	0.00357784	0.000283792	0.00324263	0.0039884	155	0	155	155	
2.75	3	1	6	4	3	10	1550	10	1550	0.00355334	0.000326325	0.00313497	0.00407229	155	0	155	155	
2.75	3	1	7	16	3	16	2480	16	2480	0.00390735	0.000635497	0.00306561	0.00590614	155	0	155	155	
2.75	3	1	8	1	3	13	2015	13	2015	0.00384145	0.000772318	0.00319183	0.00614393	155	0	155	155	
2.75	3	1	9	12	3	11	1705	11	1705	0.00345973	0.000341275	0.00302732	0.00404527	155	0	155	155	
2.75	3	1	10	10	3	17	2635	17	2635	0.00400984	0.00078879	0.00303711	0.00602715	155	0	155	155	
3	3.25	1	1	15	4	14	2170	14	2170	0.00393133	0.00075423	0.00308077	0.00566948	155	0	155	155	
3	3.25	1	2	9	3	12	1860	11	1705	0.00351735	0.000331254	0.00313056	0.00398765	155	0	155	155	
3	3.25	1	3	3	3	13	2015	13	2015	0.00344907	0.000693438	0.0030092	0.00564743	155	0	155	155	
3	3.25	1	4	11	3	15	2325	15	2325	0.00384477	0.000666974	0.00301383	0.00546415	155	0	155	155	
3	3.25	1	5	2	3	13	2015	12	1860	0.00363956	0.000363918	0.00309415	0.00426378	155	0	155	155	
3	3.25	1	6	4	3	11	1705	11	1705	0.00335024	0.000238324	0.00302437	0.00377411	155	0	155	155	
3	3.25	1	7	16	3	16	2480	16	2480	0.00409521	0.000879255	0.00304938	0.00565777	155	0	155	155	
3	3.25	1	8	1	3	14	2170	14	2170	0.00399575	0.000960888	0.00313163	0.00647832	155	0	155	155	
3	3.25	1	9	12	3	10	1550	10	1550	0.0036183	0.000378722	0.00315648	0.00437263	155	0	155	155	
3	3.25	1	10	10	3	11	1705	11	1705	0.00433314	0.00146761	0.00303951	0.00735397	155	0	155	155	
3.25	3.5	1	1	15	4	12	1860	13	2015	0.00386886	0.00104922	0.00302738	0.00637592	155	0	155	155	
3.25	3.5	1	2	9	3	12	1860	12	1860	0.0036001	0.000446416	0.00308387	0.00455617	155	0	155	155	
3.25	3.5	1	3	3	3	15	2325	15	2325	0.00368158	0.000724829	0.00303558	0.00540906	155	0	155	155	
3.25	3.5	1	4	11	3	9	1395	9	1395	0.0036449	0.0008203	0.00300914	0.00546851	155	0	155	155	
3.25	3.5	1	5	2	3	12	1860	13	2015	0.00361259	0.000453626	0.00302037	0.00458773	155	0	155	155	
3.25	3.5	1	6	4	3	9	1395	9	1395	0.00346791	0.000320015	0.00303169	0.00379	155	0	155	155	
3.25	3.5	1	7	16	3	9	1395	9	1395	0.00391748	0.000977731	0.0030487	0.00605614	155	0	155	155	
3.25	3.5	1	8	1	3	8	1240	8	1240	0.00392955	0.000966671	0.0031623	0.0058454	155	0	155	155	
3.25	3.5	1	9	12	3	14	2170	14	2170	0.00367305	0.000621759	0.00304902	0.005631	155	0	155	155	
3.25	3.5	1	10	10	3	14	2170	14	2170	0.00419527	0.00128168	0.00305536	0.00764385	155	0	155	155	
3.5	3.75	1	1	15	4	13	2015	13	2015	0.00365356	0.00038337	0.00301556	0.00424127	155	0	155	155	
3.5	3.75	1	2	9	3	10	1550	11	1705	0.00344791	0.000278094	0.00301897	0.00381547	155	0	155	155	
3.5	3.75	1	3	3	3	11	1705	11	1705	0.00376572	0.000461192	0.00316149	0.0048513	155	0	155	155	
3.5	3.75	1	4	11	3	11	1705	11	1705	0.00365694	0.000307619	0.00321595	0.00426766	155	0	155	155	
3.5	3.75	1	5	2	3	9	1395	9	1395	0.00391364	0.00068885	0.00313096	0.00531833	155	0	155	155	
3.5	3.75	1	6	4	3	12	1860	12	1860	0.00368421	0.000423977	0.00317857	0.00480774	155	0	155	155	
3.5	3.75	1	7	16	3	10	1550	10	1550	0.0038792	0.00101359	0.00301857	0.00647749	155	0	155	155	
3.5	3.75	1	8	1	3	9	1395	9	1395	0.00348452	0.000201545	0.00323276	0.0039096	155	0	155	155	
3.5	3.75	1	9	12	3	10	1550	10	1550	0.00346638	0.000276166	0.00309245	0.00395145	155	0	155	155	
3.5	3.75	1	10	10	3	13	2015	13	2015	0.00448521	0.00120646	0.00310065	0.00750276	155	0	155	155	
3.75	4	1	1	15	4	11	1705	11	1705	0.00350431	0.000603456	0.00300877	0.00511023	155	0	155	155	
3.75	4	1	2	9	3	15	2325	14	2170	0.0041583	0.00128675	0.00308031	0.00794179	155	0	155	155	
3.75	4	1	3	3	3	9	1395	9	1395	0.00336775	0.00016754	0.00309623	0.00354493	155	0	155	155	
3.75	4	1	4	11	3	13	2015	13	2015	0.00363218	0.000473123	0.00302841	0.00448479	155	0	155	155	
3.75	4	1	5	2	3	11	1705	11	1705	0.00383145	0.000951366	0.00304169	0.00629944	155	0	155	155	
3.75	4	1	6	4	3	13	2015	13	2015	0.00423275	0.000925699	0.00305551	0.0062825	155	0	155	155	
3.75	4	1	7	16	3	13	2015	12	1860	0.00406154	0.000643751	0.00330637	0.00538857	155	0	155	155	
3.75	4	1	8	1	3	12	1860	11	1705	0.0036807	0.000311771	0.00317586	0.0039888	155	0	155	155	
3.75	4	1	9	12	3	13	2015	13	2015	0.00391429	0.000991841	0.00305001	0.00673609	155	0	155	155	
3.75	4	1	10	10	3	11	1705	11	1705	0.00407742	0.0010201	0.00313212	0.00595399	155	0	155	155	
4	4.25	1	1	15	4	11	1705	11	1705	0.00367253	0.00042097	0.00301137	0.00445318	155	0	155	155	
4	4.25	1	2	9	3	10	1550	10	1550	0.00410851	0.000927502	0.00323686	0.00546926	155	0	155	155	
4	4.25	1	3	3	3	16	2480	16	2480	0.00381855	0.000862692	0.00308909	0.00658276	155	0	155	155	
4	4.25	1	4	11	3	9	1395	9	1395	0.00383728	0.000872058	0.0031367	0.00595294	155	0	155	155	
4	4.25	1	5	2	3	13	2015	13	2015	0.00360466	0.000497564	0.00300934	0.00498436	155	0	155	155	
4	4.25	1	6	4	3	12	1860	12	1860	0.0038036	0.000326638	0.00314058	0.00450098	155	0	155	155	
4	4.25	1	7	16	3	10	1550	11	1705	0.00418629	0.00120754	0.00328146	0.00698704	155	0	155	155	
4	4.25	1	8	1	3	13	2015	14	2170	0.00397222	0.00066381	0.00315169	0.00574259	155	0	155	155	
4	4.25	1	9	12	3	12	1860	12	1860	0.00368645	0.000461725	0.0030976	0.00449242	155	0	155	155	
4	4.25	1	10	10	3	10	1550	10	1550	0.00341179	0.000320052	0.00306821	0.00396153	155	0	155	155	
4.25	4.5	1	1	15	4	10	1550	10	1550	0.00362085	0.000223887	0.00333797	0.00404684	155	0	155	155	
4.25	4.5	1	2	9	3	12	1860	13	2015	0.00373998	0.000734869	0.00303819	0.0055766	155	0	155	155	
4.25	4.5	1	3	3	3	12	1860	12	1860	0.00378879	0.000453815	0.00311372	0.00450599	155	0	155	155	
4.25	4.5	1	4	11	3	9	1395	9	1395	0.0036403	0.000322281	0.00314209	0.0039575	155	0	155	155	
4.25	4.5	1	5	2	3	11	1705	10	1550	0.0038102	0.000866084	0.00303269	0.00566416	155	0	155	155	
4.25	4.5	1	6	4	3	12	1860	11	1705	0.00367558	0.000446404	0.00312333	0.00471653	155	0	155	155	
4.25	4.5	1	7	16	3	12	1860	12	1860	0.00392627	0.00095299	0.00300441	0.00630359	155	0	155	155	
4.25	4.5	1	8	1	3	11	1705	11	1705	0.00356956	0.000551045	0.00300355	0.00492323	155	0	155	155	
4.25	4.5	1	9	12	3	12	1860	12	1860	0.00362991	0.00029378	0.00313551	0.0039813	155	0	155	155	
4.25	4.5	1	10	10	3	10	1550	10	1550	0.00393143	0.000873756	0.00309726	0.00589266	155	0	155	155	
4.5	4.75	1	1	15	4	11	1705	11	1705	0.00381766	0.000910742	0.00300731	0.00610937	155	0	155	155	
4.5	4.75	1	2	9	3	11	1705	11	1705	0.0039333	0.000651155	0.00300165	0.0049821	155	0	155	155	
4.5	4.75	1	3	3	3	12	1860	11	1705	0.00374474	0.000215037	0.00337252	0.0040777	155	0	155	155	
4.5	4.75	1	4	11	3	11	1705	11	1705	0.0047402	0.00296478	0.0031709	0.0126009	155	0	155	155	
4.5	4.75	1	5	2	3	8	1240	9	1395	0.00361438	0.000332768	0.00312231	0.00421696	155	0	155	155	
4.5	4.75	1	6	4	3	12	1860	13	2015	0.00359034	0.000520785	0.00301592	0.00488453	155	0	155	155	
4.5	4.75	1	7	16	3	11	1705	11	1705	0.00371155	0.00025724	0.00314245	0.00402379	155	0	155	155	
4.5	4.75	1	8	1	3	9	1395	9	1395	0.00407411	0.00115935	0.00306699	0.00631449	155	0	155	155	
4.5	4.75	1	9	12	3	12	1860	12	1860	0.00431347	0.00107423	0.00327215	0.00599242	155	0	155	155	
4.5	4.75	1	10	10	3	8	1240	8	1240	0.00335352	0.000329759	0.00302442	0.00396145	155	0	155	155	
4.75	5	1	1	15	4	9	1395	9	1395	0.00346617	0.000247212	0.00302355	0.00390387	155	0	155	155	
4.75	5	1	2	9	3	16	2480	16	2480	0.00388	0.000722954	0.00302798	0.00502643	155	0	155	155	
4.75	5	1	3	3	3	14	2170	14	2170	0.00394109	0.000798589	0.00307221	0.00599946	155	0	155	155	
4.75	5	1	4	11	3	15	2325	15	2325	0.00378111	0.00118105	0.00301478	0.00787215	155	0	155	155	
4.75	5	1	5	2	3	13	2015	12	1860	0.00360481	0.000407144	0.00311107	0.00430315	155	0	155	155	
4.75	5	1	6	4	3	11	1705	11	1705	0.00366358	0.00049358	0.00303779	0.0046	155	0	155	155	
4.75	5	1	7	16	3	12	1860	12	1860	0.00378807	0.000413497	0.003238	0.00470845	155	0	155	155	
4.75	5	1	8	1	3	14	2170	13	2015	0.00364962	0.000469466	0.00303703	0.00490704	155	0	155	155	
4.75	5	1	9	12	3	14	2170	14	2170	0.00376454	0.00091548	0.00309862	0.00656856	155	0	155	155	
4.75	5	1	10	10	3	12	1860	12	1860	0.00361991	0.00025925	0.00322299	0.00402069	155	0	155	155	
