% start	end	CellId	IMSI	RNTI	LCID	nTxPDUs	TxBytes	nRxPDUs	RxBytes	delay	stdDev	min	max	PduSize	stdDev	min	max
0	0.25	1	1	2	4	59	9145	58	8990	0.00503924	0.00155478	0.00305659	0.0092313	155	0	155	155	
0	0.25	1	2	6	3	56	8680	55	8525	0.00487139	0.00136169	0.00304987	0.00808991	155	0	155	155	
0	0.25	1	3	3	3	60	9300	59	9145	0.00548575	0.00153255	0.00313561	0.00961965	155	0	155	155	
0	0.25	1	4	4	3	56	8680	54	8370	0.00467597	0.00125374	0.00300228	0.00740396	155	0	155	155	
0	0.25	1	5	1	3	61	9455	60	9300	0.00506533	0.00142585	0.00302591	0.00856299	155	0	155	155	
0.25	0.5	1	1	2	4	66	10230	65	10075	0.00496416	0.00143432	0.00318521	0.00876912	155	0	155	155	
0.25	0.5	1	2	6	3	62	9610	62	9610	0.00475687	0.00150416	0.00302665	0.0086974	155	0	155	155	
0.25	0.5	1	3	3	3	58	8990	58	8990	0.00468247	0.0013939	0.0030245	0.00775817	155	0	155	155	
0.25	0.5	1	4	4	3	63	9765	65	10075	0.0053277	0.00138299	0.00309804	0.00797777	155	0	155	155	
0.25	0.5	1	5	1	3	63	9765	63	9765	0.00491795	0.00149229	0.00305286	0.00862027	155	0	155	155	
0.5	0.75	1	1	2	4	61	9455	62	9610	0.0046732	0.00135921	0.00310788	0.00793606	155	0	155	155	
0.5	0.75	1	2	6	3	58	8990	58	8990	0.00479849	0.00145533	0.00300748	0.00795671	155	0	155	155	
0.5	0.75	1	3	3	3	65	10075	65	10075	0.00539544	0.00160755	0.00308072	0.0088707	155	0	155	155	
0.5	0.75	1	4	4	3	64	9920	63	9765	0.00500577	0.00141572	0.00302328	0.00845982	155	0	155	155	
0.5	0.75	1	5	1	3	67	10385	67	10385	0.00517051	0.00130717	0.0030689	0.00823083	155	0	155	155	
0.75	1	1	1	2	4	61	9455	61	9455	0.00463316	0.00136653	0.00300608	0.00907963	155	0	155	155	
0.75	1	1	2	6	3	63	9765	63	9765	0.00500509	0.00137072	0.00307665	0.00788741	155	0	155	155	
0.75	1	1	3	3	3	64	9920	64	9920	0.00521845	0.00146792	0.00303924	0.00869734	155	0	155	155	
0.75	1	1	4	4	3	59	9145	57	8835	0.00455154	0.00134281	0.00301577	0.00787561	155	0	155	155	
0.75	1	1	5	1	3	59	9145	59	9145	0.00528997	0.00140965	0.00301479	0.00835804	155	0	155	155	
1	1.25	1	1	2	4	59	9145	58	8990	0.00482199	0.0013908	0.00302857	0.00916857	155	0	155	155	
1	1.25	1	2	6	3	62	9610	62	9610	0.00478226	0.00147243	0.00304543	0.00806951	155	0	155	155	
1	1.25	1	3	3	3	61	9455	61	9455	0.00543348	0.00167697	0.00302433	0.0107562	155	0	155	155	
1	1.25	1	4	4	3	62	9610	65	10075	0.00489	0.00151067	0.00307519	0.00892152	155	0	155	155	
1	1.25	1	5	1	3	57	8835	57	8835	0.00449953	0.00147895	0.00300698	0.0095054	155	0	155	155	
1.25	1.5	1	1	2	4	57	8835	58	8990	0.00490417	0.00146196	0.00301618	0.00794207	155	0	155	155	
1.25	1.5	1	2	6	3	63	9765	62	9610	0.00504012	0.00155978	0.0031674	0.0101072	155	0	155	155	
1.25	1.5	1	3	3	3	61	9455	61	9455	0.00481669	0.00139549	0.00303327	0.00769611	155	0	155	155	
1.25	1.5	1	4	4	3	63	9765	63	9765	0.00483593	0.00150113	0.00300091	0.00893692	155	0	155	155	
1.25	1.5	1	5	1	3	61	9455	61	9455	0.00433469	0.00115499	0.00301612	0.00746087	155	0	155	155	
1.5	1.75	1	1	2	4	64	9920	64	9920	0.00484205	0.00148445	0.00301432	0.0090948	155	0	155	155	
1.5	1.75	1	2	6	3	67	10385	68	10540	0.00521981	0.00136683	0.00303401	0.00808805	155	0	155	155	
1.5	1.75	1	3	3	3	60	9300	60	9300	0.00492838	0.00135354	0.00300747	0.00767944	155	0	155	155	
1.5	1.75	1	4	4	3	63	9765	61	9455	0.00424545	0.00109425	0.00304942	0.00733412	155	0	155	155	
1.5	1.75	1	5	1	3	58	8990	59	9145	0.00459653	0.00138394	0.00302685	0.0101944	155	0	155	155	
1.75	2	1	1	2	4	69	10695	69	10695	0.00474443	0.00132867	0.00300851	0.0084392	155	0	155	155	
1.75	2	1	2	6	3	65	10075	64	9920	0.0049927	0.00155293	0.00300261	0.00878835	155	0	155	155	
1.75	2	1	3	3	3	62	9610	62	9610	0.0046848	0.0013534	0.00301209	0.00759715	155	0	155	155	
1.75	2	1	4	4	3	69	10695	69	10695	0.00514152	0.00151686	0.00303915	0.00898758	155	0	155	155	
1.75	2	1	5	1	3	62	9610	62	9610	0.00481444	0.00140397	0.00301351	0.00817995	155	0	155	155	
2	2.25	1	1	2	4	64	9920	63	9765	0.0048662	0.00139517	0.00303708	0.00845318	155	0	155	155	
2	2.25	1	2	6	3	62	9610	63	9765	0.00501915	0.00138261	0.003062	0.00884849	155	0	155	155	
2	2.25	1	3	3	3	65	10075	64	9920	0.00526427	0.00170972	0.00306801	0.0105562	155	0	155	155	
2	2.25	1	4	4	3	63	9765	63	9765	0.00504135	0.00150419	0.00302157	0.00793528	155	0	155	155	
2	2.25	1	5	1	3	64	9920	63	9765	0.0048526	0.00137509	0.00304448	0.00795516	155	0	155	155	
2.25	2.5	1	1	2	4	59	9145	60	9300	0.00478294	0.00135884	0.00308815	0.00788699	155	0	155	155	
2.25	2.5	1	2	6	3	63	9765	63	9765	0.00536932	0.00172353	0.00304373	0.011124	155	0	155	155	
2.25	2.5	1	3	3	3	61	9455	62	9610	0.00493911	0.00145736	0.00302641	0.00829166	155	0	155	155	
2.25	2.5	1	4	4	3	59	9145	59	9145	0.00477047	0.00163486	0.00303481	0.010607	155	0	155	155	
2.25	2.5	1	5	1	3	61	9455	60	9300	0.00442854	0.0013395	0.00306031	0.00800453	155	0	155	155	
2.5	2.75	1	1	2	4	62	9610	61	9455	0.00504326	0.00156908	0.00308488	0.0106157	155	0	155	155	
2.5	2.75	1	2	6	3	57	8835	57	8835	0.0048964	0.0015012	0.00302956	0.00880426	155	0	155	155	
2.5	2.75	1	3	3	3	63	9765	63	9765	0.0053832	0.00140242	0.00311272	0.00826944	155	0	155	155	
2.5	2.75	1	4	4	3	65	10075	66	10230	0.00498904	0.00144317	0.00302623	0.00858574	155	0	155	155	
2.5	2.75	1	5	1	3	54	8370	56	8680	0.00469523	0.00120757	0.00310394	0.00720453	155	0	155	155	
2.75	3	1	1	2	4	60	9300	62	9610	0.00460966	0.00145999	0.00301427	0.0100945	155	0	155	155	
2.75	3	1	2	6	3	65	10075	63	9765	0.00491307	0.00141336	0.00306822	0.00989428	155	0	155	155	
2.75	3	1	3	3	3	64	9920	63	9765	0.00498238	0.00144415	0.00303571	0.00861207	155	0	155	155	
2.75	3	1	4	4	3	55	8525	56	8680	0.00436313	0.00133419	0.00301502	0.00787031	155	0	155	155	
2.75	3	1	5	1	3	63	9765	61	9455	0.00445893	0.00126024	0.00304431	0.0086091	155	0	155	155	
3	3.25	1	1	2	4	59	9145	58	8990	0.00456008	0.00148892	0.00300103	0.0105187	155	0	155	155	
3	3.25	1	2	6	3	60	9300	62	9610	0.00453976	0.00151833	0.00301686	0.00988597	155	0	155	155	
3	3.25	1	3	3	3	60	9300	61	9455	0.00426233	0.00123748	0.00300857	0.00792439	155	0	155	155	
3	3.25	1	4	4	3	64	9920	62	9610	0.00482777	0.00139947	0.00303548	0.00855022	155	0	155	155	
3	3.25	1	5	1	3	64	9920	64	9920	0.00438969	0.00141246	0.00300369	0.00843071	155	0	155	155	
3.25	3.5	1	1	2	4	60	9300	61	9455	0.00494695	0.00171574	0.00301915	0.00965857	155	0	155	155	
3.25	3.5	1	2	6	3	66	10230	64	9920	0.00489089	0.00135394	0.00316239	0.00800904	155	0	155	155	
3.25	3.5	1	3	3	3	61	9455	62	9610	0.00520612	0.00168131	0.00305316	0.0117949	155	0	155	155	
3.25	3.5	1	4	4	3	59	9145	61	9455	0.00504256	0.00146585	0.00302928	0.00836237	155	0	155	155	
3.25	3.5	1	5	1	3	65	10075	66	10230	0.0050841	0.00151958	0.00306996	0.00862599	155	0	155	155	
3.5	3.75	1	1	2	4	63	9765	62	9610	0.00489332	0.00132255	0.00300972	0.00881585	155	0	155	155	
3.5	3.75	1	2	6	3	66	10230	67	10385	0.00486823	0.00141783	0.00304115	0.00869622	155	0	155	155	
3.5	3.75	1	3	3	3	65	10075	64	9920	0.00536346	0.00151234	0.00310579	0.00894532	155	0	155	155	
3.5	3.75	1	4	4	3	64	9920	64	9920	0.00510643	0.00154883	0.00310096	0.00962025	155	0	155	155	
3.5	3.75	1	5	1	3	63	9765	63	9765	0.0049607	0.0014556	0.00300554	0.00793307	155	0	155	155	
3.75	4	1	1	2	4	66	10230	65	10075	0.00473413	0.00127575	0.00301681	0.00792811	155	0	155	155	
3.75	4	1	2	6	3	62	9610	64	9920	0.00456509	0.00143537	0.00300431	0.00848293	155	0	155	155	
3.75	4	1	3	3	3	66	10230	66	10230	0.00476313	0.00150098	0.00302011	0.0088464	155	0	155	155	
3.75	4	1	4	4	3	65	10075	63	9765	0.00493644	0.00155941	0.00306324	0.00848919	155	0	155	155	
3.75	4	1	5	1	3	63	9765	63	9765	0.00457704	0.00125897	0.003146	0.00891441	155	0	155	155	
4	4.25	1	1	2	4	61	9455	62	9610	0.00483313	0.00122573	0.00303472	0.00767403	155	0	155	155	
4	4.25	1	2	6	3	67	10385	65	10075	0.00466526	0.00129387	0.00316899	0.00853306	155	0	155	155	
4	4.25	1	3	3	3	64	9920	64	9920	0.00516224	0.0013915	0.00307278	0.00798086	155	0	155	155	
4	4.25	1	4	4	3	61	9455	62	9610	0.00504734	0.00140726	0.00308851	0.0085346	155	0	155	155	
4	4.25	1	5	1	3	60	9300	61	9455	0.0046596	0.00138859	0.00300335	0.00797646	155	0	155	155	
4.25	4.5	1	1	2	4	64	9920	63	9765	0.00517424	0.00156782	0.0030101	0.00988102	155	0	155	155	
4.25	4.5	1	2	6	3	54	8370	54	8370	0.00429914	0.00143208	0.0030018	0.00812181	155	0	155	155	
4.25	4.5	1	3	3	3	63	9765	63	9765	0.00469628	0.0013272	0.00302521	0.00853516	155	0	155	155	
4.25	4.5	1	4	4	3	64	9920	64	9920	0.00491758	0.00166546	0.003015	0.00943426	155	0	155	155	
4.25	4.5	1	5	1	3	65	10075	64	9920	0.00500249	0.00156081	0.00310162	0.00958353	155	0	155	155	
4.5	4.75	1	1	2	4	62	9610	63	9765	0.00478269	0.00130201	0.00300032	0.00794892	155	0	155	155	
4.5	4.75	1	2	6	3	61	9455	62	9610	0.00515497	0.00137291	0.00305448	0.00830589	155	0	155	155	
4.5	4.75	1	3	3	3	59	9145	58	8990	0.00486305	0.00149616	0.00300791	0.00868463	155	0	155	155	
4.5	4.75	1	4	4	3	62	9610	63	9765	0.0052029	0.00180933	0.00301274	0.0108414	155	0	155	155	
4.5	4.75	1	5	1	3	62	9610	62	9610	0.00514553	0.00138953	0.00303618	0.0077642	155	0	155	155	
4.75	5	1	1	2	4	61	9455	61	9455	0.0050816	0.00161119	0.00314336	0.00958595	155	0	155	155	
4.75	5	1	2	6	3	64	9920	65	10075	0.00479272	0.0013746	0.00301958	0.00799771	155	0	155	155	
4.75	5	1	3	3	3	65	10075	65	10075	0.00523075	0.00154985	0.0030835	0.00858186	155	0	155	155	
4.75	5	1	4	4	3	63	9765	62	9610	0.00550989	0.00158105	0.00300607	0.0113619	155	0	155	155	
4.75	5	1	5	1	3	60	9300	60	9300	0.00463735	0.00124952	0.00300785	0.0076923	155	0	155	155	
5	5.25	1	1	2	4	60	9300	61	9455	0.00456483	0.00136963	0.00300978	0.00788778	155	0	155	155	
5	5.25	1	2	6	3	62	9610	60	9300	0.00455841	0.00124702	0.00301077	0.00761438	155	0	155	155	
5	5.25	1	3	3	3	64	9920	65	10075	0.00511707	0.00157378	0.00300752	0.00872833	155	0	155	155	
5	5.25	1	4	4	3	59	9145	59	9145	0.00452143	0.00119568	0.00301491	0.00775613	155	0	155	155	
5	5.25	1	5	1	3	60	9300	60	9300	0.00450233	0.00124762	0.00303455	0.00813459	155	0	155	155	
5.25	5.5	1	1	2	4	62	9610	61	9455	0.00459125	0.00150857	0.00302749	0.00887865	155	0	155	155	
5.25	5.5	1	2	6	3	66	10230	67	10385	0.00525513	0.00145022	0.0030279	0.00886777	155	0	155	155	
5.25	5.5	1	3	3	3	63	9765	64	9920	0.00514607	0.00156488	0.00306132	0.00930912	155	0	155	155	
5.25	5.5	1	4	4	3	59	9145	59	9145	0.00424866	0.00126223	0.0030548	0.00797756	155	0	155	155	
5.25	5.5	1	5	1	3	64	9920	64	9920	0.00515359	0.00158906	0.00306095	0.00953665	155	0	155	155	
5.5	5.75	1	1	2	4	68	10540	67	10385	0.0052718	0.0015824	0.00301259	0.00950324	155	0	155	155	
5.5	5.75	1	2	6	3	63	9765	63	9765	0.00513912	0.00142142	0.00302151	0.00772672	155	0	155	155	
5.5	5.75	1	3	3	3	63	9765	62	9610	0.0049338	0.00139967	0.00308751	0.00791873	155	0	155	155	
5.5	5.75	1	4	4	3	60	9300	60	9300	0.00477813	0.00141663	0.00301265	0.00871849	155	0	155	155	
5.5	5.75	1	5	1	3	61	9455	61	9455	0.00487025	0.00133856	0.00301094	0.00745102	155	0	155	155	
5.75	6	1	1	2	4	65	10075	66	10230	0.00505029	0.00157652	0.00312172	0.00885253	155	0	155	155	
5.75	6	1	2	6	3	66	10230	66	10230	0.00479323	0.00127205	0.0031197	0.00813892	155	0	155	155	
5.75	6	1	3	3	3	61	9455	61	9455	0.00495152	0.001686	0.00302259	0.0100266	155	0	155	155	
5.75	6	1	4	4	3	64	9920	64	9920	0.00496795	0.00154502	0.00300872	0.00870661	155	0	155	155	
5.75	6	1	5	1	3	59	9145	59	9145	0.00460505	0.00132452	0.00306149	0.00799634	155	0	155	155	
6	6.25	1	1	2	4	61	9455	62	9610	0.00464639	0.00150815	0.00300813	0.00963695	155	0	155	155	
6	6.25	1	2	6	3	64	9920	64	9920	0.00548186	0.00140064	0.00329607	0.00835684	155	0	155	155	
6	6.25	1	3	3	3	59	9145	58	8990	0.00467146	0.00150033	0.00312118	0.0085496	155	0	155	155	
6	6.25	1	4	4	3	65	10075	65	10075	0.00518829	0.00152576	0.00309658	0.00867418	155	0	155	155	
6	6.25	1	5	1	3	54	8370	55	8525	0.0040583	0.00119747	0.00300746	0.00845449	155	0	155	155	
6.25	6.5	1	1	2	4	59	9145	58	8990	0.0044842	0.00133699	0.00301785	0.0081469	155	0	155	155	
6.25	6.5	1	2	6	3	63	9765	64	9920	0.00469351	0.00156092	0.00301493	0.00795724	155	0	155	155	
6.25	6.5	1	3	3	3	63	9765	62	9610	0.00475973	0.00145962	0.00302833	0.00836226	155	0	155	155	
6.25	6.5	1	4	4	3	64	9920	64	9920	0.00465595	0.00130104	0.00301188	0.00793284	155	0	155	155	
6.25	6.5	1	5	1	3	62	9610	61	9455	0.00431636	0.00119881	0.00300361	0.00782632	155	0	155	155	
6.5	6.75	1	1	2	4	62	9610	61	9455	0.00503934	0.00148114	0.00315534	0.009481	155	0	155	155	
6.5	6.75	1	2	6	3	61	9455	60	9300	0.00489308	0.00146583	0.00306103	0.00897576	155	0	155	155	
6.5	6.75	1	3	3	3	63	9765	64	9920	0.00486074	0.00183444	0.00303811	0.0119863	155	0	155	155	
6.5	6.75	1	4	4	3	61	9455	61	9455	0.00505477	0.00158122	0.00312092	0.00935013	155	0	155	155	
6.5	6.75	1	5	1	3	60	9300	61	9455	0.00521125	0.00169365	0.00301888	0.00984899	155	0	155	155	
6.75	7	1	1	2	4	64	9920	65	10075	0.00500594	0.00137061	0.00310984	0.00794527	155	0	155	155	
6.75	7	1	2	6	3	61	9455	61	9455	0.00503078	0.00163516	0.00302639	0.00791597	155	0	155	155	
6.75	7	1	3	3	3	63	9765	64	9920	0.00516263	0.00141464	0.00307613	0.00878222	155	0	155	155	
6.75	7	1	4	4	3	60	9300	59	9145	0.00514346	0.00149686	0.00306557	0.0101657	155	0	155	155	
6.75	7	1	5	1	3	61	9455	60	9300	0.00500969	0.00149112	0.00308287	0.00795378	155	0	155	155	
7	7.25	1	1	2	4	64	9920	64	9920	0.00522122	0.00146764	0.00333052	0.0090905	155	0	155	155	
7	7.25	1	2	6	3	59	9145	59	9145	0.00458321	0.00136765	0.0030241	0.00804414	155	0	155	155	
7	7.25	1	3	3	3	62	9610	61	9455	0.00527579	0.00144198	0.00302348	0.00792839	155	0	155	155	
7	7.25	1	4	4	3	71	11005	70	10850	0.00522937	0.00155018	0.00307234	0.00834393	155	0	155	155	
7	7.25	1	5	1	3	59	9145	59	9145	0.00478173	0.00140419	0.00304812	0.00787398	155	0	155	155	
7.25	7.5	1	1	2	4	60	9300	60	9300	0.00472623	0.00147077	0.00302186	0.00899901	155	0	155	155	
7.25	7.5	1	2	6	3	64	9920	64	9920	0.00511986	0.00158144	0.00304027	0.00919777	155	0	155	155	
7.25	7.5	1	3	3	3	66	10230	66	10230	0.00503391	0.0015389	0.00302073	0.00975034	155	0	155	155	
7.25	7.5	1	4	4	3	62	9610	63	9765	0.00481753	0.00148123	0.00301235	0.00935069	155	0	155	155	
7.25	7.5	1	5	1	3	57	8835	58	8990	0.00439476	0.00125354	0.00300362	0.00764357	155	0	155	155	
7.5	7.75	1	1	2	4	61	9455	60	9300	0.00479312	0.00129179	0.00301483	0.00784343	155	0	155	155	
7.5	7.75	1	2	6	3	62	9610	62	9610	0.00521815	0.00141345	0.00312157	0.0081101	155	0	155	155	
7.5	7.75	1	3	3	3	62	9610	64	9920	0.00500406	0.00135054	0.00300735	0.00878363	155	0	155	155	
7.5	7.75	1	4	4	3	62	9610	64	9920	0.00460923	0.0015891	0.00301352	0.0108916	155	0	155	155	
7.5	7.75	1	5	1	3	63	9765	62	9610	0.00488819	0.00148028	0.00303699	0.00809289	155	0	155	155	
7.75	8	1	1	2	4	64	9920	65	10075	0.00479887	0.00133022	0.00300825	0.00846508	155	0	155	155	
7.75	8	1	2	6	3	65	10075	64	9920	0.00485223	0.00148638	0.00301814	0.00802697	155	0	155	155	
7.75	8	1	3	3	3	66	10230	63	9765	0.00498922	0.00140284	0.00301311	0.00799184	155	0	155	155	
7.75	8	1	4	4	3	60	9300	59	9145	0.00459412	0.0013521	0.00302109	0.00767286	155	0	155	155	
7.75	8	1	5	1	3	63	9765	62	9610	0.00474284	0.00142048	0.0030429	0.00886092	155	0	155	155	
8	8.25	1	1	2	4	64	9920	64	9920	0.00495898	0.00147963	0.00305063	0.0098817	155	0	155	155	
8	8.25	1	2	6	3	62	9610	63	9765	0.00453762	0.00126032	0.00302449	0.00785685	155	0	155	155	
8	8.25	1	3	3	3	67	10385	69	10695	0.00488541	0.00146725	0.00301305	0.00921165	155	0	155	155	
8	8.25	1	4	4	3	60	9300	61	9455	0.00488	0.00159927	0.0030265	0.00976305	155	0	155	155	
8	8.25	1	5	1	3	61	9455	62	9610	0.00444052	0.00110017	0.00304426	0.0073893	155	0	155	155	
8.25	8.5	1	1	2	4	63	9765	63	9765	0.00452811	0.00122698	0.00300614	0.00813427	155	0	155	155	
8.25	8.5	1	2	6	3	58	8990	58	8990	0.00435823	0.00116411	0.00300469	0.00815596	155	0	155	155	
8.25	8.5	1	3	3	3	64	9920	64	9920	0.00495398	0.00149665	0.00302751	0.00895353	155	0	155	155	
8.25	8.5	1	4	4	3	67	10385	65	10075	0.00496757	0.00146102	0.00306592	0.0092852	155	0	155	155	
8.25	8.5	1	5	1	3	62	9610	61	9455	0.0049915	0.00142099	0.00304056	0.00903926	155	0	155	155	
8.5	8.75	1	1	2	4	64	9920	64	9920	0.00564288	0.0016118	0.00304082	0.00881911	155	0	155	155	
8.5	8.75	1	2	6	3	59	9145	60	9300	0.00469947	0.00146585	0.00300248	0.00824738	155	0	155	155	
8.5	8.75	1	3	3	3	62	9610	62	9610	0.00509314	0.00148734	0.00305749	0.00827508	155	0	155	155	
8.5	8.75	1	4	4	3	62	9610	62	9610	0.00500383	0.00149555	0.00304055	0.00950914	155	0	155	155	
8.5	8.75	1	5	1	3	64	9920	65	10075	0.00519951	0.00138407	0.00309128	0.0079631	155	0	155	155	
8.75	9	1	1	2	4	64	9920	64	9920	0.00508548	0.00160707	0.0030041	0.00922956	155	0	155	155	
8.75	9	1	2	6	3	61	9455	60	9300	0.0048394	0.00162516	0.00304272	0.00928098	155	0	155	155	
8.75	9	1	3	3	3	65	10075	65	10075	0.00509726	0.00189128	0.00300427	0.0118263	155	0	155	155	
8.75	9	1	4	4	3	62	9610	63	9765	0.00494835	0.00147817	0.00307786	0.0085945	155	0	155	155	
8.75	9	1	5	1	3	61	9455	61	9455	0.0046979	0.0014959	0.00302159	0.00809738	155	0	155	155	
9	9.25	1	1	2	4	65	10075	65	10075	0.00483339	0.00142752	0.00303616	0.00943606	155	0	155	155	
9	9.25	1	2	6	3	60	9300	59	9145	0.00433605	0.00123004	0.00300097	0.00796738	155	0	155	155	
9	9.25	1	3	3	3	65	10075	65	10075	0.00508488	0.00155	0.00314683	0.00852158	155	0	155	155	
9	9.25	1	4	4	3	63	9765	62	9610	0.00470657	0.00147374	0.0030257	0.00790582	155	0	155	155	
9	9.25	1	5	1	3	63	9765	64	9920	0.00481191	0.00142517	0.00303186	0.00875224	155	0	155	155	
9.25	9.5	1	1	2	4	65	10075	65	10075	0.00486388	0.00151071	0.00310802	0.00880284	155	0	155	155	
9.25	9.5	1	2	6	3	61	9455	63	9765	0.00495114	0.00123739	0.00304126	0.00776375	155	0	155	155	
9.25	9.5	1	3	3	3	63	9765	63	9765	0.00494408	0.00135232	0.00310973	0.00844915	155	0	155	155	
9.25	9.5	1	4	4	3	60	9300	60	9300	0.00480664	0.00154106	0.00302751	0.00952106	155	0	155	155	
9.25	9.5	1	5	1	3	61	9455	60	9300	0.00483751	0.0013525	0.00324089	0.00859562	155	0	155	155	
9.5	9.75	1	1	2	4	67	10385	68	10540	0.00509329	0.00151924	0.0030597	0.00888495	155	0	155	155	
9.5	9.75	1	2	6	3	61	9455	59	9145	0.00475445	0.00147951	0.0030988	0.00789247	155	0	155	155	
9.5	9.75	1	3	3	3	62	9610	62	9610	0.00508912	0.00158687	0.00301094	0.0115597	155	0	155	155	
9.5	9.75	1	4	4	3	55	8525	56	8680	0.00456096	0.0012423	0.00302154	0.00780067	155	0	155	155	
9.5	9.75	1	5	1	3	62	9610	61	9455	0.00498347	0.00134677	0.00300285	0.00840566	155	0	155	155	
9.75	10	1	1	2	4	62	9610	60	9300	0.00478464	0.00138574	0.00303708	0.00976411	155	0	155	155	
9.75	10	1	2	6	3	62	9610	62	9610	0.0050202	0.00158517	0.0030011	0.00878171	155	0	155	155	
9.75	10	1	3	3	3	64	9920	64	9920	0.00532751	0.00166799	0.00303936	0.0106003	155	0	155	155	
9.75	10	1	4	4	3	59	9145	58	8990	0.00509421	0.00134381	0.00300435	0.00889334	155	0	155	155	
9.75	10	1	5	1	3	63	9765	64	9920	0.00495287	0.00137509	0.00300572	0.0083235	155	0	155	155	
10	10.25	1	1	2	4	60	9300	61	9455	0.00471633	0.00159094	0.0030037	0.0106993	155	0	155	155	
10	10.25	1	2	6	3	61	9455	62	9610	0.00485868	0.00140189	0.00303359	0.0092784	155	0	155	155	
10	10.25	1	3	3	3	61	9455	62	9610	0.00502391	0.0016146	0.00302976	0.010483	155	0	155	155	
10	10.25	1	4	4	3	60	9300	61	9455	0.00498825	0.0015048	0.00301164	0.00806393	155	0	155	155	
10	10.25	1	5	1	3	64	9920	64	9920	0.00485981	0.00141805	0.00301613	0.00765378	155	0	155	155	
10.25	10.5	1	1	2	4	63	9765	63	9765	0.00493983	0.00162061	0.00307995	0.00966716	155	0	155	155	
10.25	10.5	1	2	6	3	64	9920	64	9920	0.00515295	0.0015459	0.00301532	0.00965003	155	0	155	155	
10.25	10.5	1	3	3	3	66	10230	65	10075	0.00519134	0.00153533	0.00301621	0.00905813	155	0	155	155	
10.25	10.5	1	4	4	3	62	9610	62	9610	0.00465102	0.00147454	0.00304935	0.00840052	155	0	155	155	
10.25	10.5	1	5	1	3	65	10075	65	10075	0.00473675	0.00135471	0.00300758	0.0086949	155	0	155	155	
10.5	10.75	1	1	2	4	65	10075	64	9920	0.00527167	0.00151948	0.003046	0.00889963	155	0	155	155	
10.5	10.75	1	2	6	3	64	9920	64	9920	0.00524652	0.0014603	0.0030085	0.00870373	155	0	155	155	
10.5	10.75	1	3	3	3	60	9300	60	9300	0.00506686	0.00150494	0.00308067	0.00854407	155	0	155	155	
10.5	10.75	1	4	4	3	60	9300	60	9300	0.00490235	0.00167168	0.00304172	0.00996252	155	0	155	155	
10.5	10.75	1	5	1	3	63	9765	63	9765	0.00501026	0.00152792	0.0030341	0.00905424	155	0	155	155	
10.75	11	1	1	2	4	64	9920	65	10075	0.00554492	0.00150625	0.00319643	0.00968869	155	0	155	155	
10.75	11	1	2	6	3	65	10075	65	10075	0.00486212	0.00144689	0.00300557	0.00813145	155	0	155	155	
10.75	11	1	3	3	3	64	9920	63	9765	0.0047166	0.00134201	0.00302884	0.0077463	155	0	155	155	
10.75	11	1	4	4	3	62	9610	62	9610	0.00480451	0.00135299	0.00317764	0.0087413	155	0	155	155	
10.75	11	1	5	1	3	62	9610	61	9455	0.00486047	0.00154935	0.00300686	0.00980742	155	0	155	155	
11	11.25	1	1	2	4	59	9145	59	9145	0.00485643	0.0013555	0.00307914	0.00902291	155	0	155	155	
11	11.25	1	2	6	3	60	9300	60	9300	0.00465112	0.0014387	0.00301554	0.00867572	155	0	155	155	
11	11.25	1	3	3	3	69	10695	70	10850	0.0053609	0.00158301	0.00314724	0.00961649	155	0	155	155	
11	11.25	1	4	4	3	59	9145	59	9145	0.00527913	0.00174191	0.00300835	0.0118647	155	0	155	155	
11	11.25	1	5	1	3	60	9300	60	9300	0.00484272	0.00147192	0.00301988	0.00877432	155	0	155	155	
11.25	11.5	1	1	2	4	57	8835	57	8835	0.00443359	0.00128725	0.0030355	0.00839275	155	0	155	155	
11.25	11.5	1	2	6	3	66	10230	66	10230	0.0046715	0.00137299	0.00303374	0.00910191	155	0	155	155	
11.25	11.5	1	3	3	3	59	9145	60	9300	0.00463468	0.00149119	0.0030119	0.00882433	155	0	155	155	
11.25	11.5	1	4	4	3	60	9300	61	9455	0.0047535	0.00138096	0.00302271	0.008346	155	0	155	155	
11.25	11.5	1	5	1	3	66	10230	67	10385	0.00487134	0.00142325	0.0030459	0.00872414	155	0	155	155	
11.5	11.75	1	1	2	4	66	10230	66	10230	0.00482256	0.00178983	0.00307044	0.0118202	155	0	155	155	
11.5	11.75	1	2	6	3	61	9455	61	9455	0.00465527	0.00137235	0.00301631	0.00860707	155	0	155	155	
11.5	11.75	1	3	3	3	59	9145	58	8990	0.00438385	0.00130333	0.00300091	0.00818616	155	0	155	155	
11.5	11.75	1	4	4	3	58	8990	58	8990	0.00466119	0.00132164	0.00303944	0.0077837	155	0	155	155	
11.5	11.75	1	5	1	3	60	9300	60	9300	0.00472912	0.00138507	0.0031572	0.00799982	155	0	155	155	
11.75	12	1	1	2	4	61	9455	60	9300	0.00464195	0.00154025	0.00300212	0.00928677	155	0	155	155	
11.75	12	1	2	6	3	60	9300	60	9300	0.00480925	0.00145623	0.0030182	0.00789727	155	0	155	155	
11.75	12	1	3	3	3	62	9610	61	9455	0.00504314	0.00154144	0.00301529	0.0100849	155	0	155	155	
11.75	12	1	4	4	3	66	10230	65	10075	0.00506098	0.00143608	0.00304249	0.00998045	155	0	155	155	
11.75	12	1	5	1	3	61	9455	62	9610	0.00468966	0.00134416	0.00301891	0.00805019	155	0	155	155	
12	12.25	1	1	2	4	67	10385	68	10540	0.00483991	0.00139638	0.00308746	0.00825525	155	0	155	155	
12	12.25	1	2	6	3	62	9610	61	9455	0.00471658	0.00137035	0.00300655	0.00788406	155	0	155	155	
12	12.25	1	3	3	3	61	9455	63	9765	0.00474378	0.00156655	0.00306134	0.0108458	155	0	155	155	
12	12.25	1	4	4	3	61	9455	61	9455	0.00462407	0.00146186	0.0031098	0.00888164	155	0	155	155	
12	12.25	1	5	1	3	65	10075	64	9920	0.00484907	0.00162081	0.00300477	0.0110083	155	0	155	155	
12.25	12.5	1	1	2	4	63	9765	64	9920	0.00481199	0.00172228	0.00300252	0.0105533	155	0	155	155	
12.25	12.5	1	2	6	3	61	9455	61	9455	0.00482768	0.00147911	0.00307256	0.00835198	155	0	155	155	
12.25	12.5	1	3	3	3	63	9765	62	9610	0.00519487	0.00141588	0.00304138	0.00883253	155	0	155	155	
12.25	12.5	1	4	4	3	69	10695	68	10540	0.00522372	0.00160462	0.00300069	0.0100179	155	0	155	155	
12.25	12.5	1	5	1	3	61	9455	62	9610	0.00441285	0.00120512	0.00301196	0.0076295	155	0	155	155	
12.5	12.75	1	1	2	4	61	9455	60	9300	0.00467408	0.00133156	0.00309843	0.00773953	155	0	155	155	
12.5	12.75	1	2	6	3	58	8990	60	9300	0.00448974	0.00132499	0.00308345	0.00759586	155	0	155	155	
12.5	12.75	1	3	3	3	65	10075	65	10075	0.00488518	0.00141656	0.00309454	0.0084585	155	0	155	155	
12.5	12.75	1	4	4	3	65	10075	65	10075	0.00480108	0.00136595	0.00302522	0.00819371	155	0	155	155	
12.5	12.75	1	5	1	3	60	9300	59	9145	0.00490264	0.00138611	0.00302836	0.0085917	155	0	155	155	
12.75	13	1	1	2	4	62	9610	62	9610	0.00496701	0.00136467	0.00301842	0.00797836	155	0	155	155	
12.75	13	1	2	6	3	66	10230	65	10075	0.00459488	0.00141422	0.00301523	0.00890964	155	0	155	155	
12.75	13	1	3	3	3	63	9765	63	9765	0.0049735	0.00163151	0.00300247	0.011897	155	0	155	155	
12.75	13	1	4	4	3	60	9300	61	9455	0.00483394	0.00136006	0.00301658	0.00784782	155	0	155	155	
12.75	13	1	5	1	3	62	9610	61	9455	0.00494123	0.00150568	0.00310128	0.0086637	155	0	155	155	
13	13.25	1	1	2	4	61	9455	61	9455	0.005208	0.00158764	0.00321652	0.00959423	155	0	155	155	
13	13.25	1	2	6	3	64	9920	62	9610	0.00525349	0.00143432	0.0030248	0.00894841	155	0	155	155	
13	13.25	1	3	3	3	61	9455	61	9455	0.00471326	0.00148407	0.00309201	0.00895581	155	0	155	155	
13	13.25	1	4	4	3	62	9610	62	9610	0.0048658	0.00151007	0.003034	0.00856968	155	0	155	155	
13	13.25	1	5	1	3	65	10075	66	10230	0.00534402	0.00169837	0.00310155	0.00944173	155	0	155	155	
13.25	13.5	1	1	2	4	57	8835	57	8835	0.00461681	0.00138078	0.00302141	0.00871949	155	0	155	155	
13.25	13.5	1	2	6	3	61	9455	63	9765	0.00442038	0.00154154	0.00301849	0.00996822	155	0	155	155	
13.25	13.5	1	3	3	3	59	9145	60	9300	0.00443743	0.00133373	0.00304329	0.00794455	155	0	155	155	
13.25	13.5	1	4	4	3	63	9765	62	9610	0.00456602	0.00118516	0.00300003	0.00786734	155	0	155	155	
13.25	13.5	1	5	1	3	62	9610	62	9610	0.00444839	0.00141933	0.00300067	0.00804521	155	0	155	155	
13.5	13.75	1	1	2	4	59	9145	58	8990	0.00474253	0.0014245	0.00302254	0.00985269	155	0	155	155	
13.5	13.75	1	2	6	3	66	10230	65	10075	0.00511541	0.0015762	0.00301774	0.00947266	155	0	155	155	
13.5	13.75	1	3	3	3	64	9920	63	9765	0.00464107	0.00140613	0.00300848	0.00769453	155	0	155	155	
13.5	13.75	1	4	4	3	60	9300	60	9300	0.00429425	0.0012691	0.00304667	0.00866546	155	0	155	155	
13.5	13.75	1	5	1	3	63	9765	64	9920	0.00474188	0.0013139	0.00308025	0.00828974	155	0	155	155	
13.75	14	1	1	2	4	67	10385	67	10385	0.00515625	0.00154523	0.00315286	0.0108455	155	0	155	155	
13.75	14	1	2	6	3	60	9300	61	9455	0.00455302	0.00153144	0.0030341	0.00912794	155	0	155	155	
13.75	14	1	3	3	3	62	9610	62	9610	0.00470413	0.00136037	0.00307359	0.00807075	155	0	155	155	
13.75	14	1	4	4	3	66	10230	66	10230	0.0046151	0.00128387	0.00301553	0.00780983	155	0	155	155	
13.75	14	1	5	1	3	64	9920	62	9610	0.00439942	0.00120205	0.00301893	0.00759998	155	0	155	155	
14	14.25	1	1	2	4	66	10230	66	10230	0.00547283	0.00146324	0.00301381	0.00813771	155	0	155	155	
14	14.25	1	2	6	3	66	10230	66	10230	0.00512964	0.00138413	0.00303045	0.00789527	155	0	155	155	
14	14.25	1	3	3	3	57	8835	57	8835	0.00468487	0.00148567	0.0030101	0.00891479	155	0	155	155	
14	14.25	1	4	4	3	65	10075	66	10230	0.00504782	0.00144672	0.00301569	0.00824231	155	0	155	155	
14	14.25	1	5	1	3	63	9765	63	9765	0.00522277	0.00152821	0.00306089	0.00860744	155	0	155	155	
14.25	14.5	1	1	2	4	53	8215	53	8215	0.00434102	0.00128306	0.00303477	0.00795542	155	0	155	155	
14.25	14.5	1	2	6	3	67	10385	68	10540	0.00489643	0.00140263	0.00300232	0.00908339	155	0	155	155	
14.25	14.5	1	3	3	3	59	9145	59	9145	0.00487123	0.0015303	0.0030559	0.00789954	155	0	155	155	
14.25	14.5	1	4	4	3	65	10075	64	9920	0.00479412	0.00137672	0.00301283	0.00789305	155	0	155	155	
14.25	14.5	1	5	1	3	62	9610	63	9765	0.00489453	0.00136469	0.00307731	0.00836307	155	0	155	155	
14.5	14.75	1	1	2	4	64	9920	65	10075	0.0050186	0.00175124	0.00301926	0.0125354	155	0	155	155	
14.5	14.75	1	2	6	3	64	9920	64	9920	0.00515339	0.00144655	0.0031364	0.00944677	155	0	155	155	
14.5	14.75	1	3	3	3	62	9610	61	9455	0.00488625	0.00153112	0.00308325	0.00922377	155	0	155	155	
14.5	14.75	1	4	4	3	59	9145	61	9455	0.00460036	0.0013294	0.00300475	0.00809493	155	0	155	155	
14.5	14.75	1	5	1	3	62	9610	62	9610	0.00490751	0.00148636	0.00300526	0.00890036	155	0	155	155	
14.75	15	1	1	2	4	66	10230	66	10230	0.00487331	0.00141332	0.00306377	0.00820547	155	0	155	155	
14.75	15	1	2	6	3	63	9765	62	9610	0.00472851	0.00134109	0.00301559	0.00788606	155	0	155	155	
14.75	15	1	3	3	3	63	9765	64	9920	0.00486131	0.0014576	0.00303981	0.00806764	155	0	155	155	
14.75	15	1	4	4	3	64	9920	63	9765	0.00507425	0.00160075	0.00301318	0.00901204	155	0	155	155	
14.75	15	1	5	1	3	62	9610	62	9610	0.00461954	0.00136913	0.00302001	0.00755783	155	0	155	155	
15	15.25	1	1	2	4	63	9765	62	9610	0.00502907	0.00147235	0.00304439	0.00969545	155	0	155	155	
15	15.25	1	2	6	3	57	8835	58	8990	0.00437322	0.00114521	0.0030435	0.009209	155	0	155	155	
15	15.25	1	3	3	3	59	9145	59	9145	0.00465567	0.0014089	0.00304618	0.01062	155	0	155	155	
15	15.25	1	4	4	3	61	9455	61	9455	0.00495077	0.00139837	0.00306018	0.00821602	155	0	155	155	
15	15.25	1	5	1	3	59	9145	59	9145	0.00522252	0.00159068	0.00300216	0.00992261	155	0	155	155	
15.25	15.5	1	1	2	4	64	9920	64	9920	0.00500917	0.00138859	0.00309465	0.0079946	155	0	155	155	
15.25	15.5	1	2	6	3	64	9920	63	9765	0.00512941	0.0016338	0.003066	0.0103278	155	0	155	155	
15.25	15.5	1	3	3	3	65	10075	64	9920	0.00543901	0.00178525	0.00307225	0.0111529	155	0	155	155	
15.25	15.5	1	4	4	3	60	9300	60	9300	0.00466949	0.00147186	0.00308546	0.00949817	155	0	155	155	
15.25	15.5	1	5	1	3	60	9300	61	9455	0.00464533	0.00129482	0.00306014	0.0090035	155	0	155	155	
15.5	15.75	1	1	2	4	64	9920	64	9920	0.00469226	0.00124513	0.00305823	0.0077914	155	0	155	155	
15.5	15.75	1	2	6	3	61	9455	61	9455	0.0047337	0.0012917	0.00302161	0.00754451	155	0	155	155	
15.5	15.75	1	3	3	3	64	9920	65	10075	0.00517521	0.00170058	0.0030192	0.0100908	155	0	155	155	
15.5	15.75	1	4	4	3	60	9300	60	9300	0.00484509	0.00148535	0.00303206	0.00850459	155	0	155	155	
15.5	15.75	1	5	1	3	67	10385	66	10230	0.00469768	0.00140192	0.00300256	0.00850706	155	0	155	155	
15.75	16	1	1	2	4	62	9610	62	9610	0.00497154	0.00136916	0.00307971	0.00871076	155	0	155	155	
15.75	16	1	2	6	3	57	8835	58	8990	0.00482419	0.00152906	0.00301237	0.00857531	155	0	155	155	
15.75	16	1	3	3	3	58	8990	59	9145	0.00487388	0.00163048	0.00301299	0.00992111	155	0	155	155	
15.75	16	1	4	4	3	61	9455	60	9300	0.00502421	0.00167296	0.00307557	0.0112549	155	0	155	155	
15.75	16	1	5	1	3	57	8835	57	8835	0.00452048	0.00149552	0.0030211	0.00862468	155	0	155	155	
16	16.25	1	1	2	4	63	9765	64	9920	0.00477263	0.00137557	0.00312878	0.00864433	155	0	155	155	
16	16.25	1	2	6	3	60	9300	59	9145	0.00476586	0.00135571	0.00306335	0.00839843	155	0	155	155	
16	16.25	1	3	3	3	60	9300	58	8990	0.00483364	0.00140112	0.00300916	0.0088959	155	0	155	155	
16	16.25	1	4	4	3	62	9610	63	9765	0.00497363	0.00184102	0.00303957	0.0118254	155	0	155	155	
16	16.25	1	5	1	3	62	9610	61	9455	0.00429555	0.00112857	0.00301056	0.0086377	155	0	155	155	
16.25	16.5	1	1	2	4	66	10230	66	10230	0.00496836	0.00151573	0.00301677	0.00992814	155	0	155	155	
16.25	16.5	1	2	6	3	65	10075	65	10075	0.00475114	0.00128978	0.00301731	0.00832733	155	0	155	155	
16.25	16.5	1	3	3	3	62	9610	63	9765	0.00461632	0.00137556	0.00300568	0.00757435	155	0	155	155	
16.25	16.5	1	4	4	3	60	9300	60	9300	0.00489932	0.00155018	0.00300076	0.00855639	155	0	155	155	
16.25	16.5	1	5	1	3	59	9145	60	9300	0.00480674	0.00142033	0.00300354	0.00799471	155	0	155	155	
16.5	16.75	1	1	2	4	62	9610	60	9300	0.00491721	0.0016457	0.00305683	0.00990664	155	0	155	155	
16.5	16.75	1	2	6	3	64	9920	63	9765	0.0049082	0.00168011	0.00303384	0.0111222	155	0	155	155	
16.5	16.75	1	3	3	3	65	10075	65	10075	0.0051789	0.00162484	0.00301026	0.0106169	155	0	155	155	
16.5	16.75	1	4	4	3	59	9145	59	9145	0.00449976	0.00137315	0.00300222	0.00773793	155	0	155	155	
16.5	16.75	1	5	1	3	61	9455	61	9455	0.00440499	0.0012117	0.00300768	0.00799973	155	0	155	155	
16.75	17	1	1	2	4	67	10385	69	10695	0.00484515	0.00154342	0.0030503	0.00933232	155	0	155	155	
16.75	17	1	2	6	3	67	10385	68	10540	0.00481609	0.0015054	0.00304338	0.00890718	155	0	155	155	
16.75	17	1	3	3	3	61	9455	61	9455	0.00514379	0.0013984	0.00311061	0.00788775	155	0	155	155	
16.75	17	1	4	4	3	68	10540	68	10540	0.00540954	0.00161992	0.00312626	0.0100384	155	0	155	155	
16.75	17	1	5	1	3	69	10695	68	10540	0.00480037	0.00141101	0.00303623	0.00971505	155	0	155	155	
17	17.25	1	1	2	4	59	9145	59	9145	0.00511427	0.00142485	0.00320628	0.00865714	155	0	155	155	
17	17.25	1	2	6	3	62	9610	62	9610	0.00505042	0.00137557	0.00301533	0.00818635	155	0	155	155	
17	17.25	1	3	3	3	63	9765	63	9765	0.00504879	0.00142764	0.00306953	0.00891807	155	0	155	155	
17	17.25	1	4	4	3	69	10695	69	10695	0.00488053	0.0014479	0.00307502	0.00866013	155	0	155	155	
17	17.25	1	5	1	3	60	9300	61	9455	0.00471468	0.00162454	0.00303848	0.0107047	155	0	155	155	
17.25	17.5	1	1	2	4	62	9610	61	9455	0.00471602	0.00152591	0.00300162	0.00981641	155	0	155	155	
17.25	17.5	1	2	6	3	60	9300	59	9145	0.00516034	0.00171556	0.00320985	0.0110892	155	0	155	155	
17.25	17.5	1	3	3	3	65	10075	65	10075	0.00534772	0.00192998	0.00304615	0.013895	155	0	155	155	
17.25	17.5	1	4	4	3	64	9920	63	9765	0.00477432	0.00164574	0.00306166	0.0102594	155	0	155	155	
17.25	17.5	1	5	1	3	62	9610	63	9765	0.00469667	0.00138469	0.00305235	0.00796488	155	0	155	155	
17.5	17.75	1	1	2	4	63	9765	63	9765	0.00503464	0.00154614	0.00316264	0.00874164	155	0	155	155	
17.5	17.75	1	2	6	3	59	9145	60	9300	0.00460556	0.00133319	0.00300535	0.00882896	155	0	155	155	
17.5	17.75	1	3	3	3	68	10540	67	10385	0.00502975	0.00146409	0.00300551	0.00799616	155	0	155	155	
17.5	17.75	1	4	4	3	64	9920	66	10230	0.00514623	0.00165369	0.00300201	0.00920335	155	0	155	155	
17.5	17.75	1	5	1	3	67	10385	65	10075	0.00475404	0.00141515	0.00300155	0.00841347	155	0	155	155	
17.75	18	1	1	2	4	57	8835	58	8990	0.00473767	0.00121592	0.00300028	0.00758393	155	0	155	155	
17.75	18	1	2	6	3	64	9920	64	9920	0.00480076	0.00139951	0.00302905	0.00795138	155	0	155	155	
17.75	18	1	3	3	3	64	9920	66	10230	0.00495277	0.00141098	0.00306204	0.00875724	155	0	155	155	
17.75	18	1	4	4	3	62	9610	61	9455	0.00483942	0.00152974	0.00304168	0.0104014	155	0	155	155	
17.75	18	1	5	1	3	58	8990	59	9145	0.00465447	0.00132273	0.00300414	0.00807748	155	0	155	155	
18	18.25	1	1	2	4	66	10230	66	10230	0.00481985	0.0014813	0.00306484	0.00942177	155	0	155	155	
18	18.25	1	2	6	3	63	9765	63	9765	0.00503854	0.00139192	0.00304064	0.00890132	155	0	155	155	
18	18.25	1	3	3	3	60	9300	58	8990	0.0048045	0.00151045	0.00304186	0.00779031	155	0	155	155	
18	18.25	1	4	4	3	65	10075	65	10075	0.00475555	0.00127852	0.00301529	0.00739766	155	0	155	155	
18	18.25	1	5	1	3	63	9765	62	9610	0.00519916	0.00156978	0.00312981	0.0111088	155	0	155	155	
18.25	18.5	1	1	2	4	66	10230	67	10385	0.00493231	0.00140125	0.00316058	0.00973257	155	0	155	155	
18.25	18.5	1	2	6	3	67	10385	67	10385	0.00486958	0.0014498	0.0030563	0.00835774	155	0	155	155	
18.25	18.5	1	3	3	3	67	10385	68	10540	0.0052617	0.00149101	0.00319929	0.0094097	155	0	155	155	
18.25	18.5	1	4	4	3	63	9765	62	9610	0.00495996	0.00130891	0.00314632	0.00793414	155	0	155	155	
18.25	18.5	1	5	1	3	59	9145	60	9300	0.00439665	0.00130634	0.00301584	0.00865248	155	0	155	155	
18.5	18.75	1	1	2	4	61	9455	60	9300	0.00499335	0.00156184	0.00305032	0.00895045	155	0	155	155	
18.5	18.75	1	2	6	3	61	9455	61	9455	0.00483067	0.0012966	0.00308314	0.00769764	155	0	155	155	
18.5	18.75	1	3	3	3	62	9610	63	9765	0.00523367	0.00186029	0.00303671	0.0129194	155	0	155	155	
18.5	18.75	1	4	4	3	66	10230	67	10385	0.00530457	0.00148096	0.0031622	0.00952606	155	0	155	155	
18.5	18.75	1	5	1	3	57	8835	57	8835	0.00473754	0.00140422	0.00301041	0.00858513	155	0	155	155	
18.75	19	1	1	2	4	59	9145	59	9145	0.00457632	0.00150535	0.00304312	0.00955872	155	0	155	155	
18.75	19	1	2	6	3	64	9920	63	9765	0.00507296	0.00142192	0.0030046	0.00875164	155	0	155	155	
18.75	19	1	3	3	3	61	9455	60	9300	0.00491399	0.00153042	0.00303732	0.00834975	155	0	155	155	
18.75	19	1	4	4	3	60	9300	60	9300	0.00483161	0.00142149	0.00302763	0.00788392	155	0	155	155	
18.75	19	1	5	1	3	61	9455	61	9455	0.0049748	0.0014695	0.00307026	0.0089122	155	0	155	155	
19	19.25	1	1	2	4	64	9920	64	9920	0.00519415	0.00161799	0.00306141	0.0114169	155	0	155	155	
19	19.25	1	2	6	3	63	9765	64	9920	0.00461227	0.00132047	0.00303547	0.00867851	155	0	155	155	
19	19.25	1	3	3	3	66	10230	65	10075	0.00555108	0.00150353	0.00300428	0.00843887	155	0	155	155	
19	19.25	1	4	4	3	60	9300	60	9300	0.00486891	0.0014352	0.0030087	0.00808078	155	0	155	155	
19	19.25	1	5	1	3	60	9300	60	9300	0.00477065	0.00137415	0.00309898	0.00785187	155	0	155	155	
19.25	19.5	1	1	2	4	66	10230	66	10230	0.00515414	0.00150536	0.00309816	0.00837314	155	0	155	155	
19.25	19.5	1	2	6	3	60	9300	59	9145	0.00472906	0.00145119	0.0030375	0.00811535	155	0	155	155	
19.25	19.5	1	3	3	3	63	9765	65	10075	0.00513132	0.00153223	0.00307259	0.00981884	155	0	155	155	
19.25	19.5	1	4	4	3	66	10230	65	10075	0.0046986	0.00128368	0.00300701	0.0070827	155	0	155	155	
19.25	19.5	1	5	1	3	63	9765	62	9610	0.00513013	0.00160248	0.00302331	0.00821818	155	0	155	155	
19.5	19.75	1	1	2	4	60	9300	61	9455	0.00464876	0.00135916	0.00300541	0.00872428	155	0	155	155	
19.5	19.75	1	2	6	3	63	9765	64	9920	0.00464347	0.0015569	0.00300685	0.00872081	155	0	155	155	
19.5	19.75	1	3	3	3	65	10075	64	9920	0.00473673	0.00142881	0.00302692	0.00795587	155	0	155	155	
19.5	19.75	1	4	4	3	59	9145	60	9300	0.00439633	0.00112997	0.00302453	0.00732231	155	0	155	155	
19.5	19.75	1	5	1	3	65	10075	66	10230	0.00478038	0.00152071	0.00305726	0.00964497	155	0	155	155	
19.75	20	1	1	2	4	63	9765	62	9610	0.00510509	0.00144131	0.00300343	0.00796679	155	0	155	155	
19.75	20	1	2	6	3	57	8835	57	8835	0.00459119	0.00134471	0.00304057	0.00789385	155	0	155	155	
19.75	20	1	3	3	3	62	9610	62	9610	0.0053788	0.00153547	0.00317091	0.00924551	155	0	155	155	
19.75	20	1	4	4	3	61	9455	60	9300	0.00485564	0.00129872	0.00303534	0.00760901	155	0	155	155	
19.75	20	1	5	1	3	59	9145	58	8990	0.00489198	0.00145934	0.00300757	0.00787204	155	0	155	155	
20	20.25	1	1	2	4	59	9145	58	8990	0.00448003	0.00126203	0.00302676	0.00809511	155	0	155	155	
20	20.25	1	2	6	3	59	9145	60	9300	0.00453595	0.00126464	0.00300858	0.00937774	155	0	155	155	
20	20.25	1	3	3	3	63	9765	64	9920	0.00462986	0.00139589	0.00319901	0.00869375	155	0	155	155	
20	20.25	1	4	4	3	58	8990	59	9145	0.00416129	0.00111106	0.00300147	0.00783078	155	0	155	155	
20	20.25	1	5	1	3	62	9610	62	9610	0.00459322	0.00137947	0.00300729	0.00914222	155	0	155	155	
20.25	20.5	1	1	2	4	66	10230	67	10385	0.00513193	0.00144011	0.00313673	0.00923188	155	0	155	155	
20.25	20.5	1	2	6	3	66	10230	65	10075	0.0050696	0.0014456	0.00322286	0.00810824	155	0	155	155	
20.25	20.5	1	3	3	3	65	10075	64	9920	0.00503283	0.00154293	0.00302736	0.00892159	155	0	155	155	
20.25	20.5	1	4	4	3	67	10385	67	10385	0.0053316	0.00137793	0.00302599	0.00792188	155	0	155	155	
20.25	20.5	1	5	1	3	68	10540	69	10695	0.00512116	0.0016027	0.00302425	0.00910323	155	0	155	155	
20.5	20.75	1	1	2	4	64	9920	64	9920	0.00485706	0.00141995	0.00301209	0.00864378	155	0	155	155	
20.5	20.75	1	2	6	3	61	9455	61	9455	0.00450903	0.00134088	0.00300496	0.00781031	155	0	155	155	
20.5	20.75	1	3	3	3	60	9300	60	9300	0.00463434	0.00153979	0.00304302	0.0101684	155	0	155	155	
20.5	20.75	1	4	4	3	63	9765	63	9765	0.00478677	0.00152913	0.00308484	0.00935767	155	0	155	155	
20.5	20.75	1	5	1	3	64	9920	63	9765	0.00482931	0.00139039	0.00311043	0.00787776	155	0	155	155	
20.75	21	1	1	2	4	57	8835	57	8835	0.00419864	0.00119682	0.0030128	0.00774412	155	0	155	155	
20.75	21	1	2	6	3	62	9610	62	9610	0.00496853	0.00146735	0.00307227	0.00940697	155	0	155	155	
20.75	21	1	3	3	3	62	9610	63	9765	0.00489125	0.001547	0.00302129	0.00887017	155	0	155	155	
20.75	21	1	4	4	3	59	9145	58	8990	0.00480632	0.00145242	0.0030227	0.00777791	155	0	155	155	
20.75	21	1	5	1	3	63	9765	63	9765	0.00482682	0.00152756	0.00303791	0.00994437	155	0	155	155	
21	21.25	1	1	2	4	59	9145	60	9300	0.00468514	0.00121053	0.00302369	0.00798285	155	0	155	155	
21	21.25	1	2	6	3	63	9765	63	9765	0.00470156	0.00128582	0.00304301	0.00771581	155	0	155	155	
21	21.25	1	3	3	3	59	9145	57	8835	0.00470446	0.00124935	0.00302888	0.00786276	155	0	155	155	
21	21.25	1	4	4	3	61	9455	63	9765	0.00490341	0.00145225	0.00314976	0.00801702	155	0	155	155	
21	21.25	1	5	1	3	62	9610	63	9765	0.00477349	0.00151519	0.00300034	0.00888842	155	0	155	155	
21.25	21.5	1	1	2	4	61	9455	60	9300	0.00514936	0.00154686	0.00301174	0.009645	155	0	155	155	
21.25	21.5	1	2	6	3	62	9610	63	9765	0.00519687	0.00133377	0.00312488	0.00760676	155	0	155	155	
21.25	21.5	1	3	3	3	62	9610	63	9765	0.00521679	0.00153031	0.00305649	0.00867242	155	0	155	155	
21.25	21.5	1	4	4	3	62	9610	61	9455	0.00531813	0.00173565	0.00300863	0.0125576	155	0	155	155	
21.25	21.5	1	5	1	3	54	8370	54	8370	0.00442342	0.00144782	0.0030209	0.00792563	155	0	155	155	
21.5	21.75	1	1	2	4	65	10075	65	10075	0.00521243	0.0015752	0.00305321	0.00883209	155	0	155	155	
21.5	21.75	1	2	6	3	58	8990	57	8835	0.00475225	0.0014692	0.00302999	0.00894573	155	0	155	155	
21.5	21.75	1	3	3	3	61	9455	62	9610	0.00480165	0.00142634	0.00302944	0.00783625	155	0	155	155	
21.5	21.75	1	4	4	3	58	8990	58	8990	0.00498583	0.00139615	0.0030279	0.00836855	155	0	155	155	
21.5	21.75	1	5	1	3	65	10075	65	10075	0.00500178	0.00131298	0.00314867	0.00840776	155	0	155	155	
21.75	22	1	1	2	4	66	10230	65	10075	0.00490963	0.00149688	0.0030045	0.00906927	155	0	155	155	
21.75	22	1	2	6	3	64	9920	64	9920	0.00495046	0.00145621	0.00312224	0.00853328	155	0	155	155	
21.75	22	1	3	3	3	62	9610	61	9455	0.00508234	0.001316	0.00316243	0.00896638	155	0	155	155	
21.75	22	1	4	4	3	67	10385	67	10385	0.00494723	0.00141155	0.00300488	0.00875519	155	0	155	155	
21.75	22	1	5	1	3	66	10230	66	10230	0.004936	0.00168882	0.00300629	0.0109139	155	0	155	155	
22	22.25	1	1	2	4	58	8990	60	9300	0.00489879	0.00146772	0.00305407	0.00995908	155	0	155	155	
22	22.25	1	2	6	3	59	9145	59	9145	0.00446448	0.0011533	0.00306773	0.00774599	155	0	155	155	
22	22.25	1	3	3	3	62	9610	62	9610	0.00524935	0.00160775	0.0030383	0.0111041	155	0	155	155	
22	22.25	1	4	4	3	61	9455	61	9455	0.00474481	0.00141954	0.0030275	0.00931483	155	0	155	155	
22	22.25	1	5	1	3	62	9610	61	9455	0.00486292	0.00146539	0.00302545	0.00955553	155	0	155	155	
22.25	22.5	1	1	2	4	68	10540	67	10385	0.0052367	0.00177633	0.00302029	0.0127609	155	0	155	155	
22.25	22.5	1	2	6	3	64	9920	65	10075	0.00468246	0.0014447	0.00301307	0.00874114	155	0	155	155	
22.25	22.5	1	3	3	3	63	9765	63	9765	0.00517627	0.00144448	0.00300587	0.00843247	155	0	155	155	
22.25	22.5	1	4	4	3	60	9300	60	9300	0.00451781	0.00128039	0.00306548	0.00772724	155	0	155	155	
22.25	22.5	1	5	1	3	61	9455	63	9765	0.00499104	0.00151769	0.00308317	0.00873005	155	0	155	155	
22.5	22.75	1	1	2	4	58	8990	58	8990	0.00440204	0.00108536	0.00301052	0.00759183	155	0	155	155	
22.5	22.75	1	2	6	3	57	8835	56	8680	0.00435134	0.00129228	0.00307096	0.00799966	155	0	155	155	
22.5	22.75	1	3	3	3	63	9765	64	9920	0.00518284	0.00139302	0.00317007	0.00849863	155	0	155	155	
22.5	22.75	1	4	4	3	61	9455	61	9455	0.00482556	0.00136361	0.00300399	0.00848444	155	0	155	155	
22.5	22.75	1	5	1	3	63	9765	61	9455	0.00500375	0.00146931	0.00301144	0.00832144	155	0	155	155	
22.75	23	1	1	2	4	63	9765	62	9610	0.00465626	0.00152308	0.00300504	0.00824944	155	0	155	155	
22.75	23	1	2	6	3	61	9455	61	9455	0.00459257	0.00158202	0.00301022	0.00920499	155	0	155	155	
22.75	23	1	3	3	3	62	9610	61	9455	0.00472156	0.00132369	0.00300943	0.0086246	155	0	155	155	
22.75	23	1	4	4	3	66	10230	65	10075	0.00486572	0.00156027	0.00311094	0.0105036	155	0	155	155	
22.75	23	1	5	1	3	58	8990	60	9300	0.00466993	0.00148603	0.0030635	0.00902074	155	0	155	155	
23	23.25	1	1	2	4	62	9610	63	9765	0.00470188	0.00144927	0.00302541	0.00924132	155	0	155	155	
23	23.25	1	2	6	3	67	10385	67	10385	0.00491593	0.00149418	0.00305228	0.00895836	155	0	155	155	
23	23.25	1	3	3	3	58	8990	58	8990	0.00487242	0.00133539	0.00300528	0.00804745	155	0	155	155	
23	23.25	1	4	4	3	59	9145	61	9455	0.00465003	0.00123703	0.0030068	0.00786365	155	0	155	155	
23	23.25	1	5	1	3	63	9765	62	9610	0.00424613	0.00102816	0.00302025	0.00700296	155	0	155	155	
