% time	cellId	IMSI	RNTI	layer	mcs	size	rv	ndi	ccId
280	1	2	5	0	28	2196	0	1	0
326	1	5	3	0	28	2196	0	1	0
361	1	3	1	0	28	2196	0	1	0
418	1	5	3	0	28	2196	0	1	0
441	1	2	5	0	28	2196	0	1	0
544	1	5	3	0	28	2196	0	1	0
552	1	1	4	0	28	2196	0	1	0
575	1	2	5	0	28	2196	0	1	0
627	1	5	3	0	28	2196	0	1	0
631	1	3	1	0	28	2196	0	1	0
676	1	1	4	0	28	2196	0	1	0
733	1	3	1	0	28	2196	0	1	0
737	1	5	3	0	28	2196	0	1	0
778	1	3	1	0	28	2196	0	1	0
779	1	5	3	0	28	2196	0	1	0
934	1	2	5	0	28	2196	0	1	0
959	1	1	4	0	28	2196	0	1	0
966	1	4	2	0	28	2196	0	1	0
967	1	3	1	0	28	2196	0	1	0
997	1	3	1	0	28	2196	0	1	0
1107	1	1	4	0	28	2196	0	1	0
1127	1	5	3	0	28	2196	0	1	0
1236	1	5	3	0	28	2196	0	1	0
1250	1	4	2	0	28	2196	0	1	0
1252	1	3	1	0	28	2196	0	1	0
1300	1	2	5	0	28	2196	0	1	0
1345	1	1	4	0	28	2196	0	1	0
1420	1	3	1	0	28	2196	0	1	0
1434	1	1	4	0	28	2196	0	1	0
1509	1	5	3	0	28	2196	0	1	0
1537	1	2	5	0	28	2196	0	1	0
1601	1	3	1	0	28	2196	0	1	0
1632	1	2	5	0	28	2196	0	1	0
1647	1	4	2	0	28	2196	0	1	0
1682	1	3	1	0	28	2196	0	1	0
1771	1	3	1	0	28	2196	0	1	0
1817	1	1	4	0	28	2196	0	1	0
1860	1	5	3	0	28	2196	0	1	0
1877	1	3	1	0	28	2196	0	1	0
1898	1	3	1	0	28	2196	0	1	0
1962	1	3	1	0	28	2196	0	1	0
1997	1	4	2	0	28	2196	0	1	0
2003	1	1	4	0	28	2196	0	1	0
2048	1	5	3	0	28	2196	0	1	0
2091	1	3	1	0	28	2196	0	1	0
2127	1	3	1	0	28	2196	0	1	0
2180	1	2	5	0	28	2196	0	1	0
2270	1	4	2	0	28	2196	0	1	0
2315	1	1	4	0	28	2196	0	1	0
2320	1	5	3	0	28	2196	0	1	0
2412	1	4	2	0	28	2196	0	1	0
2415	1	5	3	0	28	2196	0	1	0
2503	1	3	1	0	28	2196	0	1	0
2519	1	5	3	0	28	2196	0	1	0
2529	1	2	5	0	28	2196	0	1	0
2575	1	3	1	0	28	2196	0	1	0
2611	1	4	2	0	28	2196	0	1	0
2713	1	4	2	0	28	2196	0	1	0
2714	1	3	1	0	28	2196	0	1	0
2751	1	1	4	0	28	2196	0	1	0
2784	1	5	3	0	28	2196	0	1	0
2918	1	4	2	0	28	2196	0	1	0
3058	1	5	3	0	28	2196	0	1	0
3060	1	2	5	0	28	2196	0	1	0
3091	1	4	2	0	28	2196	0	1	0
3107	1	2	5	0	28	2196	0	1	0
3139	1	3	1	0	28	2196	0	1	0
3140	1	2	5	0	28	2196	0	1	0
3231	1	2	5	0	28	2196	0	1	0
3275	1	2	5	0	28	2196	0	1	0
3285	1	1	4	0	28	2196	0	1	0
3464	1	5	3	0	28	2196	0	1	0
3505	1	1	4	0	28	2196	0	1	0
3523	1	4	2	0	28	2196	0	1	0
3574	1	1	4	0	28	2196	0	1	0
3597	1	4	2	0	28	2196	0	1	0
3647	1	4	2	0	28	2196	0	1	0
3675	1	5	3	0	28	2196	0	1	0
3709	1	3	1	0	28	2196	0	1	0
3865	1	5	3	0	28	2196	0	1	0
3873	1	1	4	0	28	2196	0	1	0
3881	1	3	1	0	28	2196	0	1	0
3892	1	2	5	0	28	2196	0	1	0
3954	1	2	5	0	28	2196	0	1	0
3974	1	4	2	0	28	2196	0	1	0
4045	1	1	4	0	28	2196	0	1	0
4046	1	2	5	0	28	2196	0	1	0
4127	1	2	5	0	28	2196	0	1	0
4253	1	2	5	0	28	2196	0	1	0
4258	1	3	1	0	28	2196	0	1	0
4312	1	4	2	0	28	2196	0	1	0
4340	1	5	3	0	28	2196	0	1	0
4410	1	3	1	0	28	2196	0	1	0
4444	1	1	4	0	28	2196	0	1	0
4468	1	2	5	0	28	2196	0	1	0
4469	1	1	4	0	28	2196	0	1	0
4502	1	1	4	0	28	2196	0	1	0
4626	1	5	3	0	28	2196	0	1	0
4645	1	2	5	0	28	2196	0	1	0
4717	1	1	4	0	28	2196	0	1	0
4836	1	2	5	0	28	2196	0	1	0
4858	1	5	3	0	28	2196	0	1	0
4948	1	1	4	0	28	2196	0	1	0
4993	1	1	4	0	28	2196	0	1	0
5043	1	5	3	0	28	2196	0	1	0
5053	1	3	1	0	28	2196	0	1	0
5089	1	4	2	0	28	2196	0	1	0
5127	1	2	5	0	28	2196	0	1	0
5270	1	1	4	0	28	2196	0	1	0
5401	1	5	3	0	28	2196	0	1	0
5404	1	2	5	0	28	2196	0	1	0
5406	1	3	1	0	28	2196	0	1	0
5446	1	4	2	0	28	2196	0	1	0
5531	1	1	4	0	28	2196	0	1	0
5558	1	2	5	0	28	2196	0	1	0
5570	1	1	4	0	28	2196	0	1	0
5610	1	3	1	0	28	2196	0	1	0
5651	1	2	5	0	28	2196	0	1	0
5662	1	5	3	0	28	2196	0	1	0
5742	1	1	4	0	28	2196	0	1	0
5759	1	3	1	0	28	2196	0	1	0
5794	1	4	2	0	28	2196	0	1	0
5799	1	5	3	0	28	2196	0	1	0
5936	1	5	3	0	28	2196	0	1	0
5947	1	1	4	0	28	2196	0	1	0
6028	1	1	4	0	28	2196	0	1	0
6077	1	5	3	0	28	2196	0	1	0
6086	1	2	5	0	28	2196	0	1	0
6091	1	1	4	0	28	2196	0	1	0
6149	1	1	4	0	28	2196	0	1	0
6152	1	3	1	0	28	2196	0	1	0
6158	1	5	3	0	28	2196	0	1	0
6222	1	4	2	0	28	2196	0	1	0
6230	1	1	4	0	28	2196	0	1	0
6263	1	3	1	0	28	2196	0	1	0
6314	1	2	5	0	28	2196	0	1	0
6331	1	5	3	0	28	2196	0	1	0
6378	1	3	1	0	28	2196	0	1	0
6399	1	1	4	0	28	2196	0	1	0
6413	1	2	5	0	28	2196	0	1	0
6557	1	2	5	0	28	2196	0	1	0
6593	1	4	2	0	28	2196	0	1	0
6629	1	4	2	0	28	2196	0	1	0
6701	1	3	1	0	28	2196	0	1	0
6721	1	2	5	0	28	2196	0	1	0
6725	1	5	3	0	28	2196	0	1	0
6726	1	3	1	0	28	2196	0	1	0
6733	1	5	3	0	28	2196	0	1	0
6801	1	2	5	0	28	2196	0	1	0
6810	1	1	4	0	28	2196	0	1	0
6811	1	4	2	0	28	2196	0	1	0
6887	1	1	4	0	28	2196	0	1	0
6898	1	5	3	0	28	2196	0	1	0
6904	1	4	2	0	28	2196	0	1	0
6969	1	1	4	0	28	2196	0	1	0
6988	1	5	3	0	28	2196	0	1	0
6990	1	2	5	0	28	2196	0	1	0
6993	1	5	3	0	28	2196	0	1	0
7029	1	4	2	0	28	2196	0	1	0
7051	1	5	3	0	28	2196	0	1	0
7090	1	1	4	0	28	2196	0	1	0
7150	1	4	2	0	28	2196	0	1	0
7211	1	5	3	0	28	2196	0	1	0
7256	1	2	5	0	28	2196	0	1	0
7274	1	5	3	0	28	2196	0	1	0
7276	1	1	4	0	28	2196	0	1	0
7327	1	4	2	0	28	2196	0	1	0
7375	1	3	1	0	28	2196	0	1	0
7426	1	5	3	0	28	2196	0	1	0
7433	1	4	2	0	28	2196	0	1	0
7443	1	1	4	0	28	2196	0	1	0
7497	1	3	1	0	28	2196	0	1	0
7502	1	2	5	0	28	2196	0	1	0
7611	1	2	5	0	28	2196	0	1	0
7644	1	5	3	0	28	2196	0	1	0
7655	1	3	1	0	28	2196	0	1	0
7659	1	2	5	0	28	2196	0	1	0
7823	1	5	3	0	28	2196	0	1	0
7846	1	2	5	0	28	2196	0	1	0
7865	1	1	4	0	28	2196	0	1	0
7894	1	3	1	0	28	2196	0	1	0
8007	1	1	4	0	28	2196	0	1	0
8009	1	4	2	0	28	2196	0	1	0
8015	1	5	3	0	28	2196	0	1	0
8032	1	1	4	0	28	2196	0	1	0
8156	1	2	5	0	28	2196	0	1	0
8172	1	4	2	0	28	2196	0	1	0
8246	1	1	4	0	28	2196	0	1	0
8272	1	3	1	0	28	2196	0	1	0
8310	1	2	5	0	28	2196	0	1	0
8342	1	5	3	0	28	2196	0	1	0
8450	1	2	5	0	28	2196	0	1	0
8473	1	5	3	0	28	2196	0	1	0
8580	1	2	5	0	28	2196	0	1	0
8610	1	1	4	0	28	2196	0	1	0
8620	1	5	3	0	28	2196	0	1	0
8632	1	2	5	0	28	2196	0	1	0
8645	1	3	1	0	28	2196	0	1	0
8652	1	4	2	0	28	2196	0	1	0
8748	1	3	1	0	28	2196	0	1	0
8803	1	2	5	0	28	2196	0	1	0
8807	1	1	4	0	28	2196	0	1	0
8809	1	3	1	0	28	2196	0	1	0
8817	1	4	2	0	28	2196	0	1	0
8865	1	2	5	0	28	2196	0	1	0
8880	1	5	3	0	28	2196	0	1	0
8946	1	1	4	0	28	2196	0	1	0
8996	1	3	1	0	28	2196	0	1	0
8998	1	1	4	0	28	2196	0	1	0
9013	1	4	2	0	28	2196	0	1	0
9018	1	1	4	0	28	2196	0	1	0
9060	1	2	5	0	28	2196	0	1	0
9075	1	3	1	0	28	2196	0	1	0
9102	1	5	3	0	28	2196	0	1	0
9144	1	4	2	0	28	2196	0	1	0
9176	1	4	2	0	28	2196	0	1	0
9185	1	1	4	0	28	2196	0	1	0
9202	1	5	3	0	28	2196	0	1	0
9252	1	2	5	0	28	2196	0	1	0
9262	1	1	4	0	28	2196	0	1	0
9387	1	2	5	0	28	2196	0	1	0
9489	1	3	1	0	28	2196	0	1	0
9492	1	1	4	0	28	2196	0	1	0
9548	1	3	1	0	28	2196	0	1	0
9556	1	1	4	0	28	2196	0	1	0
9630	1	2	5	0	28	2196	0	1	0
9722	1	3	1	0	28	2196	0	1	0
9732	1	2	5	0	28	2196	0	1	0
9789	1	4	2	0	28	2196	0	1	0
9918	1	4	2	0	28	2196	0	1	0
9931	1	5	3	0	28	2196	0	1	0
10059	1	1	4	0	28	2196	0	1	0
10105	1	2	5	0	28	2196	0	1	0
10125	1	1	4	0	28	2196	0	1	0
10266	1	1	4	0	28	2196	0	1	0
10389	1	3	1	0	28	2196	0	1	0
10439	1	3	1	0	28	2196	0	1	0
10480	1	2	5	0	28	2196	0	1	0
10577	1	3	1	0	28	2196	0	1	0
10585	1	4	2	0	28	2196	0	1	0
10596	1	1	4	0	28	2196	0	1	0
10631	1	5	3	0	28	2196	0	1	0
10651	1	3	1	0	28	2196	0	1	0
10677	1	4	2	0	28	2196	0	1	0
10682	1	3	1	0	28	2196	0	1	0
10803	1	4	2	0	28	2196	0	1	0
10835	1	2	5	0	28	2196	0	1	0
10869	1	5	3	0	28	2196	0	1	0
10921	1	3	1	0	28	2196	0	1	0
10994	1	1	4	0	28	2196	0	1	0
11049	1	4	2	0	28	2196	0	1	0
11085	1	2	5	0	28	2196	0	1	0
11176	1	2	5	0	28	2196	0	1	0
11217	1	3	1	0	28	2196	0	1	0
11255	1	3	1	0	28	2196	0	1	0
11256	1	1	4	0	28	2196	0	1	0
11314	1	4	2	0	28	2196	0	1	0
11333	1	1	4	0	28	2196	0	1	0
11379	1	5	3	0	28	2196	0	1	0
11388	1	3	1	0	28	2196	0	1	0
11393	1	1	4	0	28	2196	0	1	0
11421	1	2	5	0	28	2196	0	1	0
11454	1	1	4	0	28	2196	0	1	0
11564	1	5	3	0	28	2196	0	1	0
11593	1	1	4	0	28	2196	0	1	0
11621	1	2	5	0	28	2196	0	1	0
11640	1	4	2	0	28	2196	0	1	0
11692	1	1	4	0	28	2196	0	1	0
11791	1	5	3	0	28	2196	0	1	0
11812	1	2	5	0	28	2196	0	1	0
11933	1	2	5	0	28	2196	0	1	0
11958	1	4	2	0	28	2196	0	1	0
11990	1	5	3	0	28	2196	0	1	0
12076	1	2	5	0	28	2196	0	1	0
12109	1	3	1	0	28	2196	0	1	0
12189	1	5	3	0	28	2196	0	1	0
12212	1	1	4	0	28	2196	0	1	0
12276	1	4	2	0	28	2196	0	1	0
12282	1	5	3	0	28	2196	0	1	0
12304	1	2	5	0	28	2196	0	1	0
12364	1	1	4	0	28	2196	0	1	0
12397	1	5	3	0	28	2196	0	1	0
12569	1	1	4	0	28	2196	0	1	0
12598	1	1	4	0	28	2196	0	1	0
12624	1	3	1	0	28	2196	0	1	0
12680	1	2	5	0	28	2196	0	1	0
12724	1	5	3	0	28	2196	0	1	0
12754	1	4	2	0	28	2196	0	1	0
12864	1	3	1	0	28	2196	0	1	0
12867	1	1	4	0	28	2196	0	1	0
13006	1	2	5	0	28	2196	0	1	0
13162	1	5	3	0	28	2196	0	1	0
13173	1	4	2	0	28	2196	0	1	0
13187	1	2	5	0	28	2196	0	1	0
13210	1	4	2	0	28	2196	0	1	0
13222	1	4	2	0	28	2196	0	1	0
13229	1	3	1	0	28	2196	0	1	0
13244	1	4	2	0	28	2196	0	1	0
13250	1	3	1	0	28	2196	0	1	0
13353	1	3	1	0	28	2196	0	1	0
13366	1	2	5	0	28	2196	0	1	0
13397	1	5	3	0	28	2196	0	1	0
13429	1	4	2	0	28	2196	0	1	0
13465	1	2	5	0	28	2196	0	1	0
13472	1	3	1	0	28	2196	0	1	0
13511	1	3	1	0	28	2196	0	1	0
13543	1	1	4	0	28	2196	0	1	0
13549	1	4	2	0	28	2196	0	1	0
13732	1	2	5	0	28	2196	0	1	0
13755	1	5	3	0	28	2196	0	1	0
13811	1	2	5	0	28	2196	0	1	0
13818	1	1	4	0	28	2196	0	1	0
13833	1	4	2	0	28	2196	0	1	0
13847	1	3	1	0	28	2196	0	1	0
13896	1	3	1	0	28	2196	0	1	0
13963	1	2	5	0	28	2196	0	1	0
13992	1	3	1	0	28	2196	0	1	0
14088	1	4	2	0	28	2196	0	1	0
14161	1	2	5	0	28	2196	0	1	0
14204	1	1	4	0	28	2196	0	1	0
14263	1	3	1	0	28	2196	0	1	0
14289	1	4	2	0	28	2196	0	1	0
14356	1	1	4	0	28	2196	0	1	0
14365	1	4	2	0	28	2196	0	1	0
14417	1	4	2	0	28	2196	0	1	0
14423	1	1	4	0	28	2196	0	1	0
14462	1	1	4	0	28	2196	0	1	0
14469	1	3	1	0	28	2196	0	1	0
14494	1	3	1	0	28	2196	0	1	0
14521	1	3	1	0	28	2196	0	1	0
14527	1	4	2	0	28	2196	0	1	0
14539	1	2	5	0	28	2196	0	1	0
14574	1	1	4	0	28	2196	0	1	0
14649	1	5	3	0	28	2196	0	1	0
14682	1	2	5	0	28	2196	0	1	0
14699	1	3	1	0	28	2196	0	1	0
14850	1	5	3	0	28	2196	0	1	0
14890	1	5	3	0	28	2196	0	1	0
14907	1	3	1	0	28	2196	0	1	0
15013	1	5	3	0	28	2196	0	1	0
15019	1	4	2	0	28	2196	0	1	0
15049	1	3	1	0	28	2196	0	1	0
15052	1	5	3	0	28	2196	0	1	0
