% start	end	CellId	IMSI	RNTI	LCID	nTxPDUs	TxBytes	nRxPDUs	RxBytes	delay	stdDev	min	max	PduSize	stdDev	min	max
0	0.25	1	1	3	4	1	155	1	155	0.00355992	0	0.00355992	0.00355992	155	0	155	155	
0	0.25	1	3	16	3	1	155	1	155	0.0030792	0	0.0030792	0.0030792	155	0	155	155	
0	0.25	1	4	11	3	1	155	1	155	0.00320865	0	0.00320865	0.00320865	155	0	155	155	
0	0.25	1	8	2	3	1	155	1	155	0.00307618	0	0.00307618	0.00307618	155	0	155	155	
0	0.25	1	10	4	3	1	155	1	155	0.00349062	0	0.00349062	0.00349062	155	0	155	155	
0.25	0.5	1	2	15	3	1	155	1	155	0.00325538	0	0.00325538	0.00325538	155	0	155	155	
0.25	0.5	1	3	16	3	3	465	3	465	0.00344672	0.000366112	0.00307983	0.00381205	155	0	155	155	
0.25	0.5	1	5	1	3	2	310	2	310	0.00351551	0.000553503	0.00312412	0.0039069	155	0	155	155	
0.25	0.5	1	9	9	3	1	155	0	0	0	0	0	0	0	0	0	0	
0.25	0.5	1	10	4	3	2	310	2	310	0.0032711	0.000120222	0.0031861	0.00335611	155	0	155	155	
0.5	0.75	1	1	3	4	4	620	4	620	0.00318528	0.000115359	0.00309711	0.00335476	155	0	155	155	
0.5	0.75	1	2	15	3	2	310	2	310	0.00344881	0.000618204	0.00301168	0.00388595	155	0	155	155	
0.5	0.75	1	3	16	3	1	155	1	155	0.00398649	0	0.00398649	0.00398649	155	0	155	155	
0.5	0.75	1	4	11	3	1	155	1	155	0.00381183	0	0.00381183	0.00381183	155	0	155	155	
0.5	0.75	1	6	12	3	1	155	1	155	0.00332961	0	0.00332961	0.00332961	155	0	155	155	
0.5	0.75	1	7	10	3	1	155	1	155	0.00312657	0	0.00312657	0.00312657	155	0	155	155	
0.5	0.75	1	8	2	3	2	310	2	310	0.00336706	6.99527e-05	0.0033176	0.00341653	155	0	155	155	
0.5	0.75	1	10	4	3	1	155	1	155	0.00317403	0	0.00317403	0.00317403	155	0	155	155	
0.5	0.75	1	9	9	3	0	0	1	155	0.00331655	0	0.00331655	0.00331655	155	0	155	155	
0.75	1	1	1	3	4	2	310	2	310	0.00378121	0.000175514	0.00365711	0.00390532	155	0	155	155	
0.75	1	1	2	15	3	2	310	1	155	0.00356	0	0.00356	0.00356	155	0	155	155	
0.75	1	1	3	16	3	3	465	3	465	0.00340716	0.000241997	0.00316945	0.00365323	155	0	155	155	
0.75	1	1	4	11	3	1	155	1	155	0.00394591	0	0.00394591	0.00394591	155	0	155	155	
0.75	1	1	6	12	3	1	155	1	155	0.00347543	0	0.00347543	0.00347543	155	0	155	155	
0.75	1	1	7	10	3	2	310	2	310	0.00352472	6.66165e-05	0.00347761	0.00357182	155	0	155	155	
0.75	1	1	8	2	3	1	155	1	155	0.00398952	0	0.00398952	0.00398952	155	0	155	155	
0.75	1	1	9	9	3	2	310	2	310	0.00320672	0.000288389	0.00300279	0.00341064	155	0	155	155	
0.75	1	1	10	4	3	2	310	2	310	0.00345079	0.000459373	0.00312596	0.00377561	155	0	155	155	
1	1.25	1	1	3	4	1	155	1	155	0.00304081	0	0.00304081	0.00304081	155	0	155	155	
1	1.25	1	2	15	3	1	155	2	310	0.00324251	0.000327907	0.00301065	0.00347438	155	0	155	155	
1	1.25	1	3	16	3	1	155	1	155	0.00369204	0	0.00369204	0.00369204	155	0	155	155	
1	1.25	1	4	11	3	2	310	2	310	0.0031205	0.00011018	0.00304259	0.00319841	155	0	155	155	
1	1.25	1	5	1	3	2	310	2	310	0.00383446	5.46311e-06	0.00383059	0.00383832	155	0	155	155	
1	1.25	1	6	12	3	1	155	1	155	0.0037129	0	0.0037129	0.0037129	155	0	155	155	
1	1.25	1	7	10	3	1	155	1	155	0.00314316	0	0.00314316	0.00314316	155	0	155	155	
1	1.25	1	8	2	3	3	465	3	465	0.00352772	0.000146932	0.00336368	0.00364725	155	0	155	155	
1	1.25	1	9	9	3	1	155	1	155	0.00352088	0	0.00352088	0.00352088	155	0	155	155	
1	1.25	1	10	4	3	2	310	2	310	0.00353568	0.000106665	0.00346026	0.0036111	155	0	155	155	
1.25	1.5	1	1	3	4	1	155	1	155	0.003343	0	0.003343	0.003343	155	0	155	155	
1.25	1.5	1	2	15	3	1	155	1	155	0.00362273	0	0.00362273	0.00362273	155	0	155	155	
1.25	1.5	1	4	11	3	1	155	1	155	0.00306221	0	0.00306221	0.00306221	155	0	155	155	
1.25	1.5	1	5	1	3	2	310	2	310	0.00369434	0.000168958	0.00357487	0.00381381	155	0	155	155	
1.25	1.5	1	6	12	3	1	155	1	155	0.00395087	0	0.00395087	0.00395087	155	0	155	155	
1.25	1.5	1	7	10	3	1	155	1	155	0.00358713	0	0.00358713	0.00358713	155	0	155	155	
1.25	1.5	1	8	2	3	1	155	1	155	0.00413421	0	0.00413421	0.00413421	155	0	155	155	
1.25	1.5	1	9	9	3	2	310	2	310	0.00343701	0.000125439	0.00334831	0.00352571	155	0	155	155	
1.25	1.5	1	10	4	3	1	155	1	155	0.00347442	0	0.00347442	0.00347442	155	0	155	155	
1.5	1.75	1	1	3	4	1	155	1	155	0.00309577	0	0.00309577	0.00309577	155	0	155	155	
1.5	1.75	1	2	15	3	1	155	1	155	0.00308271	0	0.00308271	0.00308271	155	0	155	155	
1.5	1.75	1	3	16	3	1	155	1	155	0.00351044	0	0.00351044	0.00351044	155	0	155	155	
1.5	1.75	1	5	1	3	1	155	1	155	0.00320862	0	0.00320862	0.00320862	155	0	155	155	
1.5	1.75	1	7	10	3	2	310	2	310	0.00319521	0.000141493	0.00309515	0.00329526	155	0	155	155	
1.5	1.75	1	8	2	3	1	155	1	155	0.00310054	0	0.00310054	0.00310054	155	0	155	155	
1.5	1.75	1	10	4	3	2	310	2	310	0.00364606	0.00026402	0.00345937	0.00383275	155	0	155	155	
1.75	2	1	2	15	3	2	310	2	310	0.0032566	0.000317232	0.00303228	0.00348092	155	0	155	155	
1.75	2	1	3	16	3	1	155	1	155	0.00363275	0	0.00363275	0.00363275	155	0	155	155	
1.75	2	1	4	11	3	2	310	2	310	0.00341512	6.95708e-05	0.00336593	0.00346432	155	0	155	155	
1.75	2	1	5	1	3	2	310	2	310	0.00361304	0.000227401	0.00345224	0.00377383	155	0	155	155	
1.75	2	1	6	12	3	2	310	2	310	0.0037651	7.76764e-05	0.00371017	0.00382002	155	0	155	155	
1.75	2	1	7	10	3	2	310	2	310	0.00361871	0.000110332	0.00354069	0.00369673	155	0	155	155	
1.75	2	1	8	2	3	1	155	1	155	0.00350396	0	0.00350396	0.00350396	155	0	155	155	
1.75	2	1	9	9	3	1	155	1	155	0.00392021	0	0.00392021	0.00392021	155	0	155	155	
1.75	2	1	10	4	3	1	155	1	155	0.0032371	0	0.0032371	0.0032371	155	0	155	155	
2	2.25	1	1	3	4	2	310	2	310	0.00357399	0.000178465	0.0034478	0.00370018	155	0	155	155	
2	2.25	1	2	15	3	1	155	1	155	0.00372973	0	0.00372973	0.00372973	155	0	155	155	
2	2.25	1	4	11	3	1	155	1	155	0.00340944	0	0.00340944	0.00340944	155	0	155	155	
2	2.25	1	6	12	3	3	465	3	465	0.00352704	0.00039027	0.00308352	0.00381789	155	0	155	155	
2	2.25	1	7	10	3	1	155	1	155	0.00374465	0	0.00374465	0.00374465	155	0	155	155	
2	2.25	1	8	2	3	1	155	1	155	0.00355933	0	0.00355933	0.00355933	155	0	155	155	
2	2.25	1	9	9	3	1	155	1	155	0.00388818	0	0.00388818	0.00388818	155	0	155	155	
2	2.25	1	10	4	3	2	310	2	310	0.00358593	0.00050228	0.00323077	0.0039411	155	0	155	155	
2.25	2.5	1	2	15	3	1	155	1	155	0.00389033	0	0.00389033	0.00389033	155	0	155	155	
2.25	2.5	1	5	1	3	1	155	1	155	0.0034989	0	0.0034989	0.0034989	155	0	155	155	
2.25	2.5	1	6	12	3	1	155	1	155	0.00397756	0	0.00397756	0.00397756	155	0	155	155	
2.25	2.5	1	7	10	3	1	155	1	155	0.00334927	0	0.00334927	0.00334927	155	0	155	155	
2.25	2.5	1	8	2	3	3	465	3	465	0.00359338	0.000370884	0.00320334	0.00394155	155	0	155	155	
2.25	2.5	1	9	9	3	2	310	2	310	0.00361549	0.000166801	0.00349755	0.00373344	155	0	155	155	
2.5	2.75	1	1	3	4	1	155	1	155	0.00379272	0	0.00379272	0.00379272	155	0	155	155	
2.5	2.75	1	2	15	3	1	155	1	155	0.00399351	0	0.00399351	0.00399351	155	0	155	155	
2.5	2.75	1	3	16	3	1	155	1	155	0.00349799	0	0.00349799	0.00349799	155	0	155	155	
2.5	2.75	1	6	12	3	3	465	3	465	0.00339287	0.000247069	0.00312626	0.00361411	155	0	155	155	
2.5	2.75	1	7	10	3	1	155	1	155	0.00357148	0	0.00357148	0.00357148	155	0	155	155	
2.5	2.75	1	8	2	3	1	155	1	155	0.00351488	0	0.00351488	0.00351488	155	0	155	155	
2.5	2.75	1	9	9	3	1	155	1	155	0.00389275	0	0.00389275	0.00389275	155	0	155	155	
2.5	2.75	1	10	4	3	1	155	1	155	0.00398049	0	0.00398049	0.00398049	155	0	155	155	
2.75	3	1	1	3	4	1	155	1	155	0.00394842	0	0.00394842	0.00394842	155	0	155	155	
2.75	3	1	2	15	3	1	155	1	155	0.00314348	0	0.00314348	0.00314348	155	0	155	155	
2.75	3	1	3	16	3	2	310	2	310	0.00369299	0.000235452	0.0035265	0.00385948	155	0	155	155	
2.75	3	1	4	11	3	1	155	1	155	0.00320005	0	0.00320005	0.00320005	155	0	155	155	
2.75	3	1	6	12	3	2	310	2	310	0.0040175	0.00058189	0.00360604	0.00442896	155	0	155	155	
2.75	3	1	7	10	3	1	155	1	155	0.00302179	0	0.00302179	0.00302179	155	0	155	155	
2.75	3	1	8	2	3	2	310	2	310	0.00349419	0.000152201	0.00338657	0.00360181	155	0	155	155	
2.75	3	1	9	9	3	2	310	2	310	0.00311336	0.000114311	0.00303253	0.00319418	155	0	155	155	
2.75	3	1	10	4	3	2	310	2	310	0.00372852	4.51198e-05	0.00369662	0.00376043	155	0	155	155	
3	3.25	1	1	3	4	2	310	2	310	0.00353694	0.000107731	0.00346076	0.00361312	155	0	155	155	
3	3.25	1	2	15	3	2	310	2	310	0.00371074	0.000330301	0.00347718	0.0039443	155	0	155	155	
3	3.25	1	3	16	3	1	155	1	155	0.00335442	0	0.00335442	0.00335442	155	0	155	155	
3	3.25	1	4	11	3	1	155	1	155	0.00322116	0	0.00322116	0.00322116	155	0	155	155	
3	3.25	1	5	1	3	2	310	2	310	0.00360478	2.53533e-05	0.00358685	0.00362271	155	0	155	155	
3	3.25	1	7	10	3	2	310	2	310	0.0030942	2.11276e-05	0.00307926	0.00310914	155	0	155	155	
3	3.25	1	8	2	3	1	155	1	155	0.00326563	0	0.00326563	0.00326563	155	0	155	155	
3.25	3.5	1	1	3	4	2	310	2	310	0.00344503	7.56569e-05	0.00339153	0.00349853	155	0	155	155	
3.25	3.5	1	2	15	3	1	155	1	155	0.00378667	0	0.00378667	0.00378667	155	0	155	155	
3.25	3.5	1	3	16	3	1	155	1	155	0.00350248	0	0.00350248	0.00350248	155	0	155	155	
3.25	3.5	1	4	11	3	3	465	3	465	0.00363302	0.000455185	0.00311808	0.00398169	155	0	155	155	
3.25	3.5	1	5	1	3	1	155	1	155	0.00499085	0	0.00499085	0.00499085	155	0	155	155	
3.25	3.5	1	6	12	3	1	155	1	155	0.00328927	0	0.00328927	0.00328927	155	0	155	155	
3.25	3.5	1	7	10	3	1	155	1	155	0.00340037	0	0.00340037	0.00340037	155	0	155	155	
3.25	3.5	1	9	9	3	2	310	2	310	0.003206	0.000239389	0.00303673	0.00337527	155	0	155	155	
3.25	3.5	1	10	4	3	1	155	1	155	0.00330035	0	0.00330035	0.00330035	155	0	155	155	
3.5	3.75	1	1	3	4	1	155	1	155	0.00322816	0	0.00322816	0.00322816	155	0	155	155	
3.5	3.75	1	2	15	3	2	310	2	310	0.00354826	0.000312741	0.00332712	0.0037694	155	0	155	155	
3.5	3.75	1	3	16	3	1	155	1	155	0.00314926	0	0.00314926	0.00314926	155	0	155	155	
3.5	3.75	1	4	11	3	1	155	1	155	0.00380128	0	0.00380128	0.00380128	155	0	155	155	
3.5	3.75	1	5	1	3	2	310	2	310	0.00319163	0.00012451	0.00310358	0.00327967	155	0	155	155	
3.5	3.75	1	6	12	3	2	310	2	310	0.00364964	6.63443e-05	0.00360273	0.00369655	155	0	155	155	
3.5	3.75	1	7	10	3	2	310	2	310	0.00318729	0.000103767	0.00311391	0.00326066	155	0	155	155	
3.5	3.75	1	8	2	3	1	155	1	155	0.00322386	0	0.00322386	0.00322386	155	0	155	155	
3.5	3.75	1	10	4	3	2	310	2	310	0.00366106	0.000198268	0.00352086	0.00380126	155	0	155	155	
3.75	4	1	1	3	4	2	310	2	310	0.00321758	0.000134701	0.00312233	0.00331283	155	0	155	155	
3.75	4	1	2	15	3	2	310	2	310	0.00377078	5.97406e-05	0.00372854	0.00381302	155	0	155	155	
3.75	4	1	3	16	3	2	310	2	310	0.00355515	0.000183124	0.00342566	0.00368463	155	0	155	155	
3.75	4	1	4	11	3	2	310	2	310	0.00344425	0.000384518	0.00317236	0.00371615	155	0	155	155	
3.75	4	1	6	12	3	1	155	1	155	0.00307108	0	0.00307108	0.00307108	155	0	155	155	
3.75	4	1	7	10	3	1	155	1	155	0.00379855	0	0.00379855	0.00379855	155	0	155	155	
3.75	4	1	8	2	3	2	310	2	310	0.00384555	3.16232e-05	0.00382319	0.00386791	155	0	155	155	
3.75	4	1	9	9	3	1	155	1	155	0.00320653	0	0.00320653	0.00320653	155	0	155	155	
3.75	4	1	10	4	3	1	155	1	155	0.00380007	0	0.00380007	0.00380007	155	0	155	155	
4	4.25	1	1	3	4	1	155	1	155	0.00378318	0	0.00378318	0.00378318	155	0	155	155	
4	4.25	1	2	15	3	2	310	2	310	0.00320807	0.000193769	0.00307106	0.00334509	155	0	155	155	
4	4.25	1	3	16	3	2	310	2	310	0.00419956	0.000853995	0.00359569	0.00480342	155	0	155	155	
4	4.25	1	4	11	3	2	310	2	310	0.0038073	1.51922e-05	0.00379656	0.00381804	155	0	155	155	
4	4.25	1	5	1	3	4	620	4	620	0.00385556	0.000426956	0.00354762	0.00446883	155	0	155	155	
4	4.25	1	7	10	3	1	155	1	155	0.00301054	0	0.00301054	0.00301054	155	0	155	155	
4	4.25	1	8	2	3	2	310	2	310	0.00381531	0.000399993	0.00353247	0.00409815	155	0	155	155	
4	4.25	1	9	9	3	3	465	3	465	0.00388217	8.7635e-05	0.00380731	0.00397856	155	0	155	155	
4	4.25	1	10	4	3	2	310	2	310	0.00353738	0.000303784	0.00332257	0.00375218	155	0	155	155	
4.25	4.5	1	2	15	3	1	155	1	155	0.0034288	0	0.0034288	0.0034288	155	0	155	155	
4.25	4.5	1	3	16	3	1	155	1	155	0.00386209	0	0.00386209	0.00386209	155	0	155	155	
4.25	4.5	1	4	11	3	1	155	1	155	0.00342395	0	0.00342395	0.00342395	155	0	155	155	
4.25	4.5	1	5	1	3	2	310	2	310	0.00325299	0.00013133	0.00316012	0.00334585	155	0	155	155	
4.25	4.5	1	7	10	3	1	155	1	155	0.00390427	0	0.00390427	0.00390427	155	0	155	155	
4.25	4.5	1	9	9	3	1	155	1	155	0.0044182	0	0.0044182	0.0044182	155	0	155	155	
4.5	4.75	1	1	3	4	2	310	2	310	0.00354255	0.000137488	0.00344533	0.00363977	155	0	155	155	
4.5	4.75	1	2	15	3	2	310	2	310	0.00358047	7.28829e-05	0.00352894	0.00363201	155	0	155	155	
4.5	4.75	1	3	16	3	1	155	1	155	0.00338653	0	0.00338653	0.00338653	155	0	155	155	
4.5	4.75	1	6	12	3	2	310	2	310	0.00351533	0.000168706	0.00339604	0.00363463	155	0	155	155	
4.5	4.75	1	7	10	3	1	155	1	155	0.00309202	0	0.00309202	0.00309202	155	0	155	155	
4.5	4.75	1	8	2	3	1	155	1	155	0.00317506	0	0.00317506	0.00317506	155	0	155	155	
4.5	4.75	1	9	9	3	2	310	2	310	0.00388126	0.000158437	0.00376923	0.0039933	155	0	155	155	
4.5	4.75	1	10	4	3	1	155	1	155	0.00366852	0	0.00366852	0.00366852	155	0	155	155	
4.75	5	1	2	15	3	1	155	1	155	0.00367373	0	0.00367373	0.00367373	155	0	155	155	
4.75	5	1	3	16	3	1	155	1	155	0.00379309	0	0.00379309	0.00379309	155	0	155	155	
4.75	5	1	4	11	3	1	155	1	155	0.00374308	0	0.00374308	0.00374308	155	0	155	155	
4.75	5	1	5	1	3	2	310	2	310	0.00344823	7.50226e-05	0.00339518	0.00350128	155	0	155	155	
4.75	5	1	6	12	3	3	465	3	465	0.00384475	0.000647167	0.00320405	0.0044982	155	0	155	155	
4.75	5	1	7	10	3	2	310	2	310	0.00315648	6.23902e-05	0.00311236	0.0032006	155	0	155	155	
4.75	5	1	8	2	3	3	465	3	465	0.00357387	0.000117313	0.00348788	0.00370751	155	0	155	155	
4.75	5	1	10	4	3	2	310	2	310	0.00347204	0.000308763	0.00325371	0.00369037	155	0	155	155	
5	5.25	1	1	3	4	1	155	1	155	0.00381025	0	0.00381025	0.00381025	155	0	155	155	
5	5.25	1	2	15	3	2	310	2	310	0.00361028	9.18256e-05	0.00354535	0.00367521	155	0	155	155	
5	5.25	1	3	16	3	3	465	3	465	0.00357565	0.00037633	0.00314595	0.00384658	155	0	155	155	
5	5.25	1	4	11	3	1	155	1	155	0.00326113	0	0.00326113	0.00326113	155	0	155	155	
5	5.25	1	5	1	3	2	310	2	310	0.00368521	0.000637074	0.00323474	0.00413569	155	0	155	155	
5	5.25	1	6	12	3	2	310	2	310	0.00411337	0.000236948	0.00394583	0.00428092	155	0	155	155	
5	5.25	1	7	10	3	2	310	2	310	0.00350254	0.000281843	0.00330325	0.00370183	155	0	155	155	
5	5.25	1	8	2	3	1	155	1	155	0.00385216	0	0.00385216	0.00385216	155	0	155	155	
5	5.25	1	9	9	3	2	310	2	310	0.00310777	4.10313e-05	0.00307876	0.00313679	155	0	155	155	
5	5.25	1	10	4	3	1	155	1	155	0.00324894	0	0.00324894	0.00324894	155	0	155	155	
5.25	5.5	1	2	15	3	1	155	1	155	0.00389428	0	0.00389428	0.00389428	155	0	155	155	
5.25	5.5	1	3	16	3	1	155	1	155	0.00333306	0	0.00333306	0.00333306	155	0	155	155	
5.25	5.5	1	4	11	3	2	310	2	310	0.00363341	0.000420313	0.00333621	0.00393062	155	0	155	155	
5.25	5.5	1	5	1	3	1	155	1	155	0.00367171	0	0.00367171	0.00367171	155	0	155	155	
5.25	5.5	1	6	12	3	2	310	2	310	0.00315206	4.91927e-05	0.00311727	0.00318684	155	0	155	155	
5.25	5.5	1	7	10	3	1	155	1	155	0.00413238	0	0.00413238	0.00413238	155	0	155	155	
5.25	5.5	1	8	2	3	1	155	1	155	0.00349903	0	0.00349903	0.00349903	155	0	155	155	
5.25	5.5	1	9	9	3	1	155	1	155	0.00372064	0	0.00372064	0.00372064	155	0	155	155	
5.25	5.5	1	10	4	3	2	310	2	310	0.00338162	0.000309115	0.00316304	0.00360019	155	0	155	155	
5.5	5.75	1	1	3	4	2	310	2	310	0.00335112	0.000472247	0.00301719	0.00368505	155	0	155	155	
5.5	5.75	1	2	15	3	1	155	1	155	0.00362413	0	0.00362413	0.00362413	155	0	155	155	
5.5	5.75	1	3	16	3	1	155	1	155	0.00362982	0	0.00362982	0.00362982	155	0	155	155	
5.5	5.75	1	4	11	3	1	155	1	155	0.0032677	0	0.0032677	0.0032677	155	0	155	155	
5.5	5.75	1	6	12	3	1	155	1	155	0.00305538	0	0.00305538	0.00305538	155	0	155	155	
5.5	5.75	1	7	10	3	2	310	2	310	0.00336004	4.47019e-05	0.00332843	0.00339165	155	0	155	155	
5.5	5.75	1	8	2	3	2	310	2	310	0.00353826	0.000101561	0.00346644	0.00361007	155	0	155	155	
5.5	5.75	1	9	9	3	3	465	3	465	0.00340655	0.000345597	0.00317898	0.00380423	155	0	155	155	
5.75	6	1	1	3	4	1	155	1	155	0.00317121	0	0.00317121	0.00317121	155	0	155	155	
5.75	6	1	2	15	3	2	310	2	310	0.00343646	2.62174e-05	0.00341792	0.003455	155	0	155	155	
5.75	6	1	3	16	3	1	155	1	155	0.00372582	0	0.00372582	0.00372582	155	0	155	155	
5.75	6	1	4	11	3	2	310	2	310	0.00345305	0.000326847	0.00322193	0.00368417	155	0	155	155	
5.75	6	1	5	1	3	1	155	1	155	0.00379845	0	0.00379845	0.00379845	155	0	155	155	
5.75	6	1	6	12	3	2	310	2	310	0.00321767	1.0521e-05	0.00321023	0.00322511	155	0	155	155	
5.75	6	1	7	10	3	4	620	4	620	0.00393178	0.000337509	0.00363432	0.00439793	155	0	155	155	
5.75	6	1	8	2	3	2	310	2	310	0.00329644	0.000227275	0.00313573	0.00345715	155	0	155	155	
5.75	6	1	9	9	3	2	310	2	310	0.00362432	3.68403e-06	0.00362171	0.00362692	155	0	155	155	
5.75	6	1	10	4	3	1	155	1	155	0.00332104	0	0.00332104	0.00332104	155	0	155	155	
6	6.25	1	1	3	4	1	155	1	155	0.00387039	0	0.00387039	0.00387039	155	0	155	155	
6	6.25	1	3	16	3	2	310	2	310	0.00384202	0.0001657	0.00372485	0.00395919	155	0	155	155	
6	6.25	1	4	11	3	1	155	1	155	0.00368336	0	0.00368336	0.00368336	155	0	155	155	
6	6.25	1	6	12	3	1	155	1	155	0.00308369	0	0.00308369	0.00308369	155	0	155	155	
6	6.25	1	7	10	3	3	465	3	465	0.00332382	0.000322147	0.00307758	0.0036884	155	0	155	155	
6	6.25	1	8	2	3	2	310	2	310	0.00344677	0.000455584	0.00312462	0.00376891	155	0	155	155	
6	6.25	1	10	4	3	2	310	2	310	0.00318966	0.000239157	0.00302056	0.00335877	155	0	155	155	
6.25	6.5	1	1	3	4	1	155	1	155	0.00378836	0	0.00378836	0.00378836	155	0	155	155	
6.25	6.5	1	2	15	3	1	155	1	155	0.00352775	0	0.00352775	0.00352775	155	0	155	155	
6.25	6.5	1	5	1	3	1	155	1	155	0.00384192	0	0.00384192	0.00384192	155	0	155	155	
6.25	6.5	1	6	12	3	2	310	2	310	0.0034387	0.000396958	0.00315801	0.00371939	155	0	155	155	
6.25	6.5	1	9	9	3	2	310	2	310	0.00378924	7.65797e-07	0.0037887	0.00378978	155	0	155	155	
6.25	6.5	1	10	4	3	2	310	2	310	0.00371863	1.37787e-05	0.00370889	0.00372838	155	0	155	155	
6.5	6.75	1	2	15	3	4	620	4	620	0.00352221	0.000407534	0.0030427	0.00386921	155	0	155	155	
6.5	6.75	1	3	16	3	1	155	1	155	0.003477	0	0.003477	0.003477	155	0	155	155	
6.5	6.75	1	4	11	3	2	310	2	310	0.00345494	0.000509574	0.00309462	0.00381527	155	0	155	155	
6.5	6.75	1	5	1	3	2	310	2	310	0.00346361	0.000592302	0.00304479	0.00388243	155	0	155	155	
6.5	6.75	1	6	12	3	1	155	1	155	0.00341538	0	0.00341538	0.00341538	155	0	155	155	
6.5	6.75	1	7	10	3	2	310	2	310	0.00386443	0.000143123	0.00376323	0.00396564	155	0	155	155	
6.5	6.75	1	8	2	3	2	310	2	310	0.00353636	0.000339226	0.00329649	0.00377623	155	0	155	155	
6.5	6.75	1	9	9	3	1	155	1	155	0.0031594	0	0.0031594	0.0031594	155	0	155	155	
6.75	7	1	2	15	3	1	155	1	155	0.00319549	0	0.00319549	0.00319549	155	0	155	155	
6.75	7	1	3	16	3	1	155	1	155	0.00319831	0	0.00319831	0.00319831	155	0	155	155	
6.75	7	1	5	1	3	1	155	1	155	0.00317518	0	0.00317518	0.00317518	155	0	155	155	
6.75	7	1	6	12	3	1	155	1	155	0.00362845	0	0.00362845	0.00362845	155	0	155	155	
6.75	7	1	7	10	3	1	155	1	155	0.0033755	0	0.0033755	0.0033755	155	0	155	155	
6.75	7	1	9	9	3	2	310	2	310	0.00350969	0.000280329	0.00331147	0.00370792	155	0	155	155	
6.75	7	1	10	4	3	1	155	1	155	0.00372592	0	0.00372592	0.00372592	155	0	155	155	
7	7.25	1	1	3	4	2	310	2	310	0.00365336	0.00018156	0.00352498	0.00378174	155	0	155	155	
7	7.25	1	2	15	3	1	155	1	155	0.00347068	0	0.00347068	0.00347068	155	0	155	155	
7	7.25	1	3	16	3	1	155	1	155	0.00379998	0	0.00379998	0.00379998	155	0	155	155	
7	7.25	1	4	11	3	1	155	1	155	0.00306236	0	0.00306236	0.00306236	155	0	155	155	
7	7.25	1	5	1	3	1	155	1	155	0.00319747	0	0.00319747	0.00319747	155	0	155	155	
7	7.25	1	7	10	3	2	310	2	310	0.00356707	0.000339636	0.00332691	0.00380723	155	0	155	155	
7	7.25	1	8	2	3	3	465	3	465	0.00365681	0.000153898	0.0034895	0.00379234	155	0	155	155	
7	7.25	1	9	9	3	2	310	2	310	0.0034208	0.000509568	0.00306048	0.00378112	155	0	155	155	
7	7.25	1	10	4	3	3	465	3	465	0.00321895	0.000138592	0.00312347	0.00337791	155	0	155	155	
7.25	7.5	1	1	3	4	2	310	2	310	0.00336978	4.25728e-05	0.00333967	0.00339988	155	0	155	155	
7.25	7.5	1	2	15	3	2	310	2	310	0.00385657	2.65413e-05	0.00383781	0.00387534	155	0	155	155	
7.25	7.5	1	3	16	3	1	155	1	155	0.00368181	0	0.00368181	0.00368181	155	0	155	155	
7.25	7.5	1	4	11	3	1	155	1	155	0.00300368	0	0.00300368	0.00300368	155	0	155	155	
7.25	7.5	1	5	1	3	1	155	1	155	0.00347055	0	0.00347055	0.00347055	155	0	155	155	
7.25	7.5	1	6	12	3	3	465	3	465	0.00347272	0.000186297	0.00326245	0.00361717	155	0	155	155	
7.25	7.5	1	8	2	3	1	155	1	155	0.00308596	0	0.00308596	0.00308596	155	0	155	155	
7.25	7.5	1	9	9	3	1	155	1	155	0.00303271	0	0.00303271	0.00303271	155	0	155	155	
7.25	7.5	1	10	4	3	2	310	2	310	0.00393372	8.09057e-05	0.00387651	0.00399093	155	0	155	155	
7.5	7.75	1	1	3	4	2	310	2	310	0.0037563	0.000301834	0.00354287	0.00396973	155	0	155	155	
7.5	7.75	1	2	15	3	1	155	1	155	0.00328099	0	0.00328099	0.00328099	155	0	155	155	
7.5	7.75	1	3	16	3	2	310	2	310	0.0032519	0.000201023	0.00310976	0.00339404	155	0	155	155	
7.5	7.75	1	4	11	3	2	310	2	310	0.00334891	0.000356132	0.00309709	0.00360073	155	0	155	155	
7.5	7.75	1	5	1	3	1	155	1	155	0.00396751	0	0.00396751	0.00396751	155	0	155	155	
7.5	7.75	1	7	10	3	3	465	3	465	0.00354359	0.000485768	0.00302187	0.00398285	155	0	155	155	
7.5	7.75	1	8	2	3	2	310	2	310	0.0036788	0.000286506	0.00347621	0.00388139	155	0	155	155	
7.5	7.75	1	9	9	3	1	155	1	155	0.00331262	0	0.00331262	0.00331262	155	0	155	155	
7.5	7.75	1	10	4	3	1	155	1	155	0.00398663	0	0.00398663	0.00398663	155	0	155	155	
7.75	8	1	2	15	3	1	155	1	155	0.00360874	0	0.00360874	0.00360874	155	0	155	155	
7.75	8	1	3	16	3	3	465	3	465	0.00331229	0.000235816	0.00311295	0.00357261	155	0	155	155	
7.75	8	1	4	11	3	1	155	1	155	0.00380868	0	0.00380868	0.00380868	155	0	155	155	
7.75	8	1	5	1	3	2	310	2	310	0.00312858	5.08268e-06	0.00312499	0.00313217	155	0	155	155	
7.75	8	1	6	12	3	1	155	1	155	0.00380956	0	0.00380956	0.00380956	155	0	155	155	
7.75	8	1	8	2	3	1	155	1	155	0.00381427	0	0.00381427	0.00381427	155	0	155	155	
7.75	8	1	9	9	3	1	155	1	155	0.00325556	0	0.00325556	0.00325556	155	0	155	155	
7.75	8	1	10	4	3	1	155	1	155	0.00319955	0	0.00319955	0.00319955	155	0	155	155	
8	8.25	1	1	3	4	1	155	1	155	0.00328626	0	0.00328626	0.00328626	155	0	155	155	
8	8.25	1	2	15	3	1	155	1	155	0.00304239	0	0.00304239	0.00304239	155	0	155	155	
8	8.25	1	3	16	3	3	465	3	465	0.00336201	0.000221895	0.00320832	0.0036164	155	0	155	155	
8	8.25	1	4	11	3	2	310	1	155	0.00303436	0	0.00303436	0.00303436	155	0	155	155	
8	8.25	1	5	1	3	3	465	3	465	0.00375338	0.00017104	0.00362399	0.0039473	155	0	155	155	
8	8.25	1	6	12	3	1	155	1	155	0.00399541	0	0.00399541	0.00399541	155	0	155	155	
8	8.25	1	7	10	3	1	155	1	155	0.00358185	0	0.00358185	0.00358185	155	0	155	155	
8	8.25	1	8	2	3	1	155	1	155	0.00345181	0	0.00345181	0.00345181	155	0	155	155	
8	8.25	1	9	9	3	2	310	2	310	0.00329612	0.00037409	0.00303159	0.00356064	155	0	155	155	
8	8.25	1	10	4	3	3	465	3	465	0.00347651	0.000238569	0.00323984	0.00371693	155	0	155	155	
8.25	8.5	1	1	3	4	1	155	1	155	0.00320903	0	0.00320903	0.00320903	155	0	155	155	
8.25	8.5	1	2	15	3	1	155	1	155	0.00333536	0	0.00333536	0.00333536	155	0	155	155	
8.25	8.5	1	3	16	3	2	310	2	310	0.0034977	0.000104382	0.00342389	0.00357151	155	0	155	155	
8.25	8.5	1	4	11	3	3	465	4	620	0.00358154	0.000302487	0.00315683	0.00386339	155	0	155	155	
8.25	8.5	1	6	12	3	1	155	1	155	0.0036896	0	0.0036896	0.0036896	155	0	155	155	
8.25	8.5	1	7	10	3	2	310	2	310	0.0033969	0.000523045	0.00302705	0.00376675	155	0	155	155	
8.25	8.5	1	10	4	3	2	310	2	310	0.00336385	0.00033837	0.00312459	0.00360312	155	0	155	155	
8.5	8.75	1	4	11	3	1	155	1	155	0.00357124	0	0.00357124	0.00357124	155	0	155	155	
8.5	8.75	1	5	1	3	1	155	1	155	0.00340526	0	0.00340526	0.00340526	155	0	155	155	
8.5	8.75	1	6	12	3	1	155	1	155	0.00380177	0	0.00380177	0.00380177	155	0	155	155	
8.5	8.75	1	7	10	3	1	155	1	155	0.00316986	0	0.00316986	0.00316986	155	0	155	155	
8.5	8.75	1	8	2	3	1	155	1	155	0.00338791	0	0.00338791	0.00338791	155	0	155	155	
8.5	8.75	1	10	4	3	1	155	1	155	0.00321227	0	0.00321227	0.00321227	155	0	155	155	
8.75	9	1	1	3	4	1	155	1	155	0.00324085	0	0.00324085	0.00324085	155	0	155	155	
8.75	9	1	3	16	3	1	155	1	155	0.00355023	0	0.00355023	0.00355023	155	0	155	155	
8.75	9	1	4	11	3	1	155	1	155	0.00369554	0	0.00369554	0.00369554	155	0	155	155	
8.75	9	1	5	1	3	1	155	1	155	0.00462377	0	0.00462377	0.00462377	155	0	155	155	
8.75	9	1	6	12	3	3	465	3	465	0.00359039	0.000362961	0.00322318	0.00394895	155	0	155	155	
8.75	9	1	7	10	3	1	155	1	155	0.00348788	0	0.00348788	0.00348788	155	0	155	155	
8.75	9	1	8	2	3	3	465	3	465	0.00316349	0.00022002	0.00301803	0.00341661	155	0	155	155	
8.75	9	1	9	9	3	2	310	2	310	0.00349262	0.000122302	0.00340614	0.0035791	155	0	155	155	
8.75	9	1	10	4	3	1	155	1	155	0.00337265	0	0.00337265	0.00337265	155	0	155	155	
9	9.25	1	1	3	4	1	155	1	155	0.00327561	0	0.00327561	0.00327561	155	0	155	155	
9	9.25	1	2	15	3	1	155	1	155	0.00399298	0	0.00399298	0.00399298	155	0	155	155	
9	9.25	1	5	1	3	1	155	1	155	0.00366481	0	0.00366481	0.00366481	155	0	155	155	
9	9.25	1	6	12	3	2	310	2	310	0.00334745	0.0001419	0.00324711	0.00344779	155	0	155	155	
9	9.25	1	7	10	3	3	465	3	465	0.00352762	0.00040665	0.00311987	0.00393316	155	0	155	155	
9	9.25	1	8	2	3	2	310	2	310	0.00321434	0.000287337	0.00301116	0.00341752	155	0	155	155	
9	9.25	1	10	4	3	1	155	1	155	0.0039462	0	0.0039462	0.0039462	155	0	155	155	
9.25	9.5	1	1	3	4	1	155	1	155	0.00306679	0	0.00306679	0.00306679	155	0	155	155	
9.25	9.5	1	2	15	3	2	310	2	310	0.00335272	0.000338962	0.00311303	0.0035924	155	0	155	155	
9.25	9.5	1	4	11	3	2	310	2	310	0.00324094	0.000289739	0.00303607	0.00344582	155	0	155	155	
9.25	9.5	1	5	1	3	2	310	2	310	0.00355304	0.000383268	0.00328202	0.00382405	155	0	155	155	
9.25	9.5	1	6	12	3	2	310	2	310	0.00361665	6.55382e-05	0.00357031	0.00366299	155	0	155	155	
9.25	9.5	1	7	10	3	2	310	2	310	0.00384895	0.000122858	0.00376208	0.00393583	155	0	155	155	
9.25	9.5	1	10	4	3	2	310	2	310	0.00391906	0.000114358	0.0038382	0.00399993	155	0	155	155	
9.5	9.75	1	1	3	4	2	310	1	155	0.00367604	0	0.00367604	0.00367604	155	0	155	155	
9.5	9.75	1	4	11	3	3	465	3	465	0.00347344	0.000310692	0.0032571	0.00382945	155	0	155	155	
9.5	9.75	1	5	1	3	2	310	2	310	0.00392017	7.63237e-05	0.0038662	0.00397414	155	0	155	155	
9.5	9.75	1	6	12	3	1	155	1	155	0.00316577	0	0.00316577	0.00316577	155	0	155	155	
9.5	9.75	1	8	2	3	2	310	2	310	0.00372366	0.000278283	0.00352689	0.00392044	155	0	155	155	
9.75	10	1	1	3	4	1	155	2	310	0.00323747	0.000208434	0.00309009	0.00338486	155	0	155	155	
9.75	10	1	2	15	3	1	155	1	155	0.00338506	0	0.00338506	0.00338506	155	0	155	155	
9.75	10	1	3	16	3	2	310	2	310	0.00419979	0.000966213	0.00351657	0.004883	155	0	155	155	
9.75	10	1	4	11	3	1	155	1	155	0.0031685	0	0.0031685	0.0031685	155	0	155	155	
9.75	10	1	6	12	3	2	310	2	310	0.00370258	0.000259099	0.00351937	0.00388579	155	0	155	155	
9.75	10	1	7	10	3	2	310	2	310	0.0034725	0.000326588	0.00324157	0.00370343	155	0	155	155	
9.75	10	1	8	2	3	2	310	2	310	0.00396523	4.04338e-05	0.00393664	0.00399382	155	0	155	155	
9.75	10	1	9	9	3	2	310	2	310	0.00360982	7.50728e-05	0.00355674	0.00366291	155	0	155	155	
9.75	10	1	10	4	3	1	155	1	155	0.00372577	0	0.00372577	0.00372577	155	0	155	155	
10	10.25	1	1	3	4	2	310	2	310	0.00322101	0.000229078	0.00305903	0.003383	155	0	155	155	
10	10.25	1	2	15	3	1	155	1	155	0.00397247	0	0.00397247	0.00397247	155	0	155	155	
10	10.25	1	3	16	3	2	310	2	310	0.00403479	0.000537275	0.00365488	0.0044147	155	0	155	155	
10	10.25	1	4	11	3	2	310	2	310	0.00358198	0.000328338	0.00334981	0.00381415	155	0	155	155	
10	10.25	1	5	1	3	1	155	1	155	0.00379351	0	0.00379351	0.00379351	155	0	155	155	
10	10.25	1	8	2	3	1	155	1	155	0.00325684	0	0.00325684	0.00325684	155	0	155	155	
10	10.25	1	9	9	3	3	465	3	465	0.00396974	0.000885222	0.00334023	0.00498192	155	0	155	155	
10	10.25	1	10	4	3	3	465	3	465	0.00339612	0.000299326	0.00309388	0.00369244	155	0	155	155	
10.25	10.5	1	2	15	3	2	310	2	310	0.00363984	0.000589501	0.003223	0.00405668	155	0	155	155	
10.25	10.5	1	3	16	3	1	155	1	155	0.00363179	0	0.00363179	0.00363179	155	0	155	155	
10.25	10.5	1	4	11	3	1	155	1	155	0.00374745	0	0.00374745	0.00374745	155	0	155	155	
10.25	10.5	1	7	10	3	1	155	1	155	0.00379743	0	0.00379743	0.00379743	155	0	155	155	
10.25	10.5	1	8	2	3	2	310	2	310	0.00330067	9.56496e-05	0.00323304	0.00336831	155	0	155	155	
10.25	10.5	1	9	9	3	1	155	1	155	0.00446709	0	0.00446709	0.00446709	155	0	155	155	
10.25	10.5	1	10	4	3	1	155	1	155	0.00343936	0	0.00343936	0.00343936	155	0	155	155	
10.5	10.75	1	1	3	4	1	155	1	155	0.00340202	0	0.00340202	0.00340202	155	0	155	155	
10.5	10.75	1	2	15	3	1	155	1	155	0.0030348	0	0.0030348	0.0030348	155	0	155	155	
10.5	10.75	1	4	11	3	2	310	2	310	0.00332761	0.000235591	0.00316103	0.0034942	155	0	155	155	
10.5	10.75	1	5	1	3	2	310	2	310	0.0036757	0.000415564	0.00338186	0.00396955	155	0	155	155	
10.5	10.75	1	7	10	3	2	310	1	155	0.00384014	0	0.00384014	0.00384014	155	0	155	155	
10.5	10.75	1	8	2	3	2	310	2	310	0.00338734	0.000132344	0.00329376	0.00348092	155	0	155	155	
10.5	10.75	1	9	9	3	3	465	3	465	0.0032576	0.00029129	0.00305067	0.00359071	155	0	155	155	
10.75	11	1	1	3	4	2	310	2	310	0.00330399	0.000387698	0.00302984	0.00357813	155	0	155	155	
10.75	11	1	2	15	3	2	310	2	310	0.00375863	0.000364217	0.00350109	0.00401617	155	0	155	155	
10.75	11	1	3	16	3	2	310	2	310	0.00339797	0.0002854	0.00319616	0.00359978	155	0	155	155	
10.75	11	1	4	11	3	1	155	1	155	0.0035399	0	0.0035399	0.0035399	155	0	155	155	
10.75	11	1	5	1	3	3	465	3	465	0.00348982	0.000322219	0.00315092	0.00379226	155	0	155	155	
10.75	11	1	6	12	3	1	155	1	155	0.00397862	0	0.00397862	0.00397862	155	0	155	155	
10.75	11	1	7	10	3	1	155	2	310	0.00313841	0.000151612	0.0030312	0.00324561	155	0	155	155	
11	11.25	1	4	11	3	2	310	2	310	0.00334937	0.000269712	0.00315866	0.00354009	155	0	155	155	
11	11.25	1	5	1	3	2	310	1	155	0.00348485	0	0.00348485	0.00348485	155	0	155	155	
11	11.25	1	6	12	3	1	155	1	155	0.00337418	0	0.00337418	0.00337418	155	0	155	155	
11	11.25	1	7	10	3	1	155	1	155	0.00329423	0	0.00329423	0.00329423	155	0	155	155	
11	11.25	1	8	2	3	1	155	1	155	0.00347159	0	0.00347159	0.00347159	155	0	155	155	
11	11.25	1	9	9	3	2	310	2	310	0.00354755	0.000240771	0.0033773	0.0037178	155	0	155	155	
11	11.25	1	10	4	3	2	310	2	310	0.00361153	7.00948e-05	0.00356197	0.0036611	155	0	155	155	
11.25	11.5	1	1	3	4	1	155	1	155	0.00389782	0	0.00389782	0.00389782	155	0	155	155	
11.25	11.5	1	2	15	3	2	310	2	310	0.00381232	5.6261e-05	0.00377254	0.00385211	155	0	155	155	
11.25	11.5	1	3	16	3	2	310	2	310	0.00359624	5.78272e-06	0.00359216	0.00360033	155	0	155	155	
11.25	11.5	1	5	1	3	2	310	3	465	0.00348302	5.07184e-05	0.00344344	0.00354019	155	0	155	155	
11.25	11.5	1	6	12	3	1	155	1	155	0.00398664	0	0.00398664	0.00398664	155	0	155	155	
11.25	11.5	1	7	10	3	1	155	1	155	0.00371749	0	0.00371749	0.00371749	155	0	155	155	
11.25	11.5	1	8	2	3	1	155	1	155	0.00334581	0	0.00334581	0.00334581	155	0	155	155	
11.25	11.5	1	9	9	3	1	155	1	155	0.00329024	0	0.00329024	0.00329024	155	0	155	155	
11.25	11.5	1	10	4	3	1	155	1	155	0.00352097	0	0.00352097	0.00352097	155	0	155	155	
11.5	11.75	1	1	3	4	1	155	1	155	0.00320079	0	0.00320079	0.00320079	155	0	155	155	
11.5	11.75	1	3	16	3	1	155	1	155	0.00346089	0	0.00346089	0.00346089	155	0	155	155	
11.5	11.75	1	4	11	3	1	155	1	155	0.0039122	0	0.0039122	0.0039122	155	0	155	155	
11.5	11.75	1	5	1	3	1	155	1	155	0.00357178	0	0.00357178	0.00357178	155	0	155	155	
11.5	11.75	1	6	12	3	1	155	1	155	0.00389643	0	0.00389643	0.00389643	155	0	155	155	
11.5	11.75	1	7	10	3	1	155	1	155	0.00379365	0	0.00379365	0.00379365	155	0	155	155	
11.5	11.75	1	8	2	3	1	155	1	155	0.00359236	0	0.00359236	0.00359236	155	0	155	155	
11.5	11.75	1	9	9	3	1	155	1	155	0.00337555	0	0.00337555	0.00337555	155	0	155	155	
11.5	11.75	1	10	4	3	2	310	2	310	0.003582	0.000588521	0.00316586	0.00399815	155	0	155	155	
11.75	12	1	1	3	4	1	155	1	155	0.0032039	0	0.0032039	0.0032039	155	0	155	155	
11.75	12	1	2	15	3	2	310	2	310	0.0037378	0.000126767	0.00364816	0.00382744	155	0	155	155	
11.75	12	1	3	16	3	1	155	1	155	0.00398362	0	0.00398362	0.00398362	155	0	155	155	
11.75	12	1	4	11	3	2	310	2	310	0.00377872	0.000223002	0.00362103	0.00393641	155	0	155	155	
11.75	12	1	5	1	3	1	155	1	155	0.00334376	0	0.00334376	0.00334376	155	0	155	155	
11.75	12	1	6	12	3	1	155	1	155	0.00361391	0	0.00361391	0.00361391	155	0	155	155	
11.75	12	1	7	10	3	1	155	1	155	0.00354233	0	0.00354233	0.00354233	155	0	155	155	
11.75	12	1	8	2	3	1	155	1	155	0.00338929	0	0.00338929	0.00338929	155	0	155	155	
11.75	12	1	9	9	3	1	155	1	155	0.00364161	0	0.00364161	0.00364161	155	0	155	155	
11.75	12	1	10	4	3	1	155	1	155	0.00381179	0	0.00381179	0.00381179	155	0	155	155	
12	12.25	1	1	3	4	3	465	3	465	0.00339714	0.000181988	0.0032001	0.00355891	155	0	155	155	
12	12.25	1	2	15	3	1	155	1	155	0.00326834	0	0.00326834	0.00326834	155	0	155	155	
12	12.25	1	3	16	3	1	155	1	155	0.00362735	0	0.00362735	0.00362735	155	0	155	155	
12	12.25	1	5	1	3	2	310	2	310	0.00323697	3.1339e-05	0.00321481	0.00325913	155	0	155	155	
12	12.25	1	6	12	3	1	155	1	155	0.00382091	0	0.00382091	0.00382091	155	0	155	155	
12	12.25	1	7	10	3	1	155	1	155	0.00368412	0	0.00368412	0.00368412	155	0	155	155	
12	12.25	1	8	2	3	1	155	1	155	0.00345709	0	0.00345709	0.00345709	155	0	155	155	
12	12.25	1	9	9	3	1	155	1	155	0.00399106	0	0.00399106	0.00399106	155	0	155	155	
12.25	12.5	1	1	3	4	2	310	2	310	0.00335994	0.000217469	0.00320617	0.00351371	155	0	155	155	
12.25	12.5	1	2	15	3	1	155	1	155	0.0034599	0	0.0034599	0.0034599	155	0	155	155	
12.25	12.5	1	4	11	3	2	310	2	310	0.00357412	0.000494377	0.00322454	0.00392369	155	0	155	155	
12.25	12.5	1	5	1	3	2	310	2	310	0.00354256	0.000623279	0.00310184	0.00398328	155	0	155	155	
12.25	12.5	1	6	12	3	2	310	2	310	0.00322825	5.83448e-05	0.00318699	0.0032695	155	0	155	155	
12.25	12.5	1	7	10	3	1	155	1	155	0.00378296	0	0.00378296	0.00378296	155	0	155	155	
12.25	12.5	1	8	2	3	3	465	3	465	0.00345468	0.000366519	0.00303907	0.00373168	155	0	155	155	
12.25	12.5	1	9	9	3	1	155	1	155	0.00333952	0	0.00333952	0.00333952	155	0	155	155	
12.25	12.5	1	10	4	3	2	310	2	310	0.00378784	4.14082e-05	0.00375856	0.00381712	155	0	155	155	
12.5	12.75	1	1	3	4	1	155	1	155	0.00381726	0	0.00381726	0.00381726	155	0	155	155	
12.5	12.75	1	3	16	3	2	310	2	310	0.00370836	0.000384559	0.00343644	0.00398029	155	0	155	155	
12.5	12.75	1	4	11	3	1	155	1	155	0.0036	0	0.0036	0.0036	155	0	155	155	
12.5	12.75	1	5	1	3	3	465	3	465	0.00343759	0.000337607	0.00304852	0.00365317	155	0	155	155	
12.5	12.75	1	7	10	3	1	155	1	155	0.00351412	0	0.00351412	0.00351412	155	0	155	155	
12.5	12.75	1	8	2	3	2	310	2	310	0.00394883	4.53927e-05	0.00391673	0.00398093	155	0	155	155	
12.5	12.75	1	9	9	3	1	155	1	155	0.00340802	0	0.00340802	0.00340802	155	0	155	155	
12.5	12.75	1	10	4	3	2	310	2	310	0.00361032	0.000136588	0.00351373	0.0037069	155	0	155	155	
12.75	13	1	1	3	4	4	620	4	620	0.00343895	0.000401831	0.00305977	0.00394759	155	0	155	155	
12.75	13	1	2	15	3	1	155	1	155	0.00378114	0	0.00378114	0.00378114	155	0	155	155	
12.75	13	1	3	16	3	2	310	2	310	0.00356778	0.0005475	0.00318064	0.00395492	155	0	155	155	
12.75	13	1	4	11	3	1	155	1	155	0.00372314	0	0.00372314	0.00372314	155	0	155	155	
12.75	13	1	5	1	3	1	155	1	155	0.00356703	0	0.00356703	0.00356703	155	0	155	155	
12.75	13	1	6	12	3	2	310	2	310	0.00412997	0.000469105	0.00379827	0.00446168	155	0	155	155	
12.75	13	1	7	10	3	2	310	2	310	0.00364653	0.000132216	0.00355304	0.00374002	155	0	155	155	
12.75	13	1	9	9	3	1	155	1	155	0.00311421	0	0.00311421	0.00311421	155	0	155	155	
12.75	13	1	10	4	3	2	310	2	310	0.00328449	8.46647e-05	0.00322463	0.00334436	155	0	155	155	
13	13.25	1	1	3	4	2	310	2	310	0.00363911	0.000125906	0.00355008	0.00372814	155	0	155	155	
13	13.25	1	3	16	3	1	155	1	155	0.00342979	0	0.00342979	0.00342979	155	0	155	155	
13	13.25	1	4	11	3	1	155	1	155	0.00331596	0	0.00331596	0.00331596	155	0	155	155	
13	13.25	1	5	1	3	1	155	1	155	0.00337051	0	0.00337051	0.00337051	155	0	155	155	
13	13.25	1	7	10	3	2	310	2	310	0.00352646	0.000230621	0.00336339	0.00368954	155	0	155	155	
13	13.25	1	9	9	3	2	310	2	310	0.00341494	0.000128392	0.00332415	0.00350572	155	0	155	155	
13.25	13.5	1	1	3	4	1	155	1	155	0.00325525	0	0.00325525	0.00325525	155	0	155	155	
13.25	13.5	1	2	15	3	2	310	2	310	0.00363171	0.000477808	0.00329385	0.00396958	155	0	155	155	
13.25	13.5	1	3	16	3	1	155	1	155	0.00350251	0	0.00350251	0.00350251	155	0	155	155	
13.25	13.5	1	4	11	3	2	310	2	310	0.00345389	0.000393827	0.00317541	0.00373237	155	0	155	155	
13.25	13.5	1	5	1	3	1	155	1	155	0.00327815	0	0.00327815	0.00327815	155	0	155	155	
13.25	13.5	1	7	10	3	3	465	3	465	0.00337819	0.000458872	0.00308068	0.00390665	155	0	155	155	
13.25	13.5	1	8	2	3	2	310	2	310	0.00366113	0.00038718	0.00338735	0.0039349	155	0	155	155	
13.25	13.5	1	9	9	3	2	310	2	310	0.00321104	7.99306e-05	0.00315452	0.00326756	155	0	155	155	
13.5	13.75	1	1	3	4	2	310	2	310	0.00319048	0.000267659	0.00300122	0.00337974	155	0	155	155	
13.5	13.75	1	2	15	3	2	310	2	310	0.00358209	0.000482571	0.00324086	0.00392332	155	0	155	155	
13.5	13.75	1	3	16	3	1	155	1	155	0.0030968	0	0.0030968	0.0030968	155	0	155	155	
13.5	13.75	1	4	11	3	2	310	2	310	0.00340901	0.000488464	0.00306361	0.0037544	155	0	155	155	
13.5	13.75	1	6	12	3	2	310	2	310	0.00348256	0.000442184	0.00316989	0.00379523	155	0	155	155	
13.5	13.75	1	8	2	3	2	310	2	310	0.0034439	0.000361673	0.00318816	0.00369965	155	0	155	155	
13.5	13.75	1	10	4	3	1	155	1	155	0.0031782	0	0.0031782	0.0031782	155	0	155	155	
13.75	14	1	1	3	4	1	155	1	155	0.00398301	0	0.00398301	0.00398301	155	0	155	155	
13.75	14	1	4	11	3	1	155	1	155	0.00356821	0	0.00356821	0.00356821	155	0	155	155	
13.75	14	1	5	1	3	1	155	1	155	0.00329623	0	0.00329623	0.00329623	155	0	155	155	
13.75	14	1	6	12	3	2	310	2	310	0.00355922	0.000595346	0.00313825	0.0039802	155	0	155	155	
13.75	14	1	7	10	3	3	465	3	465	0.00367023	0.000482254	0.00311457	0.00397972	155	0	155	155	
13.75	14	1	8	2	3	1	155	1	155	0.00392235	0	0.00392235	0.00392235	155	0	155	155	
13.75	14	1	10	4	3	1	155	1	155	0.00343573	0	0.00343573	0.00343573	155	0	155	155	
14	14.25	1	1	3	4	2	310	2	310	0.00363239	0.000407941	0.00334393	0.00392085	155	0	155	155	
14	14.25	1	2	15	3	2	310	2	310	0.0039041	4.19088e-05	0.00387446	0.00393373	155	0	155	155	
14	14.25	1	3	16	3	1	155	1	155	0.00350982	0	0.00350982	0.00350982	155	0	155	155	
14	14.25	1	4	11	3	1	155	1	155	0.00367075	0	0.00367075	0.00367075	155	0	155	155	
14	14.25	1	5	1	3	1	155	1	155	0.00396317	0	0.00396317	0.00396317	155	0	155	155	
14	14.25	1	6	12	3	2	310	2	310	0.00345241	0.000186086	0.00332083	0.00358399	155	0	155	155	
14	14.25	1	7	10	3	1	155	1	155	0.00395304	0	0.00395304	0.00395304	155	0	155	155	
14	14.25	1	9	9	3	1	155	1	155	0.00308771	0	0.00308771	0.00308771	155	0	155	155	
14.25	14.5	1	1	3	4	2	310	2	310	0.00349476	7.76912e-05	0.00343982	0.00354969	155	0	155	155	
14.25	14.5	1	4	11	3	1	155	1	155	0.00355328	0	0.00355328	0.00355328	155	0	155	155	
14.25	14.5	1	5	1	3	2	310	2	310	0.00359954	0.000459643	0.00327452	0.00392455	155	0	155	155	
14.25	14.5	1	6	12	3	1	155	1	155	0.00395476	0	0.00395476	0.00395476	155	0	155	155	
14.25	14.5	1	7	10	3	2	310	2	310	0.00358455	0.000412744	0.0032927	0.00387641	155	0	155	155	
14.25	14.5	1	8	2	3	1	155	1	155	0.00318899	0	0.00318899	0.00318899	155	0	155	155	
14.25	14.5	1	10	4	3	1	155	1	155	0.00310125	0	0.00310125	0.00310125	155	0	155	155	
14.5	14.75	1	1	3	4	1	155	1	155	0.00325484	0	0.00325484	0.00325484	155	0	155	155	
14.5	14.75	1	2	15	3	2	310	2	310	0.00363036	0.00012127	0.0035446	0.00371611	155	0	155	155	
14.5	14.75	1	3	16	3	1	155	1	155	0.00387273	0	0.00387273	0.00387273	155	0	155	155	
14.5	14.75	1	4	11	3	2	310	2	310	0.00368407	0.000341856	0.00344235	0.0039258	155	0	155	155	
14.5	14.75	1	5	1	3	1	155	1	155	0.00375678	0	0.00375678	0.00375678	155	0	155	155	
14.5	14.75	1	6	12	3	2	310	2	310	0.00363034	0.000301023	0.00341749	0.0038432	155	0	155	155	
14.5	14.75	1	7	10	3	1	155	1	155	0.00383229	0	0.00383229	0.00383229	155	0	155	155	
14.5	14.75	1	8	2	3	1	155	1	155	0.00399026	0	0.00399026	0.00399026	155	0	155	155	
14.5	14.75	1	9	9	3	1	155	1	155	0.00305285	0	0.00305285	0.00305285	155	0	155	155	
14.5	14.75	1	10	4	3	1	155	1	155	0.00338684	0	0.00338684	0.00338684	155	0	155	155	
14.75	15	1	1	3	4	1	155	1	155	0.00319987	0	0.00319987	0.00319987	155	0	155	155	
14.75	15	1	2	15	3	2	310	2	310	0.00391717	2.38832e-05	0.00390028	0.00393406	155	0	155	155	
14.75	15	1	5	1	3	2	310	2	310	0.0037157	0.000254714	0.00353559	0.00389581	155	0	155	155	
14.75	15	1	6	12	3	1	155	1	155	0.00300466	0	0.00300466	0.00300466	155	0	155	155	
14.75	15	1	8	2	3	1	155	1	155	0.00308864	0	0.00308864	0.00308864	155	0	155	155	
14.75	15	1	9	9	3	1	155	1	155	0.00379164	0	0.00379164	0.00379164	155	0	155	155	
14.75	15	1	10	4	3	1	155	1	155	0.00475195	0	0.00475195	0.00475195	155	0	155	155	
