% time	cellId	IMSI	RNTI	sinrLinear	componentCarrierId
0.041	1	5	1	3214.74	0
0.042	1	8	2	90757.1	0
0.043	1	1	3	1059.85	0
0.044	1	10	4	133792	0
0.049	1	9	9	4427.42	0
0.05	1	7	10	4613.74	0
0.051	1	4	11	15942.8	0
0.052	1	6	12	181.556	0
0.055	1	2	15	12351.9	0
0.056	1	3	16	722.375	0
0.081	1	5	1	11704.2	0
0.082	1	8	2	38576.3	0
0.083	1	1	3	1010.79	0
0.084	1	10	4	62383.1	0
0.089	1	9	9	2246.72	0
0.09	1	7	10	3865.61	0
0.091	1	4	11	20605.9	0
0.092	1	6	12	994.359	0
0.095	1	2	15	1225.08	0
0.096	1	3	16	495.939	0
0.121	1	5	1	11200.1	0
0.122	1	8	2	120213	0
0.123	1	1	3	1182.08	0
0.124	1	10	4	170757	0
0.129	1	9	9	372.423	0
0.13	1	7	10	5180.07	0
0.131	1	4	11	16716.1	0
0.132	1	6	12	230.362	0
0.135	1	2	15	2495.59	0
0.136	1	3	16	228.833	0
0.161	1	5	1	15593.5	0
0.162	1	8	2	115212	0
0.163	1	1	3	1149.4	0
0.164	1	10	4	100693	0
0.169	1	9	9	1477.43	0
0.17	1	7	10	3651.23	0
0.171	1	4	11	5565.7	0
0.172	1	6	12	196.493	0
0.175	1	2	15	2831.89	0
0.176	1	3	16	221.611	0
0.201	1	5	1	17166.3	0
0.202	1	8	2	43000.3	0
0.203	1	1	3	2091.49	0
0.204	1	10	4	78850.8	0
0.209	1	9	9	491.123	0
0.21	1	7	10	1282.52	0
0.211	1	4	11	8121.85	0
0.212	1	6	12	321.165	0
0.215	1	2	15	1082.09	0
0.216	1	3	16	69.0231	0
0.241	1	5	1	9008.04	0
0.242	1	8	2	80112.7	0
0.243	1	1	3	889.079	0
0.244	1	10	4	322399	0
0.249	1	9	9	477.979	0
0.25	1	7	10	2100.62	0
0.251	1	4	11	9281.18	0
0.252	1	6	12	387.982	0
0.255	1	2	15	2356.58	0
0.256	1	3	16	213.329	0
0.281	1	5	1	8015.52	0
0.282	1	8	2	44460.3	0
0.283	1	1	3	860.596	0
0.284	1	10	4	260488	0
0.289	1	9	9	887.665	0
0.29	1	7	10	2219	0
0.291	1	4	11	8012.73	0
0.292	1	6	12	585.507	0
0.295	1	2	15	2080.86	0
0.296	1	3	16	492.677	0
0.321	1	5	1	27125.5	0
0.322	1	8	2	29485.9	0
0.323	1	1	3	615.733	0
0.324	1	10	4	211527	0
0.329	1	9	9	995.548	0
0.33	1	7	10	1932.48	0
0.331	1	4	11	7447.76	0
0.332	1	6	12	327.228	0
0.335	1	2	15	2627.18	0
0.336	1	3	16	359.871	0
0.361	1	5	1	17484.9	0
0.362	1	8	2	30649.3	0
0.363	1	1	3	728.608	0
0.364	1	10	4	281791	0
0.369	1	9	9	1268.01	0
0.37	1	7	10	1791.25	0
0.371	1	4	11	6054.03	0
0.372	1	6	12	371.87	0
0.375	1	2	15	1104.35	0
0.376	1	3	16	417.775	0
0.401	1	5	1	6303.78	0
0.402	1	8	2	28377	0
0.403	1	1	3	1051.42	0
0.404	1	10	4	171114	0
0.409	1	9	9	735.026	0
0.41	1	7	10	1418.22	0
0.411	1	4	11	5968.92	0
0.412	1	6	12	648.845	0
0.415	1	2	15	2708.97	0
0.416	1	3	16	493.033	0
0.441	1	5	1	17234	0
0.442	1	8	2	49592.3	0
0.443	1	1	3	374.411	0
0.444	1	10	4	131490	0
0.449	1	9	9	715.029	0
0.45	1	7	10	1574.54	0
0.451	1	4	11	11865.2	0
0.452	1	6	12	829.938	0
0.455	1	2	15	5938.39	0
0.456	1	3	16	282.603	0
0.481	1	5	1	37787.5	0
0.482	1	8	2	48881.7	0
0.483	1	1	3	464.652	0
0.484	1	10	4	66244.4	0
0.489	1	9	9	582.269	0
0.49	1	7	10	3034.91	0
0.491	1	4	11	11180.1	0
0.492	1	6	12	898.668	0
0.495	1	2	15	6954.97	0
0.496	1	3	16	174.59	0
0.521	1	5	1	30642.1	0
0.522	1	8	2	25756.9	0
0.523	1	1	3	7296.9	0
0.524	1	10	4	157959	0
0.529	1	9	9	489.941	0
0.53	1	7	10	610.446	0
0.531	1	4	11	19776.3	0
0.532	1	6	12	574.407	0
0.535	1	2	15	1130.65	0
0.536	1	3	16	218.279	0
0.561	1	5	1	63910.8	0
0.562	1	8	2	67776	0
0.563	1	1	3	2585.63	0
0.564	1	10	4	168991	0
0.569	1	9	9	429.432	0
0.57	1	7	10	1968.48	0
0.571	1	4	11	12135.1	0
0.572	1	6	12	413.828	0
0.575	1	2	15	4083.64	0
0.576	1	3	16	167.558	0
0.601	1	5	1	26405.7	0
0.602	1	8	2	154989	0
0.603	1	1	3	3818.35	0
0.604	1	10	4	111924	0
0.609	1	9	9	496.332	0
0.61	1	7	10	6827.44	0
0.611	1	4	11	8970.6	0
0.612	1	6	12	204.027	0
0.615	1	2	15	4684.92	0
0.616	1	3	16	278.86	0
0.641	1	5	1	28818.9	0
0.642	1	8	2	97207.7	0
0.643	1	1	3	3334.7	0
0.644	1	10	4	105354	0
0.649	1	9	9	530.463	0
0.65	1	7	10	8410.31	0
0.651	1	4	11	4541.59	0
0.652	1	6	12	353.577	0
0.655	1	2	15	2029.46	0
0.656	1	3	16	311.101	0
0.681	1	5	1	48298.4	0
0.682	1	8	2	95228.9	0
0.683	1	1	3	2317.51	0
0.684	1	10	4	287601	0
0.689	1	9	9	1044.41	0
0.69	1	7	10	4213.38	0
0.691	1	4	11	11195.2	0
0.692	1	6	12	925.207	0
0.695	1	2	15	1925.79	0
0.696	1	3	16	332.125	0
0.721	1	5	1	28792.1	0
0.722	1	8	2	110069	0
0.723	1	1	3	2107.23	0
0.724	1	10	4	225514	0
0.729	1	9	9	960.15	0
0.73	1	7	10	6469.07	0
0.731	1	4	11	7247.17	0
0.732	1	6	12	548.626	0
0.735	1	2	15	3735	0
0.736	1	3	16	171.848	0
0.761	1	5	1	34462.2	0
0.762	1	8	2	66516.4	0
0.763	1	1	3	904.93	0
0.764	1	10	4	101574	0
0.769	1	9	9	618.373	0
0.77	1	7	10	6972.36	0
0.771	1	4	11	10948.4	0
0.772	1	6	12	109.03	0
0.775	1	2	15	6414.8	0
0.776	1	3	16	414.589	0
0.801	1	5	1	21058.9	0
0.802	1	8	2	54403.6	0
0.803	1	1	3	1217.13	0
0.804	1	10	4	147913	0
0.809	1	9	9	514.015	0
0.81	1	7	10	3297.41	0
0.811	1	4	11	14628.5	0
0.812	1	6	12	138.544	0
0.815	1	2	15	4079.22	0
0.816	1	3	16	512.243	0
0.841	1	5	1	15558.3	0
0.842	1	8	2	22787.5	0
0.843	1	1	3	1012.03	0
0.844	1	10	4	72124.2	0
0.849	1	9	9	207.38	0
0.85	1	7	10	4428.74	0
0.851	1	4	11	12826	0
0.852	1	6	12	188.305	0
0.855	1	2	15	6847.59	0
0.856	1	3	16	197.791	0
0.881	1	5	1	31833.1	0
0.882	1	8	2	49411.9	0
0.883	1	1	3	1999.36	0
0.884	1	10	4	171258	0
0.889	1	9	9	185.674	0
0.89	1	7	10	4006.29	0
0.891	1	4	11	26078.5	0
0.892	1	6	12	209.213	0
0.895	1	2	15	7443.21	0
0.896	1	3	16	260.725	0
0.921	1	5	1	12223.9	0
0.922	1	8	2	46464.2	0
0.923	1	1	3	2297.37	0
0.924	1	10	4	291545	0
0.929	1	9	9	249.051	0
0.93	1	7	10	4732.03	0
0.931	1	4	11	13264.4	0
0.932	1	6	12	652.359	0
0.935	1	2	15	3154.55	0
0.936	1	3	16	169.956	0
0.961	1	5	1	10048.4	0
0.962	1	8	2	33284.7	0
0.963	1	1	3	2651.12	0
0.964	1	10	4	190629	0
0.969	1	9	9	1143.29	0
0.97	1	7	10	4601.5	0
0.971	1	4	11	24265	0
0.972	1	6	12	300.426	0
0.975	1	2	15	1499.5	0
0.976	1	3	16	134.112	0
1.001	1	5	1	28081.3	0
1.002	1	8	2	32228.1	0
1.003	1	1	3	1488.96	0
1.004	1	10	4	134650	0
1.009	1	9	9	735.713	0
1.01	1	7	10	5055.18	0
1.011	1	4	11	11270.8	0
1.012	1	6	12	143.655	0
1.015	1	2	15	11329.1	0
1.016	1	3	16	240.377	0
1.041	1	5	1	7423.97	0
1.042	1	8	2	118832	0
1.043	1	1	3	1218.61	0
1.044	1	10	4	82666.6	0
1.049	1	9	9	754.581	0
1.05	1	7	10	5725.6	0
1.051	1	4	11	23006.5	0
1.052	1	6	12	220.507	0
1.055	1	2	15	1491.28	0
1.056	1	3	16	193.932	0
1.081	1	5	1	5804.77	0
1.082	1	8	2	107358	0
1.083	1	1	3	3665.3	0
1.084	1	10	4	64071	0
1.089	1	9	9	528.177	0
1.09	1	7	10	3261.15	0
1.091	1	4	11	23656.8	0
1.092	1	6	12	111.299	0
1.095	1	2	15	4322.6	0
1.096	1	3	16	208.627	0
1.121	1	5	1	20388.7	0
1.122	1	8	2	43314.3	0
1.123	1	1	3	1555.64	0
1.124	1	10	4	130351	0
1.129	1	9	9	700.747	0
1.13	1	7	10	2666.1	0
1.131	1	4	11	8410.85	0
1.132	1	6	12	236.384	0
1.135	1	2	15	1509.06	0
1.136	1	3	16	96.408	0
1.161	1	5	1	49735	0
1.162	1	8	2	42370.3	0
1.163	1	1	3	2222.57	0
1.164	1	10	4	72727.8	0
1.169	1	9	9	1188.01	0
1.17	1	7	10	1137.31	0
1.171	1	4	11	14196.2	0
1.172	1	6	12	725.101	0
1.175	1	2	15	1161.5	0
1.176	1	3	16	83.4763	0
1.201	1	5	1	2520.81	0
1.202	1	8	2	14637	0
1.203	1	1	3	7661.03	0
1.204	1	10	4	150553	0
1.209	1	9	9	725.38	0
1.21	1	7	10	2208.39	0
1.211	1	4	11	15873.3	0
1.212	1	6	12	1194.26	0
1.215	1	2	15	4263.43	0
1.216	1	3	16	135.649	0
1.241	1	5	1	2585.06	0
1.242	1	8	2	85239.3	0
1.243	1	1	3	2041.44	0
1.244	1	10	4	149012	0
1.249	1	9	9	480.795	0
1.25	1	7	10	2338.16	0
1.251	1	4	11	10687.5	0
1.252	1	6	12	720.831	0
1.255	1	2	15	1676.95	0
1.256	1	3	16	166.495	0
1.281	1	5	1	3690.77	0
1.282	1	8	2	37227.2	0
1.283	1	1	3	1741.07	0
1.284	1	10	4	178586	0
1.289	1	9	9	497.59	0
1.29	1	7	10	1859.22	0
1.291	1	4	11	17382.9	0
1.292	1	6	12	965.126	0
1.295	1	2	15	2376.8	0
1.296	1	3	16	286.893	0
1.321	1	5	1	2702.5	0
1.322	1	8	2	54779.8	0
1.323	1	1	3	622.501	0
1.324	1	10	4	292392	0
1.329	1	9	9	212.015	0
1.33	1	7	10	3800.38	0
1.331	1	4	11	11468.8	0
1.332	1	6	12	1409.63	0
1.335	1	2	15	3531.55	0
1.336	1	3	16	365.269	0
1.361	1	5	1	5469.92	0
1.362	1	8	2	106958	0
1.363	1	1	3	2716.42	0
1.364	1	10	4	123196	0
1.369	1	9	9	307.997	0
1.37	1	7	10	2718.16	0
1.371	1	4	11	18254.8	0
1.372	1	6	12	217.851	0
1.375	1	2	15	2200.18	0
1.376	1	3	16	463.186	0
1.401	1	5	1	4771.51	0
1.402	1	8	2	68498.9	0
1.403	1	1	3	9039.57	0
1.404	1	10	4	287508	0
1.409	1	9	9	1360.67	0
1.41	1	7	10	5523.11	0
1.411	1	4	11	24672	0
1.412	1	6	12	555.536	0
1.415	1	2	15	3606.29	0
1.416	1	3	16	595.793	0
1.441	1	5	1	8285.19	0
1.442	1	8	2	267620	0
1.443	1	1	3	1407.7	0
1.444	1	10	4	466636	0
1.449	1	9	9	2542.5	0
1.45	1	7	10	4820.13	0
1.451	1	4	11	13647.2	0
1.452	1	6	12	433.895	0
1.455	1	2	15	860.462	0
1.456	1	3	16	293.149	0
1.481	1	5	1	19452.1	0
1.482	1	8	2	262535	0
1.483	1	1	3	998.833	0
1.484	1	10	4	135681	0
1.489	1	9	9	1588.38	0
1.49	1	7	10	3427.01	0
1.491	1	4	11	10835.5	0
1.492	1	6	12	129.084	0
1.495	1	2	15	627.691	0
1.496	1	3	16	96.4954	0
1.521	1	5	1	16961	0
1.522	1	8	2	58665.2	0
1.523	1	1	3	6157.21	0
1.524	1	10	4	203315	0
1.529	1	9	9	770.591	0
1.53	1	7	10	6699.49	0
1.531	1	4	11	4023.29	0
1.532	1	6	12	487.08	0
1.535	1	2	15	3890.57	0
1.536	1	3	16	190.84	0
1.561	1	5	1	5326.4	0
1.562	1	8	2	67353.6	0
1.563	1	1	3	2206.9	0
1.564	1	10	4	72179.7	0
1.569	1	9	9	742.268	0
1.57	1	7	10	4093.42	0
1.571	1	4	11	9527.05	0
1.572	1	6	12	198.092	0
1.575	1	2	15	2264.72	0
1.576	1	3	16	135.329	0
1.601	1	5	1	4741.88	0
1.602	1	8	2	134231	0
1.603	1	1	3	2765.96	0
1.604	1	10	4	261191	0
1.609	1	9	9	137.175	0
1.61	1	7	10	2352.77	0
1.611	1	4	11	12460	0
1.612	1	6	12	384.173	0
1.615	1	2	15	7536.36	0
1.616	1	3	16	232.123	0
1.641	1	5	1	2741.49	0
1.642	1	8	2	37863.8	0
1.643	1	1	3	5902.02	0
1.644	1	10	4	260917	0
1.649	1	9	9	1452.39	0
1.65	1	7	10	3779.28	0
1.651	1	4	11	16004.4	0
1.652	1	6	12	175.08	0
1.655	1	2	15	9287.27	0
1.656	1	3	16	130.923	0
1.681	1	5	1	576.174	0
1.682	1	8	2	81528.7	0
1.683	1	1	3	1384.78	0
1.684	1	10	4	95354.1	0
1.689	1	9	9	2232.94	0
1.69	1	7	10	1530.78	0
1.691	1	4	11	16862.5	0
1.692	1	6	12	1309.89	0
1.695	1	2	15	5120.11	0
1.696	1	3	16	145.154	0
1.721	1	5	1	3649.76	0
1.722	1	8	2	226895	0
1.723	1	1	3	4654.74	0
1.724	1	10	4	176627	0
1.729	1	9	9	269.061	0
1.73	1	7	10	1605.4	0
1.731	1	4	11	9430.2	0
1.732	1	6	12	2810.16	0
1.735	1	2	15	4366.79	0
1.736	1	3	16	207.919	0
1.761	1	5	1	83497.2	0
1.762	1	8	2	59339.8	0
1.763	1	1	3	4456.04	0
1.764	1	10	4	101638	0
1.769	1	9	9	1073.82	0
1.77	1	7	10	1224.32	0
1.771	1	4	11	10675.8	0
1.772	1	6	12	858.54	0
1.775	1	2	15	1922.41	0
1.776	1	3	16	78.4047	0
1.801	1	5	1	16684	0
1.802	1	8	2	61895.9	0
1.803	1	1	3	1192.28	0
1.804	1	10	4	64502.5	0
1.809	1	9	9	1880.37	0
1.81	1	7	10	1820.1	0
1.811	1	4	11	6778.95	0
1.812	1	6	12	631.622	0
1.815	1	2	15	1138.98	0
1.816	1	3	16	200.154	0
1.841	1	5	1	19069.4	0
1.842	1	8	2	83991.8	0
1.843	1	1	3	1856.96	0
1.844	1	10	4	67529.1	0
1.849	1	9	9	688.22	0
1.85	1	7	10	2699.17	0
1.851	1	4	11	4020.99	0
1.852	1	6	12	344.417	0
1.855	1	2	15	10804.8	0
1.856	1	3	16	146.968	0
1.881	1	5	1	70904.4	0
1.882	1	8	2	52148.3	0
1.883	1	1	3	838.248	0
1.884	1	10	4	63195.4	0
1.889	1	9	9	538.45	0
1.89	1	7	10	3638.3	0
1.891	1	4	11	6262.63	0
1.892	1	6	12	552.652	0
1.895	1	2	15	9784.81	0
1.896	1	3	16	154.471	0
1.921	1	5	1	20602.6	0
1.922	1	8	2	51897.1	0
1.923	1	1	3	5297.34	0
1.924	1	10	4	70823.7	0
1.929	1	9	9	547.252	0
1.93	1	7	10	7026.55	0
1.931	1	4	11	6987.89	0
1.932	1	6	12	325.916	0
1.935	1	2	15	14510.8	0
1.936	1	3	16	239.888	0
1.961	1	5	1	11792.5	0
1.962	1	8	2	9896.2	0
1.963	1	1	3	8347.91	0
1.964	1	10	4	44579.1	0
1.969	1	9	9	249.688	0
1.97	1	7	10	4086.34	0
1.971	1	4	11	11309.5	0
1.972	1	6	12	90.1894	0
1.975	1	2	15	19327.1	0
1.976	1	3	16	214.706	0
2.001	1	5	1	28305.7	0
2.002	1	8	2	97423.9	0
2.003	1	1	3	4251.51	0
2.004	1	10	4	73106.1	0
2.009	1	9	9	1226.64	0
2.01	1	7	10	3088.95	0
2.011	1	4	11	15720.5	0
2.012	1	6	12	159.54	0
2.015	1	2	15	1619.05	0
2.016	1	3	16	219.42	0
2.041	1	5	1	38286.2	0
2.042	1	8	2	66363.7	0
2.043	1	1	3	8154.47	0
2.044	1	10	4	160224	0
2.049	1	9	9	459.866	0
2.05	1	7	10	4086.77	0
2.051	1	4	11	7620.73	0
2.052	1	6	12	143.354	0
2.055	1	2	15	552.164	0
2.056	1	3	16	279.458	0
2.081	1	5	1	13686.3	0
2.082	1	8	2	124855	0
2.083	1	1	3	2709.26	0
2.084	1	10	4	164681	0
2.089	1	9	9	350.982	0
2.09	1	7	10	2662.21	0
2.091	1	4	11	6034.68	0
2.092	1	6	12	179.597	0
2.095	1	2	15	1183.83	0
2.096	1	3	16	93.9403	0
2.121	1	5	1	29328.1	0
2.122	1	8	2	100021	0
2.123	1	1	3	3906.17	0
2.124	1	10	4	199231	0
2.129	1	9	9	539.759	0
2.13	1	7	10	5507.86	0
2.131	1	4	11	7125.43	0
2.132	1	6	12	555.278	0
2.135	1	2	15	5219.67	0
2.136	1	3	16	145.177	0
2.161	1	5	1	18507.5	0
2.162	1	8	2	46554.3	0
2.163	1	1	3	1120.1	0
2.164	1	10	4	114285	0
2.169	1	9	9	779.963	0
2.17	1	7	10	5262.98	0
2.171	1	4	11	7064.98	0
2.172	1	6	12	140.389	0
2.175	1	2	15	2650.35	0
2.176	1	3	16	184.84	0
2.201	1	5	1	6197.14	0
2.202	1	8	2	31173.3	0
2.203	1	1	3	824.73	0
2.204	1	10	4	42530.1	0
2.209	1	9	9	492.021	0
2.21	1	7	10	2996.39	0
2.211	1	4	11	13705	0
2.212	1	6	12	259.955	0
2.215	1	2	15	4478.26	0
2.216	1	3	16	162.482	0
2.241	1	5	1	13186.3	0
2.242	1	8	2	35243.5	0
2.243	1	1	3	1546.74	0
2.244	1	10	4	91851.1	0
2.249	1	9	9	691.642	0
2.25	1	7	10	2127.83	0
2.251	1	4	11	14955.7	0
2.252	1	6	12	977.497	0
2.255	1	2	15	2569.73	0
2.256	1	3	16	149.829	0
2.281	1	5	1	12810.5	0
2.282	1	8	2	34892.9	0
2.283	1	1	3	1348.82	0
2.284	1	10	4	122606	0
2.289	1	9	9	1464.81	0
2.29	1	7	10	624.396	0
2.291	1	4	11	9118.43	0
2.292	1	6	12	327.678	0
2.295	1	2	15	1908.7	0
2.296	1	3	16	98.47	0
2.321	1	5	1	28407.9	0
2.322	1	8	2	57000.8	0
2.323	1	1	3	2321.63	0
2.324	1	10	4	57754.6	0
2.329	1	9	9	1764.46	0
2.33	1	7	10	4193.87	0
2.331	1	4	11	8070.22	0
2.332	1	6	12	228.574	0
2.335	1	2	15	5747.95	0
2.336	1	3	16	108.575	0
2.361	1	5	1	11618.3	0
2.362	1	8	2	82831.4	0
2.363	1	1	3	1240.39	0
2.364	1	10	4	101481	0
2.369	1	9	9	1577.94	0
2.37	1	7	10	3066.31	0
2.371	1	4	11	3360.72	0
2.372	1	6	12	154.998	0
2.375	1	2	15	3354.14	0
2.376	1	3	16	264.21	0
2.401	1	5	1	6802.6	0
2.402	1	8	2	52232.9	0
2.403	1	1	3	805.117	0
2.404	1	10	4	68695.7	0
2.409	1	9	9	798.765	0
2.41	1	7	10	2536.89	0
2.411	1	4	11	2863.71	0
2.412	1	6	12	154.742	0
2.415	1	2	15	2684.03	0
2.416	1	3	16	203.035	0
2.441	1	5	1	24007.3	0
2.442	1	8	2	44557.3	0
2.443	1	1	3	830.379	0
2.444	1	10	4	49852.6	0
2.449	1	9	9	409.582	0
2.45	1	7	10	5167.92	0
2.451	1	4	11	2475.71	0
2.452	1	6	12	452.794	0
2.455	1	2	15	4302.3	0
2.456	1	3	16	140.653	0
2.481	1	5	1	20196.5	0
2.482	1	8	2	22346.7	0
2.483	1	1	3	322.591	0
2.484	1	10	4	152978	0
2.489	1	9	9	758.489	0
2.49	1	7	10	3129.71	0
2.491	1	4	11	14467.5	0
2.492	1	6	12	435.891	0
2.495	1	2	15	3403.37	0
2.496	1	3	16	182.222	0
2.521	1	5	1	13481	0
2.522	1	8	2	28529.5	0
2.523	1	1	3	1803.45	0
2.524	1	10	4	117372	0
2.529	1	9	9	833.853	0
2.53	1	7	10	15287.2	0
2.531	1	4	11	17630.7	0
2.532	1	6	12	603.736	0
2.535	1	2	15	1633.52	0
2.536	1	3	16	521.126	0
2.561	1	5	1	8327.62	0
2.562	1	8	2	95740.7	0
2.563	1	1	3	2290.17	0
2.564	1	10	4	127148	0
2.569	1	9	9	1186.86	0
2.57	1	7	10	8535.56	0
2.571	1	4	11	9687.27	0
2.572	1	6	12	149.205	0
2.575	1	2	15	618.283	0
2.576	1	3	16	450.47	0
2.601	1	5	1	12096.3	0
2.602	1	8	2	96691.1	0
2.603	1	1	3	575.34	0
2.604	1	10	4	86038.6	0
2.609	1	9	9	1405.39	0
2.61	1	7	10	1202.1	0
2.611	1	4	11	16028.6	0
2.612	1	6	12	81.377	0
2.615	1	2	15	1808.25	0
2.616	1	3	16	397.798	0
2.641	1	5	1	44722.4	0
2.642	1	8	2	56955.4	0
2.643	1	1	3	3271.84	0
2.644	1	10	4	92023.8	0
2.649	1	9	9	1977.16	0
2.65	1	7	10	5124.58	0
2.651	1	4	11	21350.7	0
2.652	1	6	12	209.619	0
2.655	1	2	15	960.619	0
2.656	1	3	16	505.825	0
2.681	1	5	1	46856	0
2.682	1	8	2	66306.2	0
2.683	1	1	3	1015.79	0
2.684	1	10	4	72524.8	0
2.689	1	9	9	1429.23	0
2.69	1	7	10	1919.12	0
2.691	1	4	11	14962.4	0
2.692	1	6	12	192.432	0
2.695	1	2	15	1273.91	0
2.696	1	3	16	297.622	0
2.721	1	5	1	8568.54	0
2.722	1	8	2	41813.9	0
2.723	1	1	3	337.624	0
2.724	1	10	4	159215	0
2.729	1	9	9	294.367	0
2.73	1	7	10	1540.17	0
2.731	1	4	11	24321.4	0
2.732	1	6	12	139.118	0
2.735	1	2	15	3554.76	0
2.736	1	3	16	235.658	0
2.761	1	5	1	8211.08	0
2.762	1	8	2	35231.3	0
2.763	1	1	3	2012.38	0
2.764	1	10	4	254377	0
2.769	1	9	9	958.593	0
2.77	1	7	10	3110.74	0
2.771	1	4	11	10036.8	0
2.772	1	6	12	205.511	0
2.775	1	2	15	1404.42	0
2.776	1	3	16	110.838	0
2.801	1	5	1	3302.36	0
2.802	1	8	2	29737	0
2.803	1	1	3	700.377	0
2.804	1	10	4	300013	0
2.809	1	9	9	1213.46	0
2.81	1	7	10	3406.14	0
2.811	1	4	11	25610.7	0
2.812	1	6	12	465.299	0
2.815	1	2	15	6686.91	0
2.816	1	3	16	160.977	0
2.841	1	5	1	17787.7	0
2.842	1	8	2	21949.9	0
2.843	1	1	3	713.653	0
2.844	1	10	4	123906	0
2.849	1	9	9	404.424	0
2.85	1	7	10	4468.28	0
2.851	1	4	11	28566.6	0
2.852	1	6	12	432.251	0
2.855	1	2	15	609.719	0
2.856	1	3	16	217.439	0
2.881	1	5	1	32471.9	0
2.882	1	8	2	23526.1	0
2.883	1	1	3	610.698	0
2.884	1	10	4	178725	0
2.889	1	9	9	559.826	0
2.89	1	7	10	2649.72	0
2.891	1	4	11	5744.13	0
2.892	1	6	12	205.406	0
2.895	1	2	15	999.749	0
2.896	1	3	16	139.375	0
2.921	1	5	1	33973.1	0
2.922	1	8	2	17731.5	0
2.923	1	1	3	2869.5	0
2.924	1	10	4	60056.4	0
2.929	1	9	9	1361.08	0
2.93	1	7	10	2469.84	0
2.931	1	4	11	24441.5	0
2.932	1	6	12	369.091	0
2.935	1	2	15	6600.56	0
2.936	1	3	16	265.083	0
2.961	1	5	1	18933	0
2.962	1	8	2	26797.5	0
2.963	1	1	3	18731.7	0
2.964	1	10	4	143468	0
2.969	1	9	9	1255.59	0
2.97	1	7	10	2108.74	0
2.971	1	4	11	15550.5	0
2.972	1	6	12	230.723	0
2.975	1	2	15	5620.17	0
2.976	1	3	16	237.205	0
3.001	1	5	1	16613	0
3.002	1	8	2	62801	0
3.003	1	1	3	2492.33	0
3.004	1	10	4	147991	0
3.009	1	9	9	1908.85	0
3.01	1	7	10	1527.39	0
3.011	1	4	11	7571.17	0
3.012	1	6	12	394.78	0
3.015	1	2	15	10556.8	0
3.016	1	3	16	921.75	0
3.041	1	5	1	12258.3	0
3.042	1	8	2	63052.3	0
3.043	1	1	3	1742.5	0
3.044	1	10	4	90232.5	0
3.049	1	9	9	918.666	0
3.05	1	7	10	3326.63	0
3.051	1	4	11	9430.2	0
3.052	1	6	12	181.251	0
3.055	1	2	15	1983.3	0
3.056	1	3	16	100.197	0
3.081	1	5	1	13911.1	0
3.082	1	8	2	52243.9	0
3.083	1	1	3	699.943	0
3.084	1	10	4	228262	0
3.089	1	9	9	750.825	0
3.09	1	7	10	5670.29	0
3.091	1	4	11	32296.1	0
3.092	1	6	12	961.139	0
3.095	1	2	15	2095.63	0
3.096	1	3	16	401.735	0
3.121	1	5	1	22445.9	0
3.122	1	8	2	30579.6	0
3.123	1	1	3	268.5	0
3.124	1	10	4	263583	0
3.129	1	9	9	770.895	0
3.13	1	7	10	6166.68	0
3.131	1	4	11	32088.2	0
3.132	1	6	12	403.469	0
3.135	1	2	15	3330.9	0
3.136	1	3	16	230.371	0
3.161	1	5	1	36355.2	0
3.162	1	8	2	74399.2	0
3.163	1	1	3	1984.17	0
3.164	1	10	4	77461	0
3.169	1	9	9	479.483	0
3.17	1	7	10	4793.06	0
3.171	1	4	11	11986.2	0
3.172	1	6	12	399.891	0
3.175	1	2	15	1771.79	0
3.176	1	3	16	95.3018	0
3.201	1	5	1	26132.3	0
3.202	1	8	2	42957.1	0
3.203	1	1	3	1209.08	0
3.204	1	10	4	165805	0
3.209	1	9	9	1501.7	0
3.21	1	7	10	1967.11	0
3.211	1	4	11	15154.4	0
3.212	1	6	12	1360.38	0
3.215	1	2	15	2138.44	0
3.216	1	3	16	261.436	0
3.241	1	5	1	16065.6	0
3.242	1	8	2	10573.2	0
3.243	1	1	3	840.476	0
3.244	1	10	4	233720	0
3.249	1	9	9	1627.26	0
3.25	1	7	10	1752.57	0
3.251	1	4	11	8504.5	0
3.252	1	6	12	228.643	0
3.255	1	2	15	2137.22	0
3.256	1	3	16	269.92	0
3.281	1	5	1	12932.5	0
3.282	1	8	2	22059	0
3.283	1	1	3	3459.51	0
3.284	1	10	4	259605	0
3.289	1	9	9	1052.06	0
3.29	1	7	10	2723.62	0
3.291	1	4	11	7364.4	0
3.292	1	6	12	473.196	0
3.295	1	2	15	682.231	0
3.296	1	3	16	381.205	0
3.321	1	5	1	5552.47	0
3.322	1	8	2	30509.9	0
3.323	1	1	3	1284.21	0
3.324	1	10	4	120004	0
3.329	1	9	9	1810.17	0
3.33	1	7	10	1378.44	0
3.331	1	4	11	28669	0
3.332	1	6	12	273.738	0
3.335	1	2	15	1200.06	0
3.336	1	3	16	252.602	0
3.361	1	5	1	21063.6	0
3.362	1	8	2	17291.2	0
3.363	1	1	3	638.608	0
3.364	1	10	4	34586.1	0
3.369	1	9	9	2283.56	0
3.37	1	7	10	1926.14	0
3.371	1	4	11	22552.8	0
3.372	1	6	12	944.474	0
3.375	1	2	15	1937.09	0
3.376	1	3	16	198.468	0
3.401	1	5	1	10950.7	0
3.402	1	8	2	22438.5	0
3.403	1	1	3	1224.86	0
3.404	1	10	4	59245.5	0
3.409	1	9	9	984.522	0
3.41	1	7	10	2284.67	0
3.411	1	4	11	18819.7	0
3.412	1	6	12	1636.68	0
3.415	1	2	15	1082.92	0
3.416	1	3	16	197.908	0
3.441	1	5	1	15534	0
3.442	1	8	2	36716.2	0
3.443	1	1	3	745.61	0
3.444	1	10	4	116552	0
3.449	1	9	9	941.811	0
3.45	1	7	10	940.192	0
3.451	1	4	11	24720.5	0
3.452	1	6	12	737.463	0
3.455	1	2	15	1683.26	0
3.456	1	3	16	57.781	0
3.481	1	5	1	32116.1	0
3.482	1	8	2	37437	0
3.483	1	1	3	874.997	0
3.484	1	10	4	97082.7	0
3.489	1	9	9	1911.61	0
3.49	1	7	10	3037.29	0
3.491	1	4	11	14832.5	0
3.492	1	6	12	724.463	0
3.495	1	2	15	3816.56	0
3.496	1	3	16	108.773	0
3.521	1	5	1	53364.2	0
3.522	1	8	2	6377.22	0
3.523	1	1	3	664.48	0
3.524	1	10	4	108445	0
3.529	1	9	9	723.092	0
3.53	1	7	10	7416.08	0
3.531	1	4	11	16657	0
3.532	1	6	12	1529.75	0
3.535	1	2	15	4659.35	0
3.536	1	3	16	174.109	0
3.561	1	5	1	47831.3	0
3.562	1	8	2	31154.7	0
3.563	1	1	3	555.458	0
3.564	1	10	4	96084.2	0
3.569	1	9	9	560.864	0
3.57	1	7	10	694.872	0
3.571	1	4	11	58884	0
3.572	1	6	12	669.561	0
3.575	1	2	15	1929.4	0
3.576	1	3	16	227.766	0
3.601	1	5	1	29553	0
3.602	1	8	2	76207.9	0
3.603	1	1	3	2081.75	0
3.604	1	10	4	269546	0
3.609	1	9	9	270.711	0
3.61	1	7	10	4247.27	0
3.611	1	4	11	43310.8	0
3.612	1	6	12	422.799	0
3.615	1	2	15	926.966	0
3.616	1	3	16	134.646	0
3.641	1	5	1	50287.2	0
3.642	1	8	2	43172.3	0
3.643	1	1	3	962.211	0
3.644	1	10	4	244419	0
3.649	1	9	9	413.028	0
3.65	1	7	10	6365.04	0
3.651	1	4	11	4722.29	0
3.652	1	6	12	994.039	0
3.655	1	2	15	2071.7	0
3.656	1	3	16	238.772	0
3.681	1	5	1	8888.91	0
3.682	1	8	2	68272.9	0
3.683	1	1	3	350.148	0
3.684	1	10	4	175746	0
3.689	1	9	9	470.591	0
3.69	1	7	10	2186.85	0
3.691	1	4	11	19775.3	0
3.692	1	6	12	325.958	0
3.695	1	2	15	461.6	0
3.696	1	3	16	457.696	0
3.721	1	5	1	2660.41	0
3.722	1	8	2	44748.3	0
3.723	1	1	3	561.019	0
3.724	1	10	4	327300	0
3.729	1	9	9	700.876	0
3.73	1	7	10	1951.71	0
3.731	1	4	11	10656.7	0
3.732	1	6	12	60.6442	0
3.735	1	2	15	408.786	0
3.736	1	3	16	524.127	0
3.761	1	5	1	10545.4	0
3.762	1	8	2	96699.9	0
3.763	1	1	3	1806.07	0
3.764	1	10	4	349016	0
3.769	1	9	9	1114.98	0
3.77	1	7	10	1832.04	0
3.771	1	4	11	4835.24	0
3.772	1	6	12	551.611	0
3.775	1	2	15	2604.43	0
3.776	1	3	16	441.77	0
3.801	1	5	1	15789	0
3.802	1	8	2	107433	0
3.803	1	1	3	2412.91	0
3.804	1	10	4	129559	0
3.809	1	9	9	1303.29	0
3.81	1	7	10	837.647	0
3.811	1	4	11	12695.9	0
3.812	1	6	12	783.487	0
3.815	1	2	15	923.823	0
3.816	1	3	16	201.569	0
3.841	1	5	1	7317.85	0
3.842	1	8	2	39027.6	0
3.843	1	1	3	1235.35	0
3.844	1	10	4	150307	0
3.849	1	9	9	1824.7	0
3.85	1	7	10	824.778	0
3.851	1	4	11	13182.2	0
3.852	1	6	12	478.482	0
3.855	1	2	15	1978.98	0
3.856	1	3	16	130.925	0
3.881	1	5	1	11357	0
3.882	1	8	2	172428	0
3.883	1	1	3	869.225	0
3.884	1	10	4	307459	0
3.889	1	9	9	1786.82	0
3.89	1	7	10	1373.21	0
3.891	1	4	11	18477.6	0
3.892	1	6	12	1467.32	0
3.895	1	2	15	10216.2	0
3.896	1	3	16	219.884	0
3.921	1	5	1	12908.6	0
3.922	1	8	2	69100.1	0
3.923	1	1	3	1959.22	0
3.924	1	10	4	82562.3	0
3.929	1	9	9	481.91	0
3.93	1	7	10	3193.28	0
3.931	1	4	11	12020.1	0
3.932	1	6	12	479.105	0
3.935	1	2	15	1795.57	0
3.936	1	3	16	137.377	0
3.961	1	5	1	7057.35	0
3.962	1	8	2	51764.3	0
3.963	1	1	3	1495.29	0
3.964	1	10	4	45485.2	0
3.969	1	9	9	641.879	0
3.97	1	7	10	3524.2	0
3.971	1	4	11	9736.5	0
3.972	1	6	12	289.437	0
3.975	1	2	15	2113.56	0
3.976	1	3	16	123.881	0
4.001	1	5	1	6106.12	0
4.002	1	8	2	30483.1	0
4.003	1	1	3	1965.36	0
4.004	1	10	4	120883	0
4.009	1	9	9	946.95	0
4.01	1	7	10	1527.96	0
4.011	1	4	11	14643.4	0
4.012	1	6	12	186.615	0
4.015	1	2	15	4129.87	0
4.016	1	3	16	125.624	0
4.041	1	5	1	17038.3	0
4.042	1	8	2	34805.7	0
4.043	1	1	3	1909.34	0
4.044	1	10	4	55807.5	0
4.049	1	9	9	1226.49	0
4.05	1	7	10	3841.34	0
4.051	1	4	11	7453.73	0
4.052	1	6	12	605.288	0
4.055	1	2	15	4609.43	0
4.056	1	3	16	189.444	0
4.081	1	5	1	14952.2	0
4.082	1	8	2	135203	0
4.083	1	1	3	901.394	0
4.084	1	10	4	49426.2	0
4.089	1	9	9	1533.7	0
4.09	1	7	10	6240.47	0
4.091	1	4	11	20965.2	0
4.092	1	6	12	1524.65	0
4.095	1	2	15	6445.96	0
4.096	1	3	16	206.24	0
4.121	1	5	1	3054.05	0
4.122	1	8	2	96653.6	0
4.123	1	1	3	784.429	0
4.124	1	10	4	56026	0
4.129	1	9	9	2016.7	0
4.13	1	7	10	4039.94	0
4.131	1	4	11	26123.6	0
4.132	1	6	12	670.79	0
4.135	1	2	15	4478.95	0
4.136	1	3	16	99.9077	0
4.161	1	5	1	4273.25	0
4.162	1	8	2	21995.6	0
4.163	1	1	3	906.833	0
4.164	1	10	4	63552.2	0
4.169	1	9	9	1063.66	0
4.17	1	7	10	4937.97	0
4.171	1	4	11	17597	0
4.172	1	6	12	728.183	0
4.175	1	2	15	2427.51	0
4.176	1	3	16	205.176	0
4.201	1	5	1	6666.56	0
4.202	1	8	2	43238.1	0
4.203	1	1	3	322.969	0
4.204	1	10	4	141532	0
4.209	1	9	9	305.765	0
4.21	1	7	10	8206.54	0
4.211	1	4	11	6597.1	0
4.212	1	6	12	492.54	0
4.215	1	2	15	2135.42	0
4.216	1	3	16	141.544	0
4.241	1	5	1	3387.75	0
4.242	1	8	2	28467.2	0
4.243	1	1	3	608.009	0
4.244	1	10	4	161255	0
4.249	1	9	9	1181.05	0
4.25	1	7	10	5220.11	0
4.251	1	4	11	5035.07	0
4.252	1	6	12	855.867	0
4.255	1	2	15	7576.95	0
4.256	1	3	16	115.458	0
4.281	1	5	1	2254.55	0
4.282	1	8	2	34905	0
4.283	1	1	3	476.916	0
4.284	1	10	4	234678	0
4.289	1	9	9	1022.36	0
4.29	1	7	10	2327.58	0
4.291	1	4	11	7743.22	0
4.292	1	6	12	536.457	0
4.295	1	2	15	2908.85	0
4.296	1	3	16	289.827	0
4.321	1	5	1	8043.75	0
4.322	1	8	2	86581.8	0
4.323	1	1	3	1564.6	0
4.324	1	10	4	326022	0
4.329	1	9	9	315.12	0
4.33	1	7	10	6032.16	0
4.331	1	4	11	11189.1	0
4.332	1	6	12	79.7925	0
4.335	1	2	15	1111.91	0
4.336	1	3	16	171.818	0
4.361	1	5	1	8196.36	0
4.362	1	8	2	100022	0
4.363	1	1	3	2363.59	0
4.364	1	10	4	215548	0
4.369	1	9	9	765.303	0
4.37	1	7	10	5123.25	0
4.371	1	4	11	7058.38	0
4.372	1	6	12	315.104	0
4.375	1	2	15	4446.02	0
4.376	1	3	16	206.403	0
4.401	1	5	1	4599.32	0
4.402	1	8	2	107513	0
4.403	1	1	3	2575.56	0
4.404	1	10	4	45939	0
4.409	1	9	9	1454.92	0
4.41	1	7	10	1499.85	0
4.411	1	4	11	9922.08	0
4.412	1	6	12	450.199	0
4.415	1	2	15	3514.64	0
4.416	1	3	16	287.026	0
4.441	1	5	1	7228.43	0
4.442	1	8	2	83820.7	0
4.443	1	1	3	3648.25	0
4.444	1	10	4	81856.2	0
4.449	1	9	9	1088.88	0
4.45	1	7	10	3252.04	0
4.451	1	4	11	21013.7	0
4.452	1	6	12	675.087	0
4.455	1	2	15	4343.69	0
4.456	1	3	16	280.067	0
4.481	1	5	1	14430.3	0
4.482	1	8	2	47570.9	0
4.483	1	1	3	2244.42	0
4.484	1	10	4	141228	0
4.489	1	9	9	771.358	0
4.49	1	7	10	4487.26	0
4.491	1	4	11	25312.3	0
4.492	1	6	12	410.515	0
4.495	1	2	15	3761.27	0
4.496	1	3	16	233.211	0
4.521	1	5	1	14613.4	0
4.522	1	8	2	48091.9	0
4.523	1	1	3	1612.41	0
4.524	1	10	4	177852	0
4.529	1	9	9	947.954	0
4.53	1	7	10	1069.6	0
4.531	1	4	11	5538.68	0
4.532	1	6	12	605.896	0
4.535	1	2	15	1773.62	0
4.536	1	3	16	231.314	0
4.561	1	5	1	7801.59	0
4.562	1	8	2	23742.3	0
4.563	1	1	3	1306.37	0
4.564	1	10	4	195499	0
4.569	1	9	9	2426.97	0
4.57	1	7	10	3222.92	0
4.571	1	4	11	8076.98	0
4.572	1	6	12	435.041	0
4.575	1	2	15	4222.93	0
4.576	1	3	16	452.023	0
4.601	1	5	1	10756.9	0
4.602	1	8	2	39953.5	0
4.603	1	1	3	3665.44	0
4.604	1	10	4	108867	0
4.609	1	9	9	611.191	0
4.61	1	7	10	5140.35	0
4.611	1	4	11	9211.83	0
4.612	1	6	12	194.066	0
4.615	1	2	15	9850.08	0
4.616	1	3	16	427.747	0
4.641	1	5	1	33369.1	0
4.642	1	8	2	16215.7	0
4.643	1	1	3	1325.54	0
4.644	1	10	4	120789	0
4.649	1	9	9	656.596	0
4.65	1	7	10	3409.8	0
4.651	1	4	11	3909.85	0
4.652	1	6	12	517.345	0
4.655	1	2	15	8148.51	0
4.656	1	3	16	270.415	0
4.681	1	5	1	18481.4	0
4.682	1	8	2	14312.6	0
4.683	1	1	3	1021.06	0
4.684	1	10	4	80615.3	0
4.689	1	9	9	1961.1	0
4.69	1	7	10	2812.46	0
4.691	1	4	11	12663	0
4.692	1	6	12	94.4191	0
4.695	1	2	15	7435.25	0
4.696	1	3	16	897.209	0
4.721	1	5	1	3113.05	0
4.722	1	8	2	14708.6	0
4.723	1	1	3	6704.4	0
4.724	1	10	4	44983.3	0
4.729	1	9	9	931.67	0
4.73	1	7	10	2871.75	0
4.731	1	4	11	10571.4	0
4.732	1	6	12	215.994	0
4.735	1	2	15	5025.01	0
4.736	1	3	16	589.678	0
4.761	1	5	1	5037.89	0
4.762	1	8	2	41138	0
4.763	1	1	3	2131.92	0
4.764	1	10	4	70356.5	0
4.769	1	9	9	481.972	0
4.77	1	7	10	1357.92	0
4.771	1	4	11	8114.96	0
4.772	1	6	12	947.455	0
4.775	1	2	15	2724.35	0
4.776	1	3	16	243.261	0
4.801	1	5	1	14375.4	0
4.802	1	8	2	43063.4	0
4.803	1	1	3	1671.78	0
4.804	1	10	4	78556.6	0
4.809	1	9	9	602.439	0
4.81	1	7	10	3103.11	0
4.811	1	4	11	13505.4	0
4.812	1	6	12	435.067	0
4.815	1	2	15	2664.11	0
4.816	1	3	16	669.943	0
4.841	1	5	1	12332.7	0
4.842	1	8	2	46151.3	0
4.843	1	1	3	1865.91	0
4.844	1	10	4	111721	0
4.849	1	9	9	293.964	0
4.85	1	7	10	3296.23	0
4.851	1	4	11	15066.8	0
4.852	1	6	12	892.953	0
4.855	1	2	15	3766.75	0
4.856	1	3	16	336.038	0
4.881	1	5	1	6601.5	0
4.882	1	8	2	50170.7	0
4.883	1	1	3	2800.92	0
4.884	1	10	4	188293	0
4.889	1	9	9	223.745	0
4.89	1	7	10	1474.11	0
4.891	1	4	11	16085.1	0
4.892	1	6	12	902.9	0
4.895	1	2	15	2026.14	0
4.896	1	3	16	216.279	0
4.921	1	5	1	5293.06	0
4.922	1	8	2	33328.3	0
4.923	1	1	3	5150.34	0
4.924	1	10	4	201963	0
4.929	1	9	9	308.519	0
4.93	1	7	10	1841.87	0
4.931	1	4	11	8322.72	0
4.932	1	6	12	293.119	0
4.935	1	2	15	3325.6	0
4.936	1	3	16	99.6733	0
4.961	1	5	1	5562.71	0
4.962	1	8	2	118935	0
4.963	1	1	3	4565.66	0
4.964	1	10	4	311513	0
4.969	1	9	9	745.945	0
4.97	1	7	10	2109.64	0
4.971	1	4	11	20468.3	0
4.972	1	6	12	168.142	0
4.975	1	2	15	5383.1	0
4.976	1	3	16	205.841	0
5.001	1	5	1	7959.58	0
5.002	1	8	2	9627.35	0
5.003	1	1	3	6783.82	0
5.004	1	10	4	297331	0
5.009	1	9	9	1932.82	0
5.01	1	7	10	2934.54	0
5.011	1	4	11	11602.5	0
5.012	1	6	12	137.554	0
5.015	1	2	15	5618.2	0
5.016	1	3	16	218.712	0
5.041	1	5	1	8315.69	0
5.042	1	8	2	51807.4	0
5.043	1	1	3	3868.82	0
5.044	1	10	4	238764	0
5.049	1	9	9	1839.15	0
5.05	1	7	10	1077.34	0
5.051	1	4	11	43108.9	0
5.052	1	6	12	158.175	0
5.055	1	2	15	2311.24	0
5.056	1	3	16	295.442	0
5.081	1	5	1	7861.78	0
5.082	1	8	2	81196.2	0
5.083	1	1	3	592.21	0
5.084	1	10	4	99332.4	0
5.089	1	9	9	132.133	0
5.09	1	7	10	3302.04	0
5.091	1	4	11	26288	0
5.092	1	6	12	60.4927	0
5.095	1	2	15	4049.9	0
5.096	1	3	16	581.056	0
5.121	1	5	1	81203.3	0
5.122	1	8	2	34788.1	0
5.123	1	1	3	2582.21	0
5.124	1	10	4	54780.5	0
5.129	1	9	9	1477.68	0
5.13	1	7	10	5135.89	0
5.131	1	4	11	13358.6	0
5.132	1	6	12	233.28	0
5.135	1	2	15	4354.44	0
5.136	1	3	16	234.654	0
5.161	1	5	1	11720.8	0
5.162	1	8	2	97859.1	0
5.163	1	1	3	2305.91	0
5.164	1	10	4	75554	0
5.169	1	9	9	1665.47	0
5.17	1	7	10	3356.49	0
5.171	1	4	11	10520.1	0
5.172	1	6	12	126.717	0
5.175	1	2	15	3213.83	0
5.176	1	3	16	258.415	0
5.201	1	5	1	6432.5	0
5.202	1	8	2	89897.4	0
5.203	1	1	3	1891.42	0
5.204	1	10	4	123173	0
5.209	1	9	9	529.543	0
5.21	1	7	10	2832.98	0
5.211	1	4	11	12743.6	0
5.212	1	6	12	125.447	0
5.215	1	2	15	2020.32	0
5.216	1	3	16	275.449	0
5.241	1	5	1	20302.4	0
5.242	1	8	2	49925.3	0
5.243	1	1	3	1798.37	0
5.244	1	10	4	96544.5	0
5.249	1	9	9	593.246	0
5.25	1	7	10	2833.93	0
5.251	1	4	11	26523.4	0
5.252	1	6	12	731.047	0
5.255	1	2	15	1837.99	0
5.256	1	3	16	105.746	0
5.281	1	5	1	14050	0
5.282	1	8	2	68344	0
5.283	1	1	3	1781.71	0
5.284	1	10	4	47150.8	0
5.289	1	9	9	471.965	0
5.29	1	7	10	1356.47	0
5.291	1	4	11	11793.6	0
5.292	1	6	12	196.667	0
5.295	1	2	15	2633.8	0
5.296	1	3	16	143.138	0
5.321	1	5	1	6003.94	0
5.322	1	8	2	50463.1	0
5.323	1	1	3	2244.87	0
5.324	1	10	4	200033	0
5.329	1	9	9	225.659	0
5.33	1	7	10	3158.05	0
5.331	1	4	11	8965.41	0
5.332	1	6	12	208.864	0
5.335	1	2	15	4091.27	0
5.336	1	3	16	93.0393	0
5.361	1	5	1	17520.8	0
5.362	1	8	2	169198	0
5.363	1	1	3	1184.87	0
5.364	1	10	4	282308	0
5.369	1	9	9	243.632	0
5.37	1	7	10	3248.78	0
5.371	1	4	11	22649.2	0
5.372	1	6	12	1031.91	0
5.375	1	2	15	3699.67	0
5.376	1	3	16	180.472	0
5.401	1	5	1	33914.2	0
5.402	1	8	2	93803.4	0
5.403	1	1	3	1370.01	0
5.404	1	10	4	275699	0
5.409	1	9	9	451.924	0
5.41	1	7	10	1458.23	0
5.411	1	4	11	25645.2	0
5.412	1	6	12	687.596	0
5.415	1	2	15	5437.44	0
5.416	1	3	16	223.132	0
5.441	1	5	1	24196.7	0
5.442	1	8	2	44115.4	0
5.443	1	1	3	1516.82	0
5.444	1	10	4	169014	0
5.449	1	9	9	982.809	0
5.45	1	7	10	1858.22	0
5.451	1	4	11	15598.5	0
5.452	1	6	12	2893.96	0
5.455	1	2	15	3107.81	0
5.456	1	3	16	294.543	0
5.481	1	5	1	9363.1	0
5.482	1	8	2	67248.6	0
5.483	1	1	3	1897.01	0
5.484	1	10	4	66735.1	0
5.489	1	9	9	943.629	0
5.49	1	7	10	2110.97	0
5.491	1	4	11	5811.29	0
5.492	1	6	12	283.414	0
5.495	1	2	15	1980.29	0
5.496	1	3	16	524.052	0
5.521	1	5	1	5437.22	0
5.522	1	8	2	41675.2	0
5.523	1	1	3	3828.57	0
5.524	1	10	4	103344	0
5.529	1	9	9	853.664	0
5.53	1	7	10	4114.94	0
5.531	1	4	11	11191.5	0
5.532	1	6	12	173.265	0
5.535	1	2	15	1045.96	0
5.536	1	3	16	114.91	0
5.561	1	5	1	10306	0
5.562	1	8	2	23500	0
5.563	1	1	3	1343.83	0
5.564	1	10	4	91977.8	0
5.569	1	9	9	604.899	0
5.57	1	7	10	2231.77	0
5.571	1	4	11	25609.4	0
5.572	1	6	12	498.851	0
5.575	1	2	15	6663.03	0
5.576	1	3	16	191.354	0
5.601	1	5	1	5942.7	0
5.602	1	8	2	27089.1	0
5.603	1	1	3	1409.19	0
5.604	1	10	4	51396.9	0
5.609	1	9	9	1560.7	0
5.61	1	7	10	1744.73	0
5.611	1	4	11	10302.5	0
5.612	1	6	12	335.887	0
5.615	1	2	15	5932.04	0
5.616	1	3	16	217.325	0
5.641	1	5	1	14819.6	0
5.642	1	8	2	31609.8	0
5.643	1	1	3	1701.41	0
5.644	1	10	4	154382	0
5.649	1	9	9	1794.9	0
5.65	1	7	10	1611.02	0
5.651	1	4	11	15719.2	0
5.652	1	6	12	215.967	0
5.655	1	2	15	4205.95	0
5.656	1	3	16	129.38	0
5.681	1	5	1	10422.8	0
5.682	1	8	2	43018.5	0
5.683	1	1	3	999.203	0
5.684	1	10	4	106337	0
5.689	1	9	9	1110.46	0
5.69	1	7	10	658.939	0
5.691	1	4	11	4990.45	0
5.692	1	6	12	639.399	0
5.695	1	2	15	10847.7	0
5.696	1	3	16	281.788	0
5.721	1	5	1	2975.94	0
5.722	1	8	2	32162.1	0
5.723	1	1	3	1217.44	0
5.724	1	10	4	102166	0
5.729	1	9	9	413.108	0
5.73	1	7	10	1365.66	0
5.731	1	4	11	22186.9	0
5.732	1	6	12	219.308	0
5.735	1	2	15	5515.42	0
5.736	1	3	16	480.312	0
5.761	1	5	1	26732	0
5.762	1	8	2	42461	0
5.763	1	1	3	632.626	0
5.764	1	10	4	156342	0
5.769	1	9	9	362.766	0
5.77	1	7	10	5593.94	0
5.771	1	4	11	43211.7	0
5.772	1	6	12	144.564	0
5.775	1	2	15	4785.24	0
5.776	1	3	16	179.864	0
5.801	1	5	1	19251.9	0
5.802	1	8	2	53253.4	0
5.803	1	1	3	504.925	0
5.804	1	10	4	177453	0
5.809	1	9	9	579.81	0
5.81	1	7	10	8865.94	0
5.811	1	4	11	18893.8	0
5.812	1	6	12	393.999	0
5.815	1	2	15	3281.26	0
5.816	1	3	16	250.38	0
5.841	1	5	1	5347.34	0
5.842	1	8	2	56004.1	0
5.843	1	1	3	2948.08	0
5.844	1	10	4	171304	0
5.849	1	9	9	771.749	0
5.85	1	7	10	4898.55	0
5.851	1	4	11	13620.5	0
5.852	1	6	12	343.886	0
5.855	1	2	15	1489.43	0
5.856	1	3	16	166.628	0
5.881	1	5	1	30639.9	0
5.882	1	8	2	45400	0
5.883	1	1	3	431.991	0
5.884	1	10	4	95889.6	0
5.889	1	9	9	459.584	0
5.89	1	7	10	5484.08	0
5.891	1	4	11	8618.57	0
5.892	1	6	12	330.924	0
5.895	1	2	15	2747.35	0
5.896	1	3	16	148.455	0
5.921	1	5	1	30453.9	0
5.922	1	8	2	39963.3	0
5.923	1	1	3	603.044	0
5.924	1	10	4	262831	0
5.929	1	9	9	786.097	0
5.93	1	7	10	7644.64	0
5.931	1	4	11	18201.1	0
5.932	1	6	12	507.581	0
5.935	1	2	15	3620.17	0
5.936	1	3	16	230.709	0
5.961	1	5	1	32637.7	0
5.962	1	8	2	81619.3	0
5.963	1	1	3	6633.09	0
5.964	1	10	4	255897	0
5.969	1	9	9	1532.8	0
5.97	1	7	10	3735.72	0
5.971	1	4	11	24581	0
5.972	1	6	12	458.188	0
5.975	1	2	15	2691.58	0
5.976	1	3	16	116.763	0
6.001	1	5	1	1225.91	0
6.002	1	8	2	56360.7	0
6.003	1	1	3	1801.84	0
6.004	1	10	4	223884	0
6.009	1	9	9	1022.64	0
6.01	1	7	10	3682.64	0
6.011	1	4	11	10753.4	0
6.012	1	6	12	685.155	0
6.015	1	2	15	1064.22	0
6.016	1	3	16	136.217	0
6.041	1	5	1	16874.7	0
6.042	1	8	2	27861.1	0
6.043	1	1	3	912.968	0
6.044	1	10	4	376298	0
6.049	1	9	9	788.79	0
6.05	1	7	10	4501.25	0
6.051	1	4	11	8766.65	0
6.052	1	6	12	1081.34	0
6.055	1	2	15	1572.91	0
6.056	1	3	16	103.965	0
6.081	1	5	1	30843.3	0
6.082	1	8	2	26808.4	0
6.083	1	1	3	4283.77	0
6.084	1	10	4	76236.3	0
6.089	1	9	9	401.749	0
6.09	1	7	10	4388.82	0
6.091	1	4	11	5106.08	0
6.092	1	6	12	313.74	0
6.095	1	2	15	446.517	0
6.096	1	3	16	159.883	0
6.121	1	5	1	3068.18	0
6.122	1	8	2	35199.3	0
6.123	1	1	3	824.36	0
6.124	1	10	4	236858	0
6.129	1	9	9	565.642	0
6.13	1	7	10	14718.5	0
6.131	1	4	11	2853.67	0
6.132	1	6	12	291.714	0
6.135	1	2	15	1196.24	0
6.136	1	3	16	231.034	0
6.161	1	5	1	5354.55	0
6.162	1	8	2	12418.9	0
6.163	1	1	3	1332.08	0
6.164	1	10	4	221376	0
6.169	1	9	9	607.716	0
6.17	1	7	10	9892.54	0
6.171	1	4	11	1941.71	0
6.172	1	6	12	430.791	0
6.175	1	2	15	1593.06	0
6.176	1	3	16	117.626	0
6.201	1	5	1	8027.86	0
6.202	1	8	2	43669.3	0
6.203	1	1	3	1913.3	0
6.204	1	10	4	99311.2	0
6.209	1	9	9	582.147	0
6.21	1	7	10	1123.63	0
6.211	1	4	11	8609.52	0
6.212	1	6	12	278.958	0
6.215	1	2	15	1633.43	0
6.216	1	3	16	204.178	0
6.241	1	5	1	2316.08	0
6.242	1	8	2	45938.8	0
6.243	1	1	3	618.689	0
6.244	1	10	4	155056	0
6.249	1	9	9	436.448	0
6.25	1	7	10	4949.53	0
6.251	1	4	11	17503.3	0
6.252	1	6	12	349.441	0
6.255	1	2	15	2623.54	0
6.256	1	3	16	433.892	0
6.281	1	5	1	5890.63	0
6.282	1	8	2	87660.1	0
6.283	1	1	3	1248.07	0
6.284	1	10	4	39543	0
6.289	1	9	9	583.711	0
6.29	1	7	10	2361.74	0
6.291	1	4	11	8419.21	0
6.292	1	6	12	284.991	0
6.295	1	2	15	1770.23	0
6.296	1	3	16	388.193	0
6.321	1	5	1	13056.3	0
6.322	1	8	2	76767.7	0
6.323	1	1	3	894.542	0
6.324	1	10	4	204009	0
6.329	1	9	9	725.742	0
6.33	1	7	10	1291.8	0
6.331	1	4	11	19638.6	0
6.332	1	6	12	123.846	0
6.335	1	2	15	4267.76	0
6.336	1	3	16	411.95	0
6.361	1	5	1	31555.4	0
6.362	1	8	2	22284	0
6.363	1	1	3	310.013	0
6.364	1	10	4	397799	0
6.369	1	9	9	762.28	0
6.37	1	7	10	3107.19	0
6.371	1	4	11	18770.7	0
6.372	1	6	12	472.172	0
6.375	1	2	15	6743.71	0
6.376	1	3	16	236.603	0
6.401	1	5	1	21814.6	0
6.402	1	8	2	67762.5	0
6.403	1	1	3	578.931	0
6.404	1	10	4	123247	0
6.409	1	9	9	610.377	0
6.41	1	7	10	3271.4	0
6.411	1	4	11	17216.1	0
6.412	1	6	12	451.572	0
6.415	1	2	15	8445.67	0
6.416	1	3	16	105.551	0
6.441	1	5	1	6214.62	0
6.442	1	8	2	150749	0
6.443	1	1	3	624.162	0
6.444	1	10	4	114243	0
6.449	1	9	9	552.633	0
6.45	1	7	10	4503.53	0
6.451	1	4	11	22706	0
6.452	1	6	12	180.916	0
6.455	1	2	15	13912.4	0
6.456	1	3	16	224.672	0
6.481	1	5	1	6374.78	0
6.482	1	8	2	101626	0
6.483	1	1	3	783.145	0
6.484	1	10	4	103912	0
6.489	1	9	9	1120.77	0
6.49	1	7	10	2830.21	0
6.491	1	4	11	9261.07	0
6.492	1	6	12	320.124	0
6.495	1	2	15	5769.08	0
6.496	1	3	16	158.364	0
6.521	1	5	1	4104.21	0
6.522	1	8	2	61558.6	0
6.523	1	1	3	4047.38	0
6.524	1	10	4	63238.5	0
6.529	1	9	9	1023.64	0
6.53	1	7	10	2765.32	0
6.531	1	4	11	6486.89	0
6.532	1	6	12	256.305	0
6.535	1	2	15	3911.05	0
6.536	1	3	16	142.028	0
6.561	1	5	1	4644.13	0
6.562	1	8	2	29553	0
6.563	1	1	3	2801.99	0
6.564	1	10	4	105308	0
6.569	1	9	9	1159.57	0
6.57	1	7	10	1274.87	0
6.571	1	4	11	9532.24	0
6.572	1	6	12	695.491	0
6.575	1	2	15	1908.5	0
6.576	1	3	16	444.819	0
6.601	1	5	1	3593.76	0
6.602	1	8	2	40852	0
6.603	1	1	3	2142.93	0
6.604	1	10	4	119600	0
6.609	1	9	9	608.453	0
6.61	1	7	10	1951.92	0
6.611	1	4	11	10594.7	0
6.612	1	6	12	517.494	0
6.615	1	2	15	1101.7	0
6.616	1	3	16	482.011	0
6.641	1	5	1	6071.31	0
6.642	1	8	2	44553.9	0
6.643	1	1	3	4452.04	0
6.644	1	10	4	71201.6	0
6.649	1	9	9	1258.58	0
6.65	1	7	10	2533.39	0
6.651	1	4	11	10726.8	0
6.652	1	6	12	1160.84	0
6.655	1	2	15	1999.4	0
6.656	1	3	16	306.677	0
6.681	1	5	1	8573.46	0
6.682	1	8	2	43431.1	0
6.683	1	1	3	7307.83	0
6.684	1	10	4	155076	0
6.689	1	9	9	1829.98	0
6.69	1	7	10	1673.05	0
6.691	1	4	11	7347.21	0
6.692	1	6	12	1236.12	0
6.695	1	2	15	1852.06	0
6.696	1	3	16	536.19	0
6.721	1	5	1	8283.39	0
6.722	1	8	2	32395.8	0
6.723	1	1	3	5736.95	0
6.724	1	10	4	264330	0
6.729	1	9	9	739.954	0
6.73	1	7	10	3729.78	0
6.731	1	4	11	10716.9	0
6.732	1	6	12	576.644	0
6.735	1	2	15	3286.26	0
6.736	1	3	16	676.416	0
6.761	1	5	1	5419.01	0
6.762	1	8	2	34697.3	0
6.763	1	1	3	8060.24	0
6.764	1	10	4	173727	0
6.769	1	9	9	838.389	0
6.77	1	7	10	2777.95	0
6.771	1	4	11	17012.9	0
6.772	1	6	12	252.14	0
6.775	1	2	15	7806.91	0
6.776	1	3	16	291.626	0
6.801	1	5	1	2604.61	0
6.802	1	8	2	53088.1	0
6.803	1	1	3	2591.99	0
6.804	1	10	4	154097	0
6.809	1	9	9	649.665	0
6.81	1	7	10	5040.67	0
6.811	1	4	11	9758.15	0
6.812	1	6	12	319.202	0
6.815	1	2	15	4663	0
6.816	1	3	16	241.053	0
6.841	1	5	1	21352.4	0
6.842	1	8	2	29792.8	0
6.843	1	1	3	1592.47	0
6.844	1	10	4	91700	0
6.849	1	9	9	609.507	0
6.85	1	7	10	5376.37	0
6.851	1	4	11	7018.21	0
6.852	1	6	12	444.963	0
6.855	1	2	15	8790.46	0
6.856	1	3	16	566.239	0
6.881	1	5	1	37836.5	0
6.882	1	8	2	34766.8	0
6.883	1	1	3	2901.6	0
6.884	1	10	4	81699	0
6.889	1	9	9	1671.53	0
6.89	1	7	10	2909.33	0
6.891	1	4	11	6893.16	0
6.892	1	6	12	152.427	0
6.895	1	2	15	6706.3	0
6.896	1	3	16	293.708	0
6.921	1	5	1	13465.2	0
6.922	1	8	2	29411	0
6.923	1	1	3	415.286	0
6.924	1	10	4	126966	0
6.929	1	9	9	1479.58	0
6.93	1	7	10	10193.8	0
6.931	1	4	11	2852.7	0
6.932	1	6	12	170.145	0
6.935	1	2	15	2203.5	0
6.936	1	3	16	138.462	0
6.961	1	5	1	13033	0
6.962	1	8	2	22643	0
6.963	1	1	3	574.523	0
6.964	1	10	4	64258.2	0
6.969	1	9	9	1086.28	0
6.97	1	7	10	7630.6	0
6.971	1	4	11	4967.32	0
6.972	1	6	12	528.011	0
6.975	1	2	15	2431.2	0
6.976	1	3	16	343.332	0
7.001	1	5	1	11134.8	0
7.002	1	8	2	31887.4	0
7.003	1	1	3	272.963	0
7.004	1	10	4	126128	0
7.009	1	9	9	1423.11	0
7.01	1	7	10	2583.6	0
7.011	1	4	11	23920.3	0
7.012	1	6	12	376.027	0
7.015	1	2	15	1449.17	0
7.016	1	3	16	142.76	0
7.041	1	5	1	17735.9	0
7.042	1	8	2	39804.6	0
7.043	1	1	3	2366.61	0
7.044	1	10	4	120988	0
7.049	1	9	9	971.611	0
7.05	1	7	10	1767.89	0
7.051	1	4	11	21659.2	0
7.052	1	6	12	528.954	0
7.055	1	2	15	8802.77	0
7.056	1	3	16	67.9672	0
7.081	1	5	1	27245.7	0
7.082	1	8	2	49363.6	0
7.083	1	1	3	4395.77	0
7.084	1	10	4	82327	0
7.089	1	9	9	1154.91	0
7.09	1	7	10	959.028	0
7.091	1	4	11	8876.62	0
7.092	1	6	12	492.835	0
7.095	1	2	15	4631.51	0
7.096	1	3	16	206.454	0
7.121	1	5	1	6240.81	0
7.122	1	8	2	44587.3	0
7.123	1	1	3	891.48	0
7.124	1	10	4	252671	0
7.129	1	9	9	551.295	0
7.13	1	7	10	1499.27	0
7.131	1	4	11	13083.1	0
7.132	1	6	12	1995.55	0
7.135	1	2	15	2070.42	0
7.136	1	3	16	221.417	0
7.161	1	5	1	5251.99	0
7.162	1	8	2	32697.5	0
7.163	1	1	3	744.103	0
7.164	1	10	4	259639	0
7.169	1	9	9	1786.79	0
7.17	1	7	10	1677.74	0
7.171	1	4	11	6805.11	0
7.172	1	6	12	1093.83	0
7.175	1	2	15	6738.22	0
7.176	1	3	16	146.432	0
7.201	1	5	1	4459.35	0
7.202	1	8	2	129849	0
7.203	1	1	3	636.454	0
7.204	1	10	4	171785	0
7.209	1	9	9	1389.85	0
7.21	1	7	10	2638.6	0
7.211	1	4	11	13581.8	0
7.212	1	6	12	278.041	0
7.215	1	2	15	4419.89	0
7.216	1	3	16	143.882	0
7.241	1	5	1	8386.46	0
7.242	1	8	2	73603	0
7.243	1	1	3	563.517	0
7.244	1	10	4	304550	0
7.249	1	9	9	607.36	0
7.25	1	7	10	4018.88	0
7.251	1	4	11	25719.3	0
7.252	1	6	12	300.205	0
7.255	1	2	15	4894.37	0
7.256	1	3	16	265.25	0
7.281	1	5	1	10389.8	0
7.282	1	8	2	82797.2	0
7.283	1	1	3	230.019	0
7.284	1	10	4	366797	0
7.289	1	9	9	1102.56	0
7.29	1	7	10	4682.24	0
7.291	1	4	11	17681.2	0
7.292	1	6	12	438.868	0
7.295	1	2	15	3610.58	0
7.296	1	3	16	336.7	0
7.321	1	5	1	3548.45	0
7.322	1	8	2	235955	0
7.323	1	1	3	321.723	0
7.324	1	10	4	150635	0
7.329	1	9	9	519.769	0
7.33	1	7	10	6636.68	0
7.331	1	4	11	18536.5	0
7.332	1	6	12	1384.18	0
7.335	1	2	15	1995.7	0
7.336	1	3	16	167.872	0
7.361	1	5	1	5406.95	0
7.362	1	8	2	73011.9	0
7.363	1	1	3	1915.52	0
7.364	1	10	4	162950	0
7.369	1	9	9	428.876	0
7.37	1	7	10	5782.13	0
7.371	1	4	11	32963.6	0
7.372	1	6	12	1555.94	0
7.375	1	2	15	1731.83	0
7.376	1	3	16	99.4981	0
7.401	1	5	1	9390.5	0
7.402	1	8	2	97892.8	0
7.403	1	1	3	1569.8	0
7.404	1	10	4	311824	0
7.409	1	9	9	385.55	0
7.41	1	7	10	1322.15	0
7.411	1	4	11	24181	0
7.412	1	6	12	1040.89	0
7.415	1	2	15	1671.2	0
7.416	1	3	16	123.234	0
7.441	1	5	1	3730.28	0
7.442	1	8	2	115810	0
7.443	1	1	3	1165.42	0
7.444	1	10	4	150935	0
7.449	1	9	9	449.005	0
7.45	1	7	10	2707.22	0
7.451	1	4	11	9168.59	0
7.452	1	6	12	1304	0
7.455	1	2	15	9101.6	0
7.456	1	3	16	52.1644	0
7.481	1	5	1	5521.31	0
7.482	1	8	2	31627.8	0
7.483	1	1	3	898.495	0
7.484	1	10	4	79996.3	0
7.489	1	9	9	777.602	0
7.49	1	7	10	4542.43	0
7.491	1	4	11	22909.2	0
7.492	1	6	12	489.886	0
7.495	1	2	15	1396.5	0
7.496	1	3	16	115.51	0
7.521	1	5	1	3298.48	0
7.522	1	8	2	59050.3	0
7.523	1	1	3	2197.47	0
7.524	1	10	4	378872	0
7.529	1	9	9	1444.71	0
7.53	1	7	10	3602.53	0
7.531	1	4	11	20294.1	0
7.532	1	6	12	431.29	0
7.535	1	2	15	2310.09	0
7.536	1	3	16	211.016	0
7.561	1	5	1	6012.54	0
7.562	1	8	2	29042	0
7.563	1	1	3	1232	0
7.564	1	10	4	347371	0
7.569	1	9	9	610.453	0
7.57	1	7	10	3326.75	0
7.571	1	4	11	17372.3	0
7.572	1	6	12	2156.33	0
7.575	1	2	15	3271.99	0
7.576	1	3	16	487.389	0
7.601	1	5	1	7711.88	0
7.602	1	8	2	37756.9	0
7.603	1	1	3	2098.22	0
7.604	1	10	4	385418	0
7.609	1	9	9	404.052	0
7.61	1	7	10	2596.65	0
7.611	1	4	11	5769.82	0
7.612	1	6	12	463.84	0
7.615	1	2	15	2525.83	0
7.616	1	3	16	519.298	0
7.641	1	5	1	4934.88	0
7.642	1	8	2	55280.9	0
7.643	1	1	3	1869.3	0
7.644	1	10	4	468370	0
7.649	1	9	9	889.979	0
7.65	1	7	10	5635	0
7.651	1	4	11	7902.01	0
7.652	1	6	12	148.628	0
7.655	1	2	15	1392.26	0
7.656	1	3	16	294.599	0
7.681	1	5	1	16538.1	0
7.682	1	8	2	33615.8	0
7.683	1	1	3	3454.06	0
7.684	1	10	4	205258	0
7.689	1	9	9	954.03	0
7.69	1	7	10	3559.43	0
7.691	1	4	11	9343.52	0
7.692	1	6	12	107.377	0
7.695	1	2	15	2332.26	0
7.696	1	3	16	112.101	0
7.721	1	5	1	49307.7	0
7.722	1	8	2	58856.6	0
7.723	1	1	3	3260.61	0
7.724	1	10	4	169669	0
7.729	1	9	9	1284.45	0
7.73	1	7	10	5539.85	0
7.731	1	4	11	8051.73	0
7.732	1	6	12	149.281	0
7.735	1	2	15	2276.71	0
7.736	1	3	16	111.855	0
7.761	1	5	1	26047.4	0
7.762	1	8	2	20814.9	0
7.763	1	1	3	792.589	0
7.764	1	10	4	174899	0
7.769	1	9	9	782.515	0
7.77	1	7	10	3768.8	0
7.771	1	4	11	7482.64	0
7.772	1	6	12	136.627	0
7.775	1	2	15	3221.82	0
7.776	1	3	16	148.234	0
7.801	1	5	1	13155.1	0
7.802	1	8	2	55270.2	0
7.803	1	1	3	1061.44	0
7.804	1	10	4	98758.4	0
7.809	1	9	9	697.142	0
7.81	1	7	10	3800.51	0
7.811	1	4	11	6151.14	0
7.812	1	6	12	138.369	0
7.815	1	2	15	1671.24	0
7.816	1	3	16	222.626	0
7.841	1	5	1	37172.6	0
7.842	1	8	2	119151	0
7.843	1	1	3	2040.98	0
7.844	1	10	4	306465	0
7.849	1	9	9	622.959	0
7.85	1	7	10	8508.84	0
7.851	1	4	11	5810.95	0
7.852	1	6	12	359.673	0
7.855	1	2	15	618.925	0
7.856	1	3	16	130.487	0
7.881	1	5	1	38561.8	0
7.882	1	8	2	47986.9	0
7.883	1	1	3	1369.69	0
7.884	1	10	4	202662	0
7.889	1	9	9	278.887	0
7.89	1	7	10	2237.8	0
7.891	1	4	11	11590.7	0
7.892	1	6	12	406.539	0
7.895	1	2	15	1340.89	0
7.896	1	3	16	263.123	0
7.921	1	5	1	43801.8	0
7.922	1	8	2	203946	0
7.923	1	1	3	1208.91	0
7.924	1	10	4	105477	0
7.929	1	9	9	389.508	0
7.93	1	7	10	4220.84	0
7.931	1	4	11	11462	0
7.932	1	6	12	236.23	0
7.935	1	2	15	4079.37	0
7.936	1	3	16	471.223	0
7.961	1	5	1	62196.8	0
7.962	1	8	2	143941	0
7.963	1	1	3	1259.62	0
7.964	1	10	4	178093	0
7.969	1	9	9	464.226	0
7.97	1	7	10	5439.93	0
7.971	1	4	11	7446.81	0
7.972	1	6	12	575.152	0
7.975	1	2	15	4642.92	0
7.976	1	3	16	523.652	0
8.001	1	5	1	45576.2	0
8.002	1	8	2	142234	0
8.003	1	1	3	3728.73	0
8.004	1	10	4	194055	0
8.009	1	9	9	675.274	0
8.01	1	7	10	5360.04	0
8.011	1	4	11	28068.6	0
8.012	1	6	12	406.121	0
8.015	1	2	15	3084.07	0
8.016	1	3	16	348.224	0
8.041	1	5	1	7620.63	0
8.042	1	8	2	35377.3	0
8.043	1	1	3	4423.12	0
8.044	1	10	4	123706	0
8.049	1	9	9	1117.31	0
8.05	1	7	10	6187.06	0
8.051	1	4	11	12500.6	0
8.052	1	6	12	609.919	0
8.055	1	2	15	2675.65	0
8.056	1	3	16	232.885	0
8.081	1	5	1	15894.3	0
8.082	1	8	2	37607.4	0
8.083	1	1	3	2936.88	0
8.084	1	10	4	147302	0
8.089	1	9	9	1488.3	0
8.09	1	7	10	5269.2	0
8.091	1	4	11	7073.98	0
8.092	1	6	12	270.833	0
8.095	1	2	15	4285.26	0
8.096	1	3	16	252.3	0
8.121	1	5	1	57746.3	0
8.122	1	8	2	42266.6	0
8.123	1	1	3	2239.31	0
8.124	1	10	4	76393.2	0
8.129	1	9	9	1042.99	0
8.13	1	7	10	2445.79	0
8.131	1	4	11	8500.8	0
8.132	1	6	12	617.112	0
8.135	1	2	15	4997.15	0
8.136	1	3	16	461.616	0
8.161	1	5	1	7003.07	0
8.162	1	8	2	19599.7	0
8.163	1	1	3	2053.81	0
8.164	1	10	4	107033	0
8.169	1	9	9	1695.38	0
8.17	1	7	10	1521.54	0
8.171	1	4	11	4049.87	0
8.172	1	6	12	183.492	0
8.175	1	2	15	12532	0
8.176	1	3	16	314.462	0
8.201	1	5	1	4472.45	0
8.202	1	8	2	14720.2	0
8.203	1	1	3	451.926	0
8.204	1	10	4	174251	0
8.209	1	9	9	699.639	0
8.21	1	7	10	2724.72	0
8.211	1	4	11	3234.91	0
8.212	1	6	12	150.544	0
8.215	1	2	15	9870.74	0
8.216	1	3	16	206.099	0
8.241	1	5	1	15994.2	0
8.242	1	8	2	17999.6	0
8.243	1	1	3	494.354	0
8.244	1	10	4	86868.7	0
8.249	1	9	9	1785.26	0
8.25	1	7	10	1660.82	0
8.251	1	4	11	4584.53	0
8.252	1	6	12	103.989	0
8.255	1	2	15	3036.02	0
8.256	1	3	16	227.933	0
8.281	1	5	1	8091.96	0
8.282	1	8	2	60173.7	0
8.283	1	1	3	550.404	0
8.284	1	10	4	75013.6	0
8.289	1	9	9	1991.31	0
8.29	1	7	10	1593.51	0
8.291	1	4	11	11120.4	0
8.292	1	6	12	165.931	0
8.295	1	2	15	2208.9	0
8.296	1	3	16	110.461	0
8.321	1	5	1	5914.79	0
8.322	1	8	2	77878.7	0
8.323	1	1	3	208.086	0
8.324	1	10	4	97248.3	0
8.329	1	9	9	400.408	0
8.33	1	7	10	2526.87	0
8.331	1	4	11	15397.3	0
8.332	1	6	12	364.103	0
8.335	1	2	15	2492.64	0
8.336	1	3	16	405.229	0
8.361	1	5	1	11354.3	0
8.362	1	8	2	41968.1	0
8.363	1	1	3	831.096	0
8.364	1	10	4	100112	0
8.369	1	9	9	1703.75	0
8.37	1	7	10	957.209	0
8.371	1	4	11	8746.72	0
8.372	1	6	12	162.902	0
8.375	1	2	15	1945.32	0
8.376	1	3	16	504.314	0
8.401	1	5	1	11195.2	0
8.402	1	8	2	31299	0
8.403	1	1	3	1240.53	0
8.404	1	10	4	83622.5	0
8.409	1	9	9	1083.99	0
8.41	1	7	10	2575.73	0
8.411	1	4	11	5924.43	0
8.412	1	6	12	158.999	0
8.415	1	2	15	837.602	0
8.416	1	3	16	315.889	0
8.441	1	5	1	7848.74	0
8.442	1	8	2	46811.2	0
8.443	1	1	3	407.038	0
8.444	1	10	4	74806.5	0
8.449	1	9	9	896.02	0
8.45	1	7	10	3016.4	0
8.451	1	4	11	9017.33	0
8.452	1	6	12	96.8829	0
8.455	1	2	15	2383.97	0
8.456	1	3	16	492.609	0
8.481	1	5	1	8902.08	0
8.482	1	8	2	50283.8	0
8.483	1	1	3	902.632	0
8.484	1	10	4	60626.6	0
8.489	1	9	9	752.541	0
8.49	1	7	10	1776.58	0
8.491	1	4	11	9692.69	0
8.492	1	6	12	70.2215	0
8.495	1	2	15	1642.9	0
8.496	1	3	16	693.49	0
8.521	1	5	1	4638.7	0
8.522	1	8	2	41556.4	0
8.523	1	1	3	370.537	0
8.524	1	10	4	319686	0
8.529	1	9	9	2191.59	0
8.53	1	7	10	4959.66	0
8.531	1	4	11	8520.56	0
8.532	1	6	12	232.736	0
8.535	1	2	15	7837.53	0
8.536	1	3	16	307.673	0
8.561	1	5	1	13862.7	0
8.562	1	8	2	66643.5	0
8.563	1	1	3	930.454	0
8.564	1	10	4	148341	0
8.569	1	9	9	2249.29	0
8.57	1	7	10	6389.3	0
8.571	1	4	11	16581.2	0
8.572	1	6	12	514.132	0
8.575	1	2	15	2326.09	0
8.576	1	3	16	63.3687	0
8.601	1	5	1	7645.32	0
8.602	1	8	2	87142.9	0
8.603	1	1	3	2483.27	0
8.604	1	10	4	78567.9	0
8.609	1	9	9	2935.67	0
8.61	1	7	10	4448.09	0
8.611	1	4	11	12281.4	0
8.612	1	6	12	924.494	0
8.615	1	2	15	5117.39	0
8.616	1	3	16	673.871	0
8.641	1	5	1	16421.2	0
8.642	1	8	2	41387.7	0
8.643	1	1	3	2809.83	0
8.644	1	10	4	98205.6	0
8.649	1	9	9	1467.28	0
8.65	1	7	10	1686.51	0
8.651	1	4	11	6723.77	0
8.652	1	6	12	674.045	0
8.655	1	2	15	16980	0
8.656	1	3	16	790.925	0
8.681	1	5	1	66687.7	0
8.682	1	8	2	52715.4	0
8.683	1	1	3	4800.42	0
8.684	1	10	4	47920.1	0
8.689	1	9	9	955.013	0
8.69	1	7	10	1213.23	0
8.691	1	4	11	7603.47	0
8.692	1	6	12	442.467	0
8.695	1	2	15	11060.1	0
8.696	1	3	16	215.019	0
8.721	1	5	1	22016.8	0
8.722	1	8	2	59550	0
8.723	1	1	3	307.478	0
8.724	1	10	4	36473.4	0
8.729	1	9	9	1173.5	0
8.73	1	7	10	1834.53	0
8.731	1	4	11	3709.41	0
8.732	1	6	12	202.187	0
8.735	1	2	15	5227.2	0
8.736	1	3	16	272.198	0
8.761	1	5	1	2903.7	0
8.762	1	8	2	33100	0
8.763	1	1	3	283.785	0
8.764	1	10	4	50292.7	0
8.769	1	9	9	542.269	0
8.77	1	7	10	2726.59	0
8.771	1	4	11	3335.8	0
8.772	1	6	12	257.113	0
8.775	1	2	15	1264.08	0
8.776	1	3	16	162.178	0
8.801	1	5	1	13281.2	0
8.802	1	8	2	88041.9	0
8.803	1	1	3	725.958	0
8.804	1	10	4	121599	0
8.809	1	9	9	1759.45	0
8.81	1	7	10	1776.41	0
8.811	1	4	11	15214.7	0
8.812	1	6	12	174.781	0
8.815	1	2	15	948.802	0
8.816	1	3	16	476.12	0
8.841	1	5	1	8321.82	0
8.842	1	8	2	109709	0
8.843	1	1	3	597.295	0
8.844	1	10	4	175915	0
8.849	1	9	9	1426.3	0
8.85	1	7	10	2296.72	0
8.851	1	4	11	35163.4	0
8.852	1	6	12	374.097	0
8.855	1	2	15	1347.9	0
8.856	1	3	16	416.015	0
8.881	1	5	1	5330.91	0
8.882	1	8	2	77719	0
8.883	1	1	3	492.433	0
8.884	1	10	4	103819	0
8.889	1	9	9	600.219	0
8.89	1	7	10	5017.32	0
8.891	1	4	11	26888	0
8.892	1	6	12	633.357	0
8.895	1	2	15	1059.28	0
8.896	1	3	16	129.499	0
8.921	1	5	1	11352.2	0
8.922	1	8	2	76149.8	0
8.923	1	1	3	1515.94	0
8.924	1	10	4	66176.2	0
8.929	1	9	9	1102.63	0
8.93	1	7	10	6157.56	0
8.931	1	4	11	17520.1	0
8.932	1	6	12	1252.46	0
8.935	1	2	15	833.49	0
8.936	1	3	16	355.879	0
8.961	1	5	1	13378.9	0
8.962	1	8	2	170750	0
8.963	1	1	3	4153.15	0
8.964	1	10	4	101399	0
8.969	1	9	9	535.612	0
8.97	1	7	10	5604.68	0
8.971	1	4	11	31865.2	0
8.972	1	6	12	3036.05	0
8.975	1	2	15	8899.26	0
8.976	1	3	16	540.279	0
9.001	1	5	1	5928.29	0
9.002	1	8	2	21370.3	0
9.003	1	1	3	4041.93	0
9.004	1	10	4	429863	0
9.009	1	9	9	1440.14	0
9.01	1	7	10	5390.43	0
9.011	1	4	11	15391.7	0
9.012	1	6	12	76.9907	0
9.015	1	2	15	2463.62	0
9.016	1	3	16	557.221	0
9.041	1	5	1	9183.06	0
9.042	1	8	2	22478.7	0
9.043	1	1	3	6990.23	0
9.044	1	10	4	708886	0
9.049	1	9	9	1106.32	0
9.05	1	7	10	1707.07	0
9.051	1	4	11	8691.05	0
9.052	1	6	12	636.048	0
9.055	1	2	15	2340.65	0
9.056	1	3	16	555.184	0
9.081	1	5	1	19233	0
9.082	1	8	2	35497.1	0
9.083	1	1	3	4166.51	0
9.084	1	10	4	180855	0
9.089	1	9	9	2084.63	0
9.09	1	7	10	2135.4	0
9.091	1	4	11	26969.8	0
9.092	1	6	12	379.284	0
9.095	1	2	15	6892.28	0
9.096	1	3	16	361.757	0
9.121	1	5	1	25483.3	0
9.122	1	8	2	68674.2	0
9.123	1	1	3	937.28	0
9.124	1	10	4	107862	0
9.129	1	9	9	2060.36	0
9.13	1	7	10	1523.82	0
9.131	1	4	11	17834.9	0
9.132	1	6	12	842.763	0
9.135	1	2	15	5362.7	0
9.136	1	3	16	657.954	0
9.161	1	5	1	21849.7	0
9.162	1	8	2	45279.7	0
9.163	1	1	3	1882.37	0
9.164	1	10	4	124959	0
9.169	1	9	9	734.183	0
9.17	1	7	10	771.513	0
9.171	1	4	11	9282.3	0
9.172	1	6	12	1377.01	0
9.175	1	2	15	4136.63	0
9.176	1	3	16	429.654	0
9.201	1	5	1	29222.3	0
9.202	1	8	2	26238.9	0
9.203	1	1	3	707.595	0
9.204	1	10	4	40230.5	0
9.209	1	9	9	1252.98	0
9.21	1	7	10	874.692	0
9.211	1	4	11	15672.7	0
9.212	1	6	12	692.908	0
9.215	1	2	15	2957.39	0
9.216	1	3	16	291.626	0
9.241	1	5	1	27554.7	0
9.242	1	8	2	14817.3	0
9.243	1	1	3	575.82	0
9.244	1	10	4	104663	0
9.249	1	9	9	1851.5	0
9.25	1	7	10	1740.1	0
9.251	1	4	11	6630.61	0
9.252	1	6	12	2170.7	0
9.255	1	2	15	6393.93	0
9.256	1	3	16	387.987	0
9.281	1	5	1	8463.71	0
9.282	1	8	2	13239	0
9.283	1	1	3	1804.86	0
9.284	1	10	4	93369.8	0
9.289	1	9	9	691.092	0
9.29	1	7	10	3568.75	0
9.291	1	4	11	6453.4	0
9.292	1	6	12	1207	0
9.295	1	2	15	16673.9	0
9.296	1	3	16	331.069	0
9.321	1	5	1	9320.77	0
9.322	1	8	2	20493.7	0
9.323	1	1	3	1380.91	0
9.324	1	10	4	187781	0
9.329	1	9	9	614.785	0
9.33	1	7	10	3123.13	0
9.331	1	4	11	5182.2	0
9.332	1	6	12	117.347	0
9.335	1	2	15	5577.11	0
9.336	1	3	16	446.572	0
9.361	1	5	1	13904.1	0
9.362	1	8	2	52971.7	0
9.363	1	1	3	2241.06	0
9.364	1	10	4	185017	0
9.369	1	9	9	1252.21	0
9.37	1	7	10	1462.75	0
9.371	1	4	11	7115.71	0
9.372	1	6	12	257.55	0
9.375	1	2	15	3173.98	0
9.376	1	3	16	272.069	0
9.401	1	5	1	11143.4	0
9.402	1	8	2	51599.4	0
9.403	1	1	3	1198.39	0
9.404	1	10	4	105398	0
9.409	1	9	9	1255.27	0
9.41	1	7	10	1848.41	0
9.411	1	4	11	11118.3	0
9.412	1	6	12	158.079	0
9.415	1	2	15	4874.73	0
9.416	1	3	16	108.071	0
9.441	1	5	1	9903.23	0
9.442	1	8	2	69282.6	0
9.443	1	1	3	2114.98	0
9.444	1	10	4	121549	0
9.449	1	9	9	1485.21	0
9.45	1	7	10	2296.58	0
9.451	1	4	11	14291.4	0
9.452	1	6	12	90.7462	0
9.455	1	2	15	4240.34	0
9.456	1	3	16	186.082	0
9.481	1	5	1	39905.2	0
9.482	1	8	2	115643	0
9.483	1	1	3	2097.19	0
9.484	1	10	4	71660.8	0
9.489	1	9	9	1321.53	0
9.49	1	7	10	2732.03	0
9.491	1	4	11	28577.8	0
9.492	1	6	12	843.591	0
9.495	1	2	15	2188.51	0
9.496	1	3	16	184.053	0
9.521	1	5	1	11034.4	0
9.522	1	8	2	129463	0
9.523	1	1	3	5214.95	0
9.524	1	10	4	245550	0
9.529	1	9	9	892.716	0
9.53	1	7	10	4487.26	0
9.531	1	4	11	6509.62	0
9.532	1	6	12	650.443	0
9.535	1	2	15	668.377	0
9.536	1	3	16	114.91	0
9.561	1	5	1	33265.1	0
9.562	1	8	2	73884	0
9.563	1	1	3	1318	0
9.564	1	10	4	26927.7	0
9.569	1	9	9	545.662	0
9.57	1	7	10	4596.58	0
9.571	1	4	11	14059.5	0
9.572	1	6	12	1970.42	0
9.575	1	2	15	6728.23	0
9.576	1	3	16	191.354	0
9.601	1	5	1	11486.5	0
9.602	1	8	2	57651.3	0
9.603	1	1	3	1047.75	0
9.604	1	10	4	276859	0
9.609	1	9	9	776.41	0
9.61	1	7	10	5306.46	0
9.611	1	4	11	7786.99	0
9.612	1	6	12	547.315	0
9.615	1	2	15	4007.74	0
9.616	1	3	16	217.325	0
9.641	1	5	1	27353.2	0
9.642	1	8	2	15577.5	0
9.643	1	1	3	2527.67	0
9.644	1	10	4	240445	0
9.649	1	9	9	1762.5	0
9.65	1	7	10	3950.43	0
9.651	1	4	11	10678.2	0
9.652	1	6	12	1032.42	0
9.655	1	2	15	2212.39	0
9.656	1	3	16	116.764	0
9.681	1	5	1	34311.1	0
9.682	1	8	2	54138.6	0
9.683	1	1	3	946.436	0
9.684	1	10	4	77254.9	0
9.689	1	9	9	1341.94	0
9.69	1	7	10	4151.25	0
9.691	1	4	11	13969.8	0
9.692	1	6	12	1381.03	0
9.695	1	2	15	26984	0
9.696	1	3	16	269.244	0
9.721	1	5	1	14285.2	0
9.722	1	8	2	92932.9	0
9.723	1	1	3	2029.84	0
9.724	1	10	4	100584	0
9.729	1	9	9	1175.72	0
9.73	1	7	10	5581.43	0
9.731	1	4	11	16501	0
9.732	1	6	12	960.319	0
9.735	1	2	15	5711.62	0
9.736	1	3	16	480.312	0
9.761	1	5	1	24949.1	0
9.762	1	8	2	26423.8	0
9.763	1	1	3	1067.67	0
9.764	1	10	4	68103.3	0
9.769	1	9	9	2197.37	0
9.77	1	7	10	4277.65	0
9.771	1	4	11	12780	0
9.772	1	6	12	1115.45	0
9.775	1	2	15	4888.78	0
9.776	1	3	16	522.359	0
9.801	1	5	1	14306.1	0
9.802	1	8	2	102637	0
9.803	1	1	3	1292.17	0
9.804	1	10	4	30850.3	0
9.809	1	9	9	1901.96	0
9.81	1	7	10	2559.73	0
9.811	1	4	11	10231.1	0
9.812	1	6	12	311.16	0
9.815	1	2	15	3973.41	0
9.816	1	3	16	406.005	0
9.841	1	5	1	10980.7	0
9.842	1	8	2	61224.8	0
9.843	1	1	3	2558.23	0
9.844	1	10	4	39480.2	0
9.849	1	9	9	665.275	0
9.85	1	7	10	3936.29	0
9.851	1	4	11	26387.5	0
9.852	1	6	12	313.869	0
9.855	1	2	15	2324.46	0
9.856	1	3	16	166.628	0
9.881	1	5	1	26910	0
9.882	1	8	2	93039.1	0
9.883	1	1	3	533.597	0
9.884	1	10	4	85120.1	0
9.889	1	9	9	1415.35	0
9.89	1	7	10	6542.63	0
9.891	1	4	11	17969.3	0
9.892	1	6	12	867.567	0
9.895	1	2	15	2098.51	0
9.896	1	3	16	148.455	0
9.921	1	5	1	28996.2	0
9.922	1	8	2	290740	0
9.923	1	1	3	2664.54	0
9.924	1	10	4	168938	0
9.929	1	9	9	1764.35	0
9.93	1	7	10	3708.32	0
9.931	1	4	11	9229.31	0
9.932	1	6	12	227.409	0
9.935	1	2	15	1683.36	0
9.936	1	3	16	230.709	0
9.961	1	5	1	21231.7	0
9.962	1	8	2	62371	0
9.963	1	1	3	1679.73	0
9.964	1	10	4	141188	0
9.969	1	9	9	575.141	0
9.97	1	7	10	2120.32	0
9.971	1	4	11	12740	0
9.972	1	6	12	240.373	0
9.975	1	2	15	3519.34	0
9.976	1	3	16	116.763	0
10.001	1	5	1	12195.2	0
10.002	1	8	2	50415.1	0
10.003	1	1	3	2787.48	0
10.004	1	10	4	80206.1	0
10.009	1	9	9	499.377	0
10.01	1	7	10	1879.01	0
10.011	1	4	11	12767.4	0
10.012	1	6	12	337.309	0
10.015	1	2	15	2258.25	0
10.016	1	3	16	175.18	0
10.041	1	5	1	4446.04	0
10.042	1	8	2	26714.2	0
10.043	1	1	3	10270.3	0
10.044	1	10	4	112747	0
10.049	1	9	9	470.772	0
10.05	1	7	10	3234.13	0
10.051	1	4	11	13545.7	0
10.052	1	6	12	180.167	0
10.055	1	2	15	1875.93	0
10.056	1	3	16	394.102	0
10.081	1	5	1	6432.86	0
10.082	1	8	2	36545.6	0
10.083	1	1	3	660.054	0
10.084	1	10	4	238783	0
10.089	1	9	9	684.319	0
10.09	1	7	10	4264.34	0
10.091	1	4	11	18462.6	0
10.092	1	6	12	90.2574	0
10.095	1	2	15	1331.91	0
10.096	1	3	16	194.376	0
10.121	1	5	1	6765.84	0
10.122	1	8	2	49113.5	0
10.123	1	1	3	596.44	0
10.124	1	10	4	287630	0
10.129	1	9	9	743.171	0
10.13	1	7	10	5262.84	0
10.131	1	4	11	11413.1	0
10.132	1	6	12	426.317	0
10.135	1	2	15	4950.17	0
10.136	1	3	16	105.975	0
10.161	1	5	1	7534.34	0
10.162	1	8	2	74915	0
10.163	1	1	3	2063.26	0
10.164	1	10	4	207909	0
10.169	1	9	9	731.538	0
10.17	1	7	10	7054.31	0
10.171	1	4	11	9935.16	0
10.172	1	6	12	385.684	0
10.175	1	2	15	4019.58	0
10.176	1	3	16	331.218	0
10.201	1	5	1	6441.25	0
10.202	1	8	2	116309	0
10.203	1	1	3	563.3	0
10.204	1	10	4	130209	0
10.209	1	9	9	492.646	0
10.21	1	7	10	3980.16	0
10.211	1	4	11	9074.56	0
10.212	1	6	12	174.513	0
10.215	1	2	15	2400.02	0
10.216	1	3	16	423.274	0
10.241	1	5	1	2552.81	0
10.242	1	8	2	28467.1	0
10.243	1	1	3	576.42	0
10.244	1	10	4	41388.7	0
10.249	1	9	9	828.825	0
10.25	1	7	10	1019.02	0
10.251	1	4	11	4040.59	0
10.252	1	6	12	303.318	0
10.255	1	2	15	4907.41	0
10.256	1	3	16	253.101	0
10.281	1	5	1	5232.71	0
10.282	1	8	2	115931	0
10.283	1	1	3	1385.87	0
10.284	1	10	4	63256	0
10.289	1	9	9	1166.51	0
10.29	1	7	10	3995.67	0
10.291	1	4	11	5526.93	0
10.292	1	6	12	388.364	0
10.295	1	2	15	6440.75	0
10.296	1	3	16	254.114	0
10.321	1	5	1	6878.96	0
10.322	1	8	2	219508	0
10.323	1	1	3	2512.02	0
10.324	1	10	4	87152.4	0
10.329	1	9	9	612.428	0
10.33	1	7	10	3724.96	0
10.331	1	4	11	6647.02	0
10.332	1	6	12	103.614	0
10.335	1	2	15	5057.24	0
10.336	1	3	16	210.554	0
10.361	1	5	1	9393.1	0
10.362	1	8	2	48311.5	0
10.363	1	1	3	2327.87	0
10.364	1	10	4	48424.5	0
10.369	1	9	9	505.555	0
10.37	1	7	10	1139.94	0
10.371	1	4	11	9081.75	0
10.372	1	6	12	397.709	0
10.375	1	2	15	2426.08	0
10.376	1	3	16	123.242	0
10.401	1	5	1	7009.47	0
10.402	1	8	2	132989	0
10.403	1	1	3	9581.43	0
10.404	1	10	4	103322	0
10.409	1	9	9	446.504	0
10.41	1	7	10	2523.95	0
10.411	1	4	11	15163.7	0
10.412	1	6	12	286.67	0
10.415	1	2	15	4529.46	0
10.416	1	3	16	299.844	0
10.441	1	5	1	4829.4	0
10.442	1	8	2	129348	0
10.443	1	1	3	7966.59	0
10.444	1	10	4	49929.2	0
10.449	1	9	9	183.012	0
10.45	1	7	10	5044.92	0
10.451	1	4	11	18170.2	0
10.452	1	6	12	142.249	0
10.455	1	2	15	10252.3	0
10.456	1	3	16	238.487	0
10.481	1	5	1	29933.2	0
10.482	1	8	2	40648.5	0
10.483	1	1	3	2824.43	0
10.484	1	10	4	104540	0
10.489	1	9	9	423.601	0
10.49	1	7	10	3926.33	0
10.491	1	4	11	24527.6	0
10.492	1	6	12	188.318	0
10.495	1	2	15	3033.79	0
10.496	1	3	16	118.891	0
10.521	1	5	1	20002.3	0
10.522	1	8	2	68681.4	0
10.523	1	1	3	765.904	0
10.524	1	10	4	190655	0
10.529	1	9	9	471.609	0
10.53	1	7	10	3427.1	0
10.531	1	4	11	12364.8	0
10.532	1	6	12	602.109	0
10.535	1	2	15	15775.5	0
10.536	1	3	16	269.64	0
10.561	1	5	1	18380.7	0
10.562	1	8	2	88436.1	0
10.563	1	1	3	1157.86	0
10.564	1	10	4	407195	0
10.569	1	9	9	324.362	0
10.57	1	7	10	1338.43	0
10.571	1	4	11	43365.2	0
10.572	1	6	12	649.18	0
10.575	1	2	15	17027.9	0
10.576	1	3	16	528.787	0
10.601	1	5	1	13864.6	0
10.602	1	8	2	61492.3	0
10.603	1	1	3	8719.17	0
10.604	1	10	4	287808	0
10.609	1	9	9	717.494	0
10.61	1	7	10	6678.8	0
10.611	1	4	11	25582.7	0
10.612	1	6	12	178.645	0
10.615	1	2	15	11286.7	0
10.616	1	3	16	209.509	0
10.641	1	5	1	5692.44	0
10.642	1	8	2	116308	0
10.643	1	1	3	770.674	0
10.644	1	10	4	207998	0
10.649	1	9	9	761.147	0
10.65	1	7	10	4065.06	0
10.651	1	4	11	13378.5	0
10.652	1	6	12	664.038	0
10.655	1	2	15	10785.4	0
10.656	1	3	16	200.227	0
10.681	1	5	1	6682.43	0
10.682	1	8	2	103811	0
10.683	1	1	3	739.618	0
10.684	1	10	4	365635	0
10.689	1	9	9	1546.36	0
10.69	1	7	10	1595.24	0
10.691	1	4	11	10325.8	0
10.692	1	6	12	958.723	0
10.695	1	2	15	8561.34	0
10.696	1	3	16	354.524	0
10.721	1	5	1	8090.23	0
10.722	1	8	2	31901.1	0
10.723	1	1	3	4585.1	0
10.724	1	10	4	220851	0
10.729	1	9	9	1860.15	0
10.73	1	7	10	2180.17	0
10.731	1	4	11	13154.6	0
10.732	1	6	12	283.213	0
10.735	1	2	15	3586.36	0
10.736	1	3	16	212.873	0
10.761	1	5	1	4134.88	0
10.762	1	8	2	35097.8	0
10.763	1	1	3	3348.75	0
10.764	1	10	4	166090	0
10.769	1	9	9	771.666	0
10.77	1	7	10	1197.02	0
10.771	1	4	11	26488	0
10.772	1	6	12	918.737	0
10.775	1	2	15	2115.26	0
10.776	1	3	16	347.341	0
10.801	1	5	1	7905.51	0
10.802	1	8	2	22091	0
10.803	1	1	3	1552.9	0
10.804	1	10	4	211378	0
10.809	1	9	9	1680.52	0
10.81	1	7	10	766.482	0
10.811	1	4	11	11361.5	0
10.812	1	6	12	1326.19	0
10.815	1	2	15	906.419	0
10.816	1	3	16	261.397	0
10.841	1	5	1	12328.7	0
10.842	1	8	2	40838.4	0
10.843	1	1	3	6952.03	0
10.844	1	10	4	184746	0
10.849	1	9	9	1988.97	0
10.85	1	7	10	973.037	0
10.851	1	4	11	9259.89	0
10.852	1	6	12	883.836	0
10.855	1	2	15	3433.31	0
10.856	1	3	16	322.332	0
10.881	1	5	1	1788.66	0
10.882	1	8	2	41591.1	0
10.883	1	1	3	5546.66	0
10.884	1	10	4	246676	0
10.889	1	9	9	1305.09	0
10.89	1	7	10	2251.28	0
10.891	1	4	11	22904.7	0
10.892	1	6	12	289.974	0
10.895	1	2	15	5521.09	0
10.896	1	3	16	527.189	0
10.921	1	5	1	4849.81	0
10.922	1	8	2	48059.2	0
10.923	1	1	3	2532.74	0
10.924	1	10	4	105456	0
10.929	1	9	9	1728.47	0
10.93	1	7	10	3776.72	0
10.931	1	4	11	25533.3	0
10.932	1	6	12	526.819	0
10.935	1	2	15	4030.86	0
10.936	1	3	16	312.162	0
10.961	1	5	1	52497.8	0
10.962	1	8	2	60714.7	0
10.963	1	1	3	1687.26	0
10.964	1	10	4	35683.7	0
10.969	1	9	9	1272.48	0
10.97	1	7	10	2576.78	0
10.971	1	4	11	15263.4	0
10.972	1	6	12	349.731	0
10.975	1	2	15	4039.12	0
10.976	1	3	16	237.016	0
11.001	1	5	1	9624.26	0
11.002	1	8	2	66573.7	0
11.003	1	1	3	3934.75	0
11.004	1	10	4	472386	0
11.009	1	9	9	2214.48	0
11.01	1	7	10	896.627	0
11.011	1	4	11	24966	0
11.012	1	6	12	219.061	0
11.015	1	2	15	9881.33	0
11.016	1	3	16	618.634	0
11.041	1	5	1	3353.55	0
11.042	1	8	2	20815.5	0
11.043	1	1	3	5989.02	0
11.044	1	10	4	687806	0
11.049	1	9	9	2272.37	0
11.05	1	7	10	2439.83	0
11.051	1	4	11	16829.3	0
11.052	1	6	12	204.693	0
11.055	1	2	15	5420.83	0
11.056	1	3	16	730.453	0
11.081	1	5	1	1105.04	0
11.082	1	8	2	65699.1	0
11.083	1	1	3	3609.5	0
11.084	1	10	4	147284	0
11.089	1	9	9	851.189	0
11.09	1	7	10	3025.23	0
11.091	1	4	11	11820.5	0
11.092	1	6	12	661.432	0
11.095	1	2	15	2525.63	0
11.096	1	3	16	825.513	0
11.121	1	5	1	16716	0
11.122	1	8	2	99459	0
11.123	1	1	3	1004.87	0
11.124	1	10	4	66522.3	0
11.129	1	9	9	1047.5	0
11.13	1	7	10	3985.82	0
11.131	1	4	11	7085.59	0
11.132	1	6	12	524.508	0
11.135	1	2	15	1617.7	0
11.136	1	3	16	330.963	0
11.161	1	5	1	8653.16	0
11.162	1	8	2	45245.6	0
11.163	1	1	3	826.178	0
11.164	1	10	4	181819	0
11.169	1	9	9	617.699	0
11.17	1	7	10	4019	0
11.171	1	4	11	5805.18	0
11.172	1	6	12	654.267	0
11.175	1	2	15	1897.45	0
11.176	1	3	16	329.279	0
11.201	1	5	1	4896.72	0
11.202	1	8	2	55027.9	0
11.203	1	1	3	734.53	0
11.204	1	10	4	37081.6	0
11.209	1	9	9	483.708	0
11.21	1	7	10	2270.83	0
11.211	1	4	11	11447.3	0
11.212	1	6	12	577.841	0
11.215	1	2	15	7238.14	0
11.216	1	3	16	290.276	0
11.241	1	5	1	19276.8	0
11.242	1	8	2	37062.1	0
11.243	1	1	3	509.849	0
11.244	1	10	4	123580	0
11.249	1	9	9	1977.74	0
11.25	1	7	10	2607.85	0
11.251	1	4	11	6362.01	0
11.252	1	6	12	162.015	0
11.255	1	2	15	10440.6	0
11.256	1	3	16	203.99	0
11.281	1	5	1	21275.3	0
11.282	1	8	2	31937.2	0
11.283	1	1	3	357.114	0
11.284	1	10	4	140417	0
11.289	1	9	9	1597.95	0
11.29	1	7	10	1577.03	0
11.291	1	4	11	13481.5	0
11.292	1	6	12	586.61	0
11.295	1	2	15	8145.36	0
11.296	1	3	16	575.814	0
11.321	1	5	1	35587.3	0
11.322	1	8	2	22519.4	0
11.323	1	1	3	535.199	0
11.324	1	10	4	151946	0
11.329	1	9	9	1297.6	0
11.33	1	7	10	999.176	0
11.331	1	4	11	12937.2	0
11.332	1	6	12	517.729	0
11.335	1	2	15	2832.57	0
11.336	1	3	16	325.652	0
11.361	1	5	1	32668.9	0
11.362	1	8	2	21403.6	0
11.363	1	1	3	1897.77	0
11.364	1	10	4	177888	0
11.369	1	9	9	1728.63	0
11.37	1	7	10	1541.81	0
11.371	1	4	11	16102.8	0
11.372	1	6	12	172.644	0
11.375	1	2	15	4450.12	0
11.376	1	3	16	207.872	0
11.401	1	5	1	3477.39	0
11.402	1	8	2	57119.3	0
11.403	1	1	3	974.305	0
11.404	1	10	4	104443	0
11.409	1	9	9	1049.69	0
11.41	1	7	10	1724.45	0
11.411	1	4	11	25559.6	0
11.412	1	6	12	244.668	0
11.415	1	2	15	7525.86	0
11.416	1	3	16	315.445	0
11.441	1	5	1	10138.2	0
11.442	1	8	2	68859.4	0
11.443	1	1	3	1047.21	0
11.444	1	10	4	105992	0
11.449	1	9	9	806.622	0
11.45	1	7	10	2836.08	0
11.451	1	4	11	10722.9	0
11.452	1	6	12	234.994	0
11.455	1	2	15	2489.64	0
11.456	1	3	16	123.333	0
11.481	1	5	1	10640	0
11.482	1	8	2	143641	0
11.483	1	1	3	2242.91	0
11.484	1	10	4	54838.1	0
11.489	1	9	9	406.374	0
11.49	1	7	10	4116.24	0
11.491	1	4	11	33331.2	0
11.492	1	6	12	842.8	0
11.495	1	2	15	1549.78	0
11.496	1	3	16	126.583	0
11.521	1	5	1	5508.04	0
11.522	1	8	2	102441	0
11.523	1	1	3	512.422	0
11.524	1	10	4	317511	0
11.529	1	9	9	1076.5	0
11.53	1	7	10	607.636	0
11.531	1	4	11	8949.85	0
11.532	1	6	12	75.6632	0
11.535	1	2	15	1447.38	0
11.536	1	3	16	52.9885	0
11.561	1	5	1	4583.02	0
11.562	1	8	2	94564.6	0
11.563	1	1	3	623.399	0
11.564	1	10	4	249344	0
11.569	1	9	9	659.183	0
11.57	1	7	10	3023.75	0
11.571	1	4	11	2444.86	0
11.572	1	6	12	267.562	0
11.575	1	2	15	2609.01	0
11.576	1	3	16	136.137	0
11.601	1	5	1	2120.4	0
11.602	1	8	2	89849.4	0
11.603	1	1	3	1015.87	0
11.604	1	10	4	52350	0
11.609	1	9	9	419.368	0
11.61	1	7	10	4150.99	0
11.611	1	4	11	16883.4	0
11.612	1	6	12	294.591	0
11.615	1	2	15	1524.54	0
11.616	1	3	16	298.352	0
11.641	1	5	1	1834.92	0
11.642	1	8	2	114714	0
11.643	1	1	3	542.986	0
11.644	1	10	4	143568	0
11.649	1	9	9	585.303	0
11.65	1	7	10	1764.15	0
11.651	1	4	11	12971.9	0
11.652	1	6	12	196.118	0
11.655	1	2	15	849.015	0
11.656	1	3	16	738.916	0
11.681	1	5	1	8866.92	0
11.682	1	8	2	47924.3	0
11.683	1	1	3	2801.81	0
11.684	1	10	4	204774	0
11.689	1	9	9	611.603	0
11.69	1	7	10	5103.65	0
11.691	1	4	11	10039.1	0
11.692	1	6	12	171.68	0
11.695	1	2	15	2434.54	0
11.696	1	3	16	384.742	0
11.721	1	5	1	4381.46	0
11.722	1	8	2	163541	0
11.723	1	1	3	2876.15	0
11.724	1	10	4	72962	0
11.729	1	9	9	552.894	0
11.73	1	7	10	3164.71	0
11.731	1	4	11	21313.3	0
11.732	1	6	12	152.587	0
11.735	1	2	15	724.507	0
11.736	1	3	16	501.675	0
11.761	1	5	1	12354.4	0
11.762	1	8	2	106494	0
11.763	1	1	3	1131.87	0
11.764	1	10	4	82507.4	0
11.769	1	9	9	436.875	0
11.77	1	7	10	8618.54	0
11.771	1	4	11	12641.4	0
11.772	1	6	12	123.777	0
11.775	1	2	15	1393.58	0
11.776	1	3	16	626.496	0
11.801	1	5	1	13181.1	0
11.802	1	8	2	42034.1	0
11.803	1	1	3	6763.83	0
11.804	1	10	4	214971	0
11.809	1	9	9	630.172	0
11.81	1	7	10	15425	0
11.811	1	4	11	48835.4	0
11.812	1	6	12	114.692	0
11.815	1	2	15	5456.29	0
11.816	1	3	16	295.871	0
11.841	1	5	1	6902.54	0
11.842	1	8	2	48737	0
11.843	1	1	3	5580.1	0
11.844	1	10	4	212035	0
11.849	1	9	9	732.482	0
11.85	1	7	10	4411.39	0
11.851	1	4	11	55353.2	0
11.852	1	6	12	295.498	0
11.855	1	2	15	3085.25	0
11.856	1	3	16	265.613	0
11.881	1	5	1	20270.3	0
11.882	1	8	2	27977.5	0
11.883	1	1	3	5752.73	0
11.884	1	10	4	125663	0
11.889	1	9	9	760.101	0
11.89	1	7	10	2379.4	0
11.891	1	4	11	8322.48	0
11.892	1	6	12	345.361	0
11.895	1	2	15	1801.61	0
11.896	1	3	16	350.318	0
11.921	1	5	1	11359	0
11.922	1	8	2	77062.2	0
11.923	1	1	3	3635.09	0
11.924	1	10	4	147385	0
11.929	1	9	9	553.425	0
11.93	1	7	10	4854.26	0
11.931	1	4	11	15634.5	0
11.932	1	6	12	457.331	0
11.935	1	2	15	5508.45	0
11.936	1	3	16	349.606	0
11.961	1	5	1	27314	0
11.962	1	8	2	28899	0
11.963	1	1	3	2253.54	0
11.964	1	10	4	90507	0
11.969	1	9	9	643.792	0
11.97	1	7	10	935.813	0
11.971	1	4	11	15639.8	0
11.972	1	6	12	591.223	0
11.975	1	2	15	2635.28	0
11.976	1	3	16	415.239	0
12.001	1	5	1	16580.7	0
12.002	1	8	2	94564.6	0
12.003	1	1	3	5417.58	0
12.004	1	10	4	142924	0
12.009	1	9	9	450.062	0
12.01	1	7	10	6615.52	0
12.011	1	4	11	9280.29	0
12.012	1	6	12	239.22	0
12.015	1	2	15	1147.13	0
12.016	1	3	16	286.973	0
12.041	1	5	1	7024.95	0
12.042	1	8	2	89849.4	0
12.043	1	1	3	650.416	0
12.044	1	10	4	239579	0
12.049	1	9	9	594.753	0
12.05	1	7	10	2948.77	0
12.051	1	4	11	16875.4	0
12.052	1	6	12	530.957	0
12.055	1	2	15	8331.85	0
12.056	1	3	16	539.35	0
12.081	1	5	1	15568.9	0
12.082	1	8	2	83103	0
12.083	1	1	3	1080.21	0
12.084	1	10	4	164082	0
12.089	1	9	9	613.986	0
12.09	1	7	10	2746.25	0
12.091	1	4	11	20831.4	0
12.092	1	6	12	277.56	0
12.095	1	2	15	12289.4	0
12.096	1	3	16	439.55	0
12.121	1	5	1	21537.7	0
12.122	1	8	2	47924.3	0
12.123	1	1	3	1059.29	0
12.124	1	10	4	129324	0
12.129	1	9	9	522.1	0
12.13	1	7	10	2541.85	0
12.131	1	4	11	15350.2	0
12.132	1	6	12	793.016	0
12.135	1	2	15	5108.9	0
12.136	1	3	16	185.533	0
12.161	1	5	1	5684.98	0
12.162	1	8	2	135035	0
12.163	1	1	3	1065.68	0
12.164	1	10	4	137063	0
12.169	1	9	9	452.184	0
12.17	1	7	10	1817.54	0
12.171	1	4	11	24143.7	0
12.172	1	6	12	1780.42	0
12.175	1	2	15	6567.7	0
12.176	1	3	16	99.3925	0
12.201	1	5	1	2410.63	0
12.202	1	8	2	97566.1	0
12.203	1	1	3	3114.86	0
12.204	1	10	4	63894.3	0
12.209	1	9	9	664.467	0
12.21	1	7	10	5498.33	0
12.211	1	4	11	9630.01	0
12.212	1	6	12	769.087	0
12.215	1	2	15	5018.6	0
12.216	1	3	16	135.558	0
12.241	1	5	1	8872.93	0
12.242	1	8	2	40806.5	0
12.243	1	1	3	728.386	0
12.244	1	10	4	139181	0
12.249	1	9	9	738.527	0
12.25	1	7	10	5507.5	0
12.251	1	4	11	27028	0
12.252	1	6	12	231.901	0
12.255	1	2	15	4665.7	0
12.256	1	3	16	222.354	0
12.281	1	5	1	7332.08	0
12.282	1	8	2	68340.7	0
12.283	1	1	3	759.41	0
12.284	1	10	4	157983	0
12.289	1	9	9	747.734	0
12.29	1	7	10	3694.11	0
12.291	1	4	11	27137.4	0
12.292	1	6	12	147.627	0
12.295	1	2	15	2241.62	0
12.296	1	3	16	178.384	0
12.321	1	5	1	4499.21	0
12.322	1	8	2	45233	0
12.323	1	1	3	2861.5	0
12.324	1	10	4	70456.7	0
12.329	1	9	9	512.154	0
12.33	1	7	10	6633.42	0
12.331	1	4	11	5930.01	0
12.332	1	6	12	97.4278	0
12.335	1	2	15	807.67	0
12.336	1	3	16	152.898	0
12.361	1	5	1	19371.5	0
12.362	1	8	2	77062.2	0
12.363	1	1	3	4029.27	0
12.364	1	10	4	84309.8	0
12.369	1	9	9	747.046	0
12.37	1	7	10	7802.48	0
12.371	1	4	11	25062.2	0
12.372	1	6	12	288.966	0
12.375	1	2	15	3332.68	0
12.376	1	3	16	318.43	0
12.401	1	5	1	37524.5	0
12.402	1	8	2	35065.2	0
12.403	1	1	3	1438.6	0
12.404	1	10	4	98211.3	0
12.409	1	9	9	1185.93	0
12.41	1	7	10	3131.43	0
12.411	1	4	11	14637	0
12.412	1	6	12	806.199	0
12.415	1	2	15	2791.44	0
12.416	1	3	16	483.811	0
12.441	1	5	1	25691.5	0
12.442	1	8	2	84821.9	0
12.443	1	1	3	795.677	0
12.444	1	10	4	99148.9	0
12.449	1	9	9	680.215	0
12.45	1	7	10	3601.24	0
12.451	1	4	11	13346.5	0
12.452	1	6	12	1271.76	0
12.455	1	2	15	4867.37	0
12.456	1	3	16	503.09	0
12.481	1	5	1	14755.1	0
12.482	1	8	2	150378	0
12.483	1	1	3	2980.91	0
12.484	1	10	4	75993.3	0
12.489	1	9	9	489.221	0
12.49	1	7	10	6679.36	0
12.491	1	4	11	9991.36	0
12.492	1	6	12	529.208	0
12.495	1	2	15	14136.4	0
12.496	1	3	16	313.731	0
12.521	1	5	1	15758.7	0
12.522	1	8	2	122346	0
12.523	1	1	3	1262.56	0
12.524	1	10	4	164861	0
12.529	1	9	9	1016.86	0
12.53	1	7	10	3311.39	0
12.531	1	4	11	12767.1	0
12.532	1	6	12	244.038	0
12.535	1	2	15	2267.86	0
12.536	1	3	16	75.0992	0
12.561	1	5	1	22735.9	0
12.562	1	8	2	103419	0
12.563	1	1	3	1618.11	0
12.564	1	10	4	191971	0
12.569	1	9	9	891.746	0
12.57	1	7	10	4288.92	0
12.571	1	4	11	16497.4	0
12.572	1	6	12	308.193	0
12.575	1	2	15	5207.7	0
12.576	1	3	16	376.117	0
12.601	1	5	1	63211.1	0
12.602	1	8	2	44909.2	0
12.603	1	1	3	786.453	0
12.604	1	10	4	391860	0
12.609	1	9	9	1761.36	0
12.61	1	7	10	5363.21	0
12.611	1	4	11	25357.2	0
12.612	1	6	12	461.861	0
12.615	1	2	15	3078.41	0
12.616	1	3	16	599.364	0
12.641	1	5	1	61933.5	0
12.642	1	8	2	36434.7	0
12.643	1	1	3	382.93	0
12.644	1	10	4	93199	0
12.649	1	9	9	1232.48	0
12.65	1	7	10	7052.2	0
12.651	1	4	11	10642.9	0
12.652	1	6	12	106.343	0
12.655	1	2	15	1553.2	0
12.656	1	3	16	336.346	0
12.681	1	5	1	19555.4	0
12.682	1	8	2	40603.8	0
12.683	1	1	3	399.216	0
12.684	1	10	4	210710	0
12.689	1	9	9	827.311	0
12.69	1	7	10	3719.49	0
12.691	1	4	11	34200.5	0
12.692	1	6	12	298.961	0
12.695	1	2	15	4025.19	0
12.696	1	3	16	482.209	0
12.721	1	5	1	29286.3	0
12.722	1	8	2	55735.3	0
12.723	1	1	3	719.639	0
12.724	1	10	4	243337	0
12.729	1	9	9	399.281	0
12.73	1	7	10	1069.23	0
12.731	1	4	11	39678.6	0
12.732	1	6	12	100.436	0
12.735	1	2	15	1710.66	0
12.736	1	3	16	348.888	0
12.761	1	5	1	7586.7	0
12.762	1	8	2	26410.8	0
12.763	1	1	3	2695.6	0
12.764	1	10	4	117350	0
12.769	1	9	9	384.134	0
12.77	1	7	10	4130.02	0
12.771	1	4	11	11582.1	0
12.772	1	6	12	94.6089	0
12.775	1	2	15	2071.13	0
12.776	1	3	16	168.331	0
12.801	1	5	1	13128.6	0
12.802	1	8	2	25463.4	0
12.803	1	1	3	537.101	0
12.804	1	10	4	166924	0
12.809	1	9	9	1353.08	0
12.81	1	7	10	3575.09	0
12.811	1	4	11	28662.4	0
12.812	1	6	12	391.239	0
12.815	1	2	15	3569.29	0
12.816	1	3	16	195.881	0
12.841	1	5	1	35179.4	0
12.842	1	8	2	25239.2	0
12.843	1	1	3	789.452	0
12.844	1	10	4	48229.4	0
12.849	1	9	9	587.929	0
12.85	1	7	10	1101.94	0
12.851	1	4	11	23596.6	0
12.852	1	6	12	62.9589	0
12.855	1	2	15	1964.49	0
12.856	1	3	16	90.2845	0
12.881	1	5	1	14932.2	0
12.882	1	8	2	18592.6	0
12.883	1	1	3	3033.84	0
12.884	1	10	4	380848	0
12.889	1	9	9	1084.53	0
12.89	1	7	10	2676.18	0
12.891	1	4	11	9756.32	0
12.892	1	6	12	111.803	0
12.895	1	2	15	2268.94	0
12.896	1	3	16	176.917	0
12.921	1	5	1	44770.5	0
12.922	1	8	2	32041.9	0
12.923	1	1	3	1505.25	0
12.924	1	10	4	428086	0
12.929	1	9	9	1263.07	0
12.93	1	7	10	5087.72	0
12.931	1	4	11	8546.24	0
12.932	1	6	12	373.962	0
12.935	1	2	15	4421.36	0
12.936	1	3	16	158.77	0
12.961	1	5	1	40804.2	0
12.962	1	8	2	20419.9	0
12.963	1	1	3	547.185	0
12.964	1	10	4	166298	0
12.969	1	9	9	1306.8	0
12.97	1	7	10	3807.69	0
12.971	1	4	11	3406.2	0
12.972	1	6	12	170.61	0
12.975	1	2	15	4493.93	0
12.976	1	3	16	209.684	0
13.001	1	5	1	21088.4	0
13.002	1	8	2	51183	0
13.003	1	1	3	1713.65	0
13.004	1	10	4	66839.5	0
13.009	1	9	9	499.958	0
13.01	1	7	10	3736.15	0
13.011	1	4	11	12233.1	0
13.012	1	6	12	126.661	0
13.015	1	2	15	1647.74	0
13.016	1	3	16	421.804	0
13.041	1	5	1	15098.7	0
13.042	1	8	2	32306.4	0
13.043	1	1	3	1809.31	0
13.044	1	10	4	212746	0
13.049	1	9	9	851.094	0
13.05	1	7	10	2312.73	0
13.051	1	4	11	9317.89	0
13.052	1	6	12	184.009	0
13.055	1	2	15	3218.35	0
13.056	1	3	16	180.832	0
13.081	1	5	1	41610.3	0
13.082	1	8	2	18085.5	0
13.083	1	1	3	5210.11	0
13.084	1	10	4	427841	0
13.089	1	9	9	990.682	0
13.09	1	7	10	1347.59	0
13.091	1	4	11	4417.36	0
13.092	1	6	12	198.913	0
13.095	1	2	15	2628.01	0
13.096	1	3	16	421.543	0
13.121	1	5	1	23438	0
13.122	1	8	2	32357.3	0
13.123	1	1	3	1404.04	0
13.124	1	10	4	244653	0
13.129	1	9	9	1182.85	0
13.13	1	7	10	1521.06	0
13.131	1	4	11	11000.7	0
13.132	1	6	12	100.086	0
13.135	1	2	15	6101.22	0
13.136	1	3	16	87.3296	0
13.161	1	5	1	4176.36	0
13.162	1	8	2	36879.3	0
13.163	1	1	3	600.721	0
13.164	1	10	4	124770	0
13.169	1	9	9	720.212	0
13.17	1	7	10	1296.43	0
13.171	1	4	11	7538.19	0
13.172	1	6	12	79.2427	0
13.175	1	2	15	14650.2	0
13.176	1	3	16	147.147	0
13.201	1	5	1	2043.47	0
13.202	1	8	2	26100.2	0
13.203	1	1	3	228.574	0
13.204	1	10	4	170700	0
13.209	1	9	9	965.363	0
13.21	1	7	10	2669.41	0
13.211	1	4	11	10415.4	0
13.212	1	6	12	937.481	0
13.215	1	2	15	15709.2	0
13.216	1	3	16	257.755	0
13.241	1	5	1	5893.54	0
13.242	1	8	2	52168.8	0
13.243	1	1	3	808.654	0
13.244	1	10	4	42446.4	0
13.249	1	9	9	1911.94	0
13.25	1	7	10	2835.78	0
13.251	1	4	11	14901.1	0
13.252	1	6	12	472.237	0
13.255	1	2	15	33615.7	0
13.256	1	3	16	326.953	0
13.281	1	5	1	6995.1	0
13.282	1	8	2	108701	0
13.283	1	1	3	747.516	0
13.284	1	10	4	189447	0
13.289	1	9	9	945.393	0
13.29	1	7	10	6189.39	0
13.291	1	4	11	12362.1	0
13.292	1	6	12	523.852	0
13.295	1	2	15	2137.25	0
13.296	1	3	16	351.682	0
13.321	1	5	1	18471.4	0
13.322	1	8	2	129815	0
13.323	1	1	3	408.261	0
13.324	1	10	4	336567	0
13.329	1	9	9	739.764	0
13.33	1	7	10	5738.5	0
13.331	1	4	11	25858.6	0
13.332	1	6	12	1218.3	0
13.335	1	2	15	5298.87	0
13.336	1	3	16	196.206	0
13.361	1	5	1	7017.46	0
13.362	1	8	2	114975	0
13.363	1	1	3	3047.4	0
13.364	1	10	4	199662	0
13.369	1	9	9	784.267	0
13.37	1	7	10	2697.5	0
13.371	1	4	11	14073.8	0
13.372	1	6	12	356.124	0
13.375	1	2	15	7869.65	0
13.376	1	3	16	219.994	0
13.401	1	5	1	5498.22	0
13.402	1	8	2	57211	0
13.403	1	1	3	814.48	0
13.404	1	10	4	262979	0
13.409	1	9	9	468.592	0
13.41	1	7	10	6749.49	0
13.411	1	4	11	22522.5	0
13.412	1	6	12	920.067	0
13.415	1	2	15	829.281	0
13.416	1	3	16	143.215	0
13.441	1	5	1	13271.4	0
13.442	1	8	2	30389.3	0
13.443	1	1	3	1930.86	0
13.444	1	10	4	198876	0
13.449	1	9	9	1476.21	0
13.45	1	7	10	6310.54	0
13.451	1	4	11	45769.2	0
13.452	1	6	12	535.267	0
13.455	1	2	15	4617.55	0
13.456	1	3	16	82.3434	0
13.481	1	5	1	14388.6	0
13.482	1	8	2	56141.2	0
13.483	1	1	3	13310.1	0
13.484	1	10	4	135364	0
13.489	1	9	9	1643.67	0
13.49	1	7	10	4696.77	0
13.491	1	4	11	16926.2	0
13.492	1	6	12	329.336	0
13.495	1	2	15	1852.37	0
13.496	1	3	16	128.572	0
13.521	1	5	1	2489.51	0
13.522	1	8	2	7392.98	0
13.523	1	1	3	338.572	0
13.524	1	10	4	54791.9	0
13.529	1	9	9	2023.43	0
13.53	1	7	10	3466.72	0
13.531	1	4	11	6758.59	0
13.532	1	6	12	512.656	0
13.535	1	2	15	3659.37	0
13.536	1	3	16	866.822	0
13.561	1	5	1	3207.29	0
13.562	1	8	2	49877.6	0
13.563	1	1	3	8578.21	0
13.564	1	10	4	45524.9	0
13.569	1	9	9	1201.84	0
13.57	1	7	10	3745.44	0
13.571	1	4	11	10719.5	0
13.572	1	6	12	324.295	0
13.575	1	2	15	3918.48	0
13.576	1	3	16	560.782	0
13.601	1	5	1	5723.03	0
13.602	1	8	2	87679.2	0
13.603	1	1	3	2322.78	0
13.604	1	10	4	78992.2	0
13.609	1	9	9	1655.17	0
13.61	1	7	10	1798.05	0
13.611	1	4	11	21614.5	0
13.612	1	6	12	197.065	0
13.615	1	2	15	7678.36	0
13.616	1	3	16	153.95	0
13.641	1	5	1	7168.02	0
13.642	1	8	2	27910.9	0
13.643	1	1	3	1488.69	0
13.644	1	10	4	65241.2	0
13.649	1	9	9	1399.25	0
13.65	1	7	10	1865.43	0
13.651	1	4	11	25366.8	0
13.652	1	6	12	257.934	0
13.655	1	2	15	27745.9	0
13.656	1	3	16	380.045	0
13.681	1	5	1	11315.6	0
13.682	1	8	2	78146.6	0
13.683	1	1	3	6879.65	0
13.684	1	10	4	39030.3	0
13.689	1	9	9	849.168	0
13.69	1	7	10	1284.29	0
13.691	1	4	11	22042.4	0
13.692	1	6	12	120.949	0
13.695	1	2	15	3301.42	0
13.696	1	3	16	161.042	0
13.721	1	5	1	4804.66	0
13.722	1	8	2	91433.5	0
13.723	1	1	3	2507.22	0
13.724	1	10	4	195963	0
13.729	1	9	9	637.615	0
13.73	1	7	10	616.182	0
13.731	1	4	11	10590.6	0
13.732	1	6	12	148.072	0
13.735	1	2	15	2555.69	0
13.736	1	3	16	389.85	0
13.761	1	5	1	7566.55	0
13.762	1	8	2	92897.3	0
13.763	1	1	3	806.532	0
13.764	1	10	4	278998	0
13.769	1	9	9	311.827	0
13.77	1	7	10	2218.54	0
13.771	1	4	11	6070.75	0
13.772	1	6	12	117.711	0
13.775	1	2	15	5673.12	0
13.776	1	3	16	511.165	0
13.801	1	5	1	11102.3	0
13.802	1	8	2	111277	0
13.803	1	1	3	598.065	0
13.804	1	10	4	280164	0
13.809	1	9	9	774.29	0
13.81	1	7	10	7208.93	0
13.811	1	4	11	11085	0
13.812	1	6	12	418.552	0
13.815	1	2	15	2968.02	0
13.816	1	3	16	177.445	0
13.841	1	5	1	7697.33	0
13.842	1	8	2	49432.7	0
13.843	1	1	3	715.37	0
13.844	1	10	4	183325	0
13.849	1	9	9	514.865	0
13.85	1	7	10	8158.44	0
13.851	1	4	11	7148.83	0
13.852	1	6	12	329.148	0
13.855	1	2	15	1207.21	0
13.856	1	3	16	310.817	0
13.881	1	5	1	6927.18	0
13.882	1	8	2	141268	0
13.883	1	1	3	1228.99	0
13.884	1	10	4	56562	0
13.889	1	9	9	744.968	0
13.89	1	7	10	4088.47	0
13.891	1	4	11	6228.3	0
13.892	1	6	12	266.149	0
13.895	1	2	15	688.624	0
13.896	1	3	16	159.956	0
13.921	1	5	1	4890.37	0
13.922	1	8	2	98045.1	0
13.923	1	1	3	1346.17	0
13.924	1	10	4	102503	0
13.929	1	9	9	1029.07	0
13.93	1	7	10	6777.69	0
13.931	1	4	11	10512.6	0
13.932	1	6	12	758.237	0
13.935	1	2	15	1083.82	0
13.936	1	3	16	58.6127	0
13.961	1	5	1	12955.7	0
13.962	1	8	2	46636.3	0
13.963	1	1	3	1895.89	0
13.964	1	10	4	115034	0
13.969	1	9	9	877.392	0
13.97	1	7	10	6675.08	0
13.971	1	4	11	4077.46	0
13.972	1	6	12	286.14	0
13.975	1	2	15	9656.8	0
13.976	1	3	16	132.091	0
14.001	1	5	1	61397.5	0
14.002	1	8	2	18524.8	0
14.003	1	1	3	339.957	0
14.004	1	10	4	69871.4	0
14.009	1	9	9	660.886	0
14.01	1	7	10	4086.34	0
14.011	1	4	11	18613.1	0
14.012	1	6	12	70.9502	0
14.015	1	2	15	4046.29	0
14.016	1	3	16	94.6888	0
14.041	1	5	1	30391	0
14.042	1	8	2	82360.6	0
14.043	1	1	3	793.954	0
14.044	1	10	4	201278	0
14.049	1	9	9	2260.11	0
14.05	1	7	10	3668.47	0
14.051	1	4	11	32222.8	0
14.052	1	6	12	593.381	0
14.055	1	2	15	2121.88	0
14.056	1	3	16	75.202	0
14.081	1	5	1	65584.6	0
14.082	1	8	2	91885.4	0
14.083	1	1	3	2825.12	0
14.084	1	10	4	210339	0
14.089	1	9	9	1390.98	0
14.09	1	7	10	7539.48	0
14.091	1	4	11	18997.8	0
14.092	1	6	12	260.783	0
14.095	1	2	15	5208.22	0
14.096	1	3	16	131.723	0
14.121	1	5	1	38636.7	0
14.122	1	8	2	70505.1	0
14.123	1	1	3	801.199	0
14.124	1	10	4	116375	0
14.129	1	9	9	602.396	0
14.13	1	7	10	5179.62	0
14.131	1	4	11	14794.4	0
14.132	1	6	12	96.4576	0
14.135	1	2	15	2275.27	0
14.136	1	3	16	143.175	0
14.161	1	5	1	7091.23	0
14.162	1	8	2	68770.1	0
14.163	1	1	3	471.953	0
14.164	1	10	4	144854	0
14.169	1	9	9	1824.91	0
14.17	1	7	10	5318.35	0
14.171	1	4	11	18521.4	0
14.172	1	6	12	509.372	0
14.175	1	2	15	7106.62	0
14.176	1	3	16	231.581	0
14.201	1	5	1	7963.43	0
14.202	1	8	2	95164.6	0
14.203	1	1	3	3634.03	0
14.204	1	10	4	79800	0
14.209	1	9	9	790.922	0
14.21	1	7	10	5679.51	0
14.211	1	4	11	16355.1	0
14.212	1	6	12	1033.44	0
14.215	1	2	15	13371.8	0
14.216	1	3	16	351.56	0
14.241	1	5	1	6126.61	0
14.242	1	8	2	27433.3	0
14.243	1	1	3	1386.58	0
14.244	1	10	4	48956.5	0
14.249	1	9	9	1059.8	0
14.25	1	7	10	2882.54	0
14.251	1	4	11	21698.6	0
14.252	1	6	12	2012.17	0
14.255	1	2	15	1275.83	0
14.256	1	3	16	416.291	0
14.281	1	5	1	14330.5	0
14.282	1	8	2	22028.7	0
14.283	1	1	3	339.162	0
14.284	1	10	4	173336	0
14.289	1	9	9	452.232	0
14.29	1	7	10	1605.29	0
14.291	1	4	11	11748.4	0
14.292	1	6	12	111.023	0
14.295	1	2	15	5700.09	0
14.296	1	3	16	585.657	0
14.321	1	5	1	53112.8	0
14.322	1	8	2	25237.4	0
14.323	1	1	3	811.74	0
14.324	1	10	4	115214	0
14.329	1	9	9	1217.51	0
14.33	1	7	10	1555.18	0
14.331	1	4	11	5384.59	0
14.332	1	6	12	71.9141	0
14.335	1	2	15	6924.67	0
14.336	1	3	16	423.353	0
14.361	1	5	1	12986.4	0
14.362	1	8	2	29535.9	0
14.363	1	1	3	762.884	0
14.364	1	10	4	50314.1	0
14.369	1	9	9	3063.24	0
14.37	1	7	10	1713.84	0
14.371	1	4	11	9252.78	0
14.372	1	6	12	789.177	0
14.375	1	2	15	4967.31	0
14.376	1	3	16	87.1947	0
14.401	1	5	1	19426.5	0
14.402	1	8	2	33571.5	0
14.403	1	1	3	243.53	0
14.404	1	10	4	94381	0
14.409	1	9	9	1509.89	0
14.41	1	7	10	2070.25	0
14.411	1	4	11	8761.66	0
14.412	1	6	12	144.273	0
14.415	1	2	15	3150.11	0
14.416	1	3	16	283.946	0
14.441	1	5	1	25371.6	0
14.442	1	8	2	56756	0
14.443	1	1	3	488.628	0
14.444	1	10	4	99471.3	0
14.449	1	9	9	942.98	0
14.45	1	7	10	3873.75	0
14.451	1	4	11	7804.17	0
14.452	1	6	12	143.757	0
14.455	1	2	15	3615.89	0
14.456	1	3	16	359.44	0
14.481	1	5	1	5814.86	0
14.482	1	8	2	71678.1	0
14.483	1	1	3	904.785	0
14.484	1	10	4	92070.7	0
14.489	1	9	9	646.434	0
14.49	1	7	10	3038.4	0
14.491	1	4	11	7121.61	0
14.492	1	6	12	325.444	0
14.495	1	2	15	19019.4	0
14.496	1	3	16	119.795	0
14.521	1	5	1	7649.93	0
14.522	1	8	2	57240.6	0
14.523	1	1	3	672.078	0
14.524	1	10	4	295594	0
14.529	1	9	9	1478.47	0
14.53	1	7	10	999.176	0
14.531	1	4	11	13176.8	0
14.532	1	6	12	84.3947	0
14.535	1	2	15	1647.35	0
14.536	1	3	16	360.083	0
14.561	1	5	1	3616.92	0
14.562	1	8	2	20904	0
14.563	1	1	3	1044.68	0
14.564	1	10	4	309908	0
14.569	1	9	9	618.287	0
14.57	1	7	10	1541.81	0
14.571	1	4	11	9955.4	0
14.572	1	6	12	94.6651	0
14.575	1	2	15	2374.16	0
14.576	1	3	16	289.671	0
14.601	1	5	1	6570.58	0
14.602	1	8	2	31330.2	0
14.603	1	1	3	2642.13	0
14.604	1	10	4	214530	0
14.609	1	9	9	912.085	0
14.61	1	7	10	1724.45	0
14.611	1	4	11	8525.83	0
14.612	1	6	12	188.55	0
14.615	1	2	15	1663.39	0
14.616	1	3	16	91.2019	0
14.641	1	5	1	4574.31	0
14.642	1	8	2	43782.4	0
14.643	1	1	3	978.667	0
14.644	1	10	4	284330	0
14.649	1	9	9	465.027	0
14.65	1	7	10	2836.08	0
14.651	1	4	11	13655.5	0
14.652	1	6	12	632.956	0
14.655	1	2	15	3411.02	0
14.656	1	3	16	239.801	0
14.681	1	5	1	8082.41	0
14.682	1	8	2	45132.3	0
14.683	1	1	3	1994.58	0
14.684	1	10	4	192890	0
14.689	1	9	9	976.783	0
14.69	1	7	10	4116.24	0
14.691	1	4	11	15330.2	0
14.692	1	6	12	150.919	0
14.695	1	2	15	4388.08	0
14.696	1	3	16	433.481	0
14.721	1	5	1	14557.6	0
14.722	1	8	2	38041.2	0
14.723	1	1	3	766.318	0
14.724	1	10	4	91294.5	0
14.729	1	9	9	1793.19	0
14.73	1	7	10	4841.76	0
14.731	1	4	11	15628.5	0
14.732	1	6	12	130.812	0
14.735	1	2	15	2615.55	0
14.736	1	3	16	312.598	0
14.761	1	5	1	6596.22	0
14.762	1	8	2	25044.3	0
14.763	1	1	3	402.296	0
14.764	1	10	4	68316.1	0
14.769	1	9	9	1215.91	0
14.77	1	7	10	6846.68	0
14.771	1	4	11	8292.96	0
14.772	1	6	12	429.924	0
14.775	1	2	15	2805.89	0
14.776	1	3	16	214.487	0
14.801	1	5	1	11221.1	0
14.802	1	8	2	49167.5	0
14.803	1	1	3	606.039	0
14.804	1	10	4	80407.9	0
14.809	1	9	9	1314.64	0
14.81	1	7	10	5235.13	0
14.811	1	4	11	21844.6	0
14.812	1	6	12	385.345	0
14.815	1	2	15	3394.62	0
14.816	1	3	16	256.27	0
14.841	1	5	1	19387.1	0
14.842	1	8	2	33964.7	0
14.843	1	1	3	424.476	0
14.844	1	10	4	78397.4	0
14.849	1	9	9	2310.81	0
14.85	1	7	10	1086.25	0
14.851	1	4	11	23731.6	0
14.852	1	6	12	177.536	0
14.855	1	2	15	981.45	0
14.856	1	3	16	85.3297	0
14.881	1	5	1	13845.9	0
14.882	1	8	2	53681	0
14.883	1	1	3	350.571	0
14.884	1	10	4	146230	0
14.889	1	9	9	1647.29	0
14.89	1	7	10	3171.74	0
14.891	1	4	11	9176.63	0
14.892	1	6	12	155.072	0
14.895	1	2	15	1290.52	0
14.896	1	3	16	220.46	0
14.921	1	5	1	18497.8	0
14.922	1	8	2	14163	0
14.923	1	1	3	904.653	0
14.924	1	10	4	176298	0
14.929	1	9	9	640.986	0
14.93	1	7	10	4346.46	0
14.931	1	4	11	12887.5	0
14.932	1	6	12	283.049	0
14.935	1	2	15	3532.19	0
14.936	1	3	16	297.649	0
14.961	1	5	1	11146.9	0
14.962	1	8	2	11431.2	0
14.963	1	1	3	1848.73	0
14.964	1	10	4	106549	0
14.969	1	9	9	1624.52	0
14.97	1	7	10	1511.96	0
14.971	1	4	11	7632.07	0
14.972	1	6	12	153.427	0
14.975	1	2	15	2145.24	0
14.976	1	3	16	111.244	0
15.001	1	5	1	9983.4	0
15.002	1	8	2	22504.5	0
15.003	1	1	3	5783.75	0
15.004	1	10	4	111945	0
15.009	1	9	9	508.407	0
15.01	1	7	10	1832.64	0
15.011	1	4	11	21004.3	0
15.012	1	6	12	444.109	0
15.015	1	2	15	5591.5	0
15.016	1	3	16	411.989	0
15.041	1	5	1	17182.4	0
15.042	1	8	2	80500.6	0
