% time	cellId	IMSI	RNTI	txMode	layer	mcs	size	rv	ndi	correct	ccId
131	1	4	11	0	0	28	2196	0	1	1	0
213	1	1	3	0	0	28	2196	0	1	1	0
215	1	8	2	0	0	28	2196	0	1	1	0
238	1	3	16	0	0	28	2196	0	1	1	0
249	1	10	4	0	0	28	2196	0	1	1	0
281	1	2	15	0	0	28	2196	0	1	1	0
303	1	3	16	0	0	28	2196	0	1	1	0
324	1	5	1	0	0	28	2196	0	1	1	0
366	1	3	16	0	0	28	2196	0	1	1	0
397	1	10	4	0	0	28	2196	0	1	1	0
399	1	3	16	0	0	28	2196	0	1	1	0
400	1	5	1	0	0	28	2196	0	1	1	0
451	1	10	4	0	0	28	2196	0	1	1	0
502	1	9	9	0	0	28	2196	0	1	1	0
504	1	1	3	0	0	28	2196	0	1	1	0
520	1	2	15	0	0	28	2196	0	1	1	0
531	1	1	3	0	0	28	2196	0	1	1	0
602	1	8	2	0	0	28	2196	0	1	1	0
613	1	1	3	0	0	28	2196	0	1	1	0
614	1	6	12	0	0	28	2196	0	1	1	0
620	1	2	15	0	0	28	2196	0	1	1	0
663	1	3	16	0	0	28	2196	0	1	1	0
671	1	1	3	0	0	28	2196	0	1	1	0
672	1	10	4	0	0	28	2196	0	1	1	0
679	1	7	10	0	0	28	2196	0	1	1	0
714	1	4	11	0	0	28	2196	0	1	1	0
740	1	8	2	0	0	28	2196	0	1	1	0
756	1	4	11	0	0	28	2196	0	1	1	0
773	1	9	9	0	0	28	2196	0	1	1	0
784	1	6	12	0	0	28	2196	0	1	1	0
808	1	3	16	0	0	28	2196	0	1	1	0
846	1	10	4	0	0	28	2196	0	1	1	0
864	1	7	10	0	0	28	2196	0	1	1	0
867	1	2	15	0	0	28	2196	0	1	1	0
870	1	10	4	0	0	28	2196	0	1	1	0
873	1	1	3	0	0	28	2196	0	1	1	0
904	1	3	16	0	0	28	2196	0	1	1	0
917	1	9	9	0	0	28	2196	0	1	1	0
951	1	1	3	0	0	28	2196	0	1	1	0
960	1	8	2	0	0	28	2196	0	1	1	0
966	1	3	16	0	0	28	2196	0	1	1	0
977	1	7	10	0	0	28	2196	0	1	1	0
1000	1	2	15	0	0	28	2196	0	1	1	0
1041	1	10	4	0	0	28	2196	0	1	1	0
1042	1	8	2	0	0	28	2196	0	1	1	0
1045	1	5	1	0	0	28	2196	0	1	1	0
1061	1	1	3	0	0	28	2196	0	1	1	0
1063	1	4	11	0	0	28	2196	0	1	1	0
1092	1	2	15	0	0	28	2196	0	1	1	0
1095	1	7	10	0	0	28	2196	0	1	1	0
1110	1	9	9	0	0	28	2196	0	1	1	0
1115	1	8	2	0	0	28	2196	0	1	1	0
1126	1	5	1	0	0	28	2196	0	1	1	0
1142	1	10	4	0	0	28	2196	0	1	1	0
1176	1	6	12	0	0	28	2196	0	1	1	0
1177	1	4	11	0	0	28	2196	0	1	1	0
1223	1	3	16	0	0	28	2196	0	1	1	0
1246	1	8	2	0	0	28	2196	0	1	1	0
1259	1	2	15	0	0	28	2196	0	1	1	0
1267	1	9	9	0	0	28	2196	0	1	1	0
1300	1	7	10	0	0	28	2196	0	1	1	0
1311	1	4	11	0	0	28	2196	0	1	1	0
1313	1	5	1	0	0	28	2196	0	1	1	0
1367	1	6	12	0	0	28	2196	0	1	1	0
1368	1	8	2	0	0	28	2196	0	1	1	0
1437	1	1	3	0	0	28	2196	0	1	1	0
1462	1	5	1	0	0	28	2196	0	1	1	0
1483	1	10	4	0	0	28	2196	0	1	1	0
1499	1	9	9	0	0	28	2196	0	1	1	0
1521	1	3	16	0	0	28	2196	0	1	1	0
1526	1	7	10	0	0	28	2196	0	1	1	0
1539	1	2	15	0	0	28	2196	0	1	1	0
1560	1	7	10	0	0	28	2196	0	1	1	0
1565	1	10	4	0	0	28	2196	0	1	1	0
1589	1	1	3	0	0	28	2196	0	1	1	0
1611	1	5	1	0	0	28	2196	0	1	1	0
1637	1	8	2	0	0	28	2196	0	1	1	0
1688	1	10	4	0	0	28	2196	0	1	1	0
1767	1	6	12	0	0	28	2196	0	1	1	0
1772	1	3	16	0	0	28	2196	0	1	1	0
1791	1	4	11	0	0	28	2196	0	1	1	0
1794	1	6	12	0	0	28	2196	0	1	1	0
1799	1	4	11	0	0	28	2196	0	1	1	0
1806	1	9	9	0	0	28	2196	0	1	1	0
1833	1	7	10	0	0	28	2196	0	1	1	0
1848	1	2	15	0	0	28	2196	0	1	1	0
1893	1	5	1	0	0	28	2196	0	1	1	0
1923	1	7	10	0	0	28	2196	0	1	1	0
1925	1	5	1	0	0	28	2196	0	1	1	0
1955	1	2	15	0	0	28	2196	0	1	1	0
1958	1	10	4	0	0	28	2196	0	1	1	0
1962	1	8	2	0	0	28	2196	0	1	1	0
2007	1	1	3	0	0	28	2196	0	1	1	0
2016	1	7	10	0	0	28	2196	0	1	1	0
2037	1	10	4	0	0	28	2196	0	1	1	0
2058	1	6	12	0	0	28	2196	0	1	1	0
2112	1	1	3	0	0	28	2196	0	1	1	0
2149	1	6	12	0	0	28	2196	0	1	1	0
2156	1	2	15	0	0	28	2196	0	1	1	0
2175	1	9	9	0	0	28	2196	0	1	1	0
2180	1	10	4	0	0	28	2196	0	1	1	0
2208	1	8	2	0	0	28	2196	0	1	1	0
2210	1	6	12	0	0	28	2196	0	1	1	0
2225	1	4	11	0	0	28	2196	0	1	1	0
2260	1	5	1	0	0	28	2196	0	1	1	0
2279	1	8	2	0	0	28	2196	0	1	1	0
2303	1	8	2	0	0	28	2196	0	1	1	0
2325	1	9	9	0	0	28	2196	0	1	1	0
2339	1	2	15	0	0	28	2196	0	1	1	0
2374	1	6	12	0	0	28	2196	0	1	1	0
2425	1	7	10	0	0	28	2196	0	1	1	0
2451	1	8	2	0	0	28	2196	0	1	1	0
2464	1	9	9	0	0	28	2196	0	1	1	0
2509	1	6	12	0	0	28	2196	0	1	1	0
2542	1	1	3	0	0	28	2196	0	1	1	0
2548	1	7	10	0	0	28	2196	0	1	1	0
2582	1	8	2	0	0	28	2196	0	1	1	0
2603	1	6	12	0	0	28	2196	0	1	1	0
2605	1	9	9	0	0	28	2196	0	1	1	0
2612	1	10	4	0	0	28	2196	0	1	1	0
2632	1	3	16	0	0	28	2196	0	1	1	0
2692	1	2	15	0	0	28	2196	0	1	1	0
2697	1	6	12	0	0	28	2196	0	1	1	0
2755	1	3	16	0	0	28	2196	0	1	1	0
2756	1	6	12	0	0	28	2196	0	1	1	0
2775	1	10	4	0	0	28	2196	0	1	1	0
2782	1	8	2	0	0	28	2196	0	1	1	0
2805	1	8	2	0	0	28	2196	0	1	1	0
2811	1	7	10	0	0	28	2196	0	1	1	0
2820	1	4	11	0	0	28	2196	0	1	1	0
2830	1	9	9	0	0	28	2196	0	1	1	0
2859	1	2	15	0	0	28	2196	0	1	1	0
2871	1	10	4	0	0	28	2196	0	1	1	0
2935	1	3	16	0	0	28	2196	0	1	1	0
2965	1	1	3	0	0	28	2196	0	1	1	0
2973	1	6	12	0	0	28	2196	0	1	1	0
2990	1	9	9	0	0	28	2196	0	1	1	0
3044	1	1	3	0	0	28	2196	0	1	1	0
3059	1	2	15	0	0	28	2196	0	1	1	0
3063	1	4	11	0	0	28	2196	0	1	1	0
3068	1	5	1	0	0	28	2196	0	1	1	0
3076	1	1	3	0	0	28	2196	0	1	1	0
3095	1	7	10	0	0	28	2196	0	1	1	0
3108	1	5	1	0	0	28	2196	0	1	1	0
3141	1	8	2	0	0	28	2196	0	1	1	0
3215	1	2	15	0	0	28	2196	0	1	1	0
3219	1	3	16	0	0	28	2196	0	1	1	0
3227	1	7	10	0	0	28	2196	0	1	1	0
3280	1	4	11	0	0	28	2196	0	1	1	0
3298	1	9	9	0	0	28	2196	0	1	1	0
3305	1	4	11	0	0	28	2196	0	1	1	0
3312	1	1	3	0	0	28	2196	0	1	1	0
3354	1	6	12	0	0	28	2196	0	1	1	0
3373	1	10	4	0	0	28	2196	0	1	1	0
3374	1	5	1	0	0	28	2196	0	1	1	0
3378	1	2	15	0	0	28	2196	0	1	1	0
3391	1	4	11	0	0	28	2196	0	1	1	0
3398	1	7	10	0	0	28	2196	0	1	1	0
3405	1	3	16	0	0	28	2196	0	1	1	0
3459	1	9	9	0	0	28	2196	0	1	1	0
3495	1	1	3	0	0	28	2196	0	1	1	0
3518	1	10	4	0	0	28	2196	0	1	1	0
3522	1	4	11	0	0	28	2196	0	1	1	0
3525	1	5	1	0	0	28	2196	0	1	1	0
3564	1	8	2	0	0	28	2196	0	1	1	0
3596	1	2	15	0	0	28	2196	0	1	1	0
3612	1	6	12	0	0	28	2196	0	1	1	0
3615	1	7	10	0	0	28	2196	0	1	1	0
3626	1	1	3	0	0	28	2196	0	1	1	0
3639	1	3	16	0	0	28	2196	0	1	1	0
3663	1	10	4	0	0	28	2196	0	1	1	0
3701	1	2	15	0	0	28	2196	0	1	1	0
3725	1	5	1	0	0	28	2196	0	1	1	0
3734	1	6	12	0	0	28	2196	0	1	1	0
3736	1	7	10	0	0	28	2196	0	1	1	0
3755	1	8	2	0	0	28	2196	0	1	1	0
3759	1	4	11	0	0	28	2196	0	1	1	0
3765	1	10	4	0	0	28	2196	0	1	1	0
3805	1	2	15	0	0	28	2196	0	1	1	0
3818	1	1	3	0	0	28	2196	0	1	1	0
3822	1	3	16	0	0	28	2196	0	1	1	0
3866	1	9	9	0	0	28	2196	0	1	1	0
3880	1	4	11	0	0	28	2196	0	1	1	0
3906	1	1	3	0	0	28	2196	0	1	1	0
3917	1	2	15	0	0	28	2196	0	1	1	0
3919	1	7	10	0	0	28	2196	0	1	1	0
3920	1	6	12	0	0	28	2196	0	1	1	0
3926	1	8	2	0	0	28	2196	0	1	1	0
3960	1	3	16	0	0	28	2196	0	1	1	0
4005	1	5	1	0	0	28	2196	0	1	1	0
4037	1	5	1	0	0	28	2196	0	1	1	0
4062	1	2	15	0	0	28	2196	0	1	1	0
4068	1	4	11	0	0	28	2196	0	1	1	0
4107	1	9	9	0	0	28	2196	0	1	1	0
4119	1	7	10	0	0	28	2196	0	1	1	0
4120	1	5	1	0	0	28	2196	0	1	1	0
4128	1	8	2	0	0	28	2196	0	1	1	0
4149	1	10	4	0	0	28	2196	0	1	1	0
4150	1	3	16	0	0	28	2196	0	1	1	0
4160	1	9	9	0	0	28	2196	0	1	1	0
4172	1	5	1	0	0	28	2196	0	1	1	0
4184	1	2	15	0	0	28	2196	0	1	1	0
4208	1	1	3	0	0	28	2196	0	1	1	0
4212	1	10	4	0	0	28	2196	0	1	1	0
4213	1	4	11	0	0	28	2196	0	1	1	0
4214	1	8	2	0	0	28	2196	0	1	1	0
4239	1	3	16	0	0	28	2196	0	1	1	0
4240	1	9	9	0	0	28	2196	0	1	1	0
4327	1	5	1	0	0	28	2196	0	1	1	0
4373	1	3	16	0	0	28	2196	0	1	1	0
4416	1	7	10	0	0	28	2196	0	1	1	0
4440	1	2	15	0	0	28	2196	0	1	1	0
4441	1	9	9	0	0	28	2196	0	1	1	0
4451	1	4	11	0	0	28	2196	0	1	1	0
4493	1	5	1	0	0	28	2196	0	1	1	0
4537	1	1	3	0	0	28	2196	0	1	1	0
4545	1	9	9	0	0	28	2196	0	1	1	0
4564	1	2	15	0	0	28	2196	0	1	1	0
4597	1	6	12	0	0	28	2196	0	1	1	0
4618	1	7	10	0	0	28	2196	0	1	1	0
4626	1	10	4	0	0	28	2196	0	1	1	0
4663	1	2	15	0	0	28	2196	0	1	1	0
4681	1	6	12	0	0	28	2196	0	1	1	0
4685	1	3	16	0	0	28	2196	0	1	1	0
4719	1	8	2	0	0	28	2196	0	1	1	0
4731	1	9	9	0	0	28	2196	0	1	1	0
4732	1	1	3	0	0	28	2196	0	1	1	0
4794	1	8	2	0	0	28	2196	0	1	1	0
4808	1	6	12	0	0	28	2196	0	1	1	0
4816	1	6	12	0	0	28	2196	0	1	1	0
4828	1	7	10	0	0	28	2196	0	1	1	0
4840	1	10	4	0	0	28	2196	0	1	1	0
4865	1	8	2	0	0	28	2196	0	1	1	0
4900	1	3	16	0	0	28	2196	0	1	1	0
4928	1	5	1	0	0	28	2196	0	1	1	0
4929	1	6	12	0	0	28	2196	0	1	1	0
4941	1	5	1	0	0	28	2196	0	1	1	0
4948	1	7	10	0	0	28	2196	0	1	1	0
4960	1	4	11	0	0	28	2196	0	1	1	0
4972	1	8	2	0	0	28	2196	0	1	1	0
4993	1	10	4	0	0	28	2196	0	1	1	0
4995	1	2	15	0	0	28	2196	0	1	1	0
5038	1	3	16	0	0	28	2196	0	1	1	0
5054	1	1	3	0	0	28	2196	0	1	1	0
5060	1	4	11	0	0	28	2196	0	1	1	0
5086	1	9	9	0	0	28	2196	0	1	1	0
5087	1	5	1	0	0	28	2196	0	1	1	0
5102	1	7	10	0	0	28	2196	0	1	1	0
5118	1	3	16	0	0	28	2196	0	1	1	0
5129	1	6	12	0	0	28	2196	0	1	1	0
5165	1	2	15	0	0	28	2196	0	1	1	0
5167	1	5	1	0	0	28	2196	0	1	1	0
5175	1	8	2	0	0	28	2196	0	1	1	0
5209	1	10	4	0	0	28	2196	0	1	1	0
5210	1	6	12	0	0	28	2196	0	1	1	0
5212	1	7	10	0	0	28	2196	0	1	1	0
5228	1	9	9	0	0	28	2196	0	1	1	0
5233	1	2	15	0	0	28	2196	0	1	1	0
5235	1	3	16	0	0	28	2196	0	1	1	0
5287	1	4	11	0	0	28	2196	0	1	1	0
5301	1	9	9	0	0	28	2196	0	1	1	0
5319	1	10	4	0	0	28	2196	0	1	1	0
5327	1	8	2	0	0	28	2196	0	1	1	0
5348	1	7	10	0	0	28	2196	0	1	1	0
5354	1	6	12	0	0	28	2196	0	1	1	0
5370	1	5	1	0	0	28	2196	0	1	1	0
5404	1	10	4	0	0	28	2196	0	1	1	0
5435	1	3	16	0	0	28	2196	0	1	1	0
5462	1	2	15	0	0	28	2196	0	1	1	0
5463	1	4	11	0	0	28	2196	0	1	1	0
5464	1	6	12	0	0	28	2196	0	1	1	0
5509	1	1	3	0	0	28	2196	0	1	1	0
5519	1	2	15	0	0	28	2196	0	1	1	0
5528	1	6	12	0	0	28	2196	0	1	1	0
5531	1	9	9	0	0	28	2196	0	1	1	0
5553	1	3	16	0	0	28	2196	0	1	1	0
5565	1	1	3	0	0	28	2196	0	1	1	0
5570	1	8	2	0	0	28	2196	0	1	1	0
5579	1	9	9	0	0	28	2196	0	1	1	0
5603	1	9	9	0	0	28	2196	0	1	1	0
5633	1	8	2	0	0	28	2196	0	1	1	0
5647	1	7	10	0	0	28	2196	0	1	1	0
5710	1	7	10	0	0	28	2196	0	1	1	0
5722	1	4	11	0	0	28	2196	0	1	1	0
5759	1	1	3	0	0	28	2196	0	1	1	0
5791	1	2	15	0	0	28	2196	0	1	1	0
5798	1	6	12	0	0	28	2196	0	1	1	0
5813	1	7	10	0	0	28	2196	0	1	1	0
5815	1	9	9	0	0	28	2196	0	1	1	0
5836	1	4	11	0	0	28	2196	0	1	1	0
5839	1	8	2	0	0	28	2196	0	1	1	0
5852	1	10	4	0	0	28	2196	0	1	1	0
5866	1	7	10	0	0	28	2196	0	1	1	0
5884	1	8	2	0	0	28	2196	0	1	1	0
5890	1	2	15	0	0	28	2196	0	1	1	0
5891	1	7	10	0	0	28	2196	0	1	1	0
5896	1	5	1	0	0	28	2196	0	1	1	0
5935	1	3	16	0	0	28	2196	0	1	1	0
5960	1	9	9	0	0	28	2196	0	1	1	0
5962	1	4	11	0	0	28	2196	0	1	1	0
5993	1	7	10	0	0	28	2196	0	1	1	0
5996	1	6	12	0	0	28	2196	0	1	1	0
6029	1	3	16	0	0	28	2196	0	1	1	0
6031	1	10	4	0	0	28	2196	0	1	1	0
6032	1	1	3	0	0	28	2196	0	1	1	0
6069	1	8	2	0	0	28	2196	0	1	1	0
6087	1	7	10	0	0	28	2196	0	1	1	0
6126	1	4	11	0	0	28	2196	0	1	1	0
6190	1	10	4	0	0	28	2196	0	1	1	0
6191	1	7	10	0	0	28	2196	0	1	1	0
6197	1	6	12	0	0	28	2196	0	1	1	0
6208	1	7	10	0	0	28	2196	0	1	1	0
6232	1	3	16	0	0	28	2196	0	1	1	0
6241	1	8	2	0	0	28	2196	0	1	1	0
6285	1	10	4	0	0	28	2196	0	1	1	0
6297	1	5	1	0	0	28	2196	0	1	1	0
6307	1	6	12	0	0	28	2196	0	1	1	0
6356	1	9	9	0	0	28	2196	0	1	1	0
6419	1	10	4	0	0	28	2196	0	1	1	0
6457	1	6	12	0	0	28	2196	0	1	1	0
6459	1	9	9	0	0	28	2196	0	1	1	0
6464	1	2	15	0	0	28	2196	0	1	1	0
6485	1	1	3	0	0	28	2196	0	1	1	0
6507	1	4	11	0	0	28	2196	0	1	1	0
6513	1	3	16	0	0	28	2196	0	1	1	0
6553	1	8	2	0	0	28	2196	0	1	1	0
6579	1	2	15	0	0	28	2196	0	1	1	0
6582	1	5	1	0	0	28	2196	0	1	1	0
6615	1	4	11	0	0	28	2196	0	1	1	0
6629	1	6	12	0	0	28	2196	0	1	1	0
6631	1	2	15	0	0	28	2196	0	1	1	0
6653	1	5	1	0	0	28	2196	0	1	1	0
6671	1	9	9	0	0	28	2196	0	1	1	0
6673	1	2	15	0	0	28	2196	0	1	1	0
6677	1	7	10	0	0	28	2196	0	1	1	0
6713	1	7	10	0	0	28	2196	0	1	1	0
6734	1	2	15	0	0	28	2196	0	1	1	0
6743	1	8	2	0	0	28	2196	0	1	1	0
6769	1	6	12	0	0	28	2196	0	1	1	0
6828	1	9	9	0	0	28	2196	0	1	1	0
6900	1	7	10	0	0	28	2196	0	1	1	0
6931	1	2	15	0	0	28	2196	0	1	1	0
6963	1	9	9	0	0	28	2196	0	1	1	0
6971	1	10	4	0	0	28	2196	0	1	1	0
6981	1	3	16	0	0	28	2196	0	1	1	0
6984	1	5	1	0	0	28	2196	0	1	1	0
7014	1	8	2	0	0	28	2196	0	1	1	0
7024	1	10	4	0	0	28	2196	0	1	1	0
7065	1	7	10	0	0	28	2196	0	1	1	0
7084	1	5	1	0	0	28	2196	0	1	1	0
7107	1	1	3	0	0	28	2196	0	1	1	0
7111	1	3	16	0	0	28	2196	0	1	1	0
7112	1	10	4	0	0	28	2196	0	1	1	0
7128	1	1	3	0	0	28	2196	0	1	1	0
7130	1	8	2	0	0	28	2196	0	1	1	0
7140	1	9	9	0	0	28	2196	0	1	1	0
7145	1	4	11	0	0	28	2196	0	1	1	0
7146	1	2	15	0	0	28	2196	0	1	1	0
7151	1	7	10	0	0	28	2196	0	1	1	0
7173	1	9	9	0	0	28	2196	0	1	1	0
7222	1	10	4	0	0	28	2196	0	1	1	0
7230	1	8	2	0	0	28	2196	0	1	1	0
7254	1	1	3	0	0	28	2196	0	1	1	0
7298	1	10	4	0	0	28	2196	0	1	1	0
7350	1	8	2	0	0	28	2196	0	1	1	0
7365	1	2	15	0	0	28	2196	0	1	1	0
7370	1	4	11	0	0	28	2196	0	1	1	0
7387	1	1	3	0	0	28	2196	0	1	1	0
7397	1	9	9	0	0	28	2196	0	1	1	0
7399	1	6	12	0	0	28	2196	0	1	1	0
7401	1	3	16	0	0	28	2196	0	1	1	0
7404	1	6	12	0	0	28	2196	0	1	1	0
7435	1	5	1	0	0	28	2196	0	1	1	0
7446	1	6	12	0	0	28	2196	0	1	1	0
7458	1	2	15	0	0	28	2196	0	1	1	0
7488	1	10	4	0	0	28	2196	0	1	1	0
7516	1	8	2	0	0	28	2196	0	1	1	0
7517	1	3	16	0	0	28	2196	0	1	1	0
7521	1	7	10	0	0	28	2196	0	1	1	0
7540	1	7	10	0	0	28	2196	0	1	1	0
7563	1	1	3	0	0	28	2196	0	1	1	0
7584	1	1	3	0	0	28	2196	0	1	1	0
7601	1	4	11	0	0	28	2196	0	1	1	0
7613	1	8	2	0	0	28	2196	0	1	1	0
7648	1	10	4	0	0	28	2196	0	1	1	0
7651	1	2	15	0	0	28	2196	0	1	1	0
7661	1	3	16	0	0	28	2196	0	1	1	0
7678	1	9	9	0	0	28	2196	0	1	1	0
7689	1	5	1	0	0	28	2196	0	1	1	0
7704	1	4	11	0	0	28	2196	0	1	1	0
7741	1	7	10	0	0	28	2196	0	1	1	0
7761	1	3	16	0	0	28	2196	0	1	1	0
7766	1	5	1	0	0	28	2196	0	1	1	0
7841	1	2	15	0	0	28	2196	0	1	1	0
7853	1	9	9	0	0	28	2196	0	1	1	0
7876	1	3	16	0	0	28	2196	0	1	1	0
7887	1	8	2	0	0	28	2196	0	1	1	0
7897	1	4	11	0	0	28	2196	0	1	1	0
7907	1	10	4	0	0	28	2196	0	1	1	0
7932	1	6	12	0	0	28	2196	0	1	1	0
7943	1	5	1	0	0	28	2196	0	1	1	0
7962	1	3	16	0	0	28	2196	0	1	1	0
8013	1	10	4	0	0	28	2196	0	1	1	0
8017	1	9	9	0	0	28	2196	0	1	1	0
8034	1	3	16	0	0	28	2196	0	1	1	0
8050	1	5	1	0	0	28	2196	0	1	1	0
8054	1	7	10	0	0	28	2196	0	1	1	0
8090	1	10	4	0	0	28	2196	0	1	1	0
8092	1	2	15	0	0	28	2196	0	1	1	0
8094	1	1	3	0	0	28	2196	0	1	1	0
8096	1	6	12	0	0	28	2196	0	1	1	0
8124	1	10	4	0	0	28	2196	0	1	1	0
8141	1	4	11	0	0	28	2196	0	1	1	0
8147	1	3	16	0	0	28	2196	0	1	1	0
8194	1	9	9	0	0	28	2196	0	1	1	0
8214	1	8	2	0	0	28	2196	0	1	1	0
8228	1	5	1	0	0	28	2196	0	1	1	0
8236	1	3	16	0	0	28	2196	0	1	1	0
8240	1	5	1	0	0	28	2196	0	1	1	0
8250	1	4	11	0	0	28	2196	0	1	1	0
8304	1	10	4	0	0	28	2196	0	1	1	0
8310	1	1	3	0	0	28	2196	0	1	1	0
8323	1	3	16	0	0	28	2196	0	1	1	0
8357	1	4	11	0	0	28	2196	0	1	1	0
8368	1	7	10	0	0	28	2196	0	1	1	0
8385	1	3	16	0	0	28	2196	0	1	1	0
8413	1	4	11	0	0	28	2196	0	1	1	0
8416	1	2	15	0	0	28	2196	0	1	1	0
8421	1	7	10	0	0	28	2196	0	1	1	0
8428	1	10	4	0	0	28	2196	0	1	1	0
8482	1	6	12	0	0	28	2196	0	1	1	0
8492	1	4	11	0	0	28	2196	0	1	1	0
8511	1	4	11	0	0	28	2196	0	1	1	0
8580	1	5	1	0	0	28	2196	0	1	1	0
8601	1	10	4	0	0	28	2196	0	1	1	0
8679	1	6	12	0	0	28	2196	0	1	1	0
8712	1	8	2	0	0	28	2196	0	1	1	0
8737	1	7	10	0	0	28	2196	0	1	1	0
8756	1	10	4	0	0	28	2196	0	1	1	0
8766	1	6	12	0	0	28	2196	0	1	1	0
8811	1	9	9	0	0	28	2196	0	1	1	0
8812	1	5	1	0	0	28	2196	0	1	1	0
8815	1	3	16	0	0	28	2196	0	1	1	0
8819	1	8	2	0	0	28	2196	0	1	1	0
8848	1	8	2	0	0	28	2196	0	1	1	0
8862	1	6	12	0	0	28	2196	0	1	1	0
8863	1	7	10	0	0	28	2196	0	1	1	0
8920	1	1	3	0	0	28	2196	0	1	1	0
8937	1	8	2	0	0	28	2196	0	1	1	0
8947	1	4	11	0	0	28	2196	0	1	1	0
8974	1	6	12	0	0	28	2196	0	1	1	0
8998	1	9	9	0	0	28	2196	0	1	1	0
9049	1	8	2	0	0	28	2196	0	1	1	0
9096	1	5	1	0	0	28	2196	0	1	1	0
9100	1	2	15	0	0	28	2196	0	1	1	0
9104	1	7	10	0	0	28	2196	0	1	1	0
9124	1	6	12	0	0	28	2196	0	1	1	0
9127	1	10	4	0	0	28	2196	0	1	1	0
9172	1	7	10	0	0	28	2196	0	1	1	0
9187	1	8	2	0	0	28	2196	0	1	1	0
9193	1	1	3	0	0	28	2196	0	1	1	0
9220	1	6	12	0	0	28	2196	0	1	1	0
9233	1	7	10	0	0	28	2196	0	1	1	0
9278	1	1	3	0	0	28	2196	0	1	1	0
9317	1	5	1	0	0	28	2196	0	1	1	0
9334	1	7	10	0	0	28	2196	0	1	1	0
9340	1	2	15	0	0	28	2196	0	1	1	0
9363	1	4	11	0	0	28	2196	0	1	1	0
9366	1	10	4	0	0	28	2196	0	1	1	0
9382	1	5	1	0	0	28	2196	0	1	1	0
9410	1	6	12	0	0	28	2196	0	1	1	0
9431	1	2	15	0	0	28	2196	0	1	1	0
9445	1	7	10	0	0	28	2196	0	1	1	0
9463	1	10	4	0	0	28	2196	0	1	1	0
9476	1	4	11	0	0	28	2196	0	1	1	0
9495	1	6	12	0	0	28	2196	0	1	1	0
9538	1	4	11	0	0	28	2196	0	1	1	0
9617	1	8	2	0	0	28	2196	0	1	1	0
9618	1	6	12	0	0	28	2196	0	1	1	0
9620	1	4	11	0	0	28	2196	0	1	1	0
9644	1	5	1	0	0	28	2196	0	1	1	0
9660	1	1	3	0	0	28	2196	0	1	1	0
9678	1	8	2	0	0	28	2196	0	1	1	0
9714	1	4	11	0	0	28	2196	0	1	1	0
9724	1	5	1	0	0	28	2196	0	1	1	0
9751	1	1	3	0	0	28	2196	0	1	1	0
9756	1	10	4	0	0	28	2196	0	1	1	0
9768	1	4	11	0	0	28	2196	0	1	1	0
9769	1	7	10	0	0	28	2196	0	1	1	0
9777	1	6	12	0	0	28	2196	0	1	1	0
9787	1	3	16	0	0	28	2196	0	1	1	0
9818	1	2	15	0	0	28	2196	0	1	1	0
9826	1	9	9	0	0	28	2196	0	1	1	0
9833	1	8	2	0	0	28	2196	0	1	1	0
9865	1	8	2	0	0	28	2196	0	1	1	0
9912	1	6	12	0	0	28	2196	0	1	1	0
9939	1	7	10	0	0	28	2196	0	1	1	0
9940	1	3	16	0	0	28	2196	0	1	1	0
9962	1	1	3	0	0	28	2196	0	1	1	0
9974	1	9	9	0	0	28	2196	0	1	1	0
10034	1	9	9	0	0	28	2196	0	1	1	0
10041	1	4	11	0	0	28	2196	0	1	1	0
10061	1	10	4	0	0	28	2196	0	1	1	0
10072	1	1	3	0	0	28	2196	0	1	1	0
10108	1	10	4	0	0	28	2196	0	1	1	0
10127	1	2	15	0	0	28	2196	0	1	1	0
10133	1	4	11	0	0	28	2196	0	1	1	0
10146	1	3	16	0	0	28	2196	0	1	1	0
10181	1	5	1	0	0	28	2196	0	1	1	0
10186	1	10	4	0	0	28	2196	0	1	1	0
10187	1	3	16	0	0	28	2196	0	1	1	0
10196	1	8	2	0	0	28	2196	0	1	1	0
10204	1	9	9	0	0	28	2196	0	1	1	0
10225	1	1	3	0	0	28	2196	0	1	1	0
10226	1	9	9	0	0	28	2196	0	1	1	0
10284	1	2	15	0	0	28	2196	0	1	1	0
10297	1	8	2	0	0	28	2196	0	1	1	0
10372	1	7	10	0	0	28	2196	0	1	1	0
10377	1	9	9	0	0	28	2196	0	1	1	0
10385	1	4	11	0	0	28	2196	0	1	1	0
10445	1	10	4	0	0	28	2196	0	1	1	0
10446	1	2	15	0	0	28	2196	0	1	1	0
10456	1	3	16	0	0	28	2196	0	1	1	0
10488	1	8	2	0	0	28	2196	0	1	1	0
10522	1	9	9	0	0	28	2196	0	1	1	0
10536	1	7	10	0	0	28	2196	0	1	1	0
10545	1	4	11	0	0	28	2196	0	1	1	0
10567	1	5	1	0	0	28	2196	0	1	1	0
10589	1	9	9	0	0	28	2196	0	1	1	0
10590	1	2	15	0	0	28	2196	0	1	1	0
10591	1	1	3	0	0	28	2196	0	1	1	0
10639	1	5	1	0	0	28	2196	0	1	1	0
10663	1	8	2	0	0	28	2196	0	1	1	0
10729	1	8	2	0	0	28	2196	0	1	1	0
10742	1	9	9	0	0	28	2196	0	1	1	0
10747	1	4	11	0	0	28	2196	0	1	1	0
10751	1	7	10	0	0	28	2196	0	1	1	0
10765	1	5	1	0	0	28	2196	0	1	1	0
10788	1	3	16	0	0	28	2196	0	1	1	0
10796	1	2	15	0	0	28	2196	0	1	1	0
10891	1	7	10	0	0	28	2196	0	1	1	0
10892	1	2	15	0	0	28	2196	0	1	1	0
10903	1	6	12	0	0	28	2196	0	1	1	0
10909	1	1	3	0	0	28	2196	0	1	1	0
10923	1	4	11	0	0	28	2196	0	1	1	0
10937	1	3	16	0	0	28	2196	0	1	1	0
10952	1	5	1	0	0	28	2196	0	1	1	0
10982	1	1	3	0	0	28	2196	0	1	1	0
10994	1	5	1	0	0	28	2196	0	1	1	0
11083	1	10	4	0	0	28	2196	0	1	1	0
11098	1	4	11	0	0	28	2196	0	1	1	0
11105	1	9	9	0	0	28	2196	0	1	1	0
11106	1	7	10	0	0	28	2196	0	1	1	0
11144	1	10	4	0	0	28	2196	0	1	1	0
11178	1	4	11	0	0	28	2196	0	1	1	0
11201	1	8	2	0	0	28	2196	0	1	1	0
11202	1	9	9	0	0	28	2196	0	1	1	0
11215	1	5	1	0	0	28	2196	0	1	1	0
11230	1	6	12	0	0	28	2196	0	1	1	0
11250	1	5	1	0	0	28	2196	0	1	1	0
11304	1	2	15	0	0	28	2196	0	1	1	0
11318	1	5	1	0	0	28	2196	0	1	1	0
11335	1	1	3	0	0	28	2196	0	1	1	0
11352	1	3	16	0	0	28	2196	0	1	1	0
11376	1	6	12	0	0	28	2196	0	1	1	0
11403	1	7	10	0	0	28	2196	0	1	1	0
11429	1	8	2	0	0	28	2196	0	1	1	0
11443	1	5	1	0	0	28	2196	0	1	1	0
11458	1	10	4	0	0	28	2196	0	1	1	0
11484	1	9	9	0	0	28	2196	0	1	1	0
11490	1	2	15	0	0	28	2196	0	1	1	0
11494	1	3	16	0	0	28	2196	0	1	1	0
11550	1	6	12	0	0	28	2196	0	1	1	0
11600	1	8	2	0	0	28	2196	0	1	1	0
11644	1	1	3	0	0	28	2196	0	1	1	0
11653	1	7	10	0	0	28	2196	0	1	1	0
11683	1	3	16	0	0	28	2196	0	1	1	0
11685	1	10	4	0	0	28	2196	0	1	1	0
11706	1	4	11	0	0	28	2196	0	1	1	0
11723	1	10	4	0	0	28	2196	0	1	1	0
11728	1	5	1	0	0	28	2196	0	1	1	0
11738	1	9	9	0	0	28	2196	0	1	1	0
11761	1	4	11	0	0	28	2196	0	1	1	0
11765	1	2	15	0	0	28	2196	0	1	1	0
11784	1	8	2	0	0	28	2196	0	1	1	0
11792	1	3	16	0	0	28	2196	0	1	1	0
11801	1	6	12	0	0	28	2196	0	1	1	0
11806	1	1	3	0	0	28	2196	0	1	1	0
11817	1	10	4	0	0	28	2196	0	1	1	0
11839	1	9	9	0	0	28	2196	0	1	1	0
11877	1	2	15	0	0	28	2196	0	1	1	0
11901	1	7	10	0	0	28	2196	0	1	1	0
11906	1	4	11	0	0	28	2196	0	1	1	0
11921	1	5	1	0	0	28	2196	0	1	1	0
12091	1	8	2	0	0	28	2196	0	1	1	0
12096	1	1	3	0	0	28	2196	0	1	1	0
12108	1	3	16	0	0	28	2196	0	1	1	0
12117	1	9	9	0	0	28	2196	0	1	1	0
12120	1	5	1	0	0	28	2196	0	1	1	0
12179	1	6	12	0	0	28	2196	0	1	1	0
12189	1	1	3	0	0	28	2196	0	1	1	0
12191	1	5	1	0	0	28	2196	0	1	1	0
12213	1	2	15	0	0	28	2196	0	1	1	0
12221	1	1	3	0	0	28	2196	0	1	1	0
12247	1	7	10	0	0	28	2196	0	1	1	0
12261	1	10	4	0	0	28	2196	0	1	1	0
12281	1	2	15	0	0	28	2196	0	1	1	0
12293	1	5	1	0	0	28	2196	0	1	1	0
12308	1	4	11	0	0	28	2196	0	1	1	0
12329	1	8	2	0	0	28	2196	0	1	1	0
12334	1	6	12	0	0	28	2196	0	1	1	0
12344	1	9	9	0	0	28	2196	0	1	1	0
12352	1	7	10	0	0	28	2196	0	1	1	0
12393	1	10	4	0	0	28	2196	0	1	1	0
12398	1	1	3	0	0	28	2196	0	1	1	0
12399	1	4	11	0	0	28	2196	0	1	1	0
12450	1	5	1	0	0	28	2196	0	1	1	0
12457	1	8	2	0	0	28	2196	0	1	1	0
12467	1	6	12	0	0	28	2196	0	1	1	0
12476	1	8	2	0	0	28	2196	0	1	1	0
12478	1	1	3	0	0	28	2196	0	1	1	0
12527	1	4	11	0	0	28	2196	0	1	1	0
12533	1	3	16	0	0	28	2196	0	1	1	0
12535	1	5	1	0	0	28	2196	0	1	1	0
12561	1	1	3	0	0	28	2196	0	1	1	0
12572	1	7	10	0	0	28	2196	0	1	1	0
12606	1	10	4	0	0	28	2196	0	1	1	0
12612	1	8	2	0	0	28	2196	0	1	1	0
12658	1	5	1	0	0	28	2196	0	1	1	0
12676	1	10	4	0	0	28	2196	0	1	1	0
12685	1	3	16	0	0	28	2196	0	1	1	0
12690	1	8	2	0	0	28	2196	0	1	1	0
12708	1	9	9	0	0	28	2196	0	1	1	0
12741	1	5	1	0	0	28	2196	0	1	1	0
12753	1	3	16	0	0	28	2196	0	1	1	0
12777	1	7	10	0	0	28	2196	0	1	1	0
12778	1	1	3	0	0	28	2196	0	1	1	0
12806	1	1	3	0	0	28	2196	0	1	1	0
12829	1	10	4	0	0	28	2196	0	1	1	0
12836	1	9	9	0	0	28	2196	0	1	1	0
12842	1	4	11	0	0	28	2196	0	1	1	0
12882	1	7	10	0	0	28	2196	0	1	1	0
12884	1	6	12	0	0	28	2196	0	1	1	0
12943	1	2	15	0	0	28	2196	0	1	1	0
12944	1	6	12	0	0	28	2196	0	1	1	0
12945	1	1	3	0	0	28	2196	0	1	1	0
12947	1	5	1	0	0	28	2196	0	1	1	0
12948	1	3	16	0	0	28	2196	0	1	1	0
12959	1	10	4	0	0	28	2196	0	1	1	0
12978	1	1	3	0	0	28	2196	0	1	1	0
13032	1	7	10	0	0	28	2196	0	1	1	0
13061	1	9	9	0	0	28	2196	0	1	1	0
13065	1	5	1	0	0	28	2196	0	1	1	0
13079	1	3	16	0	0	28	2196	0	1	1	0
13081	1	4	11	0	0	28	2196	0	1	1	0
13103	1	1	3	0	0	28	2196	0	1	1	0
13109	1	9	9	0	0	28	2196	0	1	1	0
13129	1	7	10	0	0	28	2196	0	1	1	0
13209	1	1	3	0	0	28	2196	0	1	1	0
13269	1	7	10	0	0	28	2196	0	1	1	0
13316	1	9	9	0	0	28	2196	0	1	1	0
13319	1	3	16	0	0	28	2196	0	1	1	0
13342	1	8	2	0	0	28	2196	0	1	1	0
13358	1	7	10	0	0	28	2196	0	1	1	0
13393	1	4	11	0	0	28	2196	0	1	1	0
13403	1	5	1	0	0	28	2196	0	1	1	0
13410	1	7	10	0	0	28	2196	0	1	1	0
13415	1	9	9	0	0	28	2196	0	1	1	0
13436	1	2	15	0	0	28	2196	0	1	1	0
13445	1	8	2	0	0	28	2196	0	1	1	0
13447	1	2	15	0	0	28	2196	0	1	1	0
13472	1	1	3	0	0	28	2196	0	1	1	0
13484	1	4	11	0	0	28	2196	0	1	1	0
13507	1	6	12	0	0	28	2196	0	1	1	0
13525	1	6	12	0	0	28	2196	0	1	1	0
13558	1	2	15	0	0	28	2196	0	1	1	0
13579	1	4	11	0	0	28	2196	0	1	1	0
13593	1	3	16	0	0	28	2196	0	1	1	0
13606	1	1	3	0	0	28	2196	0	1	1	0
13654	1	10	4	0	0	28	2196	0	1	1	0
13692	1	8	2	0	0	28	2196	0	1	1	0
13718	1	8	2	0	0	28	2196	0	1	1	0
13725	1	1	3	0	0	28	2196	0	1	1	0
13730	1	4	11	0	0	28	2196	0	1	1	0
13736	1	2	15	0	0	28	2196	0	1	1	0
13773	1	7	10	0	0	28	2196	0	1	1	0
13797	1	6	12	0	0	28	2196	0	1	1	0
13801	1	8	2	0	0	28	2196	0	1	1	0
13829	1	5	1	0	0	28	2196	0	1	1	0
13845	1	10	4	0	0	28	2196	0	1	1	0
13851	1	7	10	0	0	28	2196	0	1	1	0
13930	1	1	3	0	0	28	2196	0	1	1	0
13940	1	4	11	0	0	28	2196	0	1	1	0
13989	1	7	10	0	0	28	2196	0	1	1	0
13997	1	6	12	0	0	28	2196	0	1	1	0
14026	1	9	9	0	0	28	2196	0	1	1	0
14029	1	2	15	0	0	28	2196	0	1	1	0
14065	1	4	11	0	0	28	2196	0	1	1	0
14074	1	6	12	0	0	28	2196	0	1	1	0
14076	1	5	1	0	0	28	2196	0	1	1	0
14099	1	1	3	0	0	28	2196	0	1	1	0
14134	1	2	15	0	0	28	2196	0	1	1	0
14165	1	3	16	0	0	28	2196	0	1	1	0
14213	1	6	12	0	0	28	2196	0	1	1	0
14224	1	7	10	0	0	28	2196	0	1	1	0
14248	1	1	3	0	0	28	2196	0	1	1	0
14274	1	8	2	0	0	28	2196	0	1	1	0
14311	1	5	1	0	0	28	2196	0	1	1	0
14313	1	1	3	0	0	28	2196	0	1	1	0
14339	1	10	4	0	0	28	2196	0	1	1	0
14350	1	6	12	0	0	28	2196	0	1	1	0
14364	1	7	10	0	0	28	2196	0	1	1	0
14404	1	4	11	0	0	28	2196	0	1	1	0
14434	1	1	3	0	0	28	2196	0	1	1	0
14441	1	5	1	0	0	28	2196	0	1	1	0
14483	1	7	10	0	0	28	2196	0	1	1	0
14507	1	9	9	0	0	28	2196	0	1	1	0
14530	1	2	15	0	0	28	2196	0	1	1	0
14544	1	6	12	0	0	28	2196	0	1	1	0
14550	1	1	3	0	0	28	2196	0	1	1	0
14574	1	8	2	0	0	28	2196	0	1	1	0
14577	1	4	11	0	0	28	2196	0	1	1	0
14630	1	4	11	0	0	28	2196	0	1	1	0
14663	1	5	1	0	0	28	2196	0	1	1	0
14668	1	10	4	0	0	28	2196	0	1	1	0
14671	1	3	16	0	0	28	2196	0	1	1	0
14678	1	6	12	0	0	28	2196	0	1	1	0
14709	1	7	10	0	0	28	2196	0	1	1	0
14734	1	2	15	0	0	28	2196	0	1	1	0
14770	1	5	1	0	0	28	2196	0	1	1	0
14798	1	2	15	0	0	28	2196	0	1	1	0
14857	1	9	9	0	0	28	2196	0	1	1	0
14858	1	10	4	0	0	28	2196	0	1	1	0
14873	1	8	2	0	0	28	2196	0	1	1	0
14918	1	6	12	0	0	28	2196	0	1	1	0
14919	1	5	1	0	0	28	2196	0	1	1	0
14935	1	2	15	0	0	28	2196	0	1	1	0
14958	1	1	3	0	0	28	2196	0	1	1	0
15025	1	5	1	0	0	28	2196	0	1	1	0
15040	1	4	11	0	0	28	2196	0	1	1	0
15044	1	7	10	0	0	28	2196	0	1	1	0
15052	1	9	9	0	0	28	2196	0	1	1	0
15053	1	2	15	0	0	28	2196	0	1	1	0
15058	1	8	2	0	0	28	2196	0	1	1	0
15081	1	10	4	0	0	28	2196	0	1	1	0
15103	1	3	16	0	0	28	2196	0	1	1	0
15120	1	9	9	0	0	28	2196	0	1	1	0
15151	1	2	15	0	0	28	2196	0	1	1	0
15177	1	10	4	0	0	28	2196	0	1	1	0
15202	1	5	1	0	0	28	2196	0	1	1	0
15264	1	1	3	0	0	28	2196	0	1	1	0
15271	1	10	4	0	0	28	2196	0	1	1	0
15324	1	7	10	0	0	28	2196	0	1	1	0
15360	1	7	10	0	0	28	2196	0	1	1	0
15369	1	1	3	0	0	28	2196	0	1	1	0
15372	1	8	2	0	0	28	2196	0	1	1	0
15380	1	2	15	0	0	28	2196	0	1	1	0
15421	1	5	1	0	0	28	2196	0	1	1	0
15424	1	7	10	0	0	28	2196	0	1	1	0
15436	1	8	2	0	0	28	2196	0	1	1	0
15453	1	9	9	0	0	28	2196	0	1	1	0
15508	1	9	9	0	0	28	2196	0	1	1	0
15545	1	5	1	0	0	28	2196	0	1	1	0
15546	1	2	15	0	0	28	2196	0	1	1	0
15582	1	2	15	0	0	28	2196	0	1	1	0
15606	1	1	3	0	0	28	2196	0	1	1	0
15619	1	8	2	0	0	28	2196	0	1	1	0
15668	1	7	10	0	0	28	2196	0	1	1	0
15687	1	3	16	0	0	28	2196	0	1	1	0
15694	1	2	15	0	0	28	2196	0	1	1	0
15719	1	4	11	0	0	28	2196	0	1	1	0
15720	1	6	12	0	0	28	2196	0	1	1	0
15775	1	10	4	0	0	28	2196	0	1	1	0
15847	1	5	1	0	0	28	2196	0	1	1	0
15898	1	5	1	0	0	28	2196	0	1	1	0
15926	1	2	15	0	0	28	2196	0	1	1	0
15967	1	8	2	0	0	28	2196	0	1	1	0
15969	1	6	12	0	0	28	2196	0	1	1	0
15973	1	7	10	0	0	28	2196	0	1	1	0
15978	1	6	12	0	0	28	2196	0	1	1	0
15990	1	1	3	0	0	28	2196	0	1	1	0
16009	1	4	11	0	0	28	2196	0	1	1	0
16014	1	8	2	0	0	28	2196	0	1	1	0
16094	1	5	1	0	0	28	2196	0	1	1	0
16120	1	10	4	0	0	28	2196	0	1	1	0
16131	1	2	15	0	0	28	2196	0	1	1	0
16138	1	5	1	0	0	28	2196	0	1	1	0
16140	1	9	9	0	0	28	2196	0	1	1	0
16173	1	5	1	0	0	28	2196	0	1	1	0
16209	1	8	2	0	0	28	2196	0	1	1	0
16214	1	3	16	0	0	28	2196	0	1	1	0
16227	1	1	3	0	0	28	2196	0	1	1	0
16280	1	4	11	0	0	28	2196	0	1	1	0
16286	1	5	1	0	0	28	2196	0	1	1	0
16343	1	2	15	0	0	28	2196	0	1	1	0
16355	1	10	4	0	0	28	2196	0	1	1	0
16375	1	3	16	0	0	28	2196	0	1	1	0
16393	1	9	9	0	0	28	2196	0	1	1	0
16401	1	5	1	0	0	28	2196	0	1	1	0
16466	1	10	4	0	0	28	2196	0	1	1	0
16477	1	2	15	0	0	28	2196	0	1	1	0
16520	1	6	12	0	0	28	2196	0	1	1	0
16521	1	8	2	0	0	28	2196	0	1	1	0
16536	1	9	9	0	0	28	2196	0	1	1	0
16588	1	10	4	0	0	28	2196	0	1	1	0
16612	1	8	2	0	0	28	2196	0	1	1	0
16617	1	10	4	0	0	28	2196	0	1	1	0
16643	1	7	10	0	0	28	2196	0	1	1	0
16657	1	9	9	0	0	28	2196	0	1	1	0
16700	1	2	15	0	0	28	2196	0	1	1	0
16743	1	10	4	0	0	28	2196	0	1	1	0
