% time	cellId	IMSI	RNTI	sinrLinear	componentCarrierId
0.041	1	5	1	56208.8	0
0.042	1	8	2	56457.4	0
0.043	1	1	3	4496.59	0
0.044	1	10	4	58272.2	0
0.049	1	9	9	630.311	0
0.05	1	7	10	5740.39	0
0.051	1	4	11	8915.68	0
0.052	1	6	12	440.019	0
0.055	1	2	15	4496.59	0
0.056	1	3	16	1770.64	0
0.081	1	5	1	56208.8	0
0.082	1	8	2	56457.4	0
0.083	1	1	3	4496.59	0
0.084	1	10	4	58272.2	0
0.089	1	9	9	630.311	0
0.09	1	7	10	5740.39	0
0.091	1	4	11	8915.68	0
0.092	1	6	12	440.019	0
0.095	1	2	15	4496.59	0
0.096	1	3	16	1770.64	0
0.121	1	5	1	56208.8	0
0.122	1	8	2	56457.4	0
0.123	1	1	3	4496.59	0
0.124	1	10	4	58272.2	0
0.129	1	9	9	630.311	0
0.13	1	7	10	5740.39	0
0.131	1	4	11	8915.68	0
0.132	1	6	12	440.019	0
0.135	1	2	15	4496.59	0
0.136	1	3	16	1770.64	0
0.161	1	5	1	56208.8	0
0.162	1	8	2	56457.4	0
0.163	1	1	3	4496.59	0
0.164	1	10	4	58272.2	0
0.169	1	9	9	630.311	0
0.17	1	7	10	5740.39	0
0.171	1	4	11	8915.68	0
0.172	1	6	12	440.019	0
0.175	1	2	15	4496.59	0
0.176	1	3	16	1770.64	0
0.201	1	5	1	56208.8	0
0.202	1	8	2	56457.4	0
0.203	1	1	3	4496.59	0
0.204	1	10	4	58272.2	0
0.209	1	9	9	630.311	0
0.21	1	7	10	5740.39	0
0.211	1	4	11	8915.68	0
0.212	1	6	12	440.019	0
0.215	1	2	15	4496.59	0
0.216	1	3	16	1770.64	0
0.241	1	5	1	56208.8	0
0.242	1	8	2	56457.4	0
0.243	1	1	3	4496.59	0
0.244	1	10	4	58272.2	0
0.249	1	9	9	630.311	0
0.25	1	7	10	5740.39	0
0.251	1	4	11	8915.68	0
0.252	1	6	12	440.019	0
0.255	1	2	15	4496.59	0
0.256	1	3	16	1770.64	0
0.281	1	5	1	56208.8	0
0.282	1	8	2	56457.4	0
0.283	1	1	3	4496.59	0
0.284	1	10	4	58272.2	0
0.289	1	9	9	630.311	0
0.29	1	7	10	5740.39	0
0.291	1	4	11	8915.68	0
0.292	1	6	12	440.019	0
0.295	1	2	15	4496.59	0
0.296	1	3	16	1770.64	0
0.321	1	5	1	56208.8	0
0.322	1	8	2	56457.4	0
0.323	1	1	3	4496.59	0
0.324	1	10	4	58272.2	0
0.329	1	9	9	630.311	0
0.33	1	7	10	5740.39	0
0.331	1	4	11	8915.68	0
0.332	1	6	12	440.019	0
0.335	1	2	15	4496.59	0
0.336	1	3	16	1770.64	0
0.361	1	5	1	56208.8	0
0.362	1	8	2	56457.4	0
0.363	1	1	3	4496.59	0
0.364	1	10	4	58272.2	0
0.369	1	9	9	630.311	0
0.37	1	7	10	5740.39	0
0.371	1	4	11	8915.68	0
0.372	1	6	12	440.019	0
0.375	1	2	15	4496.59	0
0.376	1	3	16	1770.64	0
0.401	1	5	1	56208.8	0
0.402	1	8	2	56457.4	0
0.403	1	1	3	4496.59	0
0.404	1	10	4	58272.2	0
0.409	1	9	9	630.311	0
0.41	1	7	10	5740.39	0
0.411	1	4	11	8915.68	0
0.412	1	6	12	440.019	0
0.415	1	2	15	4496.59	0
0.416	1	3	16	1770.64	0
0.441	1	5	1	56208.8	0
0.442	1	8	2	56457.4	0
0.443	1	1	3	4496.59	0
0.444	1	10	4	58272.2	0
0.449	1	9	9	630.311	0
0.45	1	7	10	5740.39	0
0.451	1	4	11	8915.68	0
0.452	1	6	12	440.019	0
0.455	1	2	15	4496.59	0
0.456	1	3	16	1770.64	0
0.481	1	5	1	56208.8	0
0.482	1	8	2	56457.4	0
0.483	1	1	3	4496.59	0
0.484	1	10	4	58272.2	0
0.489	1	9	9	630.311	0
0.49	1	7	10	5740.39	0
0.491	1	4	11	8915.68	0
0.492	1	6	12	440.019	0
0.495	1	2	15	4496.59	0
0.496	1	3	16	1770.64	0
0.521	1	5	1	56208.8	0
0.522	1	8	2	56457.4	0
0.523	1	1	3	4496.59	0
0.524	1	10	4	58272.2	0
0.529	1	9	9	630.311	0
0.53	1	7	10	5740.39	0
0.531	1	4	11	8915.68	0
0.532	1	6	12	440.019	0
0.535	1	2	15	4496.59	0
0.536	1	3	16	1770.64	0
0.561	1	5	1	56208.8	0
0.562	1	8	2	56457.4	0
0.563	1	1	3	4496.59	0
0.564	1	10	4	58272.2	0
0.569	1	9	9	630.311	0
0.57	1	7	10	5740.39	0
0.571	1	4	11	8915.68	0
0.572	1	6	12	440.019	0
0.575	1	2	15	4496.59	0
0.576	1	3	16	1770.64	0
0.601	1	5	1	56208.8	0
0.602	1	8	2	56457.4	0
0.603	1	1	3	4496.59	0
0.604	1	10	4	58272.2	0
0.609	1	9	9	630.311	0
0.61	1	7	10	5740.39	0
0.611	1	4	11	8915.68	0
0.612	1	6	12	440.019	0
0.615	1	2	15	4496.59	0
0.616	1	3	16	1770.64	0
0.641	1	5	1	56208.8	0
0.642	1	8	2	56457.4	0
0.643	1	1	3	4496.59	0
0.644	1	10	4	58272.2	0
0.649	1	9	9	630.311	0
0.65	1	7	10	5740.39	0
0.651	1	4	11	8915.68	0
0.652	1	6	12	440.019	0
0.655	1	2	15	4496.59	0
0.656	1	3	16	1770.64	0
0.681	1	5	1	56208.8	0
0.682	1	8	2	56457.4	0
0.683	1	1	3	4496.59	0
0.684	1	10	4	58272.2	0
0.689	1	9	9	630.311	0
0.69	1	7	10	5740.39	0
0.691	1	4	11	8915.68	0
0.692	1	6	12	440.019	0
0.695	1	2	15	4496.59	0
0.696	1	3	16	1770.64	0
0.721	1	5	1	56208.8	0
0.722	1	8	2	56457.4	0
0.723	1	1	3	4496.59	0
0.724	1	10	4	58272.2	0
0.729	1	9	9	630.311	0
0.73	1	7	10	5740.39	0
0.731	1	4	11	8915.68	0
0.732	1	6	12	440.019	0
0.735	1	2	15	4496.59	0
0.736	1	3	16	1770.64	0
0.761	1	5	1	56208.8	0
0.762	1	8	2	56457.4	0
0.763	1	1	3	4496.59	0
0.764	1	10	4	58272.2	0
0.769	1	9	9	630.311	0
0.77	1	7	10	5740.39	0
0.771	1	4	11	8915.68	0
0.772	1	6	12	440.019	0
0.775	1	2	15	4496.59	0
0.776	1	3	16	1770.64	0
0.801	1	5	1	56208.8	0
0.802	1	8	2	56457.4	0
0.803	1	1	3	4496.59	0
0.804	1	10	4	58272.2	0
0.809	1	9	9	630.311	0
0.81	1	7	10	5740.39	0
0.811	1	4	11	8915.68	0
0.812	1	6	12	440.019	0
0.815	1	2	15	4496.59	0
0.816	1	3	16	1770.64	0
0.841	1	5	1	56208.8	0
0.842	1	8	2	56457.4	0
0.843	1	1	3	4496.59	0
0.844	1	10	4	58272.2	0
0.849	1	9	9	630.311	0
0.85	1	7	10	5740.39	0
0.851	1	4	11	8915.68	0
0.852	1	6	12	440.019	0
0.855	1	2	15	4496.59	0
0.856	1	3	16	1770.64	0
0.881	1	5	1	56208.8	0
0.882	1	8	2	56457.4	0
0.883	1	1	3	4496.59	0
0.884	1	10	4	58272.2	0
0.889	1	9	9	630.311	0
0.89	1	7	10	5740.39	0
0.891	1	4	11	8915.68	0
0.892	1	6	12	440.019	0
0.895	1	2	15	4496.59	0
0.896	1	3	16	1770.64	0
0.921	1	5	1	56208.8	0
0.922	1	8	2	56457.4	0
0.923	1	1	3	4496.59	0
0.924	1	10	4	58272.2	0
0.929	1	9	9	630.311	0
0.93	1	7	10	5740.39	0
0.931	1	4	11	8915.68	0
0.932	1	6	12	440.019	0
0.935	1	2	15	4496.59	0
0.936	1	3	16	1770.64	0
0.961	1	5	1	56208.8	0
0.962	1	8	2	56457.4	0
0.963	1	1	3	4496.59	0
0.964	1	10	4	58272.2	0
0.969	1	9	9	630.311	0
0.97	1	7	10	5740.39	0
0.971	1	4	11	8915.68	0
0.972	1	6	12	440.019	0
0.975	1	2	15	4496.59	0
0.976	1	3	16	1770.64	0
1.001	1	5	1	56208.8	0
1.002	1	8	2	56457.4	0
1.003	1	1	3	4496.59	0
1.004	1	10	4	58272.2	0
1.009	1	9	9	630.311	0
1.01	1	7	10	5740.39	0
1.011	1	4	11	8915.68	0
1.012	1	6	12	440.019	0
1.015	1	2	15	4496.59	0
1.016	1	3	16	1770.64	0
1.041	1	5	1	56208.8	0
1.042	1	8	2	56457.4	0
1.043	1	1	3	4496.59	0
1.044	1	10	4	58272.2	0
1.049	1	9	9	630.311	0
1.05	1	7	10	5740.39	0
1.051	1	4	11	8915.68	0
1.052	1	6	12	440.019	0
1.055	1	2	15	4496.59	0
1.056	1	3	16	1770.64	0
1.081	1	5	1	56208.8	0
1.082	1	8	2	56457.4	0
1.083	1	1	3	4496.59	0
1.084	1	10	4	58272.2	0
1.089	1	9	9	630.311	0
1.09	1	7	10	5740.39	0
1.091	1	4	11	8915.68	0
1.092	1	6	12	440.019	0
1.095	1	2	15	4496.59	0
1.096	1	3	16	1770.64	0
1.121	1	5	1	56208.8	0
1.122	1	8	2	56457.4	0
1.123	1	1	3	4496.59	0
1.124	1	10	4	58272.2	0
1.129	1	9	9	630.311	0
1.13	1	7	10	5740.39	0
1.131	1	4	11	8915.68	0
1.132	1	6	12	440.019	0
1.135	1	2	15	4496.59	0
1.136	1	3	16	1770.64	0
1.161	1	5	1	56208.8	0
1.162	1	8	2	56457.4	0
1.163	1	1	3	4496.59	0
1.164	1	10	4	58272.2	0
1.169	1	9	9	630.311	0
1.17	1	7	10	5740.39	0
1.171	1	4	11	8915.68	0
1.172	1	6	12	440.019	0
1.175	1	2	15	4496.59	0
1.176	1	3	16	1770.64	0
1.201	1	5	1	56208.8	0
1.202	1	8	2	56457.4	0
1.203	1	1	3	4496.59	0
1.204	1	10	4	58272.2	0
1.209	1	9	9	630.311	0
1.21	1	7	10	5740.39	0
1.211	1	4	11	8915.68	0
1.212	1	6	12	440.019	0
1.215	1	2	15	4496.59	0
1.216	1	3	16	1770.64	0
1.241	1	5	1	56208.8	0
1.242	1	8	2	56457.4	0
1.243	1	1	3	4496.59	0
1.244	1	10	4	58272.2	0
1.249	1	9	9	630.311	0
1.25	1	7	10	5740.39	0
1.251	1	4	11	8915.68	0
1.252	1	6	12	440.019	0
1.255	1	2	15	4496.59	0
1.256	1	3	16	1770.64	0
1.281	1	5	1	56208.8	0
1.282	1	8	2	56457.4	0
1.283	1	1	3	4496.59	0
1.284	1	10	4	58272.2	0
1.289	1	9	9	630.311	0
1.29	1	7	10	5740.39	0
1.291	1	4	11	8915.68	0
1.292	1	6	12	440.019	0
1.295	1	2	15	4496.59	0
1.296	1	3	16	1770.64	0
1.321	1	5	1	56208.8	0
1.322	1	8	2	56457.4	0
1.323	1	1	3	4496.59	0
1.324	1	10	4	58272.2	0
1.329	1	9	9	630.311	0
1.33	1	7	10	5740.39	0
1.331	1	4	11	8915.68	0
1.332	1	6	12	440.019	0
1.335	1	2	15	4496.59	0
1.336	1	3	16	1770.64	0
1.361	1	5	1	56208.8	0
1.362	1	8	2	56457.4	0
1.363	1	1	3	4496.59	0
1.364	1	10	4	58272.2	0
1.369	1	9	9	630.311	0
1.37	1	7	10	5740.39	0
1.371	1	4	11	8915.68	0
1.372	1	6	12	440.019	0
1.375	1	2	15	4496.59	0
1.376	1	3	16	1770.64	0
1.401	1	5	1	56208.8	0
1.402	1	8	2	56457.4	0
1.403	1	1	3	4496.59	0
1.404	1	10	4	58272.2	0
1.409	1	9	9	630.311	0
1.41	1	7	10	5740.39	0
1.411	1	4	11	8915.68	0
1.412	1	6	12	440.019	0
1.415	1	2	15	4496.59	0
1.416	1	3	16	1770.64	0
1.441	1	5	1	56208.8	0
1.442	1	8	2	56457.4	0
1.443	1	1	3	4496.59	0
1.444	1	10	4	58272.2	0
1.449	1	9	9	630.311	0
1.45	1	7	10	5740.39	0
1.451	1	4	11	8915.68	0
1.452	1	6	12	440.019	0
1.455	1	2	15	4496.59	0
1.456	1	3	16	1770.64	0
1.481	1	5	1	56208.8	0
1.482	1	8	2	56457.4	0
1.483	1	1	3	4496.59	0
1.484	1	10	4	58272.2	0
1.489	1	9	9	630.311	0
1.49	1	7	10	5740.39	0
1.491	1	4	11	8915.68	0
1.492	1	6	12	440.019	0
1.495	1	2	15	4496.59	0
1.496	1	3	16	1770.64	0
1.521	1	5	1	56208.8	0
1.522	1	8	2	56457.4	0
1.523	1	1	3	4496.59	0
1.524	1	10	4	58272.2	0
1.529	1	9	9	630.311	0
1.53	1	7	10	5740.39	0
1.531	1	4	11	8915.68	0
1.532	1	6	12	440.019	0
1.535	1	2	15	4496.59	0
1.536	1	3	16	1770.64	0
1.561	1	5	1	56208.8	0
1.562	1	8	2	56457.4	0
1.563	1	1	3	4496.59	0
1.564	1	10	4	58272.2	0
1.569	1	9	9	630.311	0
1.57	1	7	10	5740.39	0
1.571	1	4	11	8915.68	0
1.572	1	6	12	440.019	0
1.575	1	2	15	4496.59	0
1.576	1	3	16	1770.64	0
1.601	1	5	1	56208.8	0
1.602	1	8	2	56457.4	0
1.603	1	1	3	4496.59	0
1.604	1	10	4	58272.2	0
1.609	1	9	9	630.311	0
1.61	1	7	10	5740.39	0
1.611	1	4	11	8915.68	0
1.612	1	6	12	440.019	0
1.615	1	2	15	4496.59	0
1.616	1	3	16	1770.64	0
1.641	1	5	1	56208.8	0
1.642	1	8	2	56457.4	0
1.643	1	1	3	4496.59	0
1.644	1	10	4	58272.2	0
1.649	1	9	9	630.311	0
1.65	1	7	10	5740.39	0
1.651	1	4	11	8915.68	0
1.652	1	6	12	440.019	0
1.655	1	2	15	4496.59	0
1.656	1	3	16	1770.64	0
1.681	1	5	1	56208.8	0
1.682	1	8	2	56457.4	0
1.683	1	1	3	4496.59	0
1.684	1	10	4	58272.2	0
1.689	1	9	9	630.311	0
1.69	1	7	10	5740.39	0
1.691	1	4	11	8915.68	0
1.692	1	6	12	440.019	0
1.695	1	2	15	4496.59	0
1.696	1	3	16	1770.64	0
1.721	1	5	1	56208.8	0
1.722	1	8	2	56457.4	0
1.723	1	1	3	4496.59	0
1.724	1	10	4	58272.2	0
1.729	1	9	9	630.311	0
1.73	1	7	10	5740.39	0
1.731	1	4	11	8915.68	0
1.732	1	6	12	440.019	0
1.735	1	2	15	4496.59	0
1.736	1	3	16	1770.64	0
1.761	1	5	1	56208.8	0
1.762	1	8	2	56457.4	0
1.763	1	1	3	4496.59	0
1.764	1	10	4	58272.2	0
1.769	1	9	9	630.311	0
1.77	1	7	10	5740.39	0
1.771	1	4	11	8915.68	0
1.772	1	6	12	440.019	0
1.775	1	2	15	4496.59	0
1.776	1	3	16	1770.64	0
1.801	1	5	1	56208.8	0
1.802	1	8	2	56457.4	0
1.803	1	1	3	4496.59	0
1.804	1	10	4	58272.2	0
1.809	1	9	9	630.311	0
1.81	1	7	10	5740.39	0
1.811	1	4	11	8915.68	0
1.812	1	6	12	440.019	0
1.815	1	2	15	4496.59	0
1.816	1	3	16	1770.64	0
1.841	1	5	1	56208.8	0
1.842	1	8	2	56457.4	0
1.843	1	1	3	4496.59	0
1.844	1	10	4	58272.2	0
1.849	1	9	9	630.311	0
1.85	1	7	10	5740.39	0
1.851	1	4	11	8915.68	0
1.852	1	6	12	440.019	0
1.855	1	2	15	4496.59	0
1.856	1	3	16	1770.64	0
1.881	1	5	1	56208.8	0
1.882	1	8	2	56457.4	0
1.883	1	1	3	4496.59	0
1.884	1	10	4	58272.2	0
1.889	1	9	9	630.311	0
1.89	1	7	10	5740.39	0
1.891	1	4	11	8915.68	0
1.892	1	6	12	440.019	0
1.895	1	2	15	4496.59	0
1.896	1	3	16	1770.64	0
1.921	1	5	1	56208.8	0
1.922	1	8	2	56457.4	0
1.923	1	1	3	4496.59	0
1.924	1	10	4	58272.2	0
1.929	1	9	9	630.311	0
1.93	1	7	10	5740.39	0
1.931	1	4	11	8915.68	0
1.932	1	6	12	440.019	0
1.935	1	2	15	4496.59	0
1.936	1	3	16	1770.64	0
1.961	1	5	1	56208.8	0
1.962	1	8	2	56457.4	0
1.963	1	1	3	4496.59	0
1.964	1	10	4	58272.2	0
1.969	1	9	9	630.311	0
1.97	1	7	10	5740.39	0
1.971	1	4	11	8915.68	0
1.972	1	6	12	440.019	0
1.975	1	2	15	4496.59	0
1.976	1	3	16	1770.64	0
2.001	1	5	1	56208.8	0
2.002	1	8	2	56457.4	0
2.003	1	1	3	4496.59	0
2.004	1	10	4	58272.2	0
2.009	1	9	9	630.311	0
2.01	1	7	10	5740.39	0
2.011	1	4	11	8915.68	0
2.012	1	6	12	440.019	0
2.015	1	2	15	4496.59	0
2.016	1	3	16	1770.64	0
2.041	1	5	1	56208.8	0
2.042	1	8	2	56457.4	0
2.043	1	1	3	4496.59	0
2.044	1	10	4	58272.2	0
2.049	1	9	9	630.311	0
2.05	1	7	10	5740.39	0
2.051	1	4	11	8915.68	0
2.052	1	6	12	440.019	0
2.055	1	2	15	4496.59	0
2.056	1	3	16	1770.64	0
2.081	1	5	1	56208.8	0
2.082	1	8	2	56457.4	0
2.083	1	1	3	4496.59	0
2.084	1	10	4	58272.2	0
2.089	1	9	9	630.311	0
2.09	1	7	10	5740.39	0
2.091	1	4	11	8915.68	0
2.092	1	6	12	440.019	0
2.095	1	2	15	4496.59	0
2.096	1	3	16	1770.64	0
2.121	1	5	1	56208.8	0
2.122	1	8	2	56457.4	0
2.123	1	1	3	4496.59	0
2.124	1	10	4	58272.2	0
2.129	1	9	9	630.311	0
2.13	1	7	10	5740.39	0
2.131	1	4	11	8915.68	0
2.132	1	6	12	440.019	0
2.135	1	2	15	4496.59	0
2.136	1	3	16	1770.64	0
2.161	1	5	1	56208.8	0
2.162	1	8	2	56457.4	0
2.163	1	1	3	4496.59	0
2.164	1	10	4	58272.2	0
2.169	1	9	9	630.311	0
2.17	1	7	10	5740.39	0
2.171	1	4	11	8915.68	0
2.172	1	6	12	440.019	0
2.175	1	2	15	4496.59	0
2.176	1	3	16	1770.64	0
2.201	1	5	1	56208.8	0
2.202	1	8	2	56457.4	0
2.203	1	1	3	4496.59	0
2.204	1	10	4	58272.2	0
2.209	1	9	9	630.311	0
2.21	1	7	10	5740.39	0
2.211	1	4	11	8915.68	0
2.212	1	6	12	440.019	0
2.215	1	2	15	4496.59	0
2.216	1	3	16	1770.64	0
2.241	1	5	1	56208.8	0
2.242	1	8	2	56457.4	0
2.243	1	1	3	4496.59	0
2.244	1	10	4	58272.2	0
2.249	1	9	9	630.311	0
2.25	1	7	10	5740.39	0
2.251	1	4	11	8915.68	0
2.252	1	6	12	440.019	0
2.255	1	2	15	4496.59	0
2.256	1	3	16	1770.64	0
2.281	1	5	1	56208.8	0
2.282	1	8	2	56457.4	0
2.283	1	1	3	4496.59	0
2.284	1	10	4	58272.2	0
2.289	1	9	9	630.311	0
2.29	1	7	10	5740.39	0
2.291	1	4	11	8915.68	0
2.292	1	6	12	440.019	0
2.295	1	2	15	4496.59	0
2.296	1	3	16	1770.64	0
2.321	1	5	1	56208.8	0
2.322	1	8	2	56457.4	0
2.323	1	1	3	4496.59	0
2.324	1	10	4	58272.2	0
2.329	1	9	9	630.311	0
2.33	1	7	10	5740.39	0
2.331	1	4	11	8915.68	0
2.332	1	6	12	440.019	0
2.335	1	2	15	4496.59	0
2.336	1	3	16	1770.64	0
2.361	1	5	1	56208.8	0
2.362	1	8	2	56457.4	0
2.363	1	1	3	4496.59	0
2.364	1	10	4	58272.2	0
2.369	1	9	9	630.311	0
2.37	1	7	10	5740.39	0
2.371	1	4	11	8915.68	0
2.372	1	6	12	440.019	0
2.375	1	2	15	4496.59	0
2.376	1	3	16	1770.64	0
2.401	1	5	1	56208.8	0
2.402	1	8	2	56457.4	0
2.403	1	1	3	4496.59	0
2.404	1	10	4	58272.2	0
2.409	1	9	9	630.311	0
2.41	1	7	10	5740.39	0
2.411	1	4	11	8915.68	0
2.412	1	6	12	440.019	0
2.415	1	2	15	4496.59	0
2.416	1	3	16	1770.64	0
2.441	1	5	1	56208.8	0
2.442	1	8	2	56457.4	0
2.443	1	1	3	4496.59	0
2.444	1	10	4	58272.2	0
2.449	1	9	9	630.311	0
2.45	1	7	10	5740.39	0
2.451	1	4	11	8915.68	0
2.452	1	6	12	440.019	0
2.455	1	2	15	4496.59	0
2.456	1	3	16	1770.64	0
2.481	1	5	1	56208.8	0
2.482	1	8	2	56457.4	0
2.483	1	1	3	4496.59	0
2.484	1	10	4	58272.2	0
2.489	1	9	9	630.311	0
2.49	1	7	10	5740.39	0
2.491	1	4	11	8915.68	0
2.492	1	6	12	440.019	0
2.495	1	2	15	4496.59	0
2.496	1	3	16	1770.64	0
2.521	1	5	1	56208.8	0
2.522	1	8	2	56457.4	0
2.523	1	1	3	4496.59	0
2.524	1	10	4	58272.2	0
2.529	1	9	9	630.311	0
2.53	1	7	10	5740.39	0
2.531	1	4	11	8915.68	0
2.532	1	6	12	440.019	0
2.535	1	2	15	4496.59	0
2.536	1	3	16	1770.64	0
2.561	1	5	1	56208.8	0
2.562	1	8	2	56457.4	0
2.563	1	1	3	4496.59	0
2.564	1	10	4	58272.2	0
2.569	1	9	9	630.311	0
2.57	1	7	10	5740.39	0
2.571	1	4	11	8915.68	0
2.572	1	6	12	440.019	0
2.575	1	2	15	4496.59	0
2.576	1	3	16	1770.64	0
2.601	1	5	1	56208.8	0
2.602	1	8	2	56457.4	0
2.603	1	1	3	4496.59	0
2.604	1	10	4	58272.2	0
2.609	1	9	9	630.311	0
2.61	1	7	10	5740.39	0
2.611	1	4	11	8915.68	0
2.612	1	6	12	440.019	0
2.615	1	2	15	4496.59	0
2.616	1	3	16	1770.64	0
2.641	1	5	1	56208.8	0
2.642	1	8	2	56457.4	0
2.643	1	1	3	4496.59	0
2.644	1	10	4	58272.2	0
2.649	1	9	9	630.311	0
2.65	1	7	10	5740.39	0
2.651	1	4	11	8915.68	0
2.652	1	6	12	440.019	0
2.655	1	2	15	4496.59	0
2.656	1	3	16	1770.64	0
2.681	1	5	1	56208.8	0
2.682	1	8	2	56457.4	0
2.683	1	1	3	4496.59	0
2.684	1	10	4	58272.2	0
2.689	1	9	9	630.311	0
2.69	1	7	10	5740.39	0
2.691	1	4	11	8915.68	0
2.692	1	6	12	440.019	0
2.695	1	2	15	4496.59	0
2.696	1	3	16	1770.64	0
2.721	1	5	1	56208.8	0
2.722	1	8	2	56457.4	0
2.723	1	1	3	4496.59	0
2.724	1	10	4	58272.2	0
2.729	1	9	9	630.311	0
2.73	1	7	10	5740.39	0
2.731	1	4	11	8915.68	0
2.732	1	6	12	440.019	0
2.735	1	2	15	4496.59	0
2.736	1	3	16	1770.64	0
2.761	1	5	1	56208.8	0
2.762	1	8	2	56457.4	0
2.763	1	1	3	4496.59	0
2.764	1	10	4	58272.2	0
2.769	1	9	9	630.311	0
2.77	1	7	10	5740.39	0
2.771	1	4	11	8915.68	0
2.772	1	6	12	440.019	0
2.775	1	2	15	4496.59	0
2.776	1	3	16	1770.64	0
2.801	1	5	1	56208.8	0
2.802	1	8	2	56457.4	0
2.803	1	1	3	4496.59	0
2.804	1	10	4	58272.2	0
2.809	1	9	9	630.311	0
2.81	1	7	10	5740.39	0
2.811	1	4	11	8915.68	0
2.812	1	6	12	440.019	0
2.815	1	2	15	4496.59	0
2.816	1	3	16	1770.64	0
2.841	1	5	1	56208.8	0
2.842	1	8	2	56457.4	0
2.843	1	1	3	4496.59	0
2.844	1	10	4	58272.2	0
2.849	1	9	9	630.311	0
2.85	1	7	10	5740.39	0
2.851	1	4	11	8915.68	0
2.852	1	6	12	440.019	0
2.855	1	2	15	4496.59	0
2.856	1	3	16	1770.64	0
2.881	1	5	1	56208.8	0
2.882	1	8	2	56457.4	0
2.883	1	1	3	4496.59	0
2.884	1	10	4	58272.2	0
2.889	1	9	9	630.311	0
2.89	1	7	10	5740.39	0
2.891	1	4	11	8915.68	0
2.892	1	6	12	440.019	0
2.895	1	2	15	4496.59	0
2.896	1	3	16	1770.64	0
2.921	1	5	1	56208.8	0
2.922	1	8	2	56457.4	0
2.923	1	1	3	4496.59	0
2.924	1	10	4	58272.2	0
2.929	1	9	9	630.311	0
2.93	1	7	10	5740.39	0
2.931	1	4	11	8915.68	0
2.932	1	6	12	440.019	0
2.935	1	2	15	4496.59	0
2.936	1	3	16	1770.64	0
2.961	1	5	1	56208.8	0
2.962	1	8	2	56457.4	0
2.963	1	1	3	4496.59	0
2.964	1	10	4	58272.2	0
2.969	1	9	9	630.311	0
2.97	1	7	10	5740.39	0
2.971	1	4	11	8915.68	0
2.972	1	6	12	440.019	0
2.975	1	2	15	4496.59	0
2.976	1	3	16	1770.64	0
3.001	1	5	1	56208.8	0
3.002	1	8	2	56457.4	0
3.003	1	1	3	4496.59	0
3.004	1	10	4	58272.2	0
3.009	1	9	9	630.311	0
3.01	1	7	10	5740.39	0
3.011	1	4	11	8915.68	0
3.012	1	6	12	440.019	0
3.015	1	2	15	4496.59	0
3.016	1	3	16	1770.64	0
3.041	1	5	1	56208.8	0
3.042	1	8	2	56457.4	0
3.043	1	1	3	4496.59	0
3.044	1	10	4	58272.2	0
3.049	1	9	9	630.311	0
3.05	1	7	10	5740.39	0
3.051	1	4	11	8915.68	0
3.052	1	6	12	440.019	0
3.055	1	2	15	4496.59	0
3.056	1	3	16	1770.64	0
3.081	1	5	1	56208.8	0
3.082	1	8	2	56457.4	0
3.083	1	1	3	4496.59	0
3.084	1	10	4	58272.2	0
3.089	1	9	9	630.311	0
3.09	1	7	10	5740.39	0
3.091	1	4	11	8915.68	0
3.092	1	6	12	440.019	0
3.095	1	2	15	4496.59	0
3.096	1	3	16	1770.64	0
3.121	1	5	1	56208.8	0
3.122	1	8	2	56457.4	0
3.123	1	1	3	4496.59	0
3.124	1	10	4	58272.2	0
3.129	1	9	9	630.311	0
3.13	1	7	10	5740.39	0
3.131	1	4	11	8915.68	0
3.132	1	6	12	440.019	0
3.135	1	2	15	4496.59	0
3.136	1	3	16	1770.64	0
3.161	1	5	1	56208.8	0
3.162	1	8	2	56457.4	0
3.163	1	1	3	4496.59	0
3.164	1	10	4	58272.2	0
3.169	1	9	9	630.311	0
3.17	1	7	10	5740.39	0
3.171	1	4	11	8915.68	0
3.172	1	6	12	440.019	0
3.175	1	2	15	4496.59	0
3.176	1	3	16	1770.64	0
3.201	1	5	1	56208.8	0
3.202	1	8	2	56457.4	0
3.203	1	1	3	4496.59	0
3.204	1	10	4	58272.2	0
3.209	1	9	9	630.311	0
3.21	1	7	10	5740.39	0
3.211	1	4	11	8915.68	0
3.212	1	6	12	440.019	0
3.215	1	2	15	4496.59	0
3.216	1	3	16	1770.64	0
3.241	1	5	1	56208.8	0
3.242	1	8	2	56457.4	0
3.243	1	1	3	4496.59	0
3.244	1	10	4	58272.2	0
3.249	1	9	9	630.311	0
3.25	1	7	10	5740.39	0
3.251	1	4	11	8915.68	0
3.252	1	6	12	440.019	0
3.255	1	2	15	4496.59	0
3.256	1	3	16	1770.64	0
3.281	1	5	1	56208.8	0
3.282	1	8	2	56457.4	0
3.283	1	1	3	4496.59	0
3.284	1	10	4	58272.2	0
3.289	1	9	9	630.311	0
3.29	1	7	10	5740.39	0
3.291	1	4	11	8915.68	0
3.292	1	6	12	440.019	0
3.295	1	2	15	4496.59	0
3.296	1	3	16	1770.64	0
3.321	1	5	1	56208.8	0
3.322	1	8	2	56457.4	0
3.323	1	1	3	4496.59	0
3.324	1	10	4	58272.2	0
3.329	1	9	9	630.311	0
3.33	1	7	10	5740.39	0
3.331	1	4	11	8915.68	0
3.332	1	6	12	440.019	0
3.335	1	2	15	4496.59	0
3.336	1	3	16	1770.64	0
3.361	1	5	1	56208.8	0
3.362	1	8	2	56457.4	0
3.363	1	1	3	4496.59	0
3.364	1	10	4	58272.2	0
3.369	1	9	9	630.311	0
3.37	1	7	10	5740.39	0
3.371	1	4	11	8915.68	0
3.372	1	6	12	440.019	0
3.375	1	2	15	4496.59	0
3.376	1	3	16	1770.64	0
3.401	1	5	1	56208.8	0
3.402	1	8	2	56457.4	0
3.403	1	1	3	4496.59	0
3.404	1	10	4	58272.2	0
3.409	1	9	9	630.311	0
3.41	1	7	10	5740.39	0
3.411	1	4	11	8915.68	0
3.412	1	6	12	440.019	0
3.415	1	2	15	4496.59	0
3.416	1	3	16	1770.64	0
3.441	1	5	1	56208.8	0
3.442	1	8	2	56457.4	0
3.443	1	1	3	4496.59	0
3.444	1	10	4	58272.2	0
3.449	1	9	9	630.311	0
3.45	1	7	10	5740.39	0
3.451	1	4	11	8915.68	0
3.452	1	6	12	440.019	0
3.455	1	2	15	4496.59	0
3.456	1	3	16	1770.64	0
3.481	1	5	1	56208.8	0
3.482	1	8	2	56457.4	0
3.483	1	1	3	4496.59	0
3.484	1	10	4	58272.2	0
3.489	1	9	9	630.311	0
3.49	1	7	10	5740.39	0
3.491	1	4	11	8915.68	0
3.492	1	6	12	440.019	0
3.495	1	2	15	4496.59	0
3.496	1	3	16	1770.64	0
3.521	1	5	1	56208.8	0
3.522	1	8	2	56457.4	0
3.523	1	1	3	4496.59	0
3.524	1	10	4	58272.2	0
3.529	1	9	9	630.311	0
3.53	1	7	10	5740.39	0
3.531	1	4	11	8915.68	0
3.532	1	6	12	440.019	0
3.535	1	2	15	4496.59	0
3.536	1	3	16	1770.64	0
3.561	1	5	1	56208.8	0
3.562	1	8	2	56457.4	0
3.563	1	1	3	4496.59	0
3.564	1	10	4	58272.2	0
3.569	1	9	9	630.311	0
3.57	1	7	10	5740.39	0
3.571	1	4	11	8915.68	0
3.572	1	6	12	440.019	0
3.575	1	2	15	4496.59	0
3.576	1	3	16	1770.64	0
3.601	1	5	1	56208.8	0
3.602	1	8	2	56457.4	0
3.603	1	1	3	4496.59	0
3.604	1	10	4	58272.2	0
3.609	1	9	9	630.311	0
3.61	1	7	10	5740.39	0
3.611	1	4	11	8915.68	0
3.612	1	6	12	440.019	0
3.615	1	2	15	4496.59	0
3.616	1	3	16	1770.64	0
3.641	1	5	1	56208.8	0
3.642	1	8	2	56457.4	0
3.643	1	1	3	4496.59	0
3.644	1	10	4	58272.2	0
3.649	1	9	9	630.311	0
3.65	1	7	10	5740.39	0
3.651	1	4	11	8915.68	0
3.652	1	6	12	440.019	0
3.655	1	2	15	4496.59	0
3.656	1	3	16	1770.64	0
3.681	1	5	1	56208.8	0
3.682	1	8	2	56457.4	0
3.683	1	1	3	4496.59	0
3.684	1	10	4	58272.2	0
3.689	1	9	9	630.311	0
3.69	1	7	10	5740.39	0
3.691	1	4	11	8915.68	0
3.692	1	6	12	440.019	0
3.695	1	2	15	4496.59	0
3.696	1	3	16	1770.64	0
3.721	1	5	1	56208.8	0
3.722	1	8	2	56457.4	0
3.723	1	1	3	4496.59	0
3.724	1	10	4	58272.2	0
3.729	1	9	9	630.311	0
3.73	1	7	10	5740.39	0
3.731	1	4	11	8915.68	0
3.732	1	6	12	440.019	0
3.735	1	2	15	4496.59	0
3.736	1	3	16	1770.64	0
3.761	1	5	1	56208.8	0
3.762	1	8	2	56457.4	0
3.763	1	1	3	4496.59	0
3.764	1	10	4	58272.2	0
3.769	1	9	9	630.311	0
3.77	1	7	10	5740.39	0
3.771	1	4	11	8915.68	0
3.772	1	6	12	440.019	0
3.775	1	2	15	4496.59	0
3.776	1	3	16	1770.64	0
3.801	1	5	1	56208.8	0
3.802	1	8	2	56457.4	0
3.803	1	1	3	4496.59	0
3.804	1	10	4	58272.2	0
3.809	1	9	9	630.311	0
3.81	1	7	10	5740.39	0
3.811	1	4	11	8915.68	0
3.812	1	6	12	440.019	0
3.815	1	2	15	4496.59	0
3.816	1	3	16	1770.64	0
3.841	1	5	1	56208.8	0
3.842	1	8	2	56457.4	0
3.843	1	1	3	4496.59	0
3.844	1	10	4	58272.2	0
3.849	1	9	9	630.311	0
3.85	1	7	10	5740.39	0
3.851	1	4	11	8915.68	0
3.852	1	6	12	440.019	0
3.855	1	2	15	4496.59	0
3.856	1	3	16	1770.64	0
3.881	1	5	1	56208.8	0
3.882	1	8	2	56457.4	0
3.883	1	1	3	4496.59	0
3.884	1	10	4	58272.2	0
3.889	1	9	9	630.311	0
3.89	1	7	10	5740.39	0
3.891	1	4	11	8915.68	0
3.892	1	6	12	440.019	0
3.895	1	2	15	4496.59	0
3.896	1	3	16	1770.64	0
3.921	1	5	1	56208.8	0
3.922	1	8	2	56457.4	0
3.923	1	1	3	4496.59	0
3.924	1	10	4	58272.2	0
3.929	1	9	9	630.311	0
3.93	1	7	10	5740.39	0
3.931	1	4	11	8915.68	0
3.932	1	6	12	440.019	0
3.935	1	2	15	4496.59	0
3.936	1	3	16	1770.64	0
3.961	1	5	1	56208.8	0
3.962	1	8	2	56457.4	0
3.963	1	1	3	4496.59	0
3.964	1	10	4	58272.2	0
3.969	1	9	9	630.311	0
3.97	1	7	10	5740.39	0
3.971	1	4	11	8915.68	0
3.972	1	6	12	440.019	0
3.975	1	2	15	4496.59	0
3.976	1	3	16	1770.64	0
4.001	1	5	1	56208.8	0
4.002	1	8	2	56457.4	0
4.003	1	1	3	4496.59	0
4.004	1	10	4	58272.2	0
4.009	1	9	9	630.311	0
4.01	1	7	10	5740.39	0
4.011	1	4	11	8915.68	0
4.012	1	6	12	440.019	0
4.015	1	2	15	4496.59	0
4.016	1	3	16	1770.64	0
4.041	1	5	1	56208.8	0
4.042	1	8	2	56457.4	0
4.043	1	1	3	4496.59	0
4.044	1	10	4	58272.2	0
4.049	1	9	9	630.311	0
4.05	1	7	10	5740.39	0
4.051	1	4	11	8915.68	0
4.052	1	6	12	440.019	0
4.055	1	2	15	4496.59	0
4.056	1	3	16	1770.64	0
4.081	1	5	1	56208.8	0
4.082	1	8	2	56457.4	0
4.083	1	1	3	4496.59	0
4.084	1	10	4	58272.2	0
4.089	1	9	9	630.311	0
4.09	1	7	10	5740.39	0
4.091	1	4	11	8915.68	0
4.092	1	6	12	440.019	0
4.095	1	2	15	4496.59	0
4.096	1	3	16	1770.64	0
4.121	1	5	1	56208.8	0
4.122	1	8	2	56457.4	0
4.123	1	1	3	4496.59	0
4.124	1	10	4	58272.2	0
4.129	1	9	9	630.311	0
4.13	1	7	10	5740.39	0
4.131	1	4	11	8915.68	0
4.132	1	6	12	440.019	0
4.135	1	2	15	4496.59	0
4.136	1	3	16	1770.64	0
4.161	1	5	1	56208.8	0
4.162	1	8	2	56457.4	0
4.163	1	1	3	4496.59	0
4.164	1	10	4	58272.2	0
4.169	1	9	9	630.311	0
4.17	1	7	10	5740.39	0
4.171	1	4	11	8915.68	0
4.172	1	6	12	440.019	0
4.175	1	2	15	4496.59	0
4.176	1	3	16	1770.64	0
4.201	1	5	1	56208.8	0
4.202	1	8	2	56457.4	0
4.203	1	1	3	4496.59	0
4.204	1	10	4	58272.2	0
4.209	1	9	9	630.311	0
4.21	1	7	10	5740.39	0
4.211	1	4	11	8915.68	0
4.212	1	6	12	440.019	0
4.215	1	2	15	4496.59	0
4.216	1	3	16	1770.64	0
4.241	1	5	1	56208.8	0
4.242	1	8	2	56457.4	0
4.243	1	1	3	4496.59	0
4.244	1	10	4	58272.2	0
4.249	1	9	9	630.311	0
4.25	1	7	10	5740.39	0
4.251	1	4	11	8915.68	0
4.252	1	6	12	440.019	0
4.255	1	2	15	4496.59	0
4.256	1	3	16	1770.64	0
4.281	1	5	1	56208.8	0
4.282	1	8	2	56457.4	0
4.283	1	1	3	4496.59	0
4.284	1	10	4	58272.2	0
4.289	1	9	9	630.311	0
4.29	1	7	10	5740.39	0
4.291	1	4	11	8915.68	0
4.292	1	6	12	440.019	0
4.295	1	2	15	4496.59	0
4.296	1	3	16	1770.64	0
4.321	1	5	1	56208.8	0
4.322	1	8	2	56457.4	0
4.323	1	1	3	4496.59	0
4.324	1	10	4	58272.2	0
4.329	1	9	9	630.311	0
4.33	1	7	10	5740.39	0
4.331	1	4	11	8915.68	0
4.332	1	6	12	440.019	0
4.335	1	2	15	4496.59	0
4.336	1	3	16	1770.64	0
4.361	1	5	1	56208.8	0
4.362	1	8	2	56457.4	0
4.363	1	1	3	4496.59	0
4.364	1	10	4	58272.2	0
4.369	1	9	9	630.311	0
4.37	1	7	10	5740.39	0
4.371	1	4	11	8915.68	0
4.372	1	6	12	440.019	0
4.375	1	2	15	4496.59	0
4.376	1	3	16	1770.64	0
4.401	1	5	1	56208.8	0
4.402	1	8	2	56457.4	0
4.403	1	1	3	4496.59	0
4.404	1	10	4	58272.2	0
4.409	1	9	9	630.311	0
4.41	1	7	10	5740.39	0
4.411	1	4	11	8915.68	0
4.412	1	6	12	440.019	0
4.415	1	2	15	4496.59	0
4.416	1	3	16	1770.64	0
4.441	1	5	1	56208.8	0
4.442	1	8	2	56457.4	0
4.443	1	1	3	4496.59	0
4.444	1	10	4	58272.2	0
4.449	1	9	9	630.311	0
4.45	1	7	10	5740.39	0
4.451	1	4	11	8915.68	0
4.452	1	6	12	440.019	0
4.455	1	2	15	4496.59	0
4.456	1	3	16	1770.64	0
4.481	1	5	1	56208.8	0
4.482	1	8	2	56457.4	0
4.483	1	1	3	4496.59	0
4.484	1	10	4	58272.2	0
4.489	1	9	9	630.311	0
4.49	1	7	10	5740.39	0
4.491	1	4	11	8915.68	0
4.492	1	6	12	440.019	0
4.495	1	2	15	4496.59	0
4.496	1	3	16	1770.64	0
4.521	1	5	1	56208.8	0
4.522	1	8	2	56457.4	0
4.523	1	1	3	4496.59	0
4.524	1	10	4	58272.2	0
4.529	1	9	9	630.311	0
4.53	1	7	10	5740.39	0
4.531	1	4	11	8915.68	0
4.532	1	6	12	440.019	0
4.535	1	2	15	4496.59	0
4.536	1	3	16	1770.64	0
4.561	1	5	1	56208.8	0
4.562	1	8	2	56457.4	0
4.563	1	1	3	4496.59	0
4.564	1	10	4	58272.2	0
4.569	1	9	9	630.311	0
4.57	1	7	10	5740.39	0
4.571	1	4	11	8915.68	0
4.572	1	6	12	440.019	0
4.575	1	2	15	4496.59	0
4.576	1	3	16	1770.64	0
4.601	1	5	1	56208.8	0
4.602	1	8	2	56457.4	0
4.603	1	1	3	4496.59	0
4.604	1	10	4	58272.2	0
4.609	1	9	9	630.311	0
4.61	1	7	10	5740.39	0
4.611	1	4	11	8915.68	0
4.612	1	6	12	440.019	0
4.615	1	2	15	4496.59	0
4.616	1	3	16	1770.64	0
4.641	1	5	1	56208.8	0
4.642	1	8	2	56457.4	0
4.643	1	1	3	4496.59	0
4.644	1	10	4	58272.2	0
4.649	1	9	9	630.311	0
4.65	1	7	10	5740.39	0
4.651	1	4	11	8915.68	0
4.652	1	6	12	440.019	0
4.655	1	2	15	4496.59	0
4.656	1	3	16	1770.64	0
4.681	1	5	1	56208.8	0
4.682	1	8	2	56457.4	0
4.683	1	1	3	4496.59	0
4.684	1	10	4	58272.2	0
4.689	1	9	9	630.311	0
4.69	1	7	10	5740.39	0
4.691	1	4	11	8915.68	0
4.692	1	6	12	440.019	0
4.695	1	2	15	4496.59	0
4.696	1	3	16	1770.64	0
4.721	1	5	1	56208.8	0
4.722	1	8	2	56457.4	0
4.723	1	1	3	4496.59	0
4.724	1	10	4	58272.2	0
4.729	1	9	9	630.311	0
4.73	1	7	10	5740.39	0
4.731	1	4	11	8915.68	0
4.732	1	6	12	440.019	0
4.735	1	2	15	4496.59	0
4.736	1	3	16	1770.64	0
4.761	1	5	1	56208.8	0
4.762	1	8	2	56457.4	0
4.763	1	1	3	4496.59	0
4.764	1	10	4	58272.2	0
4.769	1	9	9	630.311	0
4.77	1	7	10	5740.39	0
4.771	1	4	11	8915.68	0
4.772	1	6	12	440.019	0
4.775	1	2	15	4496.59	0
4.776	1	3	16	1770.64	0
4.801	1	5	1	56208.8	0
4.802	1	8	2	56457.4	0
4.803	1	1	3	4496.59	0
4.804	1	10	4	58272.2	0
4.809	1	9	9	630.311	0
4.81	1	7	10	5740.39	0
4.811	1	4	11	8915.68	0
4.812	1	6	12	440.019	0
4.815	1	2	15	4496.59	0
4.816	1	3	16	1770.64	0
4.841	1	5	1	56208.8	0
4.842	1	8	2	56457.4	0
4.843	1	1	3	4496.59	0
4.844	1	10	4	58272.2	0
4.849	1	9	9	630.311	0
4.85	1	7	10	5740.39	0
4.851	1	4	11	8915.68	0
4.852	1	6	12	440.019	0
4.855	1	2	15	4496.59	0
4.856	1	3	16	1770.64	0
4.881	1	5	1	56208.8	0
4.882	1	8	2	56457.4	0
4.883	1	1	3	4496.59	0
4.884	1	10	4	58272.2	0
4.889	1	9	9	630.311	0
4.89	1	7	10	5740.39	0
4.891	1	4	11	8915.68	0
4.892	1	6	12	440.019	0
4.895	1	2	15	4496.59	0
4.896	1	3	16	1770.64	0
4.921	1	5	1	56208.8	0
4.922	1	8	2	56457.4	0
4.923	1	1	3	4496.59	0
4.924	1	10	4	58272.2	0
4.929	1	9	9	630.311	0
4.93	1	7	10	5740.39	0
4.931	1	4	11	8915.68	0
4.932	1	6	12	440.019	0
4.935	1	2	15	4496.59	0
4.936	1	3	16	1770.64	0
4.961	1	5	1	56208.8	0
4.962	1	8	2	56457.4	0
4.963	1	1	3	4496.59	0
4.964	1	10	4	58272.2	0
4.969	1	9	9	630.311	0
4.97	1	7	10	5740.39	0
4.971	1	4	11	8915.68	0
4.972	1	6	12	440.019	0
4.975	1	2	15	4496.59	0
4.976	1	3	16	1770.64	0
5.001	1	5	1	56208.8	0
5.002	1	8	2	56457.4	0
5.003	1	1	3	4496.59	0
5.004	1	10	4	58272.2	0
5.009	1	9	9	630.311	0
5.01	1	7	10	5740.39	0
5.011	1	4	11	8915.68	0
5.012	1	6	12	440.019	0
5.015	1	2	15	4496.59	0
5.016	1	3	16	1770.64	0
5.041	1	5	1	56208.8	0
5.042	1	8	2	56457.4	0
5.043	1	1	3	4496.59	0
5.044	1	10	4	58272.2	0
5.049	1	9	9	630.311	0
5.05	1	7	10	5740.39	0
5.051	1	4	11	8915.68	0
5.052	1	6	12	440.019	0
5.055	1	2	15	4496.59	0
5.056	1	3	16	1770.64	0
5.081	1	5	1	56208.8	0
5.082	1	8	2	56457.4	0
5.083	1	1	3	4496.59	0
5.084	1	10	4	58272.2	0
5.089	1	9	9	630.311	0
5.09	1	7	10	5740.39	0
5.091	1	4	11	8915.68	0
5.092	1	6	12	440.019	0
5.095	1	2	15	4496.59	0
5.096	1	3	16	1770.64	0
5.121	1	5	1	56208.8	0
5.122	1	8	2	56457.4	0
5.123	1	1	3	4496.59	0
5.124	1	10	4	58272.2	0
5.129	1	9	9	630.311	0
5.13	1	7	10	5740.39	0
5.131	1	4	11	8915.68	0
5.132	1	6	12	440.019	0
5.135	1	2	15	4496.59	0
5.136	1	3	16	1770.64	0
5.161	1	5	1	56208.8	0
5.162	1	8	2	56457.4	0
5.163	1	1	3	4496.59	0
5.164	1	10	4	58272.2	0
5.169	1	9	9	630.311	0
5.17	1	7	10	5740.39	0
5.171	1	4	11	8915.68	0
5.172	1	6	12	440.019	0
5.175	1	2	15	4496.59	0
5.176	1	3	16	1770.64	0
5.201	1	5	1	56208.8	0
5.202	1	8	2	56457.4	0
5.203	1	1	3	4496.59	0
5.204	1	10	4	58272.2	0
5.209	1	9	9	630.311	0
5.21	1	7	10	5740.39	0
5.211	1	4	11	8915.68	0
5.212	1	6	12	440.019	0
5.215	1	2	15	4496.59	0
5.216	1	3	16	1770.64	0
5.241	1	5	1	56208.8	0
5.242	1	8	2	56457.4	0
5.243	1	1	3	4496.59	0
5.244	1	10	4	58272.2	0
5.249	1	9	9	630.311	0
5.25	1	7	10	5740.39	0
5.251	1	4	11	8915.68	0
5.252	1	6	12	440.019	0
5.255	1	2	15	4496.59	0
5.256	1	3	16	1770.64	0
5.281	1	5	1	56208.8	0
5.282	1	8	2	56457.4	0
5.283	1	1	3	4496.59	0
5.284	1	10	4	58272.2	0
5.289	1	9	9	630.311	0
5.29	1	7	10	5740.39	0
5.291	1	4	11	8915.68	0
5.292	1	6	12	440.019	0
5.295	1	2	15	4496.59	0
5.296	1	3	16	1770.64	0
5.321	1	5	1	56208.8	0
5.322	1	8	2	56457.4	0
5.323	1	1	3	4496.59	0
5.324	1	10	4	58272.2	0
5.329	1	9	9	630.311	0
5.33	1	7	10	5740.39	0
5.331	1	4	11	8915.68	0
5.332	1	6	12	440.019	0
5.335	1	2	15	4496.59	0
5.336	1	3	16	1770.64	0
5.361	1	5	1	56208.8	0
5.362	1	8	2	56457.4	0
5.363	1	1	3	4496.59	0
5.364	1	10	4	58272.2	0
5.369	1	9	9	630.311	0
5.37	1	7	10	5740.39	0
5.371	1	4	11	8915.68	0
5.372	1	6	12	440.019	0
5.375	1	2	15	4496.59	0
5.376	1	3	16	1770.64	0
5.401	1	5	1	56208.8	0
5.402	1	8	2	56457.4	0
5.403	1	1	3	4496.59	0
5.404	1	10	4	58272.2	0
5.409	1	9	9	630.311	0
5.41	1	7	10	5740.39	0
5.411	1	4	11	8915.68	0
5.412	1	6	12	440.019	0
5.415	1	2	15	4496.59	0
5.416	1	3	16	1770.64	0
5.441	1	5	1	56208.8	0
5.442	1	8	2	56457.4	0
5.443	1	1	3	4496.59	0
5.444	1	10	4	58272.2	0
5.449	1	9	9	630.311	0
5.45	1	7	10	5740.39	0
5.451	1	4	11	8915.68	0
5.452	1	6	12	440.019	0
5.455	1	2	15	4496.59	0
5.456	1	3	16	1770.64	0
5.481	1	5	1	56208.8	0
5.482	1	8	2	56457.4	0
5.483	1	1	3	4496.59	0
5.484	1	10	4	58272.2	0
5.489	1	9	9	630.311	0
5.49	1	7	10	5740.39	0
5.491	1	4	11	8915.68	0
5.492	1	6	12	440.019	0
5.495	1	2	15	4496.59	0
5.496	1	3	16	1770.64	0
5.521	1	5	1	56208.8	0
5.522	1	8	2	56457.4	0
5.523	1	1	3	4496.59	0
5.524	1	10	4	58272.2	0
5.529	1	9	9	630.311	0
5.53	1	7	10	5740.39	0
5.531	1	4	11	8915.68	0
5.532	1	6	12	440.019	0
5.535	1	2	15	4496.59	0
5.536	1	3	16	1770.64	0
5.561	1	5	1	56208.8	0
5.562	1	8	2	56457.4	0
5.563	1	1	3	4496.59	0
5.564	1	10	4	58272.2	0
5.569	1	9	9	630.311	0
5.57	1	7	10	5740.39	0
5.571	1	4	11	8915.68	0
5.572	1	6	12	440.019	0
5.575	1	2	15	4496.59	0
5.576	1	3	16	1770.64	0
5.601	1	5	1	56208.8	0
5.602	1	8	2	56457.4	0
5.603	1	1	3	4496.59	0
5.604	1	10	4	58272.2	0
5.609	1	9	9	630.311	0
5.61	1	7	10	5740.39	0
5.611	1	4	11	8915.68	0
5.612	1	6	12	440.019	0
5.615	1	2	15	4496.59	0
5.616	1	3	16	1770.64	0
5.641	1	5	1	56208.8	0
5.642	1	8	2	56457.4	0
5.643	1	1	3	4496.59	0
5.644	1	10	4	58272.2	0
5.649	1	9	9	630.311	0
5.65	1	7	10	5740.39	0
5.651	1	4	11	8915.68	0
5.652	1	6	12	440.019	0
5.655	1	2	15	4496.59	0
5.656	1	3	16	1770.64	0
5.681	1	5	1	56208.8	0
5.682	1	8	2	56457.4	0
5.683	1	1	3	4496.59	0
5.684	1	10	4	58272.2	0
5.689	1	9	9	630.311	0
5.69	1	7	10	5740.39	0
5.691	1	4	11	8915.68	0
5.692	1	6	12	440.019	0
5.695	1	2	15	4496.59	0
5.696	1	3	16	1770.64	0
5.721	1	5	1	56208.8	0
5.722	1	8	2	56457.4	0
5.723	1	1	3	4496.59	0
5.724	1	10	4	58272.2	0
5.729	1	9	9	630.311	0
5.73	1	7	10	5740.39	0
5.731	1	4	11	8915.68	0
5.732	1	6	12	440.019	0
5.735	1	2	15	4496.59	0
5.736	1	3	16	1770.64	0
5.761	1	5	1	56208.8	0
5.762	1	8	2	56457.4	0
5.763	1	1	3	4496.59	0
5.764	1	10	4	58272.2	0
5.769	1	9	9	630.311	0
5.77	1	7	10	5740.39	0
5.771	1	4	11	8915.68	0
5.772	1	6	12	440.019	0
5.775	1	2	15	4496.59	0
5.776	1	3	16	1770.64	0
5.801	1	5	1	56208.8	0
5.802	1	8	2	56457.4	0
5.803	1	1	3	4496.59	0
5.804	1	10	4	58272.2	0
5.809	1	9	9	630.311	0
5.81	1	7	10	5740.39	0
5.811	1	4	11	8915.68	0
5.812	1	6	12	440.019	0
5.815	1	2	15	4496.59	0
5.816	1	3	16	1770.64	0
5.841	1	5	1	56208.8	0
5.842	1	8	2	56457.4	0
5.843	1	1	3	4496.59	0
5.844	1	10	4	58272.2	0
5.849	1	9	9	630.311	0
5.85	1	7	10	5740.39	0
5.851	1	4	11	8915.68	0
5.852	1	6	12	440.019	0
5.855	1	2	15	4496.59	0
5.856	1	3	16	1770.64	0
5.881	1	5	1	56208.8	0
5.882	1	8	2	56457.4	0
5.883	1	1	3	4496.59	0
5.884	1	10	4	58272.2	0
5.889	1	9	9	630.311	0
5.89	1	7	10	5740.39	0
5.891	1	4	11	8915.68	0
5.892	1	6	12	440.019	0
5.895	1	2	15	4496.59	0
5.896	1	3	16	1770.64	0
5.921	1	5	1	56208.8	0
5.922	1	8	2	56457.4	0
5.923	1	1	3	4496.59	0
5.924	1	10	4	58272.2	0
5.929	1	9	9	630.311	0
5.93	1	7	10	5740.39	0
5.931	1	4	11	8915.68	0
5.932	1	6	12	440.019	0
5.935	1	2	15	4496.59	0
5.936	1	3	16	1770.64	0
5.961	1	5	1	56208.8	0
5.962	1	8	2	56457.4	0
5.963	1	1	3	4496.59	0
5.964	1	10	4	58272.2	0
5.969	1	9	9	630.311	0
5.97	1	7	10	5740.39	0
5.971	1	4	11	8915.68	0
5.972	1	6	12	440.019	0
5.975	1	2	15	4496.59	0
5.976	1	3	16	1770.64	0
6.001	1	5	1	56208.8	0
6.002	1	8	2	56457.4	0
6.003	1	1	3	4496.59	0
6.004	1	10	4	58272.2	0
6.009	1	9	9	630.311	0
6.01	1	7	10	5740.39	0
6.011	1	4	11	8915.68	0
6.012	1	6	12	440.019	0
6.015	1	2	15	4496.59	0
6.016	1	3	16	1770.64	0
6.041	1	5	1	56208.8	0
6.042	1	8	2	56457.4	0
6.043	1	1	3	4496.59	0
6.044	1	10	4	58272.2	0
6.049	1	9	9	630.311	0
6.05	1	7	10	5740.39	0
6.051	1	4	11	8915.68	0
6.052	1	6	12	440.019	0
6.055	1	2	15	4496.59	0
6.056	1	3	16	1770.64	0
6.081	1	5	1	56208.8	0
6.082	1	8	2	56457.4	0
6.083	1	1	3	4496.59	0
6.084	1	10	4	58272.2	0
6.089	1	9	9	630.311	0
6.09	1	7	10	5740.39	0
6.091	1	4	11	8915.68	0
6.092	1	6	12	440.019	0
6.095	1	2	15	4496.59	0
6.096	1	3	16	1770.64	0
6.121	1	5	1	56208.8	0
6.122	1	8	2	56457.4	0
6.123	1	1	3	4496.59	0
6.124	1	10	4	58272.2	0
6.129	1	9	9	630.311	0
6.13	1	7	10	5740.39	0
6.131	1	4	11	8915.68	0
6.132	1	6	12	440.019	0
6.135	1	2	15	4496.59	0
6.136	1	3	16	1770.64	0
6.161	1	5	1	56208.8	0
6.162	1	8	2	56457.4	0
6.163	1	1	3	4496.59	0
6.164	1	10	4	58272.2	0
6.169	1	9	9	630.311	0
6.17	1	7	10	5740.39	0
6.171	1	4	11	8915.68	0
6.172	1	6	12	440.019	0
6.175	1	2	15	4496.59	0
6.176	1	3	16	1770.64	0
6.201	1	5	1	56208.8	0
6.202	1	8	2	56457.4	0
6.203	1	1	3	4496.59	0
6.204	1	10	4	58272.2	0
6.209	1	9	9	630.311	0
6.21	1	7	10	5740.39	0
6.211	1	4	11	8915.68	0
6.212	1	6	12	440.019	0
6.215	1	2	15	4496.59	0
6.216	1	3	16	1770.64	0
6.241	1	5	1	56208.8	0
6.242	1	8	2	56457.4	0
6.243	1	1	3	4496.59	0
6.244	1	10	4	58272.2	0
6.249	1	9	9	630.311	0
6.25	1	7	10	5740.39	0
6.251	1	4	11	8915.68	0
6.252	1	6	12	440.019	0
6.255	1	2	15	4496.59	0
6.256	1	3	16	1770.64	0
6.281	1	5	1	56208.8	0
6.282	1	8	2	56457.4	0
6.283	1	1	3	4496.59	0
6.284	1	10	4	58272.2	0
6.289	1	9	9	630.311	0
6.29	1	7	10	5740.39	0
6.291	1	4	11	8915.68	0
6.292	1	6	12	440.019	0
6.295	1	2	15	4496.59	0
6.296	1	3	16	1770.64	0
6.321	1	5	1	56208.8	0
6.322	1	8	2	56457.4	0
6.323	1	1	3	4496.59	0
6.324	1	10	4	58272.2	0
6.329	1	9	9	630.311	0
6.33	1	7	10	5740.39	0
6.331	1	4	11	8915.68	0
6.332	1	6	12	440.019	0
6.335	1	2	15	4496.59	0
6.336	1	3	16	1770.64	0
6.361	1	5	1	56208.8	0
6.362	1	8	2	56457.4	0
6.363	1	1	3	4496.59	0
6.364	1	10	4	58272.2	0
6.369	1	9	9	630.311	0
6.37	1	7	10	5740.39	0
6.371	1	4	11	8915.68	0
6.372	1	6	12	440.019	0
6.375	1	2	15	4496.59	0
6.376	1	3	16	1770.64	0
6.401	1	5	1	56208.8	0
6.402	1	8	2	56457.4	0
6.403	1	1	3	4496.59	0
6.404	1	10	4	58272.2	0
6.409	1	9	9	630.311	0
6.41	1	7	10	5740.39	0
6.411	1	4	11	8915.68	0
6.412	1	6	12	440.019	0
6.415	1	2	15	4496.59	0
6.416	1	3	16	1770.64	0
6.441	1	5	1	56208.8	0
6.442	1	8	2	56457.4	0
6.443	1	1	3	4496.59	0
6.444	1	10	4	58272.2	0
6.449	1	9	9	630.311	0
6.45	1	7	10	5740.39	0
6.451	1	4	11	8915.68	0
6.452	1	6	12	440.019	0
6.455	1	2	15	4496.59	0
6.456	1	3	16	1770.64	0
6.481	1	5	1	56208.8	0
6.482	1	8	2	56457.4	0
6.483	1	1	3	4496.59	0
6.484	1	10	4	58272.2	0
6.489	1	9	9	630.311	0
6.49	1	7	10	5740.39	0
6.491	1	4	11	8915.68	0
6.492	1	6	12	440.019	0
6.495	1	2	15	4496.59	0
6.496	1	3	16	1770.64	0
6.521	1	5	1	56208.8	0
6.522	1	8	2	56457.4	0
6.523	1	1	3	4496.59	0
6.524	1	10	4	58272.2	0
6.529	1	9	9	630.311	0
6.53	1	7	10	5740.39	0
6.531	1	4	11	8915.68	0
6.532	1	6	12	440.019	0
6.535	1	2	15	4496.59	0
6.536	1	3	16	1770.64	0
6.561	1	5	1	56208.8	0
6.562	1	8	2	56457.4	0
6.563	1	1	3	4496.59	0
6.564	1	10	4	58272.2	0
6.569	1	9	9	630.311	0
6.57	1	7	10	5740.39	0
6.571	1	4	11	8915.68	0
6.572	1	6	12	440.019	0
6.575	1	2	15	4496.59	0
6.576	1	3	16	1770.64	0
6.601	1	5	1	56208.8	0
6.602	1	8	2	56457.4	0
6.603	1	1	3	4496.59	0
6.604	1	10	4	58272.2	0
6.609	1	9	9	630.311	0
6.61	1	7	10	5740.39	0
6.611	1	4	11	8915.68	0
6.612	1	6	12	440.019	0
6.615	1	2	15	4496.59	0
6.616	1	3	16	1770.64	0
6.641	1	5	1	56208.8	0
6.642	1	8	2	56457.4	0
6.643	1	1	3	4496.59	0
6.644	1	10	4	58272.2	0
6.649	1	9	9	630.311	0
6.65	1	7	10	5740.39	0
6.651	1	4	11	8915.68	0
6.652	1	6	12	440.019	0
6.655	1	2	15	4496.59	0
6.656	1	3	16	1770.64	0
6.681	1	5	1	56208.8	0
6.682	1	8	2	56457.4	0
6.683	1	1	3	4496.59	0
6.684	1	10	4	58272.2	0
6.689	1	9	9	630.311	0
6.69	1	7	10	5740.39	0
6.691	1	4	11	8915.68	0
6.692	1	6	12	440.019	0
6.695	1	2	15	4496.59	0
6.696	1	3	16	1770.64	0
6.721	1	5	1	56208.8	0
6.722	1	8	2	56457.4	0
6.723	1	1	3	4496.59	0
6.724	1	10	4	58272.2	0
6.729	1	9	9	630.311	0
6.73	1	7	10	5740.39	0
6.731	1	4	11	8915.68	0
6.732	1	6	12	440.019	0
6.735	1	2	15	4496.59	0
6.736	1	3	16	1770.64	0
6.761	1	5	1	56208.8	0
6.762	1	8	2	56457.4	0
6.763	1	1	3	4496.59	0
6.764	1	10	4	58272.2	0
6.769	1	9	9	630.311	0
6.77	1	7	10	5740.39	0
6.771	1	4	11	8915.68	0
6.772	1	6	12	440.019	0
6.775	1	2	15	4496.59	0
6.776	1	3	16	1770.64	0
6.801	1	5	1	56208.8	0
6.802	1	8	2	56457.4	0
6.803	1	1	3	4496.59	0
6.804	1	10	4	58272.2	0
6.809	1	9	9	630.311	0
6.81	1	7	10	5740.39	0
6.811	1	4	11	8915.68	0
6.812	1	6	12	440.019	0
6.815	1	2	15	4496.59	0
6.816	1	3	16	1770.64	0
6.841	1	5	1	56208.8	0
6.842	1	8	2	56457.4	0
6.843	1	1	3	4496.59	0
6.844	1	10	4	58272.2	0
6.849	1	9	9	630.311	0
6.85	1	7	10	5740.39	0
6.851	1	4	11	8915.68	0
6.852	1	6	12	440.019	0
6.855	1	2	15	4496.59	0
6.856	1	3	16	1770.64	0
6.881	1	5	1	56208.8	0
6.882	1	8	2	56457.4	0
6.883	1	1	3	4496.59	0
6.884	1	10	4	58272.2	0
6.889	1	9	9	630.311	0
6.89	1	7	10	5740.39	0
6.891	1	4	11	8915.68	0
6.892	1	6	12	440.019	0
6.895	1	2	15	4496.59	0
6.896	1	3	16	1770.64	0
6.921	1	5	1	56208.8	0
6.922	1	8	2	56457.4	0
6.923	1	1	3	4496.59	0
6.924	1	10	4	58272.2	0
6.929	1	9	9	630.311	0
6.93	1	7	10	5740.39	0
6.931	1	4	11	8915.68	0
6.932	1	6	12	440.019	0
6.935	1	2	15	4496.59	0
6.936	1	3	16	1770.64	0
6.961	1	5	1	56208.8	0
6.962	1	8	2	56457.4	0
6.963	1	1	3	4496.59	0
6.964	1	10	4	58272.2	0
6.969	1	9	9	630.311	0
6.97	1	7	10	5740.39	0
6.971	1	4	11	8915.68	0
6.972	1	6	12	440.019	0
6.975	1	2	15	4496.59	0
6.976	1	3	16	1770.64	0
7.001	1	5	1	56208.8	0
7.002	1	8	2	56457.4	0
7.003	1	1	3	4496.59	0
7.004	1	10	4	58272.2	0
7.009	1	9	9	630.311	0
7.01	1	7	10	5740.39	0
7.011	1	4	11	8915.68	0
7.012	1	6	12	440.019	0
7.015	1	2	15	4496.59	0
7.016	1	3	16	1770.64	0
7.041	1	5	1	56208.8	0
7.042	1	8	2	56457.4	0
7.043	1	1	3	4496.59	0
7.044	1	10	4	58272.2	0
7.049	1	9	9	630.311	0
7.05	1	7	10	5740.39	0
7.051	1	4	11	8915.68	0
7.052	1	6	12	440.019	0
7.055	1	2	15	4496.59	0
7.056	1	3	16	1770.64	0
7.081	1	5	1	56208.8	0
7.082	1	8	2	56457.4	0
7.083	1	1	3	4496.59	0
7.084	1	10	4	58272.2	0
7.089	1	9	9	630.311	0
7.09	1	7	10	5740.39	0
7.091	1	4	11	8915.68	0
7.092	1	6	12	440.019	0
7.095	1	2	15	4496.59	0
7.096	1	3	16	1770.64	0
7.121	1	5	1	56208.8	0
7.122	1	8	2	56457.4	0
7.123	1	1	3	4496.59	0
7.124	1	10	4	58272.2	0
7.129	1	9	9	630.311	0
7.13	1	7	10	5740.39	0
7.131	1	4	11	8915.68	0
7.132	1	6	12	440.019	0
7.135	1	2	15	4496.59	0
7.136	1	3	16	1770.64	0
7.161	1	5	1	56208.8	0
7.162	1	8	2	56457.4	0
7.163	1	1	3	4496.59	0
7.164	1	10	4	58272.2	0
7.169	1	9	9	630.311	0
7.17	1	7	10	5740.39	0
7.171	1	4	11	8915.68	0
7.172	1	6	12	440.019	0
7.175	1	2	15	4496.59	0
7.176	1	3	16	1770.64	0
7.201	1	5	1	56208.8	0
7.202	1	8	2	56457.4	0
7.203	1	1	3	4496.59	0
7.204	1	10	4	58272.2	0
7.209	1	9	9	630.311	0
7.21	1	7	10	5740.39	0
7.211	1	4	11	8915.68	0
7.212	1	6	12	440.019	0
7.215	1	2	15	4496.59	0
7.216	1	3	16	1770.64	0
7.241	1	5	1	56208.8	0
7.242	1	8	2	56457.4	0
7.243	1	1	3	4496.59	0
7.244	1	10	4	58272.2	0
7.249	1	9	9	630.311	0
7.25	1	7	10	5740.39	0
7.251	1	4	11	8915.68	0
7.252	1	6	12	440.019	0
7.255	1	2	15	4496.59	0
7.256	1	3	16	1770.64	0
7.281	1	5	1	56208.8	0
7.282	1	8	2	56457.4	0
7.283	1	1	3	4496.59	0
7.284	1	10	4	58272.2	0
7.289	1	9	9	630.311	0
7.29	1	7	10	5740.39	0
7.291	1	4	11	8915.68	0
7.292	1	6	12	440.019	0
7.295	1	2	15	4496.59	0
7.296	1	3	16	1770.64	0
7.321	1	5	1	56208.8	0
7.322	1	8	2	56457.4	0
7.323	1	1	3	4496.59	0
7.324	1	10	4	58272.2	0
7.329	1	9	9	630.311	0
7.33	1	7	10	5740.39	0
7.331	1	4	11	8915.68	0
7.332	1	6	12	440.019	0
7.335	1	2	15	4496.59	0
7.336	1	3	16	1770.64	0
7.361	1	5	1	56208.8	0
7.362	1	8	2	56457.4	0
7.363	1	1	3	4496.59	0
7.364	1	10	4	58272.2	0
7.369	1	9	9	630.311	0
7.37	1	7	10	5740.39	0
7.371	1	4	11	8915.68	0
7.372	1	6	12	440.019	0
7.375	1	2	15	4496.59	0
7.376	1	3	16	1770.64	0
7.401	1	5	1	56208.8	0
7.402	1	8	2	56457.4	0
7.403	1	1	3	4496.59	0
7.404	1	10	4	58272.2	0
7.409	1	9	9	630.311	0
7.41	1	7	10	5740.39	0
7.411	1	4	11	8915.68	0
7.412	1	6	12	440.019	0
7.415	1	2	15	4496.59	0
7.416	1	3	16	1770.64	0
7.441	1	5	1	56208.8	0
7.442	1	8	2	56457.4	0
7.443	1	1	3	4496.59	0
7.444	1	10	4	58272.2	0
7.449	1	9	9	630.311	0
7.45	1	7	10	5740.39	0
7.451	1	4	11	8915.68	0
7.452	1	6	12	440.019	0
7.455	1	2	15	4496.59	0
7.456	1	3	16	1770.64	0
7.481	1	5	1	56208.8	0
7.482	1	8	2	56457.4	0
7.483	1	1	3	4496.59	0
7.484	1	10	4	58272.2	0
7.489	1	9	9	630.311	0
7.49	1	7	10	5740.39	0
7.491	1	4	11	8915.68	0
7.492	1	6	12	440.019	0
7.495	1	2	15	4496.59	0
7.496	1	3	16	1770.64	0
7.521	1	5	1	56208.8	0
7.522	1	8	2	56457.4	0
7.523	1	1	3	4496.59	0
7.524	1	10	4	58272.2	0
7.529	1	9	9	630.311	0
7.53	1	7	10	5740.39	0
7.531	1	4	11	8915.68	0
7.532	1	6	12	440.019	0
7.535	1	2	15	4496.59	0
7.536	1	3	16	1770.64	0
7.561	1	5	1	56208.8	0
7.562	1	8	2	56457.4	0
7.563	1	1	3	4496.59	0
7.564	1	10	4	58272.2	0
7.569	1	9	9	630.311	0
7.57	1	7	10	5740.39	0
7.571	1	4	11	8915.68	0
7.572	1	6	12	440.019	0
7.575	1	2	15	4496.59	0
7.576	1	3	16	1770.64	0
7.601	1	5	1	56208.8	0
7.602	1	8	2	56457.4	0
7.603	1	1	3	4496.59	0
7.604	1	10	4	58272.2	0
7.609	1	9	9	630.311	0
7.61	1	7	10	5740.39	0
7.611	1	4	11	8915.68	0
7.612	1	6	12	440.019	0
7.615	1	2	15	4496.59	0
7.616	1	3	16	1770.64	0
7.641	1	5	1	56208.8	0
7.642	1	8	2	56457.4	0
7.643	1	1	3	4496.59	0
7.644	1	10	4	58272.2	0
7.649	1	9	9	630.311	0
7.65	1	7	10	5740.39	0
7.651	1	4	11	8915.68	0
7.652	1	6	12	440.019	0
7.655	1	2	15	4496.59	0
7.656	1	3	16	1770.64	0
7.681	1	5	1	56208.8	0
7.682	1	8	2	56457.4	0
7.683	1	1	3	4496.59	0
7.684	1	10	4	58272.2	0
7.689	1	9	9	630.311	0
7.69	1	7	10	5740.39	0
7.691	1	4	11	8915.68	0
7.692	1	6	12	440.019	0
7.695	1	2	15	4496.59	0
7.696	1	3	16	1770.64	0
7.721	1	5	1	56208.8	0
7.722	1	8	2	56457.4	0
7.723	1	1	3	4496.59	0
7.724	1	10	4	58272.2	0
7.729	1	9	9	630.311	0
7.73	1	7	10	5740.39	0
7.731	1	4	11	8915.68	0
7.732	1	6	12	440.019	0
7.735	1	2	15	4496.59	0
7.736	1	3	16	1770.64	0
7.761	1	5	1	56208.8	0
7.762	1	8	2	56457.4	0
7.763	1	1	3	4496.59	0
7.764	1	10	4	58272.2	0
7.769	1	9	9	630.311	0
7.77	1	7	10	5740.39	0
7.771	1	4	11	8915.68	0
7.772	1	6	12	440.019	0
7.775	1	2	15	4496.59	0
7.776	1	3	16	1770.64	0
7.801	1	5	1	56208.8	0
7.802	1	8	2	56457.4	0
7.803	1	1	3	4496.59	0
7.804	1	10	4	58272.2	0
7.809	1	9	9	630.311	0
7.81	1	7	10	5740.39	0
7.811	1	4	11	8915.68	0
7.812	1	6	12	440.019	0
7.815	1	2	15	4496.59	0
7.816	1	3	16	1770.64	0
7.841	1	5	1	56208.8	0
7.842	1	8	2	56457.4	0
7.843	1	1	3	4496.59	0
7.844	1	10	4	58272.2	0
7.849	1	9	9	630.311	0
7.85	1	7	10	5740.39	0
7.851	1	4	11	8915.68	0
7.852	1	6	12	440.019	0
7.855	1	2	15	4496.59	0
7.856	1	3	16	1770.64	0
7.881	1	5	1	56208.8	0
7.882	1	8	2	56457.4	0
7.883	1	1	3	4496.59	0
7.884	1	10	4	58272.2	0
7.889	1	9	9	630.311	0
7.89	1	7	10	5740.39	0
7.891	1	4	11	8915.68	0
7.892	1	6	12	440.019	0
7.895	1	2	15	4496.59	0
7.896	1	3	16	1770.64	0
7.921	1	5	1	56208.8	0
7.922	1	8	2	56457.4	0
7.923	1	1	3	4496.59	0
7.924	1	10	4	58272.2	0
7.929	1	9	9	630.311	0
7.93	1	7	10	5740.39	0
7.931	1	4	11	8915.68	0
7.932	1	6	12	440.019	0
7.935	1	2	15	4496.59	0
7.936	1	3	16	1770.64	0
7.961	1	5	1	56208.8	0
7.962	1	8	2	56457.4	0
7.963	1	1	3	4496.59	0
7.964	1	10	4	58272.2	0
7.969	1	9	9	630.311	0
7.97	1	7	10	5740.39	0
7.971	1	4	11	8915.68	0
7.972	1	6	12	440.019	0
7.975	1	2	15	4496.59	0
7.976	1	3	16	1770.64	0
8.001	1	5	1	56208.8	0
8.002	1	8	2	56457.4	0
8.003	1	1	3	4496.59	0
8.004	1	10	4	58272.2	0
8.009	1	9	9	630.311	0
8.01	1	7	10	5740.39	0
8.011	1	4	11	8915.68	0
8.012	1	6	12	440.019	0
8.015	1	2	15	4496.59	0
8.016	1	3	16	1770.64	0
8.041	1	5	1	56208.8	0
8.042	1	8	2	56457.4	0
8.043	1	1	3	4496.59	0
8.044	1	10	4	58272.2	0
8.049	1	9	9	630.311	0
8.05	1	7	10	5740.39	0
8.051	1	4	11	8915.68	0
8.052	1	6	12	440.019	0
8.055	1	2	15	4496.59	0
8.056	1	3	16	1770.64	0
8.081	1	5	1	56208.8	0
8.082	1	8	2	56457.4	0
8.083	1	1	3	4496.59	0
8.084	1	10	4	58272.2	0
8.089	1	9	9	630.311	0
8.09	1	7	10	5740.39	0
8.091	1	4	11	8915.68	0
8.092	1	6	12	440.019	0
8.095	1	2	15	4496.59	0
8.096	1	3	16	1770.64	0
8.121	1	5	1	56208.8	0
8.122	1	8	2	56457.4	0
8.123	1	1	3	4496.59	0
8.124	1	10	4	58272.2	0
8.129	1	9	9	630.311	0
8.13	1	7	10	5740.39	0
8.131	1	4	11	8915.68	0
8.132	1	6	12	440.019	0
8.135	1	2	15	4496.59	0
8.136	1	3	16	1770.64	0
8.161	1	5	1	56208.8	0
8.162	1	8	2	56457.4	0
8.163	1	1	3	4496.59	0
8.164	1	10	4	58272.2	0
8.169	1	9	9	630.311	0
8.17	1	7	10	5740.39	0
8.171	1	4	11	8915.68	0
8.172	1	6	12	440.019	0
8.175	1	2	15	4496.59	0
8.176	1	3	16	1770.64	0
8.201	1	5	1	56208.8	0
8.202	1	8	2	56457.4	0
8.203	1	1	3	4496.59	0
8.204	1	10	4	58272.2	0
8.209	1	9	9	630.311	0
8.21	1	7	10	5740.39	0
8.211	1	4	11	8915.68	0
8.212	1	6	12	440.019	0
8.215	1	2	15	4496.59	0
8.216	1	3	16	1770.64	0
8.241	1	5	1	56208.8	0
8.242	1	8	2	56457.4	0
8.243	1	1	3	4496.59	0
8.244	1	10	4	58272.2	0
8.249	1	9	9	630.311	0
8.25	1	7	10	5740.39	0
8.251	1	4	11	8915.68	0
8.252	1	6	12	440.019	0
8.255	1	2	15	4496.59	0
8.256	1	3	16	1770.64	0
8.281	1	5	1	56208.8	0
8.282	1	8	2	56457.4	0
8.283	1	1	3	4496.59	0
8.284	1	10	4	58272.2	0
8.289	1	9	9	630.311	0
8.29	1	7	10	5740.39	0
8.291	1	4	11	8915.68	0
8.292	1	6	12	440.019	0
8.295	1	2	15	4496.59	0
8.296	1	3	16	1770.64	0
8.321	1	5	1	56208.8	0
8.322	1	8	2	56457.4	0
8.323	1	1	3	4496.59	0
8.324	1	10	4	58272.2	0
8.329	1	9	9	630.311	0
8.33	1	7	10	5740.39	0
8.331	1	4	11	8915.68	0
8.332	1	6	12	440.019	0
8.335	1	2	15	4496.59	0
8.336	1	3	16	1770.64	0
8.361	1	5	1	56208.8	0
8.362	1	8	2	56457.4	0
8.363	1	1	3	4496.59	0
8.364	1	10	4	58272.2	0
8.369	1	9	9	630.311	0
8.37	1	7	10	5740.39	0
8.371	1	4	11	8915.68	0
8.372	1	6	12	440.019	0
8.375	1	2	15	4496.59	0
8.376	1	3	16	1770.64	0
8.401	1	5	1	56208.8	0
8.402	1	8	2	56457.4	0
8.403	1	1	3	4496.59	0
8.404	1	10	4	58272.2	0
8.409	1	9	9	630.311	0
8.41	1	7	10	5740.39	0
8.411	1	4	11	8915.68	0
8.412	1	6	12	440.019	0
8.415	1	2	15	4496.59	0
8.416	1	3	16	1770.64	0
8.441	1	5	1	56208.8	0
8.442	1	8	2	56457.4	0
8.443	1	1	3	4496.59	0
8.444	1	10	4	58272.2	0
8.449	1	9	9	630.311	0
8.45	1	7	10	5740.39	0
8.451	1	4	11	8915.68	0
8.452	1	6	12	440.019	0
8.455	1	2	15	4496.59	0
8.456	1	3	16	1770.64	0
8.481	1	5	1	56208.8	0
8.482	1	8	2	56457.4	0
8.483	1	1	3	4496.59	0
8.484	1	10	4	58272.2	0
8.489	1	9	9	630.311	0
8.49	1	7	10	5740.39	0
8.491	1	4	11	8915.68	0
8.492	1	6	12	440.019	0
8.495	1	2	15	4496.59	0
8.496	1	3	16	1770.64	0
8.521	1	5	1	56208.8	0
8.522	1	8	2	56457.4	0
8.523	1	1	3	4496.59	0
8.524	1	10	4	58272.2	0
8.529	1	9	9	630.311	0
8.53	1	7	10	5740.39	0
8.531	1	4	11	8915.68	0
8.532	1	6	12	440.019	0
8.535	1	2	15	4496.59	0
8.536	1	3	16	1770.64	0
8.561	1	5	1	56208.8	0
8.562	1	8	2	56457.4	0
8.563	1	1	3	4496.59	0
8.564	1	10	4	58272.2	0
8.569	1	9	9	630.311	0
8.57	1	7	10	5740.39	0
8.571	1	4	11	8915.68	0
8.572	1	6	12	440.019	0
8.575	1	2	15	4496.59	0
8.576	1	3	16	1770.64	0
8.601	1	5	1	56208.8	0
8.602	1	8	2	56457.4	0
8.603	1	1	3	4496.59	0
8.604	1	10	4	58272.2	0
8.609	1	9	9	630.311	0
8.61	1	7	10	5740.39	0
8.611	1	4	11	8915.68	0
8.612	1	6	12	440.019	0
8.615	1	2	15	4496.59	0
8.616	1	3	16	1770.64	0
8.641	1	5	1	56208.8	0
8.642	1	8	2	56457.4	0
8.643	1	1	3	4496.59	0
8.644	1	10	4	58272.2	0
8.649	1	9	9	630.311	0
8.65	1	7	10	5740.39	0
8.651	1	4	11	8915.68	0
8.652	1	6	12	440.019	0
8.655	1	2	15	4496.59	0
8.656	1	3	16	1770.64	0
8.681	1	5	1	56208.8	0
8.682	1	8	2	56457.4	0
8.683	1	1	3	4496.59	0
8.684	1	10	4	58272.2	0
8.689	1	9	9	630.311	0
8.69	1	7	10	5740.39	0
8.691	1	4	11	8915.68	0
8.692	1	6	12	440.019	0
8.695	1	2	15	4496.59	0
8.696	1	3	16	1770.64	0
8.721	1	5	1	56208.8	0
8.722	1	8	2	56457.4	0
8.723	1	1	3	4496.59	0
8.724	1	10	4	58272.2	0
8.729	1	9	9	630.311	0
8.73	1	7	10	5740.39	0
8.731	1	4	11	8915.68	0
8.732	1	6	12	440.019	0
8.735	1	2	15	4496.59	0
8.736	1	3	16	1770.64	0
8.761	1	5	1	56208.8	0
8.762	1	8	2	56457.4	0
8.763	1	1	3	4496.59	0
8.764	1	10	4	58272.2	0
8.769	1	9	9	630.311	0
8.77	1	7	10	5740.39	0
8.771	1	4	11	8915.68	0
8.772	1	6	12	440.019	0
8.775	1	2	15	4496.59	0
8.776	1	3	16	1770.64	0
8.801	1	5	1	56208.8	0
8.802	1	8	2	56457.4	0
8.803	1	1	3	4496.59	0
8.804	1	10	4	58272.2	0
8.809	1	9	9	630.311	0
8.81	1	7	10	5740.39	0
8.811	1	4	11	8915.68	0
8.812	1	6	12	440.019	0
8.815	1	2	15	4496.59	0
8.816	1	3	16	1770.64	0
8.841	1	5	1	56208.8	0
8.842	1	8	2	56457.4	0
8.843	1	1	3	4496.59	0
8.844	1	10	4	58272.2	0
8.849	1	9	9	630.311	0
8.85	1	7	10	5740.39	0
8.851	1	4	11	8915.68	0
8.852	1	6	12	440.019	0
8.855	1	2	15	4496.59	0
8.856	1	3	16	1770.64	0
8.881	1	5	1	56208.8	0
8.882	1	8	2	56457.4	0
8.883	1	1	3	4496.59	0
8.884	1	10	4	58272.2	0
8.889	1	9	9	630.311	0
8.89	1	7	10	5740.39	0
8.891	1	4	11	8915.68	0
8.892	1	6	12	440.019	0
8.895	1	2	15	4496.59	0
8.896	1	3	16	1770.64	0
8.921	1	5	1	56208.8	0
8.922	1	8	2	56457.4	0
8.923	1	1	3	4496.59	0
8.924	1	10	4	58272.2	0
8.929	1	9	9	630.311	0
8.93	1	7	10	5740.39	0
8.931	1	4	11	8915.68	0
8.932	1	6	12	440.019	0
8.935	1	2	15	4496.59	0
8.936	1	3	16	1770.64	0
8.961	1	5	1	56208.8	0
8.962	1	8	2	56457.4	0
8.963	1	1	3	4496.59	0
8.964	1	10	4	58272.2	0
8.969	1	9	9	630.311	0
8.97	1	7	10	5740.39	0
8.971	1	4	11	8915.68	0
8.972	1	6	12	440.019	0
8.975	1	2	15	4496.59	0
8.976	1	3	16	1770.64	0
9.001	1	5	1	56208.8	0
9.002	1	8	2	56457.4	0
9.003	1	1	3	4496.59	0
9.004	1	10	4	58272.2	0
9.009	1	9	9	630.311	0
9.01	1	7	10	5740.39	0
9.011	1	4	11	8915.68	0
9.012	1	6	12	440.019	0
9.015	1	2	15	4496.59	0
9.016	1	3	16	1770.64	0
9.041	1	5	1	56208.8	0
9.042	1	8	2	56457.4	0
9.043	1	1	3	4496.59	0
9.044	1	10	4	58272.2	0
9.049	1	9	9	630.311	0
9.05	1	7	10	5740.39	0
9.051	1	4	11	8915.68	0
9.052	1	6	12	440.019	0
9.055	1	2	15	4496.59	0
9.056	1	3	16	1770.64	0
9.081	1	5	1	56208.8	0
9.082	1	8	2	56457.4	0
9.083	1	1	3	4496.59	0
9.084	1	10	4	58272.2	0
9.089	1	9	9	630.311	0
9.09	1	7	10	5740.39	0
9.091	1	4	11	8915.68	0
9.092	1	6	12	440.019	0
9.095	1	2	15	4496.59	0
9.096	1	3	16	1770.64	0
9.121	1	5	1	56208.8	0
9.122	1	8	2	56457.4	0
9.123	1	1	3	4496.59	0
9.124	1	10	4	58272.2	0
9.129	1	9	9	630.311	0
9.13	1	7	10	5740.39	0
9.131	1	4	11	8915.68	0
9.132	1	6	12	440.019	0
9.135	1	2	15	4496.59	0
9.136	1	3	16	1770.64	0
9.161	1	5	1	56208.8	0
9.162	1	8	2	56457.4	0
9.163	1	1	3	4496.59	0
9.164	1	10	4	58272.2	0
9.169	1	9	9	630.311	0
9.17	1	7	10	5740.39	0
9.171	1	4	11	8915.68	0
9.172	1	6	12	440.019	0
9.175	1	2	15	4496.59	0
9.176	1	3	16	1770.64	0
9.201	1	5	1	56208.8	0
9.202	1	8	2	56457.4	0
9.203	1	1	3	4496.59	0
9.204	1	10	4	58272.2	0
9.209	1	9	9	630.311	0
9.21	1	7	10	5740.39	0
9.211	1	4	11	8915.68	0
9.212	1	6	12	440.019	0
9.215	1	2	15	4496.59	0
9.216	1	3	16	1770.64	0
9.241	1	5	1	56208.8	0
9.242	1	8	2	56457.4	0
9.243	1	1	3	4496.59	0
9.244	1	10	4	58272.2	0
9.249	1	9	9	630.311	0
9.25	1	7	10	5740.39	0
9.251	1	4	11	8915.68	0
9.252	1	6	12	440.019	0
9.255	1	2	15	4496.59	0
9.256	1	3	16	1770.64	0
9.281	1	5	1	56208.8	0
9.282	1	8	2	56457.4	0
9.283	1	1	3	4496.59	0
9.284	1	10	4	58272.2	0
9.289	1	9	9	630.311	0
9.29	1	7	10	5740.39	0
9.291	1	4	11	8915.68	0
9.292	1	6	12	440.019	0
9.295	1	2	15	4496.59	0
9.296	1	3	16	1770.64	0
9.321	1	5	1	56208.8	0
9.322	1	8	2	56457.4	0
9.323	1	1	3	4496.59	0
9.324	1	10	4	58272.2	0
9.329	1	9	9	630.311	0
9.33	1	7	10	5740.39	0
9.331	1	4	11	8915.68	0
9.332	1	6	12	440.019	0
9.335	1	2	15	4496.59	0
9.336	1	3	16	1770.64	0
9.361	1	5	1	56208.8	0
9.362	1	8	2	56457.4	0
9.363	1	1	3	4496.59	0
9.364	1	10	4	58272.2	0
9.369	1	9	9	630.311	0
9.37	1	7	10	5740.39	0
9.371	1	4	11	8915.68	0
9.372	1	6	12	440.019	0
9.375	1	2	15	4496.59	0
9.376	1	3	16	1770.64	0
9.401	1	5	1	56208.8	0
9.402	1	8	2	56457.4	0
9.403	1	1	3	4496.59	0
9.404	1	10	4	58272.2	0
9.409	1	9	9	630.311	0
9.41	1	7	10	5740.39	0
9.411	1	4	11	8915.68	0
9.412	1	6	12	440.019	0
9.415	1	2	15	4496.59	0
9.416	1	3	16	1770.64	0
9.441	1	5	1	56208.8	0
9.442	1	8	2	56457.4	0
9.443	1	1	3	4496.59	0
9.444	1	10	4	58272.2	0
9.449	1	9	9	630.311	0
9.45	1	7	10	5740.39	0
9.451	1	4	11	8915.68	0
9.452	1	6	12	440.019	0
9.455	1	2	15	4496.59	0
9.456	1	3	16	1770.64	0
9.481	1	5	1	56208.8	0
9.482	1	8	2	56457.4	0
9.483	1	1	3	4496.59	0
9.484	1	10	4	58272.2	0
9.489	1	9	9	630.311	0
9.49	1	7	10	5740.39	0
9.491	1	4	11	8915.68	0
9.492	1	6	12	440.019	0
9.495	1	2	15	4496.59	0
9.496	1	3	16	1770.64	0
9.521	1	5	1	56208.8	0
9.522	1	8	2	56457.4	0
9.523	1	1	3	4496.59	0
9.524	1	10	4	58272.2	0
9.529	1	9	9	630.311	0
9.53	1	7	10	5740.39	0
9.531	1	4	11	8915.68	0
9.532	1	6	12	440.019	0
9.535	1	2	15	4496.59	0
9.536	1	3	16	1770.64	0
9.561	1	5	1	56208.8	0
9.562	1	8	2	56457.4	0
9.563	1	1	3	4496.59	0
9.564	1	10	4	58272.2	0
9.569	1	9	9	630.311	0
9.57	1	7	10	5740.39	0
9.571	1	4	11	8915.68	0
9.572	1	6	12	440.019	0
9.575	1	2	15	4496.59	0
9.576	1	3	16	1770.64	0
9.601	1	5	1	56208.8	0
9.602	1	8	2	56457.4	0
9.603	1	1	3	4496.59	0
9.604	1	10	4	58272.2	0
9.609	1	9	9	630.311	0
9.61	1	7	10	5740.39	0
9.611	1	4	11	8915.68	0
9.612	1	6	12	440.019	0
9.615	1	2	15	4496.59	0
9.616	1	3	16	1770.64	0
9.641	1	5	1	56208.8	0
9.642	1	8	2	56457.4	0
9.643	1	1	3	4496.59	0
9.644	1	10	4	58272.2	0
9.649	1	9	9	630.311	0
9.65	1	7	10	5740.39	0
9.651	1	4	11	8915.68	0
9.652	1	6	12	440.019	0
9.655	1	2	15	4496.59	0
9.656	1	3	16	1770.64	0
9.681	1	5	1	56208.8	0
9.682	1	8	2	56457.4	0
9.683	1	1	3	4496.59	0
9.684	1	10	4	58272.2	0
9.689	1	9	9	630.311	0
9.69	1	7	10	5740.39	0
9.691	1	4	11	8915.68	0
9.692	1	6	12	440.019	0
9.695	1	2	15	4496.59	0
9.696	1	3	16	1770.64	0
9.721	1	5	1	56208.8	0
9.722	1	8	2	56457.4	0
9.723	1	1	3	4496.59	0
9.724	1	10	4	58272.2	0
9.729	1	9	9	630.311	0
9.73	1	7	10	5740.39	0
9.731	1	4	11	8915.68	0
9.732	1	6	12	440.019	0
9.735	1	2	15	4496.59	0
9.736	1	3	16	1770.64	0
9.761	1	5	1	56208.8	0
9.762	1	8	2	56457.4	0
9.763	1	1	3	4496.59	0
9.764	1	10	4	58272.2	0
9.769	1	9	9	630.311	0
9.77	1	7	10	5740.39	0
9.771	1	4	11	8915.68	0
9.772	1	6	12	440.019	0
9.775	1	2	15	4496.59	0
9.776	1	3	16	1770.64	0
9.801	1	5	1	56208.8	0
9.802	1	8	2	56457.4	0
9.803	1	1	3	4496.59	0
9.804	1	10	4	58272.2	0
9.809	1	9	9	630.311	0
9.81	1	7	10	5740.39	0
9.811	1	4	11	8915.68	0
9.812	1	6	12	440.019	0
9.815	1	2	15	4496.59	0
9.816	1	3	16	1770.64	0
9.841	1	5	1	56208.8	0
9.842	1	8	2	56457.4	0
9.843	1	1	3	4496.59	0
9.844	1	10	4	58272.2	0
9.849	1	9	9	630.311	0
9.85	1	7	10	5740.39	0
9.851	1	4	11	8915.68	0
9.852	1	6	12	440.019	0
9.855	1	2	15	4496.59	0
9.856	1	3	16	1770.64	0
9.881	1	5	1	56208.8	0
9.882	1	8	2	56457.4	0
9.883	1	1	3	4496.59	0
9.884	1	10	4	58272.2	0
9.889	1	9	9	630.311	0
9.89	1	7	10	5740.39	0
9.891	1	4	11	8915.68	0
9.892	1	6	12	440.019	0
9.895	1	2	15	4496.59	0
9.896	1	3	16	1770.64	0
9.921	1	5	1	56208.8	0
9.922	1	8	2	56457.4	0
9.923	1	1	3	4496.59	0
9.924	1	10	4	58272.2	0
9.929	1	9	9	630.311	0
9.93	1	7	10	5740.39	0
9.931	1	4	11	8915.68	0
9.932	1	6	12	440.019	0
9.935	1	2	15	4496.59	0
9.936	1	3	16	1770.64	0
9.961	1	5	1	56208.8	0
9.962	1	8	2	56457.4	0
9.963	1	1	3	4496.59	0
9.964	1	10	4	58272.2	0
9.969	1	9	9	630.311	0
9.97	1	7	10	5740.39	0
9.971	1	4	11	8915.68	0
9.972	1	6	12	440.019	0
9.975	1	2	15	4496.59	0
9.976	1	3	16	1770.64	0
10.001	1	5	1	56208.8	0
10.002	1	8	2	56457.4	0
10.003	1	1	3	4496.59	0
10.004	1	10	4	58272.2	0
10.009	1	9	9	630.311	0
10.01	1	7	10	5740.39	0
10.011	1	4	11	8915.68	0
10.012	1	6	12	440.019	0
10.015	1	2	15	4496.59	0
10.016	1	3	16	1770.64	0
10.041	1	5	1	56208.8	0
10.042	1	8	2	56457.4	0
10.043	1	1	3	4496.59	0
10.044	1	10	4	58272.2	0
10.049	1	9	9	630.311	0
10.05	1	7	10	5740.39	0
10.051	1	4	11	8915.68	0
10.052	1	6	12	440.019	0
10.055	1	2	15	4496.59	0
10.056	1	3	16	1770.64	0
10.081	1	5	1	56208.8	0
10.082	1	8	2	56457.4	0
10.083	1	1	3	4496.59	0
10.084	1	10	4	58272.2	0
10.089	1	9	9	630.311	0
10.09	1	7	10	5740.39	0
10.091	1	4	11	8915.68	0
10.092	1	6	12	440.019	0
10.095	1	2	15	4496.59	0
10.096	1	3	16	1770.64	0
10.121	1	5	1	56208.8	0
10.122	1	8	2	56457.4	0
10.123	1	1	3	4496.59	0
10.124	1	10	4	58272.2	0
10.129	1	9	9	630.311	0
10.13	1	7	10	5740.39	0
10.131	1	4	11	8915.68	0
10.132	1	6	12	440.019	0
10.135	1	2	15	4496.59	0
10.136	1	3	16	1770.64	0
10.161	1	5	1	56208.8	0
10.162	1	8	2	56457.4	0
10.163	1	1	3	4496.59	0
10.164	1	10	4	58272.2	0
10.169	1	9	9	630.311	0
10.17	1	7	10	5740.39	0
10.171	1	4	11	8915.68	0
10.172	1	6	12	440.019	0
10.175	1	2	15	4496.59	0
10.176	1	3	16	1770.64	0
10.201	1	5	1	56208.8	0
10.202	1	8	2	56457.4	0
10.203	1	1	3	4496.59	0
10.204	1	10	4	58272.2	0
10.209	1	9	9	630.311	0
10.21	1	7	10	5740.39	0
10.211	1	4	11	8915.68	0
10.212	1	6	12	440.019	0
10.215	1	2	15	4496.59	0
10.216	1	3	16	1770.64	0
10.241	1	5	1	56208.8	0
10.242	1	8	2	56457.4	0
10.243	1	1	3	4496.59	0
10.244	1	10	4	58272.2	0
10.249	1	9	9	630.311	0
10.25	1	7	10	5740.39	0
10.251	1	4	11	8915.68	0
10.252	1	6	12	440.019	0
10.255	1	2	15	4496.59	0
10.256	1	3	16	1770.64	0
10.281	1	5	1	56208.8	0
10.282	1	8	2	56457.4	0
10.283	1	1	3	4496.59	0
10.284	1	10	4	58272.2	0
10.289	1	9	9	630.311	0
10.29	1	7	10	5740.39	0
10.291	1	4	11	8915.68	0
10.292	1	6	12	440.019	0
10.295	1	2	15	4496.59	0
10.296	1	3	16	1770.64	0
10.321	1	5	1	56208.8	0
10.322	1	8	2	56457.4	0
10.323	1	1	3	4496.59	0
10.324	1	10	4	58272.2	0
10.329	1	9	9	630.311	0
10.33	1	7	10	5740.39	0
10.331	1	4	11	8915.68	0
10.332	1	6	12	440.019	0
10.335	1	2	15	4496.59	0
10.336	1	3	16	1770.64	0
10.361	1	5	1	56208.8	0
10.362	1	8	2	56457.4	0
10.363	1	1	3	4496.59	0
10.364	1	10	4	58272.2	0
10.369	1	9	9	630.311	0
10.37	1	7	10	5740.39	0
10.371	1	4	11	8915.68	0
10.372	1	6	12	440.019	0
10.375	1	2	15	4496.59	0
10.376	1	3	16	1770.64	0
10.401	1	5	1	56208.8	0
10.402	1	8	2	56457.4	0
10.403	1	1	3	4496.59	0
10.404	1	10	4	58272.2	0
10.409	1	9	9	630.311	0
10.41	1	7	10	5740.39	0
10.411	1	4	11	8915.68	0
10.412	1	6	12	440.019	0
10.415	1	2	15	4496.59	0
10.416	1	3	16	1770.64	0
10.441	1	5	1	56208.8	0
10.442	1	8	2	56457.4	0
10.443	1	1	3	4496.59	0
10.444	1	10	4	58272.2	0
10.449	1	9	9	630.311	0
10.45	1	7	10	5740.39	0
10.451	1	4	11	8915.68	0
10.452	1	6	12	440.019	0
10.455	1	2	15	4496.59	0
10.456	1	3	16	1770.64	0
10.481	1	5	1	56208.8	0
10.482	1	8	2	56457.4	0
10.483	1	1	3	4496.59	0
10.484	1	10	4	58272.2	0
10.489	1	9	9	630.311	0
10.49	1	7	10	5740.39	0
10.491	1	4	11	8915.68	0
10.492	1	6	12	440.019	0
10.495	1	2	15	4496.59	0
10.496	1	3	16	1770.64	0
10.521	1	5	1	56208.8	0
10.522	1	8	2	56457.4	0
10.523	1	1	3	4496.59	0
10.524	1	10	4	58272.2	0
10.529	1	9	9	630.311	0
10.53	1	7	10	5740.39	0
10.531	1	4	11	8915.68	0
10.532	1	6	12	440.019	0
10.535	1	2	15	4496.59	0
10.536	1	3	16	1770.64	0
10.561	1	5	1	56208.8	0
10.562	1	8	2	56457.4	0
10.563	1	1	3	4496.59	0
10.564	1	10	4	58272.2	0
10.569	1	9	9	630.311	0
10.57	1	7	10	5740.39	0
10.571	1	4	11	8915.68	0
10.572	1	6	12	440.019	0
10.575	1	2	15	4496.59	0
10.576	1	3	16	1770.64	0
10.601	1	5	1	56208.8	0
10.602	1	8	2	56457.4	0
10.603	1	1	3	4496.59	0
10.604	1	10	4	58272.2	0
10.609	1	9	9	630.311	0
10.61	1	7	10	5740.39	0
10.611	1	4	11	8915.68	0
10.612	1	6	12	440.019	0
10.615	1	2	15	4496.59	0
10.616	1	3	16	1770.64	0
10.641	1	5	1	56208.8	0
10.642	1	8	2	56457.4	0
10.643	1	1	3	4496.59	0
10.644	1	10	4	58272.2	0
10.649	1	9	9	630.311	0
10.65	1	7	10	5740.39	0
10.651	1	4	11	8915.68	0
10.652	1	6	12	440.019	0
10.655	1	2	15	4496.59	0
10.656	1	3	16	1770.64	0
10.681	1	5	1	56208.8	0
10.682	1	8	2	56457.4	0
10.683	1	1	3	4496.59	0
10.684	1	10	4	58272.2	0
10.689	1	9	9	630.311	0
10.69	1	7	10	5740.39	0
10.691	1	4	11	8915.68	0
10.692	1	6	12	440.019	0
10.695	1	2	15	4496.59	0
10.696	1	3	16	1770.64	0
10.721	1	5	1	56208.8	0
10.722	1	8	2	56457.4	0
10.723	1	1	3	4496.59	0
10.724	1	10	4	58272.2	0
10.729	1	9	9	630.311	0
10.73	1	7	10	5740.39	0
10.731	1	4	11	8915.68	0
10.732	1	6	12	440.019	0
10.735	1	2	15	4496.59	0
10.736	1	3	16	1770.64	0
10.761	1	5	1	56208.8	0
10.762	1	8	2	56457.4	0
10.763	1	1	3	4496.59	0
10.764	1	10	4	58272.2	0
10.769	1	9	9	630.311	0
10.77	1	7	10	5740.39	0
10.771	1	4	11	8915.68	0
10.772	1	6	12	440.019	0
10.775	1	2	15	4496.59	0
10.776	1	3	16	1770.64	0
10.801	1	5	1	56208.8	0
10.802	1	8	2	56457.4	0
10.803	1	1	3	4496.59	0
10.804	1	10	4	58272.2	0
10.809	1	9	9	630.311	0
10.81	1	7	10	5740.39	0
10.811	1	4	11	8915.68	0
10.812	1	6	12	440.019	0
10.815	1	2	15	4496.59	0
10.816	1	3	16	1770.64	0
10.841	1	5	1	56208.8	0
10.842	1	8	2	56457.4	0
10.843	1	1	3	4496.59	0
10.844	1	10	4	58272.2	0
10.849	1	9	9	630.311	0
10.85	1	7	10	5740.39	0
10.851	1	4	11	8915.68	0
10.852	1	6	12	440.019	0
10.855	1	2	15	4496.59	0
10.856	1	3	16	1770.64	0
10.881	1	5	1	56208.8	0
10.882	1	8	2	56457.4	0
10.883	1	1	3	4496.59	0
10.884	1	10	4	58272.2	0
10.889	1	9	9	630.311	0
10.89	1	7	10	5740.39	0
10.891	1	4	11	8915.68	0
10.892	1	6	12	440.019	0
10.895	1	2	15	4496.59	0
10.896	1	3	16	1770.64	0
10.921	1	5	1	56208.8	0
10.922	1	8	2	56457.4	0
10.923	1	1	3	4496.59	0
10.924	1	10	4	58272.2	0
10.929	1	9	9	630.311	0
10.93	1	7	10	5740.39	0
10.931	1	4	11	8915.68	0
10.932	1	6	12	440.019	0
10.935	1	2	15	4496.59	0
10.936	1	3	16	1770.64	0
10.961	1	5	1	56208.8	0
10.962	1	8	2	56457.4	0
10.963	1	1	3	4496.59	0
10.964	1	10	4	58272.2	0
10.969	1	9	9	630.311	0
10.97	1	7	10	5740.39	0
10.971	1	4	11	8915.68	0
10.972	1	6	12	440.019	0
10.975	1	2	15	4496.59	0
10.976	1	3	16	1770.64	0
11.001	1	5	1	56208.8	0
11.002	1	8	2	56457.4	0
11.003	1	1	3	4496.59	0
11.004	1	10	4	58272.2	0
11.009	1	9	9	630.311	0
11.01	1	7	10	5740.39	0
11.011	1	4	11	8915.68	0
11.012	1	6	12	440.019	0
11.015	1	2	15	4496.59	0
11.016	1	3	16	1770.64	0
11.041	1	5	1	56208.8	0
11.042	1	8	2	56457.4	0
11.043	1	1	3	4496.59	0
11.044	1	10	4	58272.2	0
11.049	1	9	9	630.311	0
11.05	1	7	10	5740.39	0
11.051	1	4	11	8915.68	0
11.052	1	6	12	440.019	0
11.055	1	2	15	4496.59	0
11.056	1	3	16	1770.64	0
11.081	1	5	1	56208.8	0
11.082	1	8	2	56457.4	0
11.083	1	1	3	4496.59	0
11.084	1	10	4	58272.2	0
11.089	1	9	9	630.311	0
11.09	1	7	10	5740.39	0
11.091	1	4	11	8915.68	0
11.092	1	6	12	440.019	0
11.095	1	2	15	4496.59	0
11.096	1	3	16	1770.64	0
11.121	1	5	1	56208.8	0
11.122	1	8	2	56457.4	0
11.123	1	1	3	4496.59	0
11.124	1	10	4	58272.2	0
11.129	1	9	9	630.311	0
11.13	1	7	10	5740.39	0
11.131	1	4	11	8915.68	0
11.132	1	6	12	440.019	0
11.135	1	2	15	4496.59	0
11.136	1	3	16	1770.64	0
11.161	1	5	1	56208.8	0
11.162	1	8	2	56457.4	0
11.163	1	1	3	4496.59	0
11.164	1	10	4	58272.2	0
11.169	1	9	9	630.311	0
11.17	1	7	10	5740.39	0
11.171	1	4	11	8915.68	0
11.172	1	6	12	440.019	0
11.175	1	2	15	4496.59	0
11.176	1	3	16	1770.64	0
11.201	1	5	1	56208.8	0
11.202	1	8	2	56457.4	0
11.203	1	1	3	4496.59	0
11.204	1	10	4	58272.2	0
11.209	1	9	9	630.311	0
11.21	1	7	10	5740.39	0
11.211	1	4	11	8915.68	0
11.212	1	6	12	440.019	0
11.215	1	2	15	4496.59	0
11.216	1	3	16	1770.64	0
11.241	1	5	1	56208.8	0
11.242	1	8	2	56457.4	0
11.243	1	1	3	4496.59	0
11.244	1	10	4	58272.2	0
11.249	1	9	9	630.311	0
11.25	1	7	10	5740.39	0
11.251	1	4	11	8915.68	0
11.252	1	6	12	440.019	0
11.255	1	2	15	4496.59	0
11.256	1	3	16	1770.64	0
11.281	1	5	1	56208.8	0
11.282	1	8	2	56457.4	0
11.283	1	1	3	4496.59	0
11.284	1	10	4	58272.2	0
11.289	1	9	9	630.311	0
11.29	1	7	10	5740.39	0
11.291	1	4	11	8915.68	0
11.292	1	6	12	440.019	0
11.295	1	2	15	4496.59	0
11.296	1	3	16	1770.64	0
11.321	1	5	1	56208.8	0
11.322	1	8	2	56457.4	0
11.323	1	1	3	4496.59	0
11.324	1	10	4	58272.2	0
11.329	1	9	9	630.311	0
11.33	1	7	10	5740.39	0
11.331	1	4	11	8915.68	0
11.332	1	6	12	440.019	0
11.335	1	2	15	4496.59	0
11.336	1	3	16	1770.64	0
11.361	1	5	1	56208.8	0
11.362	1	8	2	56457.4	0
11.363	1	1	3	4496.59	0
11.364	1	10	4	58272.2	0
11.369	1	9	9	630.311	0
11.37	1	7	10	5740.39	0
11.371	1	4	11	8915.68	0
11.372	1	6	12	440.019	0
11.375	1	2	15	4496.59	0
11.376	1	3	16	1770.64	0
11.401	1	5	1	56208.8	0
11.402	1	8	2	56457.4	0
11.403	1	1	3	4496.59	0
11.404	1	10	4	58272.2	0
11.409	1	9	9	630.311	0
11.41	1	7	10	5740.39	0
11.411	1	4	11	8915.68	0
11.412	1	6	12	440.019	0
11.415	1	2	15	4496.59	0
11.416	1	3	16	1770.64	0
11.441	1	5	1	56208.8	0
11.442	1	8	2	56457.4	0
11.443	1	1	3	4496.59	0
11.444	1	10	4	58272.2	0
11.449	1	9	9	630.311	0
11.45	1	7	10	5740.39	0
11.451	1	4	11	8915.68	0
11.452	1	6	12	440.019	0
11.455	1	2	15	4496.59	0
11.456	1	3	16	1770.64	0
11.481	1	5	1	56208.8	0
11.482	1	8	2	56457.4	0
11.483	1	1	3	4496.59	0
11.484	1	10	4	58272.2	0
11.489	1	9	9	630.311	0
11.49	1	7	10	5740.39	0
11.491	1	4	11	8915.68	0
11.492	1	6	12	440.019	0
11.495	1	2	15	4496.59	0
11.496	1	3	16	1770.64	0
11.521	1	5	1	56208.8	0
11.522	1	8	2	56457.4	0
11.523	1	1	3	4496.59	0
11.524	1	10	4	58272.2	0
11.529	1	9	9	630.311	0
11.53	1	7	10	5740.39	0
11.531	1	4	11	8915.68	0
11.532	1	6	12	440.019	0
11.535	1	2	15	4496.59	0
11.536	1	3	16	1770.64	0
11.561	1	5	1	56208.8	0
11.562	1	8	2	56457.4	0
11.563	1	1	3	4496.59	0
11.564	1	10	4	58272.2	0
11.569	1	9	9	630.311	0
11.57	1	7	10	5740.39	0
11.571	1	4	11	8915.68	0
11.572	1	6	12	440.019	0
11.575	1	2	15	4496.59	0
11.576	1	3	16	1770.64	0
11.601	1	5	1	56208.8	0
11.602	1	8	2	56457.4	0
11.603	1	1	3	4496.59	0
11.604	1	10	4	58272.2	0
11.609	1	9	9	630.311	0
11.61	1	7	10	5740.39	0
11.611	1	4	11	8915.68	0
11.612	1	6	12	440.019	0
11.615	1	2	15	4496.59	0
11.616	1	3	16	1770.64	0
11.641	1	5	1	56208.8	0
11.642	1	8	2	56457.4	0
11.643	1	1	3	4496.59	0
11.644	1	10	4	58272.2	0
11.649	1	9	9	630.311	0
11.65	1	7	10	5740.39	0
11.651	1	4	11	8915.68	0
11.652	1	6	12	440.019	0
11.655	1	2	15	4496.59	0
11.656	1	3	16	1770.64	0
11.681	1	5	1	56208.8	0
11.682	1	8	2	56457.4	0
11.683	1	1	3	4496.59	0
11.684	1	10	4	58272.2	0
11.689	1	9	9	630.311	0
11.69	1	7	10	5740.39	0
11.691	1	4	11	8915.68	0
11.692	1	6	12	440.019	0
11.695	1	2	15	4496.59	0
11.696	1	3	16	1770.64	0
11.721	1	5	1	56208.8	0
11.722	1	8	2	56457.4	0
11.723	1	1	3	4496.59	0
11.724	1	10	4	58272.2	0
11.729	1	9	9	630.311	0
11.73	1	7	10	5740.39	0
11.731	1	4	11	8915.68	0
11.732	1	6	12	440.019	0
11.735	1	2	15	4496.59	0
11.736	1	3	16	1770.64	0
11.761	1	5	1	56208.8	0
11.762	1	8	2	56457.4	0
11.763	1	1	3	4496.59	0
11.764	1	10	4	58272.2	0
11.769	1	9	9	630.311	0
11.77	1	7	10	5740.39	0
11.771	1	4	11	8915.68	0
11.772	1	6	12	440.019	0
11.775	1	2	15	4496.59	0
11.776	1	3	16	1770.64	0
11.801	1	5	1	56208.8	0
11.802	1	8	2	56457.4	0
11.803	1	1	3	4496.59	0
11.804	1	10	4	58272.2	0
11.809	1	9	9	630.311	0
11.81	1	7	10	5740.39	0
11.811	1	4	11	8915.68	0
11.812	1	6	12	440.019	0
11.815	1	2	15	4496.59	0
11.816	1	3	16	1770.64	0
11.841	1	5	1	56208.8	0
11.842	1	8	2	56457.4	0
11.843	1	1	3	4496.59	0
11.844	1	10	4	58272.2	0
11.849	1	9	9	630.311	0
11.85	1	7	10	5740.39	0
11.851	1	4	11	8915.68	0
11.852	1	6	12	440.019	0
11.855	1	2	15	4496.59	0
11.856	1	3	16	1770.64	0
11.881	1	5	1	56208.8	0
11.882	1	8	2	56457.4	0
11.883	1	1	3	4496.59	0
11.884	1	10	4	58272.2	0
11.889	1	9	9	630.311	0
11.89	1	7	10	5740.39	0
11.891	1	4	11	8915.68	0
11.892	1	6	12	440.019	0
11.895	1	2	15	4496.59	0
11.896	1	3	16	1770.64	0
11.921	1	5	1	56208.8	0
11.922	1	8	2	56457.4	0
11.923	1	1	3	4496.59	0
11.924	1	10	4	58272.2	0
11.929	1	9	9	630.311	0
11.93	1	7	10	5740.39	0
11.931	1	4	11	8915.68	0
11.932	1	6	12	440.019	0
11.935	1	2	15	4496.59	0
11.936	1	3	16	1770.64	0
11.961	1	5	1	56208.8	0
11.962	1	8	2	56457.4	0
11.963	1	1	3	4496.59	0
11.964	1	10	4	58272.2	0
11.969	1	9	9	630.311	0
11.97	1	7	10	5740.39	0
11.971	1	4	11	8915.68	0
11.972	1	6	12	440.019	0
11.975	1	2	15	4496.59	0
11.976	1	3	16	1770.64	0
12.001	1	5	1	56208.8	0
12.002	1	8	2	56457.4	0
12.003	1	1	3	4496.59	0
12.004	1	10	4	58272.2	0
12.009	1	9	9	630.311	0
12.01	1	7	10	5740.39	0
12.011	1	4	11	8915.68	0
12.012	1	6	12	440.019	0
12.015	1	2	15	4496.59	0
12.016	1	3	16	1770.64	0
12.041	1	5	1	56208.8	0
12.042	1	8	2	56457.4	0
12.043	1	1	3	4496.59	0
12.044	1	10	4	58272.2	0
12.049	1	9	9	630.311	0
12.05	1	7	10	5740.39	0
12.051	1	4	11	8915.68	0
12.052	1	6	12	440.019	0
12.055	1	2	15	4496.59	0
12.056	1	3	16	1770.64	0
12.081	1	5	1	56208.8	0
12.082	1	8	2	56457.4	0
12.083	1	1	3	4496.59	0
12.084	1	10	4	58272.2	0
12.089	1	9	9	630.311	0
12.09	1	7	10	5740.39	0
12.091	1	4	11	8915.68	0
12.092	1	6	12	440.019	0
12.095	1	2	15	4496.59	0
12.096	1	3	16	1770.64	0
12.121	1	5	1	56208.8	0
12.122	1	8	2	56457.4	0
12.123	1	1	3	4496.59	0
12.124	1	10	4	58272.2	0
12.129	1	9	9	630.311	0
12.13	1	7	10	5740.39	0
12.131	1	4	11	8915.68	0
12.132	1	6	12	440.019	0
12.135	1	2	15	4496.59	0
12.136	1	3	16	1770.64	0
12.161	1	5	1	56208.8	0
12.162	1	8	2	56457.4	0
12.163	1	1	3	4496.59	0
12.164	1	10	4	58272.2	0
12.169	1	9	9	630.311	0
12.17	1	7	10	5740.39	0
12.171	1	4	11	8915.68	0
12.172	1	6	12	440.019	0
12.175	1	2	15	4496.59	0
12.176	1	3	16	1770.64	0
12.201	1	5	1	56208.8	0
12.202	1	8	2	56457.4	0
12.203	1	1	3	4496.59	0
12.204	1	10	4	58272.2	0
12.209	1	9	9	630.311	0
12.21	1	7	10	5740.39	0
12.211	1	4	11	8915.68	0
12.212	1	6	12	440.019	0
12.215	1	2	15	4496.59	0
12.216	1	3	16	1770.64	0
12.241	1	5	1	56208.8	0
12.242	1	8	2	56457.4	0
12.243	1	1	3	4496.59	0
12.244	1	10	4	58272.2	0
12.249	1	9	9	630.311	0
12.25	1	7	10	5740.39	0
12.251	1	4	11	8915.68	0
12.252	1	6	12	440.019	0
12.255	1	2	15	4496.59	0
12.256	1	3	16	1770.64	0
12.281	1	5	1	56208.8	0
12.282	1	8	2	56457.4	0
12.283	1	1	3	4496.59	0
12.284	1	10	4	58272.2	0
12.289	1	9	9	630.311	0
12.29	1	7	10	5740.39	0
12.291	1	4	11	8915.68	0
12.292	1	6	12	440.019	0
12.295	1	2	15	4496.59	0
12.296	1	3	16	1770.64	0
12.321	1	5	1	56208.8	0
12.322	1	8	2	56457.4	0
12.323	1	1	3	4496.59	0
12.324	1	10	4	58272.2	0
12.329	1	9	9	630.311	0
12.33	1	7	10	5740.39	0
12.331	1	4	11	8915.68	0
12.332	1	6	12	440.019	0
12.335	1	2	15	4496.59	0
12.336	1	3	16	1770.64	0
12.361	1	5	1	56208.8	0
12.362	1	8	2	56457.4	0
12.363	1	1	3	4496.59	0
12.364	1	10	4	58272.2	0
12.369	1	9	9	630.311	0
12.37	1	7	10	5740.39	0
12.371	1	4	11	8915.68	0
12.372	1	6	12	440.019	0
12.375	1	2	15	4496.59	0
12.376	1	3	16	1770.64	0
12.401	1	5	1	56208.8	0
12.402	1	8	2	56457.4	0
12.403	1	1	3	4496.59	0
12.404	1	10	4	58272.2	0
12.409	1	9	9	630.311	0
12.41	1	7	10	5740.39	0
12.411	1	4	11	8915.68	0
12.412	1	6	12	440.019	0
12.415	1	2	15	4496.59	0
12.416	1	3	16	1770.64	0
12.441	1	5	1	56208.8	0
12.442	1	8	2	56457.4	0
12.443	1	1	3	4496.59	0
12.444	1	10	4	58272.2	0
12.449	1	9	9	630.311	0
12.45	1	7	10	5740.39	0
12.451	1	4	11	8915.68	0
12.452	1	6	12	440.019	0
12.455	1	2	15	4496.59	0
12.456	1	3	16	1770.64	0
12.481	1	5	1	56208.8	0
12.482	1	8	2	56457.4	0
12.483	1	1	3	4496.59	0
12.484	1	10	4	58272.2	0
12.489	1	9	9	630.311	0
12.49	1	7	10	5740.39	0
12.491	1	4	11	8915.68	0
12.492	1	6	12	440.019	0
12.495	1	2	15	4496.59	0
12.496	1	3	16	1770.64	0
12.521	1	5	1	56208.8	0
12.522	1	8	2	56457.4	0
12.523	1	1	3	4496.59	0
12.524	1	10	4	58272.2	0
12.529	1	9	9	630.311	0
12.53	1	7	10	5740.39	0
12.531	1	4	11	8915.68	0
12.532	1	6	12	440.019	0
12.535	1	2	15	4496.59	0
12.536	1	3	16	1770.64	0
12.561	1	5	1	56208.8	0
12.562	1	8	2	56457.4	0
12.563	1	1	3	4496.59	0
12.564	1	10	4	58272.2	0
12.569	1	9	9	630.311	0
12.57	1	7	10	5740.39	0
12.571	1	4	11	8915.68	0
12.572	1	6	12	440.019	0
12.575	1	2	15	4496.59	0
12.576	1	3	16	1770.64	0
12.601	1	5	1	56208.8	0
12.602	1	8	2	56457.4	0
12.603	1	1	3	4496.59	0
12.604	1	10	4	58272.2	0
12.609	1	9	9	630.311	0
12.61	1	7	10	5740.39	0
12.611	1	4	11	8915.68	0
12.612	1	6	12	440.019	0
12.615	1	2	15	4496.59	0
12.616	1	3	16	1770.64	0
12.641	1	5	1	56208.8	0
12.642	1	8	2	56457.4	0
12.643	1	1	3	4496.59	0
12.644	1	10	4	58272.2	0
12.649	1	9	9	630.311	0
12.65	1	7	10	5740.39	0
12.651	1	4	11	8915.68	0
12.652	1	6	12	440.019	0
12.655	1	2	15	4496.59	0
12.656	1	3	16	1770.64	0
12.681	1	5	1	56208.8	0
12.682	1	8	2	56457.4	0
12.683	1	1	3	4496.59	0
12.684	1	10	4	58272.2	0
12.689	1	9	9	630.311	0
12.69	1	7	10	5740.39	0
12.691	1	4	11	8915.68	0
12.692	1	6	12	440.019	0
12.695	1	2	15	4496.59	0
12.696	1	3	16	1770.64	0
12.721	1	5	1	56208.8	0
12.722	1	8	2	56457.4	0
12.723	1	1	3	4496.59	0
12.724	1	10	4	58272.2	0
12.729	1	9	9	630.311	0
12.73	1	7	10	5740.39	0
12.731	1	4	11	8915.68	0
12.732	1	6	12	440.019	0
12.735	1	2	15	4496.59	0
12.736	1	3	16	1770.64	0
12.761	1	5	1	56208.8	0
12.762	1	8	2	56457.4	0
12.763	1	1	3	4496.59	0
12.764	1	10	4	58272.2	0
12.769	1	9	9	630.311	0
12.77	1	7	10	5740.39	0
12.771	1	4	11	8915.68	0
12.772	1	6	12	440.019	0
12.775	1	2	15	4496.59	0
12.776	1	3	16	1770.64	0
12.801	1	5	1	56208.8	0
12.802	1	8	2	56457.4	0
12.803	1	1	3	4496.59	0
12.804	1	10	4	58272.2	0
12.809	1	9	9	630.311	0
12.81	1	7	10	5740.39	0
12.811	1	4	11	8915.68	0
12.812	1	6	12	440.019	0
12.815	1	2	15	4496.59	0
12.816	1	3	16	1770.64	0
12.841	1	5	1	56208.8	0
12.842	1	8	2	56457.4	0
12.843	1	1	3	4496.59	0
12.844	1	10	4	58272.2	0
12.849	1	9	9	630.311	0
12.85	1	7	10	5740.39	0
12.851	1	4	11	8915.68	0
12.852	1	6	12	440.019	0
12.855	1	2	15	4496.59	0
12.856	1	3	16	1770.64	0
12.881	1	5	1	56208.8	0
12.882	1	8	2	56457.4	0
12.883	1	1	3	4496.59	0
12.884	1	10	4	58272.2	0
12.889	1	9	9	630.311	0
12.89	1	7	10	5740.39	0
12.891	1	4	11	8915.68	0
12.892	1	6	12	440.019	0
12.895	1	2	15	4496.59	0
12.896	1	3	16	1770.64	0
12.921	1	5	1	56208.8	0
12.922	1	8	2	56457.4	0
12.923	1	1	3	4496.59	0
12.924	1	10	4	58272.2	0
12.929	1	9	9	630.311	0
12.93	1	7	10	5740.39	0
12.931	1	4	11	8915.68	0
12.932	1	6	12	440.019	0
12.935	1	2	15	4496.59	0
12.936	1	3	16	1770.64	0
12.961	1	5	1	56208.8	0
12.962	1	8	2	56457.4	0
12.963	1	1	3	4496.59	0
12.964	1	10	4	58272.2	0
12.969	1	9	9	630.311	0
12.97	1	7	10	5740.39	0
12.971	1	4	11	8915.68	0
12.972	1	6	12	440.019	0
12.975	1	2	15	4496.59	0
12.976	1	3	16	1770.64	0
13.001	1	5	1	56208.8	0
13.002	1	8	2	56457.4	0
13.003	1	1	3	4496.59	0
13.004	1	10	4	58272.2	0
13.009	1	9	9	630.311	0
13.01	1	7	10	5740.39	0
13.011	1	4	11	8915.68	0
13.012	1	6	12	440.019	0
13.015	1	2	15	4496.59	0
13.016	1	3	16	1770.64	0
13.041	1	5	1	56208.8	0
13.042	1	8	2	56457.4	0
13.043	1	1	3	4496.59	0
13.044	1	10	4	58272.2	0
13.049	1	9	9	630.311	0
13.05	1	7	10	5740.39	0
13.051	1	4	11	8915.68	0
13.052	1	6	12	440.019	0
13.055	1	2	15	4496.59	0
13.056	1	3	16	1770.64	0
13.081	1	5	1	56208.8	0
13.082	1	8	2	56457.4	0
13.083	1	1	3	4496.59	0
13.084	1	10	4	58272.2	0
13.089	1	9	9	630.311	0
13.09	1	7	10	5740.39	0
13.091	1	4	11	8915.68	0
13.092	1	6	12	440.019	0
13.095	1	2	15	4496.59	0
13.096	1	3	16	1770.64	0
13.121	1	5	1	56208.8	0
13.122	1	8	2	56457.4	0
13.123	1	1	3	4496.59	0
13.124	1	10	4	58272.2	0
13.129	1	9	9	630.311	0
13.13	1	7	10	5740.39	0
13.131	1	4	11	8915.68	0
13.132	1	6	12	440.019	0
13.135	1	2	15	4496.59	0
13.136	1	3	16	1770.64	0
13.161	1	5	1	56208.8	0
13.162	1	8	2	56457.4	0
13.163	1	1	3	4496.59	0
13.164	1	10	4	58272.2	0
13.169	1	9	9	630.311	0
13.17	1	7	10	5740.39	0
13.171	1	4	11	8915.68	0
13.172	1	6	12	440.019	0
13.175	1	2	15	4496.59	0
13.176	1	3	16	1770.64	0
13.201	1	5	1	56208.8	0
13.202	1	8	2	56457.4	0
13.203	1	1	3	4496.59	0
13.204	1	10	4	58272.2	0
13.209	1	9	9	630.311	0
13.21	1	7	10	5740.39	0
13.211	1	4	11	8915.68	0
13.212	1	6	12	440.019	0
13.215	1	2	15	4496.59	0
13.216	1	3	16	1770.64	0
13.241	1	5	1	56208.8	0
13.242	1	8	2	56457.4	0
13.243	1	1	3	4496.59	0
13.244	1	10	4	58272.2	0
13.249	1	9	9	630.311	0
13.25	1	7	10	5740.39	0
13.251	1	4	11	8915.68	0
13.252	1	6	12	440.019	0
13.255	1	2	15	4496.59	0
13.256	1	3	16	1770.64	0
13.281	1	5	1	56208.8	0
13.282	1	8	2	56457.4	0
13.283	1	1	3	4496.59	0
13.284	1	10	4	58272.2	0
13.289	1	9	9	630.311	0
13.29	1	7	10	5740.39	0
13.291	1	4	11	8915.68	0
13.292	1	6	12	440.019	0
13.295	1	2	15	4496.59	0
13.296	1	3	16	1770.64	0
13.321	1	5	1	56208.8	0
13.322	1	8	2	56457.4	0
13.323	1	1	3	4496.59	0
13.324	1	10	4	58272.2	0
13.329	1	9	9	630.311	0
13.33	1	7	10	5740.39	0
13.331	1	4	11	8915.68	0
13.332	1	6	12	440.019	0
13.335	1	2	15	4496.59	0
13.336	1	3	16	1770.64	0
13.361	1	5	1	56208.8	0
13.362	1	8	2	56457.4	0
13.363	1	1	3	4496.59	0
13.364	1	10	4	58272.2	0
13.369	1	9	9	630.311	0
13.37	1	7	10	5740.39	0
13.371	1	4	11	8915.68	0
13.372	1	6	12	440.019	0
13.375	1	2	15	4496.59	0
13.376	1	3	16	1770.64	0
13.401	1	5	1	56208.8	0
13.402	1	8	2	56457.4	0
13.403	1	1	3	4496.59	0
13.404	1	10	4	58272.2	0
13.409	1	9	9	630.311	0
13.41	1	7	10	5740.39	0
13.411	1	4	11	8915.68	0
13.412	1	6	12	440.019	0
13.415	1	2	15	4496.59	0
13.416	1	3	16	1770.64	0
13.441	1	5	1	56208.8	0
13.442	1	8	2	56457.4	0
13.443	1	1	3	4496.59	0
13.444	1	10	4	58272.2	0
13.449	1	9	9	630.311	0
13.45	1	7	10	5740.39	0
13.451	1	4	11	8915.68	0
13.452	1	6	12	440.019	0
13.455	1	2	15	4496.59	0
13.456	1	3	16	1770.64	0
13.481	1	5	1	56208.8	0
13.482	1	8	2	56457.4	0
13.483	1	1	3	4496.59	0
13.484	1	10	4	58272.2	0
13.489	1	9	9	630.311	0
13.49	1	7	10	5740.39	0
13.491	1	4	11	8915.68	0
13.492	1	6	12	440.019	0
13.495	1	2	15	4496.59	0
13.496	1	3	16	1770.64	0
13.521	1	5	1	56208.8	0
13.522	1	8	2	56457.4	0
13.523	1	1	3	4496.59	0
13.524	1	10	4	58272.2	0
13.529	1	9	9	630.311	0
13.53	1	7	10	5740.39	0
13.531	1	4	11	8915.68	0
13.532	1	6	12	440.019	0
13.535	1	2	15	4496.59	0
13.536	1	3	16	1770.64	0
13.561	1	5	1	56208.8	0
13.562	1	8	2	56457.4	0
13.563	1	1	3	4496.59	0
13.564	1	10	4	58272.2	0
13.569	1	9	9	630.311	0
13.57	1	7	10	5740.39	0
13.571	1	4	11	8915.68	0
13.572	1	6	12	440.019	0
13.575	1	2	15	4496.59	0
13.576	1	3	16	1770.64	0
13.601	1	5	1	56208.8	0
13.602	1	8	2	56457.4	0
13.603	1	1	3	4496.59	0
13.604	1	10	4	58272.2	0
13.609	1	9	9	630.311	0
13.61	1	7	10	5740.39	0
13.611	1	4	11	8915.68	0
13.612	1	6	12	440.019	0
13.615	1	2	15	4496.59	0
13.616	1	3	16	1770.64	0
13.641	1	5	1	56208.8	0
13.642	1	8	2	56457.4	0
13.643	1	1	3	4496.59	0
13.644	1	10	4	58272.2	0
13.649	1	9	9	630.311	0
13.65	1	7	10	5740.39	0
13.651	1	4	11	8915.68	0
13.652	1	6	12	440.019	0
13.655	1	2	15	4496.59	0
13.656	1	3	16	1770.64	0
13.681	1	5	1	56208.8	0
13.682	1	8	2	56457.4	0
13.683	1	1	3	4496.59	0
13.684	1	10	4	58272.2	0
13.689	1	9	9	630.311	0
13.69	1	7	10	5740.39	0
13.691	1	4	11	8915.68	0
13.692	1	6	12	440.019	0
13.695	1	2	15	4496.59	0
13.696	1	3	16	1770.64	0
13.721	1	5	1	56208.8	0
13.722	1	8	2	56457.4	0
13.723	1	1	3	4496.59	0
13.724	1	10	4	58272.2	0
13.729	1	9	9	630.311	0
13.73	1	7	10	5740.39	0
13.731	1	4	11	8915.68	0
13.732	1	6	12	440.019	0
13.735	1	2	15	4496.59	0
13.736	1	3	16	1770.64	0
13.761	1	5	1	56208.8	0
13.762	1	8	2	56457.4	0
13.763	1	1	3	4496.59	0
13.764	1	10	4	58272.2	0
13.769	1	9	9	630.311	0
13.77	1	7	10	5740.39	0
13.771	1	4	11	8915.68	0
13.772	1	6	12	440.019	0
13.775	1	2	15	4496.59	0
13.776	1	3	16	1770.64	0
13.801	1	5	1	56208.8	0
13.802	1	8	2	56457.4	0
13.803	1	1	3	4496.59	0
13.804	1	10	4	58272.2	0
13.809	1	9	9	630.311	0
13.81	1	7	10	5740.39	0
13.811	1	4	11	8915.68	0
13.812	1	6	12	440.019	0
13.815	1	2	15	4496.59	0
13.816	1	3	16	1770.64	0
13.841	1	5	1	56208.8	0
13.842	1	8	2	56457.4	0
13.843	1	1	3	4496.59	0
13.844	1	10	4	58272.2	0
13.849	1	9	9	630.311	0
13.85	1	7	10	5740.39	0
13.851	1	4	11	8915.68	0
13.852	1	6	12	440.019	0
13.855	1	2	15	4496.59	0
13.856	1	3	16	1770.64	0
13.881	1	5	1	56208.8	0
13.882	1	8	2	56457.4	0
13.883	1	1	3	4496.59	0
13.884	1	10	4	58272.2	0
13.889	1	9	9	630.311	0
13.89	1	7	10	5740.39	0
13.891	1	4	11	8915.68	0
13.892	1	6	12	440.019	0
13.895	1	2	15	4496.59	0
13.896	1	3	16	1770.64	0
13.921	1	5	1	56208.8	0
13.922	1	8	2	56457.4	0
13.923	1	1	3	4496.59	0
13.924	1	10	4	58272.2	0
13.929	1	9	9	630.311	0
13.93	1	7	10	5740.39	0
13.931	1	4	11	8915.68	0
13.932	1	6	12	440.019	0
13.935	1	2	15	4496.59	0
13.936	1	3	16	1770.64	0
13.961	1	5	1	56208.8	0
13.962	1	8	2	56457.4	0
13.963	1	1	3	4496.59	0
13.964	1	10	4	58272.2	0
13.969	1	9	9	630.311	0
13.97	1	7	10	5740.39	0
13.971	1	4	11	8915.68	0
13.972	1	6	12	440.019	0
13.975	1	2	15	4496.59	0
13.976	1	3	16	1770.64	0
14.001	1	5	1	56208.8	0
14.002	1	8	2	56457.4	0
14.003	1	1	3	4496.59	0
14.004	1	10	4	58272.2	0
14.009	1	9	9	630.311	0
14.01	1	7	10	5740.39	0
14.011	1	4	11	8915.68	0
14.012	1	6	12	440.019	0
14.015	1	2	15	4496.59	0
14.016	1	3	16	1770.64	0
14.041	1	5	1	56208.8	0
14.042	1	8	2	56457.4	0
14.043	1	1	3	4496.59	0
14.044	1	10	4	58272.2	0
14.049	1	9	9	630.311	0
14.05	1	7	10	5740.39	0
14.051	1	4	11	8915.68	0
14.052	1	6	12	440.019	0
14.055	1	2	15	4496.59	0
14.056	1	3	16	1770.64	0
14.081	1	5	1	56208.8	0
14.082	1	8	2	56457.4	0
14.083	1	1	3	4496.59	0
14.084	1	10	4	58272.2	0
14.089	1	9	9	630.311	0
14.09	1	7	10	5740.39	0
14.091	1	4	11	8915.68	0
14.092	1	6	12	440.019	0
14.095	1	2	15	4496.59	0
14.096	1	3	16	1770.64	0
14.121	1	5	1	56208.8	0
14.122	1	8	2	56457.4	0
14.123	1	1	3	4496.59	0
14.124	1	10	4	58272.2	0
14.129	1	9	9	630.311	0
14.13	1	7	10	5740.39	0
14.131	1	4	11	8915.68	0
14.132	1	6	12	440.019	0
14.135	1	2	15	4496.59	0
14.136	1	3	16	1770.64	0
14.161	1	5	1	56208.8	0
14.162	1	8	2	56457.4	0
14.163	1	1	3	4496.59	0
14.164	1	10	4	58272.2	0
14.169	1	9	9	630.311	0
14.17	1	7	10	5740.39	0
14.171	1	4	11	8915.68	0
14.172	1	6	12	440.019	0
14.175	1	2	15	4496.59	0
14.176	1	3	16	1770.64	0
14.201	1	5	1	56208.8	0
14.202	1	8	2	56457.4	0
14.203	1	1	3	4496.59	0
14.204	1	10	4	58272.2	0
14.209	1	9	9	630.311	0
14.21	1	7	10	5740.39	0
14.211	1	4	11	8915.68	0
14.212	1	6	12	440.019	0
14.215	1	2	15	4496.59	0
14.216	1	3	16	1770.64	0
14.241	1	5	1	56208.8	0
14.242	1	8	2	56457.4	0
14.243	1	1	3	4496.59	0
14.244	1	10	4	58272.2	0
14.249	1	9	9	630.311	0
14.25	1	7	10	5740.39	0
14.251	1	4	11	8915.68	0
14.252	1	6	12	440.019	0
14.255	1	2	15	4496.59	0
14.256	1	3	16	1770.64	0
14.281	1	5	1	56208.8	0
14.282	1	8	2	56457.4	0
14.283	1	1	3	4496.59	0
14.284	1	10	4	58272.2	0
14.289	1	9	9	630.311	0
14.29	1	7	10	5740.39	0
14.291	1	4	11	8915.68	0
14.292	1	6	12	440.019	0
14.295	1	2	15	4496.59	0
14.296	1	3	16	1770.64	0
14.321	1	5	1	56208.8	0
14.322	1	8	2	56457.4	0
14.323	1	1	3	4496.59	0
14.324	1	10	4	58272.2	0
14.329	1	9	9	630.311	0
14.33	1	7	10	5740.39	0
14.331	1	4	11	8915.68	0
14.332	1	6	12	440.019	0
14.335	1	2	15	4496.59	0
14.336	1	3	16	1770.64	0
14.361	1	5	1	56208.8	0
14.362	1	8	2	56457.4	0
14.363	1	1	3	4496.59	0
14.364	1	10	4	58272.2	0
14.369	1	9	9	630.311	0
14.37	1	7	10	5740.39	0
14.371	1	4	11	8915.68	0
14.372	1	6	12	440.019	0
14.375	1	2	15	4496.59	0
14.376	1	3	16	1770.64	0
14.401	1	5	1	56208.8	0
14.402	1	8	2	56457.4	0
14.403	1	1	3	4496.59	0
14.404	1	10	4	58272.2	0
14.409	1	9	9	630.311	0
14.41	1	7	10	5740.39	0
14.411	1	4	11	8915.68	0
14.412	1	6	12	440.019	0
14.415	1	2	15	4496.59	0
14.416	1	3	16	1770.64	0
14.441	1	5	1	56208.8	0
14.442	1	8	2	56457.4	0
14.443	1	1	3	4496.59	0
14.444	1	10	4	58272.2	0
14.449	1	9	9	630.311	0
14.45	1	7	10	5740.39	0
14.451	1	4	11	8915.68	0
14.452	1	6	12	440.019	0
14.455	1	2	15	4496.59	0
14.456	1	3	16	1770.64	0
14.481	1	5	1	56208.8	0
14.482	1	8	2	56457.4	0
14.483	1	1	3	4496.59	0
14.484	1	10	4	58272.2	0
14.489	1	9	9	630.311	0
14.49	1	7	10	5740.39	0
14.491	1	4	11	8915.68	0
14.492	1	6	12	440.019	0
14.495	1	2	15	4496.59	0
14.496	1	3	16	1770.64	0
14.521	1	5	1	56208.8	0
14.522	1	8	2	56457.4	0
14.523	1	1	3	4496.59	0
14.524	1	10	4	58272.2	0
14.529	1	9	9	630.311	0
14.53	1	7	10	5740.39	0
14.531	1	4	11	8915.68	0
14.532	1	6	12	440.019	0
14.535	1	2	15	4496.59	0
14.536	1	3	16	1770.64	0
14.561	1	5	1	56208.8	0
14.562	1	8	2	56457.4	0
14.563	1	1	3	4496.59	0
14.564	1	10	4	58272.2	0
14.569	1	9	9	630.311	0
14.57	1	7	10	5740.39	0
14.571	1	4	11	8915.68	0
14.572	1	6	12	440.019	0
14.575	1	2	15	4496.59	0
14.576	1	3	16	1770.64	0
14.601	1	5	1	56208.8	0
14.602	1	8	2	56457.4	0
14.603	1	1	3	4496.59	0
14.604	1	10	4	58272.2	0
14.609	1	9	9	630.311	0
14.61	1	7	10	5740.39	0
14.611	1	4	11	8915.68	0
14.612	1	6	12	440.019	0
14.615	1	2	15	4496.59	0
14.616	1	3	16	1770.64	0
14.641	1	5	1	56208.8	0
14.642	1	8	2	56457.4	0
14.643	1	1	3	4496.59	0
14.644	1	10	4	58272.2	0
14.649	1	9	9	630.311	0
14.65	1	7	10	5740.39	0
14.651	1	4	11	8915.68	0
14.652	1	6	12	440.019	0
14.655	1	2	15	4496.59	0
14.656	1	3	16	1770.64	0
14.681	1	5	1	56208.8	0
14.682	1	8	2	56457.4	0
14.683	1	1	3	4496.59	0
14.684	1	10	4	58272.2	0
14.689	1	9	9	630.311	0
14.69	1	7	10	5740.39	0
14.691	1	4	11	8915.68	0
14.692	1	6	12	440.019	0
14.695	1	2	15	4496.59	0
14.696	1	3	16	1770.64	0
14.721	1	5	1	56208.8	0
14.722	1	8	2	56457.4	0
14.723	1	1	3	4496.59	0
14.724	1	10	4	58272.2	0
14.729	1	9	9	630.311	0
14.73	1	7	10	5740.39	0
14.731	1	4	11	8915.68	0
14.732	1	6	12	440.019	0
14.735	1	2	15	4496.59	0
14.736	1	3	16	1770.64	0
14.761	1	5	1	56208.8	0
14.762	1	8	2	56457.4	0
14.763	1	1	3	4496.59	0
14.764	1	10	4	58272.2	0
14.769	1	9	9	630.311	0
14.77	1	7	10	5740.39	0
14.771	1	4	11	8915.68	0
14.772	1	6	12	440.019	0
14.775	1	2	15	4496.59	0
14.776	1	3	16	1770.64	0
14.801	1	5	1	56208.8	0
14.802	1	8	2	56457.4	0
14.803	1	1	3	4496.59	0
14.804	1	10	4	58272.2	0
14.809	1	9	9	630.311	0
14.81	1	7	10	5740.39	0
14.811	1	4	11	8915.68	0
14.812	1	6	12	440.019	0
14.815	1	2	15	4496.59	0
14.816	1	3	16	1770.64	0
14.841	1	5	1	56208.8	0
14.842	1	8	2	56457.4	0
14.843	1	1	3	4496.59	0
14.844	1	10	4	58272.2	0
14.849	1	9	9	630.311	0
14.85	1	7	10	5740.39	0
14.851	1	4	11	8915.68	0
14.852	1	6	12	440.019	0
14.855	1	2	15	4496.59	0
14.856	1	3	16	1770.64	0
14.881	1	5	1	56208.8	0
14.882	1	8	2	56457.4	0
14.883	1	1	3	4496.59	0
14.884	1	10	4	58272.2	0
14.889	1	9	9	630.311	0
14.89	1	7	10	5740.39	0
14.891	1	4	11	8915.68	0
14.892	1	6	12	440.019	0
14.895	1	2	15	4496.59	0
14.896	1	3	16	1770.64	0
14.921	1	5	1	56208.8	0
14.922	1	8	2	56457.4	0
14.923	1	1	3	4496.59	0
14.924	1	10	4	58272.2	0
14.929	1	9	9	630.311	0
14.93	1	7	10	5740.39	0
14.931	1	4	11	8915.68	0
14.932	1	6	12	440.019	0
14.935	1	2	15	4496.59	0
14.936	1	3	16	1770.64	0
14.961	1	5	1	56208.8	0
14.962	1	8	2	56457.4	0
14.963	1	1	3	4496.59	0
14.964	1	10	4	58272.2	0
14.969	1	9	9	630.311	0
14.97	1	7	10	5740.39	0
14.971	1	4	11	8915.68	0
14.972	1	6	12	440.019	0
14.975	1	2	15	4496.59	0
14.976	1	3	16	1770.64	0
15.001	1	5	1	56208.8	0
15.002	1	8	2	56457.4	0
15.003	1	1	3	4496.59	0
15.004	1	10	4	58272.2	0
15.009	1	9	9	630.311	0
15.01	1	7	10	5740.39	0
15.011	1	4	11	8915.68	0
15.012	1	6	12	440.019	0
15.015	1	2	15	4496.59	0
15.016	1	3	16	1770.64	0
15.041	1	5	1	56208.8	0
15.042	1	8	2	56457.4	0
15.043	1	1	3	4496.59	0
15.044	1	10	4	58272.2	0
15.049	1	9	9	630.311	0
15.05	1	7	10	5740.39	0
15.051	1	4	11	8915.68	0
15.052	1	6	12	440.019	0
15.055	1	2	15	4496.59	0
15.056	1	3	16	1770.64	0
15.081	1	5	1	56208.8	0
15.082	1	8	2	56457.4	0
15.083	1	1	3	4496.59	0
15.084	1	10	4	58272.2	0
15.089	1	9	9	630.311	0
15.09	1	7	10	5740.39	0
15.091	1	4	11	8915.68	0
15.092	1	6	12	440.019	0
15.095	1	2	15	4496.59	0
15.096	1	3	16	1770.64	0
15.121	1	5	1	56208.8	0
15.122	1	8	2	56457.4	0
15.123	1	1	3	4496.59	0
15.124	1	10	4	58272.2	0
15.129	1	9	9	630.311	0
15.13	1	7	10	5740.39	0
15.131	1	4	11	8915.68	0
15.132	1	6	12	440.019	0
15.135	1	2	15	4496.59	0
15.136	1	3	16	1770.64	0
15.161	1	5	1	56208.8	0
15.162	1	8	2	56457.4	0
15.163	1	1	3	4496.59	0
15.164	1	10	4	58272.2	0
15.169	1	9	9	630.311	0
15.17	1	7	10	5740.39	0
15.171	1	4	11	8915.68	0
15.172	1	6	12	440.019	0
15.175	1	2	15	4496.59	0
15.176	1	3	16	1770.64	0
15.201	1	5	1	56208.8	0
15.202	1	8	2	56457.4	0
15.203	1	1	3	4496.59	0
15.204	1	10	4	58272.2	0
15.209	1	9	9	630.311	0
15.21	1	7	10	5740.39	0
15.211	1	4	11	8915.68	0
15.212	1	6	12	440.019	0
15.215	1	2	15	4496.59	0
15.216	1	3	16	1770.64	0
15.241	1	5	1	56208.8	0
15.242	1	8	2	56457.4	0
15.243	1	1	3	4496.59	0
15.244	1	10	4	58272.2	0
15.249	1	9	9	630.311	0
15.25	1	7	10	5740.39	0
15.251	1	4	11	8915.68	0
15.252	1	6	12	440.019	0
15.255	1	2	15	4496.59	0
15.256	1	3	16	1770.64	0
15.281	1	5	1	56208.8	0
15.282	1	8	2	56457.4	0
15.283	1	1	3	4496.59	0
15.284	1	10	4	58272.2	0
15.289	1	9	9	630.311	0
15.29	1	7	10	5740.39	0
15.291	1	4	11	8915.68	0
15.292	1	6	12	440.019	0
15.295	1	2	15	4496.59	0
15.296	1	3	16	1770.64	0
15.321	1	5	1	56208.8	0
15.322	1	8	2	56457.4	0
15.323	1	1	3	4496.59	0
15.324	1	10	4	58272.2	0
15.329	1	9	9	630.311	0
15.33	1	7	10	5740.39	0
15.331	1	4	11	8915.68	0
15.332	1	6	12	440.019	0
15.335	1	2	15	4496.59	0
15.336	1	3	16	1770.64	0
15.361	1	5	1	56208.8	0
15.362	1	8	2	56457.4	0
15.363	1	1	3	4496.59	0
15.364	1	10	4	58272.2	0
15.369	1	9	9	630.311	0
15.37	1	7	10	5740.39	0
15.371	1	4	11	8915.68	0
15.372	1	6	12	440.019	0
15.375	1	2	15	4496.59	0
15.376	1	3	16	1770.64	0
15.401	1	5	1	56208.8	0
15.402	1	8	2	56457.4	0
15.403	1	1	3	4496.59	0
15.404	1	10	4	58272.2	0
15.409	1	9	9	630.311	0
15.41	1	7	10	5740.39	0
15.411	1	4	11	8915.68	0
15.412	1	6	12	440.019	0
15.415	1	2	15	4496.59	0
15.416	1	3	16	1770.64	0
15.441	1	5	1	56208.8	0
15.442	1	8	2	56457.4	0
15.443	1	1	3	4496.59	0
15.444	1	10	4	58272.2	0
15.449	1	9	9	630.311	0
15.45	1	7	10	5740.39	0
15.451	1	4	11	8915.68	0
15.452	1	6	12	440.019	0
15.455	1	2	15	4496.59	0
15.456	1	3	16	1770.64	0
15.481	1	5	1	56208.8	0
15.482	1	8	2	56457.4	0
15.483	1	1	3	4496.59	0
15.484	1	10	4	58272.2	0
15.489	1	9	9	630.311	0
15.49	1	7	10	5740.39	0
15.491	1	4	11	8915.68	0
15.492	1	6	12	440.019	0
15.495	1	2	15	4496.59	0
15.496	1	3	16	1770.64	0
15.521	1	5	1	56208.8	0
15.522	1	8	2	56457.4	0
15.523	1	1	3	4496.59	0
15.524	1	10	4	58272.2	0
15.529	1	9	9	630.311	0
15.53	1	7	10	5740.39	0
15.531	1	4	11	8915.68	0
15.532	1	6	12	440.019	0
15.535	1	2	15	4496.59	0
15.536	1	3	16	1770.64	0
15.561	1	5	1	56208.8	0
15.562	1	8	2	56457.4	0
15.563	1	1	3	4496.59	0
15.564	1	10	4	58272.2	0
15.569	1	9	9	630.311	0
15.57	1	7	10	5740.39	0
15.571	1	4	11	8915.68	0
15.572	1	6	12	440.019	0
15.575	1	2	15	4496.59	0
15.576	1	3	16	1770.64	0
15.601	1	5	1	56208.8	0
15.602	1	8	2	56457.4	0
15.603	1	1	3	4496.59	0
15.604	1	10	4	58272.2	0
15.609	1	9	9	630.311	0
15.61	1	7	10	5740.39	0
15.611	1	4	11	8915.68	0
15.612	1	6	12	440.019	0
15.615	1	2	15	4496.59	0
15.616	1	3	16	1770.64	0
15.641	1	5	1	56208.8	0
15.642	1	8	2	56457.4	0
15.643	1	1	3	4496.59	0
15.644	1	10	4	58272.2	0
15.649	1	9	9	630.311	0
15.65	1	7	10	5740.39	0
15.651	1	4	11	8915.68	0
15.652	1	6	12	440.019	0
15.655	1	2	15	4496.59	0
15.656	1	3	16	1770.64	0
15.681	1	5	1	56208.8	0
15.682	1	8	2	56457.4	0
15.683	1	1	3	4496.59	0
15.684	1	10	4	58272.2	0
15.689	1	9	9	630.311	0
15.69	1	7	10	5740.39	0
15.691	1	4	11	8915.68	0
15.692	1	6	12	440.019	0
15.695	1	2	15	4496.59	0
15.696	1	3	16	1770.64	0
15.721	1	5	1	56208.8	0
15.722	1	8	2	56457.4	0
15.723	1	1	3	4496.59	0
15.724	1	10	4	58272.2	0
15.729	1	9	9	630.311	0
15.73	1	7	10	5740.39	0
15.731	1	4	11	8915.68	0
15.732	1	6	12	440.019	0
15.735	1	2	15	4496.59	0
15.736	1	3	16	1770.64	0
15.761	1	5	1	56208.8	0
15.762	1	8	2	56457.4	0
15.763	1	1	3	4496.59	0
15.764	1	10	4	58272.2	0
15.769	1	9	9	630.311	0
15.77	1	7	10	5740.39	0
15.771	1	4	11	8915.68	0
15.772	1	6	12	440.019	0
15.775	1	2	15	4496.59	0
15.776	1	3	16	1770.64	0
15.801	1	5	1	56208.8	0
15.802	1	8	2	56457.4	0
15.803	1	1	3	4496.59	0
15.804	1	10	4	58272.2	0
15.809	1	9	9	630.311	0
15.81	1	7	10	5740.39	0
15.811	1	4	11	8915.68	0
15.812	1	6	12	440.019	0
15.815	1	2	15	4496.59	0
15.816	1	3	16	1770.64	0
15.841	1	5	1	56208.8	0
15.842	1	8	2	56457.4	0
15.843	1	1	3	4496.59	0
15.844	1	10	4	58272.2	0
15.849	1	9	9	630.311	0
15.85	1	7	10	5740.39	0
15.851	1	4	11	8915.68	0
15.852	1	6	12	440.019	0
15.855	1	2	15	4496.59	0
15.856	1	3	16	1770.64	0
15.881	1	5	1	56208.8	0
15.882	1	8	2	56457.4	0
15.883	1	1	3	4496.59	0
15.884	1	10	4	58272.2	0
15.889	1	9	9	630.311	0
15.89	1	7	10	5740.39	0
15.891	1	4	11	8915.68	0
15.892	1	6	12	440.019	0
15.895	1	2	15	4496.59	0
15.896	1	3	16	1770.64	0
15.921	1	5	1	56208.8	0
15.922	1	8	2	56457.4	0
15.923	1	1	3	4496.59	0
15.924	1	10	4	58272.2	0
15.929	1	9	9	630.311	0
15.93	1	7	10	5740.39	0
15.931	1	4	11	8915.68	0
15.932	1	6	12	440.019	0
15.935	1	2	15	4496.59	0
15.936	1	3	16	1770.64	0
15.961	1	5	1	56208.8	0
15.962	1	8	2	56457.4	0
15.963	1	1	3	4496.59	0
15.964	1	10	4	58272.2	0
15.969	1	9	9	630.311	0
15.97	1	7	10	5740.39	0
15.971	1	4	11	8915.68	0
15.972	1	6	12	440.019	0
15.975	1	2	15	4496.59	0
15.976	1	3	16	1770.64	0
16.001	1	5	1	56208.8	0
16.002	1	8	2	56457.4	0
16.003	1	1	3	4496.59	0
16.004	1	10	4	58272.2	0
16.009	1	9	9	630.311	0
16.01	1	7	10	5740.39	0
16.011	1	4	11	8915.68	0
16.012	1	6	12	440.019	0
16.015	1	2	15	4496.59	0
16.016	1	3	16	1770.64	0
16.041	1	5	1	56208.8	0
16.042	1	8	2	56457.4	0
16.043	1	1	3	4496.59	0
16.044	1	10	4	58272.2	0
16.049	1	9	9	630.311	0
16.05	1	7	10	5740.39	0
16.051	1	4	11	8915.68	0
16.052	1	6	12	440.019	0
16.055	1	2	15	4496.59	0
16.056	1	3	16	1770.64	0
16.081	1	5	1	56208.8	0
16.082	1	8	2	56457.4	0
16.083	1	1	3	4496.59	0
16.084	1	10	4	58272.2	0
16.089	1	9	9	630.311	0
16.09	1	7	10	5740.39	0
16.091	1	4	11	8915.68	0
16.092	1	6	12	440.019	0
16.095	1	2	15	4496.59	0
16.096	1	3	16	1770.64	0
16.121	1	5	1	56208.8	0
16.122	1	8	2	56457.4	0
16.123	1	1	3	4496.59	0
16.124	1	10	4	58272.2	0
16.129	1	9	9	630.311	0
16.13	1	7	10	5740.39	0
16.131	1	4	11	8915.68	0
16.132	1	6	12	440.019	0
16.135	1	2	15	4496.59	0
16.136	1	3	16	1770.64	0
16.161	1	5	1	56208.8	0
16.162	1	8	2	56457.4	0
16.163	1	1	3	4496.59	0
16.164	1	10	4	58272.2	0
16.169	1	9	9	630.311	0
16.17	1	7	10	5740.39	0
16.171	1	4	11	8915.68	0
16.172	1	6	12	440.019	0
16.175	1	2	15	4496.59	0
16.176	1	3	16	1770.64	0
16.201	1	5	1	56208.8	0
16.202	1	8	2	56457.4	0
16.203	1	1	3	4496.59	0
16.204	1	10	4	58272.2	0
16.209	1	9	9	630.311	0
16.21	1	7	10	5740.39	0
16.211	1	4	11	8915.68	0
16.212	1	6	12	440.019	0
16.215	1	2	15	4496.59	0
16.216	1	3	16	1770.64	0
16.241	1	5	1	56208.8	0
16.242	1	8	2	56457.4	0
16.243	1	1	3	4496.59	0
16.244	1	10	4	58272.2	0
16.249	1	9	9	630.311	0
16.25	1	7	10	5740.39	0
16.251	1	4	11	8915.68	0
16.252	1	6	12	440.019	0
16.255	1	2	15	4496.59	0
16.256	1	3	16	1770.64	0
16.281	1	5	1	56208.8	0
16.282	1	8	2	56457.4	0
16.283	1	1	3	4496.59	0
16.284	1	10	4	58272.2	0
16.289	1	9	9	630.311	0
16.29	1	7	10	5740.39	0
16.291	1	4	11	8915.68	0
16.292	1	6	12	440.019	0
16.295	1	2	15	4496.59	0
16.296	1	3	16	1770.64	0
16.321	1	5	1	56208.8	0
16.322	1	8	2	56457.4	0
16.323	1	1	3	4496.59	0
16.324	1	10	4	58272.2	0
16.329	1	9	9	630.311	0
16.33	1	7	10	5740.39	0
16.331	1	4	11	8915.68	0
16.332	1	6	12	440.019	0
16.335	1	2	15	4496.59	0
16.336	1	3	16	1770.64	0
16.361	1	5	1	56208.8	0
16.362	1	8	2	56457.4	0
16.363	1	1	3	4496.59	0
16.364	1	10	4	58272.2	0
16.369	1	9	9	630.311	0
16.37	1	7	10	5740.39	0
16.371	1	4	11	8915.68	0
16.372	1	6	12	440.019	0
16.375	1	2	15	4496.59	0
16.376	1	3	16	1770.64	0
16.401	1	5	1	56208.8	0
16.402	1	8	2	56457.4	0
16.403	1	1	3	4496.59	0
16.404	1	10	4	58272.2	0
16.409	1	9	9	630.311	0
16.41	1	7	10	5740.39	0
16.411	1	4	11	8915.68	0
16.412	1	6	12	440.019	0
16.415	1	2	15	4496.59	0
16.416	1	3	16	1770.64	0
16.441	1	5	1	56208.8	0
16.442	1	8	2	56457.4	0
16.443	1	1	3	4496.59	0
16.444	1	10	4	58272.2	0
16.449	1	9	9	630.311	0
16.45	1	7	10	5740.39	0
16.451	1	4	11	8915.68	0
16.452	1	6	12	440.019	0
16.455	1	2	15	4496.59	0
16.456	1	3	16	1770.64	0
16.481	1	5	1	56208.8	0
16.482	1	8	2	56457.4	0
16.483	1	1	3	4496.59	0
16.484	1	10	4	58272.2	0
16.489	1	9	9	630.311	0
16.49	1	7	10	5740.39	0
16.491	1	4	11	8915.68	0
16.492	1	6	12	440.019	0
16.495	1	2	15	4496.59	0
16.496	1	3	16	1770.64	0
16.521	1	5	1	56208.8	0
16.522	1	8	2	56457.4	0
16.523	1	1	3	4496.59	0
16.524	1	10	4	58272.2	0
16.529	1	9	9	630.311	0
16.53	1	7	10	5740.39	0
16.531	1	4	11	8915.68	0
16.532	1	6	12	440.019	0
16.535	1	2	15	4496.59	0
16.536	1	3	16	1770.64	0
16.561	1	5	1	56208.8	0
16.562	1	8	2	56457.4	0
16.563	1	1	3	4496.59	0
16.564	1	10	4	58272.2	0
16.569	1	9	9	630.311	0
16.57	1	7	10	5740.39	0
16.571	1	4	11	8915.68	0
16.572	1	6	12	440.019	0
16.575	1	2	15	4496.59	0
16.576	1	3	16	1770.64	0
16.601	1	5	1	56208.8	0
16.602	1	8	2	56457.4	0
16.603	1	1	3	4496.59	0
16.604	1	10	4	58272.2	0
16.609	1	9	9	630.311	0
16.61	1	7	10	5740.39	0
16.611	1	4	11	8915.68	0
16.612	1	6	12	440.019	0
16.615	1	2	15	4496.59	0
16.616	1	3	16	1770.64	0
16.641	1	5	1	56208.8	0
16.642	1	8	2	56457.4	0
16.643	1	1	3	4496.59	0
16.644	1	10	4	58272.2	0
16.649	1	9	9	630.311	0
16.65	1	7	10	5740.39	0
16.651	1	4	11	8915.68	0
16.652	1	6	12	440.019	0
16.655	1	2	15	4496.59	0
16.656	1	3	16	1770.64	0
16.681	1	5	1	56208.8	0
16.682	1	8	2	56457.4	0
16.683	1	1	3	4496.59	0
16.684	1	10	4	58272.2	0
16.689	1	9	9	630.311	0
16.69	1	7	10	5740.39	0
16.691	1	4	11	8915.68	0
16.692	1	6	12	440.019	0
16.695	1	2	15	4496.59	0
16.696	1	3	16	1770.64	0
16.721	1	5	1	56208.8	0
16.722	1	8	2	56457.4	0
16.723	1	1	3	4496.59	0
16.724	1	10	4	58272.2	0
16.729	1	9	9	630.311	0
16.73	1	7	10	5740.39	0
16.731	1	4	11	8915.68	0
16.732	1	6	12	440.019	0
16.735	1	2	15	4496.59	0
16.736	1	3	16	1770.64	0
