% time	cellId	IMSI	RNTI	txMode	layer	mcs	size	rv	ndi	correct	ccId
34	1	2	6	0	0	28	2196	0	1	1	0
43	1	5	2	0	0	28	2196	0	1	1	0
45	1	1	1	0	0	28	2196	0	1	1	0
49	1	5	2	0	0	28	2196	0	1	1	0
55	1	3	3	0	0	28	2196	0	1	1	0
58	1	4	4	0	0	28	2196	0	1	1	0
61	1	2	6	0	0	28	2196	0	1	1	0
66	1	5	2	0	0	28	2196	0	1	1	0
70	1	1	1	0	0	28	2196	0	1	1	0
74	1	4	4	0	0	28	2196	0	1	1	0
77	1	1	1	0	0	28	2196	0	1	1	0
82	1	4	4	0	0	28	2196	0	1	1	0
83	1	5	2	0	0	28	2196	0	1	1	0
89	1	3	3	0	0	28	2196	0	1	1	0
95	1	2	6	0	0	28	2196	0	1	1	0
96	1	5	2	0	0	28	2196	0	1	1	0
99	1	4	4	0	0	28	2196	0	1	1	0
105	1	4	4	0	0	28	2196	0	1	1	0
108	1	5	2	0	0	28	2196	0	1	1	0
111	1	3	3	0	0	22	1383	0	1	1	0
113	1	1	1	0	0	28	2196	0	1	1	0
118	1	3	3	0	0	28	2196	0	1	1	0
122	1	2	6	0	0	28	2196	0	1	1	0
141	1	3	3	0	0	28	2196	0	1	1	0
143	1	4	4	0	0	28	2196	0	1	1	0
150	1	4	4	0	0	28	2196	0	1	1	0
156	1	3	3	0	0	28	2196	0	1	1	0
171	1	5	2	0	0	28	2196	0	1	1	0
172	1	4	4	0	0	28	2196	0	1	1	0
173	1	3	3	0	0	22	1383	0	1	1	0
179	1	1	1	0	0	28	2196	0	1	1	0
181	1	4	4	0	0	28	2196	0	1	1	0
182	1	3	3	0	0	24	1620	0	1	1	0
189	1	2	6	0	0	28	2196	0	1	1	0
194	1	3	3	0	0	28	2196	0	1	1	0
195	1	5	2	0	0	28	2196	0	1	1	0
210	1	2	6	0	0	28	2196	0	1	1	0
211	1	4	4	0	0	28	2196	0	1	1	0
217	1	4	4	0	0	28	2196	0	1	1	0
224	1	4	4	0	0	24	1620	0	1	1	0
225	1	5	2	0	0	28	2196	0	1	1	0
237	1	2	6	0	0	28	2196	0	1	1	0
241	1	3	3	0	0	24	1620	0	1	1	0
249	1	1	1	0	0	28	2196	0	1	1	0
250	1	3	3	0	0	28	2196	0	1	1	0
254	1	5	2	0	0	28	2196	0	1	1	0
259	1	5	2	0	0	28	2196	0	1	1	0
267	1	4	4	0	0	28	2196	0	1	1	0
269	1	3	3	0	0	28	2196	0	1	1	0
270	1	5	2	0	0	28	2196	0	1	1	0
272	1	2	6	0	0	28	2196	0	1	1	0
278	1	5	2	0	0	28	2196	0	1	1	0
283	1	1	1	0	0	28	2196	0	1	1	0
284	1	3	3	0	0	28	2196	0	1	1	0
293	1	2	6	0	0	28	2196	0	1	1	0
310	1	4	4	0	0	28	2196	0	1	1	0
313	1	3	3	0	0	22	1383	0	1	1	0
318	1	2	6	0	0	28	2196	0	1	1	0
324	1	3	3	0	0	22	1383	0	1	1	0
327	1	1	1	0	0	28	2196	0	1	1	0
335	1	1	1	0	0	28	2196	0	1	1	0
339	1	2	6	0	0	28	2196	0	1	1	0
342	1	4	4	0	0	28	2196	0	1	1	0
347	1	2	6	0	0	28	2196	0	1	1	0
354	1	5	2	0	0	28	2196	0	1	1	0
355	1	3	3	0	0	28	2196	0	1	1	0
363	1	4	4	0	0	24	1620	0	1	1	0
365	1	3	3	0	0	28	2196	0	1	1	0
374	1	5	2	0	0	28	2196	0	1	1	0
378	1	3	3	0	0	28	2196	0	1	1	0
384	1	3	3	0	0	28	2196	0	1	1	0
388	1	4	4	0	0	28	2196	0	1	1	0
393	1	2	6	0	0	28	2196	0	1	1	0
397	1	1	1	0	0	28	2196	0	1	1	0
410	1	2	6	0	0	28	2196	0	1	1	0
412	1	4	4	0	0	28	2196	0	1	1	0
414	1	5	2	0	0	28	2196	0	1	1	0
419	1	5	2	0	0	28	2196	0	1	1	0
422	1	4	4	0	0	28	2196	0	1	1	0
431	1	3	3	0	0	28	2196	0	1	1	0
435	1	5	2	0	0	28	2196	0	1	1	0
438	1	3	3	0	0	28	2196	0	1	1	0
449	1	5	2	0	0	28	2196	0	1	1	0
452	1	4	4	0	0	28	2196	0	1	1	0
458	1	2	6	0	0	28	2196	0	1	1	0
464	1	4	4	0	0	28	2196	0	1	1	0
465	1	3	3	0	0	28	2196	0	1	1	0
468	1	3	3	0	0	28	2196	0	1	1	0
480	1	2	6	0	0	28	2196	0	1	1	0
486	1	5	2	0	0	28	2196	0	1	1	0
487	1	2	6	0	0	28	2196	0	1	1	0
493	1	4	4	0	0	28	2196	0	1	1	0
495	1	2	6	0	0	28	2196	0	1	1	0
496	1	3	3	0	0	26	1836	0	1	1	0
498	1	1	1	0	0	28	2196	0	1	1	0
499	1	5	2	0	0	28	2196	0	1	1	0
506	1	4	4	0	0	28	2196	0	1	1	0
507	1	3	3	0	0	26	1836	0	1	1	0
510	1	1	1	0	0	28	2196	0	1	1	0
516	1	5	2	0	0	28	2196	0	1	1	0
520	1	4	4	0	0	28	2196	0	1	1	0
521	1	2	6	0	0	28	2196	0	1	1	0
522	1	1	1	0	0	28	2196	0	1	1	0
528	1	4	4	0	0	28	2196	0	1	1	0
530	1	3	3	0	0	28	2196	0	1	1	0
532	1	2	6	0	0	28	2196	0	1	1	0
535	1	3	3	0	0	28	2196	0	1	1	0
538	1	4	4	0	0	28	2196	0	1	1	0
545	1	2	6	0	0	14	775	0	1	1	0
550	1	5	2	0	0	28	2196	0	1	1	0
562	1	2	6	0	0	28	2196	0	1	1	0
576	1	5	2	0	0	28	2196	0	1	1	0
581	1	2	6	0	0	28	2196	0	1	1	0
589	1	4	4	0	0	28	2196	0	1	1	0
594	1	1	1	0	0	28	2196	0	1	1	0
600	1	5	2	0	0	28	2196	0	1	1	0
602	1	1	1	0	0	28	2196	0	1	1	0
611	1	4	4	0	0	28	2196	0	1	1	0
612	1	3	3	0	0	28	2196	0	1	1	0
622	1	2	6	0	0	28	2196	0	1	1	0
627	1	5	2	0	0	28	2196	0	1	1	0
629	1	3	3	0	0	22	1383	0	1	1	0
630	1	1	1	0	0	28	2196	0	1	1	0
633	1	4	4	0	0	28	2196	0	1	1	0
640	1	5	2	0	0	28	2196	0	1	1	0
641	1	1	1	0	0	28	2196	0	1	1	0
643	1	3	3	0	0	28	2196	0	1	1	0
657	1	1	1	0	0	28	2196	0	1	1	0
664	1	2	6	0	0	24	1620	0	1	1	0
665	1	3	3	0	0	28	2196	0	1	1	0
677	1	4	4	0	0	28	2196	0	1	1	0
678	1	2	6	0	0	28	2196	0	1	1	0
680	1	5	2	0	0	28	2196	0	1	1	0
682	1	1	1	0	0	28	2196	0	1	1	0
692	1	2	6	0	0	28	2196	0	1	1	0
698	1	5	2	0	0	28	2196	0	1	1	0
703	1	2	6	0	0	28	2196	0	1	1	0
704	1	3	3	0	0	28	2196	0	1	1	0
708	1	1	1	0	0	28	2196	0	1	1	0
711	1	5	2	0	0	28	2196	0	1	1	0
712	1	4	4	0	0	28	2196	0	1	1	0
717	1	2	6	0	0	28	2196	0	1	1	0
718	1	3	3	0	0	28	2196	0	1	1	0
721	1	4	4	0	0	28	2196	0	1	1	0
722	1	5	2	0	0	28	2196	0	1	1	0
723	1	1	1	0	0	28	2196	0	1	1	0
728	1	4	4	0	0	28	2196	0	1	1	0
729	1	2	6	0	0	28	2196	0	1	1	0
730	1	5	2	0	0	28	2196	0	1	1	0
735	1	3	3	0	0	28	2196	0	1	1	0
745	1	5	2	0	0	28	2196	0	1	1	0
756	1	1	1	0	0	28	2196	0	1	1	0
757	1	3	3	0	0	24	1620	0	1	1	0
777	1	1	1	0	0	28	2196	0	1	1	0
783	1	4	4	0	0	28	2196	0	1	1	0
785	1	2	6	0	0	28	2196	0	1	1	0
791	1	5	2	0	0	28	2196	0	1	1	0
795	1	2	6	0	0	28	2196	0	1	1	0
802	1	4	4	0	0	28	2196	0	1	1	0
809	1	3	3	0	0	28	2196	0	1	1	0
814	1	5	2	0	0	28	2196	0	1	1	0
815	1	4	4	0	0	28	2196	0	1	1	0
818	1	3	3	0	0	28	2196	0	1	1	0
819	1	2	6	0	0	28	2196	0	1	1	0
821	1	1	1	0	0	28	2196	0	1	1	0
831	1	4	4	0	0	28	2196	0	1	1	0
838	1	1	1	0	0	28	2196	0	1	1	0
839	1	2	6	0	0	28	2196	0	1	1	0
847	1	3	3	0	0	28	2196	0	1	1	0
852	1	2	6	0	0	28	2196	0	1	1	0
853	1	4	4	0	0	28	2196	0	1	1	0
862	1	1	1	0	0	28	2196	0	1	1	0
865	1	2	6	0	0	28	2196	0	1	1	0
868	1	1	1	0	0	28	2196	0	1	1	0
869	1	3	3	0	0	28	2196	0	1	1	0
873	1	4	4	0	0	28	2196	0	1	1	0
876	1	5	2	0	0	28	2196	0	1	1	0
883	1	2	6	0	0	28	2196	0	1	1	0
887	1	4	4	0	0	28	2196	0	1	1	0
897	1	1	1	0	0	28	2196	0	1	1	0
902	1	5	2	0	0	28	2196	0	1	1	0
905	1	4	4	0	0	28	2196	0	1	1	0
912	1	1	1	0	0	28	2196	0	1	1	0
917	1	2	6	0	0	28	2196	0	1	1	0
918	1	4	4	0	0	28	2196	0	1	1	0
923	1	1	1	0	0	28	2196	0	1	1	0
924	1	2	6	0	0	28	2196	0	1	1	0
927	1	4	4	0	0	28	2196	0	1	1	0
928	1	5	2	0	0	28	2196	0	1	1	0
934	1	3	3	0	0	28	2196	0	1	1	0
937	1	4	4	0	0	28	2196	0	1	1	0
938	1	1	1	0	0	28	2196	0	1	1	0
956	1	3	3	0	0	28	2196	0	1	1	0
957	1	2	6	0	0	28	2196	0	1	1	0
960	1	1	1	0	0	28	2196	0	1	1	0
975	1	2	6	0	0	28	2196	0	1	1	0
976	1	1	1	0	0	28	2196	0	1	1	0
978	1	3	3	0	0	28	2196	0	1	1	0
981	1	4	4	0	0	28	2196	0	1	1	0
982	1	5	2	0	0	28	2196	0	1	1	0
983	1	2	6	0	0	28	2196	0	1	1	0
985	1	3	3	0	0	28	2196	0	1	1	0
989	1	3	3	0	0	28	2196	0	1	1	0
990	1	2	6	0	0	28	2196	0	1	1	0
1000	1	2	6	0	0	28	2196	0	1	1	0
1019	1	5	2	0	0	28	2196	0	1	1	0
1020	1	2	6	0	0	24	1620	0	1	1	0
1023	1	1	1	0	0	28	2196	0	1	1	0
1025	1	3	3	0	0	28	2196	0	1	1	0
1027	1	1	1	0	0	28	2196	0	1	1	0
1038	1	1	1	0	0	28	2196	0	1	1	0
1042	1	2	6	0	0	28	2196	0	1	1	0
1044	1	5	2	0	0	28	2196	0	1	1	0
1048	1	3	3	0	0	28	2196	0	1	1	0
1050	1	4	4	0	0	28	2196	0	1	1	0
1054	1	2	6	0	0	28	2196	0	1	1	0
1059	1	3	3	0	0	28	2196	0	1	1	0
1063	1	1	1	0	0	28	2196	0	1	1	0
1064	1	3	3	0	0	28	2196	0	1	1	0
1070	1	5	2	0	0	28	2196	0	1	1	0
1083	1	5	2	0	0	28	2196	0	1	1	0
1084	1	2	6	0	0	28	2196	0	1	1	0
1085	1	4	4	0	0	28	2196	0	1	1	0
1086	1	3	3	0	0	22	1383	0	1	1	0
1093	1	4	4	0	0	20	1191	0	1	1	0
1096	1	1	1	0	0	28	2196	0	1	1	0
1102	1	3	3	0	0	28	2196	0	1	1	0
1103	1	4	4	0	0	24	1620	0	1	1	0
1104	1	2	6	0	0	28	2196	0	1	1	0
1116	1	4	4	0	0	28	2196	0	1	1	0
1117	1	1	1	0	0	28	2196	0	1	1	0
1120	1	2	6	0	0	28	2196	0	1	1	0
1124	1	1	1	0	0	28	2196	0	1	1	0
1134	1	3	3	0	0	28	2196	0	1	1	0
1135	1	5	2	0	0	28	2196	0	1	1	0
1142	1	1	1	0	0	28	2196	0	1	1	0
1146	1	4	4	0	0	28	2196	0	1	1	0
1156	1	5	2	0	0	28	2196	0	1	1	0
1165	1	4	4	0	0	28	2196	0	1	1	0
1167	1	1	1	0	0	28	2196	0	1	1	0
1173	1	3	3	0	0	28	2196	0	1	1	0
1174	1	4	4	0	0	28	2196	0	1	1	0
1177	1	1	1	0	0	28	2196	0	1	1	0
1181	1	5	2	0	0	28	2196	0	1	1	0
1183	1	2	6	0	0	28	2196	0	1	1	0
1184	1	3	3	0	0	28	2196	0	1	1	0
1187	1	1	1	0	0	28	2196	0	1	1	0
1192	1	2	6	0	0	28	2196	0	1	1	0
1193	1	5	2	0	0	28	2196	0	1	1	0
1194	1	3	3	0	0	28	2196	0	1	1	0
1203	1	2	6	0	0	28	2196	0	1	1	0
1207	1	5	2	0	0	28	2196	0	1	1	0
1213	1	1	1	0	0	28	2196	0	1	1	0
1218	1	3	3	0	0	28	2196	0	1	1	0
1219	1	4	4	0	0	28	2196	0	1	1	0
1228	1	3	3	0	0	28	2196	0	1	1	0
1231	1	1	1	0	0	28	2196	0	1	1	0
1236	1	3	3	0	0	28	2196	0	1	1	0
1246	1	5	2	0	0	28	2196	0	1	1	0
1247	1	2	6	0	0	28	2196	0	1	1	0
1248	1	3	3	0	0	28	2196	0	1	1	0
1249	1	4	4	0	0	28	2196	0	1	1	0
1258	1	5	2	0	0	28	2196	0	1	1	0
1262	1	3	3	0	0	24	1620	0	1	1	0
1265	1	2	6	0	0	28	2196	0	1	1	0
1273	1	1	1	0	0	28	2196	0	1	1	0
1274	1	4	4	0	0	28	2196	0	1	1	0
1275	1	5	2	0	0	28	2196	0	1	1	0
1284	1	5	2	0	0	28	2196	0	1	1	0
1292	1	3	3	0	0	28	2196	0	1	1	0
1298	1	1	1	0	0	28	2196	0	1	1	0
1302	1	3	3	0	0	28	2196	0	1	1	0
1305	1	5	2	0	0	28	2196	0	1	1	0
1307	1	2	6	0	0	28	2196	0	1	1	0
1311	1	4	4	0	0	28	2196	0	1	1	0
1320	1	4	4	0	0	28	2196	0	1	1	0
1321	1	5	2	0	0	28	2196	0	1	1	0
1335	1	2	6	0	0	28	2196	0	1	1	0
1336	1	1	1	0	0	28	2196	0	1	1	0
1344	1	1	1	0	0	28	2196	0	1	1	0
1345	1	3	3	0	0	28	2196	0	1	1	0
1347	1	5	2	0	0	28	2196	0	1	1	0
1349	1	2	6	0	0	28	2196	0	1	1	0
1353	1	4	4	0	0	28	2196	0	1	1	0
1363	1	3	3	0	0	28	2196	0	1	1	0
1373	1	2	6	0	0	28	2196	0	1	1	0
1380	1	5	2	0	0	28	2196	0	1	1	0
1382	1	2	6	0	0	28	2196	0	1	1	0
1383	1	3	3	0	0	28	2196	0	1	1	0
1387	1	2	6	0	0	24	1620	0	1	1	0
1392	1	3	3	0	0	28	2196	0	1	1	0
1394	1	1	1	0	0	28	2196	0	1	1	0
1396	1	4	4	0	0	28	2196	0	1	1	0
1402	1	2	6	0	0	28	2196	0	1	1	0
1404	1	3	3	0	0	28	2196	0	1	1	0
1408	1	5	2	0	0	28	2196	0	1	1	0
1412	1	2	6	0	0	28	2196	0	1	1	0
1414	1	1	1	0	0	28	2196	0	1	1	0
1419	1	4	4	0	0	28	2196	0	1	1	0
1429	1	1	1	0	0	28	2196	0	1	1	0
1435	1	3	3	0	0	28	2196	0	1	1	0
1448	1	1	1	0	0	28	2196	0	1	1	0
1456	1	4	4	0	0	28	2196	0	1	1	0
1457	1	5	2	0	0	28	2196	0	1	1	0
1462	1	3	3	0	0	28	2196	0	1	1	0
1467	1	4	4	0	0	28	2196	0	1	1	0
1470	1	2	6	0	0	28	2196	0	1	1	0
1475	1	5	2	0	0	28	2196	0	1	1	0
1482	1	1	1	0	0	28	2196	0	1	1	0
1483	1	4	4	0	0	28	2196	0	1	1	0
1489	1	5	2	0	0	28	2196	0	1	1	0
1494	1	3	3	0	0	28	2196	0	1	1	0
1495	1	4	4	0	0	22	1383	0	1	1	0
1503	1	5	2	0	0	28	2196	0	1	1	0
1507	1	3	3	0	0	28	2196	0	1	1	0
1519	1	1	1	0	0	28	2196	0	1	1	0
1520	1	4	4	0	0	28	2196	0	1	1	0
1521	1	3	3	0	0	28	2196	0	1	1	0
1525	1	3	3	0	0	28	2196	0	1	1	0
1529	1	1	1	0	0	28	2196	0	1	1	0
1532	1	3	3	0	0	28	2196	0	1	1	0
1538	1	2	6	0	0	28	2196	0	1	1	0
1539	1	5	2	0	0	28	2196	0	1	1	0
1540	1	1	1	0	0	28	2196	0	1	1	0
1544	1	5	2	0	0	28	2196	0	1	1	0
1550	1	1	1	0	0	28	2196	0	1	1	0
1567	1	2	6	0	0	28	2196	0	1	1	0
1568	1	3	3	0	0	28	2196	0	1	1	0
1571	1	4	4	0	0	28	2196	0	1	1	0
1576	1	2	6	0	0	28	2196	0	1	1	0
1583	1	3	3	0	0	28	2196	0	1	1	0
1590	1	5	2	0	0	28	2196	0	1	1	0
1603	1	4	4	0	0	28	2196	0	1	1	0
1604	1	1	1	0	0	28	2196	0	1	1	0
1613	1	3	3	0	0	28	2196	0	1	1	0
1614	1	2	6	0	0	28	2196	0	1	1	0
1615	1	4	4	0	0	28	2196	0	1	1	0
1620	1	1	1	0	0	28	2196	0	1	1	0
1622	1	2	6	0	0	28	2196	0	1	1	0
1625	1	5	2	0	0	28	2196	0	1	1	0
1638	1	5	2	0	0	28	2196	0	1	1	0
1640	1	2	6	0	0	28	2196	0	1	1	0
1642	1	3	3	0	0	28	2196	0	1	1	0
1643	1	5	2	0	0	28	2196	0	1	1	0
1645	1	4	4	0	0	28	2196	0	1	1	0
1649	1	1	1	0	0	28	2196	0	1	1	0
1650	1	4	4	0	0	28	2196	0	1	1	0
1658	1	5	2	0	0	28	2196	0	1	1	0
1662	1	2	6	0	0	28	2196	0	1	1	0
1663	1	4	4	0	0	28	2196	0	1	1	0
1664	1	5	2	0	0	28	2196	0	1	1	0
1665	1	3	3	0	0	28	2196	0	1	1	0
1671	1	2	6	0	0	28	2196	0	1	1	0
1674	1	5	2	0	0	28	2196	0	1	1	0
1682	1	1	1	0	0	28	2196	0	1	1	0
1685	1	3	3	0	0	28	2196	0	1	1	0
1686	1	2	6	0	0	28	2196	0	1	1	0
1691	1	5	2	0	0	28	2196	0	1	1	0
1695	1	1	1	0	0	28	2196	0	1	1	0
1699	1	2	6	0	0	22	1383	0	1	1	0
1700	1	4	4	0	0	28	2196	0	1	1	0
1705	1	5	2	0	0	28	2196	0	1	1	0
1720	1	3	3	0	0	28	2196	0	1	1	0
1723	1	1	1	0	0	28	2196	0	1	1	0
1724	1	2	6	0	0	28	2196	0	1	1	0
1727	1	4	4	0	0	28	2196	0	1	1	0
1736	1	2	6	0	0	28	2196	0	1	1	0
1738	1	4	4	0	0	28	2196	0	1	1	0
1746	1	4	4	0	0	28	2196	0	1	1	0
1754	1	3	3	0	0	28	2196	0	1	1	0
1755	1	5	2	0	0	28	2196	0	1	1	0
1756	1	2	6	0	0	28	2196	0	1	1	0
1758	1	1	1	0	0	28	2196	0	1	1	0
1773	1	4	4	0	0	28	2196	0	1	1	0
1783	1	4	4	0	0	28	2196	0	1	1	0
1784	1	2	6	0	0	28	2196	0	1	1	0
1785	1	5	2	0	0	28	2196	0	1	1	0
1795	1	5	2	0	0	28	2196	0	1	1	0
1796	1	2	6	0	0	22	1383	0	1	1	0
1797	1	4	4	0	0	28	2196	0	1	1	0
1803	1	1	1	0	0	28	2196	0	1	1	0
1805	1	3	3	0	0	28	2196	0	1	1	0
1810	1	4	4	0	0	28	2196	0	1	1	0
1813	1	5	2	0	0	28	2196	0	1	1	0
1816	1	2	6	0	0	28	2196	0	1	1	0
1820	1	1	1	0	0	28	2196	0	1	1	0
1825	1	1	1	0	0	28	2196	0	1	1	0
1843	1	3	3	0	0	28	2196	0	1	1	0
1845	1	2	6	0	0	28	2196	0	1	1	0
1852	1	4	4	0	0	28	2196	0	1	1	0
1859	1	2	6	0	0	24	1620	0	1	1	0
1870	1	1	1	0	0	28	2196	0	1	1	0
1875	1	3	3	0	0	26	1836	0	1	1	0
1879	1	1	1	0	0	28	2196	0	1	1	0
1880	1	2	6	0	0	28	2196	0	1	1	0
1883	1	3	3	0	0	28	2196	0	1	1	0
1889	1	4	4	0	0	28	2196	0	1	1	0
1893	1	2	6	0	0	28	2196	0	1	1	0
1895	1	3	3	0	0	28	2196	0	1	1	0
1897	1	5	2	0	0	28	2196	0	1	1	0
1899	1	1	1	0	0	28	2196	0	1	1	0
1905	1	4	4	0	0	28	2196	0	1	1	0
1922	1	5	2	0	0	28	2196	0	1	1	0
1926	1	3	3	0	0	28	2196	0	1	1	0
1928	1	2	6	0	0	28	2196	0	1	1	0
1931	1	5	2	0	0	28	2196	0	1	1	0
1944	1	2	6	0	0	28	185	0	1	1	0
1944	1	3	3	0	0	28	2052	0	1	1	0
1948	1	5	2	0	0	28	2196	0	1	1	0
1951	1	5	2	0	0	28	2196	0	1	1	0
1953	1	1	1	0	0	28	2196	0	1	1	0
1961	1	4	4	0	0	28	2196	0	1	1	0
1970	1	4	4	0	0	28	2196	0	1	1	0
1971	1	3	3	0	0	28	2196	0	1	1	0
1978	1	2	6	0	0	28	2196	0	1	1	0
1981	1	4	4	0	0	26	1836	0	1	1	0
1989	1	2	6	0	0	28	2196	0	1	1	0
1990	1	3	3	0	0	20	1191	0	1	1	0
1992	1	5	2	0	0	28	2196	0	1	1	0
1995	1	4	4	0	0	28	2196	0	1	1	0
2000	1	2	6	0	0	28	2196	0	1	1	0
2004	1	1	1	0	0	28	2196	0	1	1	0
2008	1	2	6	0	0	28	2196	0	1	1	0
2014	1	3	3	0	0	28	2196	0	1	1	0
2028	1	1	1	0	0	28	2196	0	1	1	0
2032	1	2	6	0	0	28	2196	0	1	1	0
2039	1	5	2	0	0	28	2196	0	1	1	0
2044	1	1	1	0	0	28	2196	0	1	1	0
2051	1	4	4	0	0	20	1191	0	1	1	0
2057	1	1	1	0	0	28	2196	0	1	1	0
2058	1	2	6	0	0	28	2196	0	1	1	0
2060	1	3	3	0	0	28	2196	0	1	1	0
2062	1	5	2	0	0	28	2196	0	1	1	0
2064	1	4	4	0	0	28	2196	0	1	1	0
2073	1	1	1	0	0	28	2196	0	1	1	0
2080	1	4	4	0	0	28	2196	0	1	1	0
2084	1	3	3	0	0	28	2196	0	1	1	0
2087	1	5	2	0	0	28	2196	0	1	1	0
2096	1	5	2	0	0	28	2196	0	1	1	0
2106	1	2	6	0	0	28	2196	0	1	1	0
2110	1	1	1	0	0	28	2196	0	1	1	0
2111	1	2	6	0	0	28	2196	0	1	1	0
2112	1	5	2	0	0	28	2196	0	1	1	0
2113	1	4	4	0	0	28	2196	0	1	1	0
2122	1	3	3	0	0	28	2196	0	1	1	0
2127	1	1	1	0	0	28	2196	0	1	1	0
2131	1	2	6	0	0	28	2196	0	1	1	0
2132	1	4	4	0	0	28	2196	0	1	1	0
2146	1	1	1	0	0	28	2196	0	1	1	0
2150	1	4	4	0	0	28	2196	0	1	1	0
2151	1	5	2	0	0	28	2196	0	1	1	0
2153	1	2	6	0	0	28	2196	0	1	1	0
2160	1	3	3	0	0	28	2196	0	1	1	0
2161	1	5	2	0	0	28	2196	0	1	1	0
2168	1	3	3	0	0	28	2196	0	1	1	0
2176	1	5	2	0	0	28	2196	0	1	1	0
2185	1	2	6	0	0	28	2196	0	1	1	0
2190	1	4	4	0	0	28	2196	0	1	1	0
2191	1	3	3	0	0	28	2196	0	1	1	0
2192	1	1	1	0	0	28	2196	0	1	1	0
2204	1	2	6	0	0	28	2196	0	1	1	0
2212	1	1	1	0	0	28	2196	0	1	1	0
2217	1	3	3	0	0	28	2196	0	1	1	0
2221	1	2	6	0	0	28	2196	0	1	1	0
2224	1	4	4	0	0	28	2196	0	1	1	0
2226	1	5	2	0	0	28	2196	0	1	1	0
2228	1	1	1	0	0	28	2196	0	1	1	0
2235	1	4	4	0	0	28	2196	0	1	1	0
2236	1	2	6	0	0	28	2196	0	1	1	0
2247	1	1	1	0	0	28	2196	0	1	1	0
2248	1	5	2	0	0	28	2196	0	1	1	0
2249	1	4	4	0	0	28	2196	0	1	1	0
2259	1	5	2	0	0	28	2196	0	1	1	0
2260	1	3	3	0	0	28	2196	0	1	1	0
2266	1	5	2	0	0	28	2196	0	1	1	0
2275	1	2	6	0	0	28	2196	0	1	1	0
2276	1	1	1	0	0	28	2196	0	1	1	0
2278	1	3	3	0	0	28	2196	0	1	1	0
2280	1	4	4	0	0	28	2196	0	1	1	0
2285	1	5	2	0	0	28	2196	0	1	1	0
2286	1	3	3	0	0	28	2196	0	1	1	0
2293	1	4	4	0	0	28	2196	0	1	1	0
2302	1	3	3	0	0	28	2196	0	1	1	0
2308	1	4	4	0	0	28	2196	0	1	1	0
2314	1	2	6	0	0	28	2196	0	1	1	0
2315	1	1	1	0	0	28	2196	0	1	1	0
2316	1	4	4	0	0	28	2196	0	1	1	0
2318	1	5	2	0	0	28	2196	0	1	1	0
2328	1	1	1	0	0	28	2196	0	1	1	0
2332	1	3	3	0	0	24	1620	0	1	1	0
2333	1	4	4	0	0	28	2196	0	1	1	0
2336	1	5	2	0	0	28	2196	0	1	1	0
2347	1	1	1	0	0	28	2196	0	1	1	0
2353	1	2	6	0	0	28	2196	0	1	1	0
2356	1	3	3	0	0	28	2196	0	1	1	0
2361	1	5	2	0	0	28	2196	0	1	1	0
2362	1	1	1	0	0	28	2196	0	1	1	0
2364	1	2	6	0	0	28	2196	0	1	1	0
2367	1	4	4	0	0	28	2196	0	1	1	0
2375	1	3	3	0	0	28	2196	0	1	1	0
2376	1	5	2	0	0	28	2196	0	1	1	0
2385	1	5	2	0	0	28	2196	0	1	1	0
2393	1	4	4	0	0	28	2196	0	1	1	0
2394	1	3	3	0	0	28	2196	0	1	1	0
2402	1	4	4	0	0	28	2196	0	1	1	0
2406	1	1	1	0	0	28	2196	0	1	1	0
2414	1	2	6	0	0	28	2196	0	1	1	0
2416	1	1	1	0	0	28	2196	0	1	1	0
2421	1	4	4	0	0	28	2196	0	1	1	0
2426	1	5	2	0	0	28	2196	0	1	1	0
2430	1	3	3	0	0	28	2196	0	1	1	0
2433	1	5	2	0	0	28	2196	0	1	1	0
2435	1	3	3	0	0	28	2196	0	1	1	0
2439	1	3	3	0	0	28	2196	0	1	1	0
2442	1	2	6	0	0	28	2196	0	1	1	0
2443	1	4	4	0	0	28	2196	0	1	1	0
2456	1	2	6	0	0	28	2196	0	1	1	0
2457	1	3	3	0	0	28	2196	0	1	1	0
2458	1	5	2	0	0	28	2196	0	1	1	0
2464	1	4	4	0	0	28	2196	0	1	1	0
2466	1	2	6	0	0	28	2196	0	1	1	0
2470	1	4	4	0	0	28	2196	0	1	1	0
2471	1	5	2	0	0	28	2196	0	1	1	0
2473	1	1	1	0	0	28	2196	0	1	1	0
2477	1	4	4	0	0	28	2196	0	1	1	0
2495	1	2	6	0	0	26	1836	0	1	1	0
2497	1	1	1	0	0	28	2196	0	1	1	0
2498	1	3	3	0	0	28	2196	0	1	1	0
2501	1	5	2	0	0	28	2196	0	1	1	0
2504	1	3	3	0	0	28	2196	0	1	1	0
2513	1	3	3	0	0	28	2196	0	1	1	0
2518	1	1	1	0	0	28	2196	0	1	1	0
2531	1	1	1	0	0	28	2196	0	1	1	0
2532	1	5	2	0	0	28	2196	0	1	1	0
2538	1	5	2	0	0	28	2196	0	1	1	0
2548	1	1	1	0	0	28	2196	0	1	1	0
2552	1	2	6	0	0	28	2196	0	1	1	0
2558	1	3	3	0	0	28	2196	0	1	1	0
2566	1	5	2	0	0	28	2196	0	1	1	0
2576	1	5	2	0	0	28	2196	0	1	1	0
2585	1	2	6	0	0	28	2196	0	1	1	0
2593	1	4	4	0	0	24	1620	0	1	1	0
2597	1	3	3	0	0	28	2196	0	1	1	0
2600	1	5	2	0	0	28	2196	0	1	1	0
2602	1	2	6	0	0	28	2196	0	1	1	0
2606	1	4	4	0	0	28	2196	0	1	1	0
2607	1	1	1	0	0	28	2196	0	1	1	0
2613	1	3	3	0	0	28	2196	0	1	1	0
2620	1	4	4	0	0	28	2196	0	1	1	0
2624	1	5	2	0	0	28	2196	0	1	1	0
2628	1	3	3	0	0	28	2196	0	1	1	0
2630	1	2	6	0	0	28	2196	0	1	1	0
2633	1	3	3	0	0	28	2196	0	1	1	0
2638	1	3	3	0	0	28	2196	0	1	1	0
2639	1	2	6	0	0	28	2196	0	1	1	0
2646	1	3	3	0	0	28	2196	0	1	1	0
2650	1	4	4	0	0	28	2196	0	1	1	0
2660	1	4	4	0	0	28	2196	0	1	1	0
2661	1	2	6	0	0	28	2196	0	1	1	0
2663	1	3	3	0	0	28	2196	0	1	1	0
2668	1	4	4	0	0	28	2196	0	1	1	0
2669	1	3	3	0	0	28	2196	0	1	1	0
2673	1	1	1	0	0	28	2196	0	1	1	0
2678	1	4	4	0	0	26	1836	0	1	1	0
2679	1	1	1	0	0	28	2196	0	1	1	0
2681	1	5	2	0	0	28	2196	0	1	1	0
2691	1	2	6	0	0	28	2196	0	1	1	0
2694	1	1	1	0	0	28	2196	0	1	1	0
2700	1	3	3	0	0	28	2196	0	1	1	0
2708	1	4	4	0	0	28	2196	0	1	1	0
2711	1	2	6	0	0	28	2196	0	1	1	0
2714	1	4	4	0	0	28	2196	0	1	1	0
2720	1	1	1	0	0	28	2196	0	1	1	0
2723	1	2	6	0	0	28	2196	0	1	1	0
2728	1	5	2	0	0	28	2196	0	1	1	0
2729	1	3	3	0	0	28	2196	0	1	1	0
2730	1	2	6	0	0	28	2196	0	1	1	0
2731	1	4	4	0	0	28	2196	0	1	1	0
2736	1	1	1	0	0	28	2196	0	1	1	0
2740	1	3	3	0	0	28	2196	0	1	1	0
2742	1	2	6	0	0	28	2196	0	1	1	0
2744	1	1	1	0	0	28	2196	0	1	1	0
2753	1	3	3	0	0	28	2196	0	1	1	0
2759	1	2	6	0	0	28	2196	0	1	1	0
2762	1	2	6	0	0	28	2196	0	1	1	0
2763	1	4	4	0	0	28	2196	0	1	1	0
2768	1	5	2	0	0	28	2196	0	1	1	0
2772	1	4	4	0	0	28	2196	0	1	1	0
2774	1	2	6	0	0	28	2196	0	1	1	0
2780	1	1	1	0	0	28	2196	0	1	1	0
2782	1	2	6	0	0	28	2196	0	1	1	0
2798	1	4	4	0	0	28	2196	0	1	1	0
2799	1	1	1	0	0	28	2196	0	1	1	0
2807	1	3	3	0	0	28	2196	0	1	1	0
2809	1	2	6	0	0	28	2196	0	1	1	0
2813	1	5	2	0	0	28	2196	0	1	1	0
2816	1	4	4	0	0	26	1836	0	1	1	0
2825	1	4	4	0	0	28	2196	0	1	1	0
2829	1	3	3	0	0	28	2196	0	1	1	0
2830	1	4	4	0	0	28	2196	0	1	1	0
2833	1	1	1	0	0	28	2196	0	1	1	0
2839	1	4	4	0	0	28	2196	0	1	1	0
2844	1	1	1	0	0	28	2196	0	1	1	0
2848	1	1	1	0	0	28	2196	0	1	1	0
2852	1	2	6	0	0	28	2196	0	1	1	0
2853	1	5	2	0	0	28	2196	0	1	1	0
2856	1	4	4	0	0	28	2196	0	1	1	0
2863	1	3	3	0	0	28	2196	0	1	1	0
2868	1	1	1	0	0	28	2196	0	1	1	0
2886	1	2	6	0	0	28	2196	0	1	1	0
2893	1	5	2	0	0	28	2196	0	1	1	0
2897	1	4	4	0	0	28	2196	0	1	1	0
2899	1	2	6	0	0	28	2196	0	1	1	0
2903	1	1	1	0	0	28	2196	0	1	1	0
2909	1	2	6	0	0	28	2196	0	1	1	0
2914	1	4	4	0	0	28	2196	0	1	1	0
2915	1	3	3	0	0	26	1836	0	1	1	0
2917	1	5	2	0	0	28	2196	0	1	1	0
2925	1	3	3	0	0	28	2196	0	1	1	0
2934	1	4	4	0	0	28	2196	0	1	1	0
2937	1	1	1	0	0	28	2196	0	1	1	0
2938	1	2	6	0	0	28	2196	0	1	1	0
2943	1	1	1	0	0	28	2196	0	1	1	0
2946	1	5	2	0	0	28	2196	0	1	1	0
2956	1	1	1	0	0	28	2196	0	1	1	0
2962	1	2	6	0	0	28	2196	0	1	1	0
2973	1	3	3	0	0	28	2196	0	1	1	0
2977	1	3	3	0	0	28	2196	0	1	1	0
2978	1	4	4	0	0	28	2196	0	1	1	0
2979	1	1	1	0	0	28	2196	0	1	1	0
2988	1	4	4	0	0	28	2196	0	1	1	0
2991	1	5	2	0	0	28	2196	0	1	1	0
2993	1	2	6	0	0	28	2196	0	1	1	0
2995	1	3	3	0	0	28	2196	0	1	1	0
3000	1	4	4	0	0	28	2196	0	1	1	0
3006	1	2	6	0	0	28	2196	0	1	1	0
3009	1	5	2	0	0	28	2196	0	1	1	0
3012	1	3	3	0	0	28	2196	0	1	1	0
3013	1	2	6	0	0	28	2196	0	1	1	0
3017	1	4	4	0	0	28	2196	0	1	1	0
3025	1	5	2	0	0	28	2196	0	1	1	0
3026	1	3	3	0	0	28	2196	0	1	1	0
3028	1	2	6	0	0	28	2196	0	1	1	0
3029	1	4	4	0	0	28	2196	0	1	1	0
3033	1	5	2	0	0	28	2196	0	1	1	0
3037	1	1	1	0	0	28	2196	0	1	1	0
3042	1	4	4	0	0	28	2196	0	1	1	0
3046	1	2	6	0	0	28	2196	0	1	1	0
3058	1	1	1	0	0	28	2196	0	1	1	0
3061	1	3	3	0	0	28	2196	0	1	1	0
3066	1	5	2	0	0	28	2196	0	1	1	0
3069	1	1	1	0	0	28	2196	0	1	1	0
3075	1	2	6	0	0	28	2196	0	1	1	0
3077	1	5	2	0	0	28	2196	0	1	1	0
3081	1	5	2	0	0	28	2196	0	1	1	0
3085	1	3	3	0	0	28	2196	0	1	1	0
3086	1	1	1	0	0	28	2196	0	1	1	0
3097	1	5	2	0	0	28	2196	0	1	1	0
3100	1	4	4	0	0	28	2196	0	1	1	0
3104	1	2	6	0	0	28	2196	0	1	1	0
3110	1	1	1	0	0	28	2196	0	1	1	0
3123	1	5	2	0	0	28	2196	0	1	1	0
3125	1	2	6	0	0	28	2196	0	1	1	0
3127	1	3	3	0	0	28	2196	0	1	1	0
3130	1	4	4	0	0	28	2196	0	1	1	0
3133	1	5	2	0	0	28	2196	0	1	1	0
3137	1	1	1	0	0	28	2196	0	1	1	0
3144	1	5	2	0	0	28	2196	0	1	1	0
3145	1	3	3	0	0	28	2196	0	1	1	0
3146	1	4	4	0	0	28	2196	0	1	1	0
3150	1	2	6	0	0	28	2196	0	1	1	0
3152	1	1	1	0	0	28	2196	0	1	1	0
3154	1	4	4	0	0	28	2196	0	1	1	0
3169	1	3	3	0	0	28	2196	0	1	1	0
3172	1	4	4	0	0	28	2196	0	1	1	0
3176	1	2	6	0	0	28	2196	0	1	1	0
3177	1	1	1	0	0	28	2196	0	1	1	0
3178	1	3	3	0	0	28	2196	0	1	1	0
3179	1	4	4	0	0	28	2196	0	1	1	0
3184	1	3	3	0	0	28	2196	0	1	1	0
3190	1	2	6	0	0	28	2196	0	1	1	0
3201	1	5	2	0	0	28	2196	0	1	1	0
3202	1	1	1	0	0	28	2196	0	1	1	0
3203	1	2	6	0	0	28	2196	0	1	1	0
3207	1	4	4	0	0	28	2196	0	1	1	0
3208	1	5	2	0	0	28	2196	0	1	1	0
3212	1	2	6	0	0	28	2196	0	1	1	0
3213	1	1	1	0	0	28	2196	0	1	1	0
3217	1	3	3	0	0	28	2196	0	1	1	0
3218	1	2	6	0	0	28	2196	0	1	1	0
3228	1	5	2	0	0	28	2196	0	1	1	0
3236	1	4	4	0	0	28	2196	0	1	1	0
3237	1	1	1	0	0	28	2196	0	1	1	0
3240	1	5	2	0	0	28	2196	0	1	1	0
3241	1	2	6	0	0	28	2196	0	1	1	0
3267	1	5	2	0	0	28	2196	0	1	1	0
3274	1	5	2	0	0	28	2196	0	1	1	0
3275	1	4	4	0	0	28	2196	0	1	1	0
3290	1	3	3	0	0	28	2196	0	1	1	0
3291	1	4	4	0	0	28	2196	0	1	1	0
3292	1	5	2	0	0	28	2196	0	1	1	0
3294	1	1	1	0	0	28	2196	0	1	1	0
3297	1	4	4	0	0	28	2196	0	1	1	0
3298	1	5	2	0	0	28	2196	0	1	1	0
3314	1	2	6	0	0	28	2196	0	1	1	0
3315	1	5	2	0	0	28	2196	0	1	1	0
3327	1	3	3	0	0	28	2196	0	1	1	0
3328	1	1	1	0	0	28	2196	0	1	1	0
3329	1	2	6	0	0	28	2196	0	1	1	0
3334	1	4	4	0	0	28	2196	0	1	1	0
3336	1	1	1	0	0	28	2196	0	1	1	0
3342	1	5	2	0	0	28	2196	0	1	1	0
3346	1	3	3	0	0	28	2196	0	1	1	0
3350	1	4	4	0	0	28	2196	0	1	1	0
3355	1	5	2	0	0	28	2196	0	1	1	0
3357	1	2	6	0	0	28	2196	0	1	1	0
3360	1	5	2	0	0	28	2196	0	1	1	0
3367	1	1	1	0	0	28	2196	0	1	1	0
3369	1	5	2	0	0	28	2196	0	1	1	0
3370	1	3	3	0	0	28	2196	0	1	1	0
3376	1	2	6	0	0	28	2196	0	1	1	0
3378	1	1	1	0	0	28	2196	0	1	1	0
3381	1	3	3	0	0	28	2196	0	1	1	0
3388	1	4	4	0	0	28	2196	0	1	1	0
3389	1	2	6	0	0	28	2196	0	1	1	0
3390	1	1	1	0	0	28	2196	0	1	1	0
3393	1	5	2	0	0	28	2196	0	1	1	0
3396	1	3	3	0	0	26	1836	0	1	1	0
3401	1	5	2	0	0	28	2196	0	1	1	0
3408	1	5	2	0	0	28	2196	0	1	1	0
3417	1	3	3	0	0	28	2196	0	1	1	0
3418	1	4	4	0	0	28	2196	0	1	1	0
3426	1	2	6	0	0	18	967	0	1	1	0
3432	1	1	1	0	0	28	2196	0	1	1	0
3433	1	4	4	0	0	28	2196	0	1	1	0
3437	1	2	6	0	0	28	2196	0	1	1	0
3443	1	4	4	0	0	28	2196	0	1	1	0
3444	1	5	2	0	0	28	2196	0	1	1	0
3452	1	1	1	0	0	28	2196	0	1	1	0
3460	1	3	3	0	0	24	1620	0	1	1	0
3465	1	2	6	0	0	28	2196	0	1	1	0
3468	1	2	6	0	0	28	2196	0	1	1	0
3470	1	4	4	0	0	28	2196	0	1	1	0
3473	1	1	1	0	0	28	2196	0	1	1	0
3486	1	1	1	0	0	28	2196	0	1	1	0
3488	1	3	3	0	0	28	2196	0	1	1	0
3497	1	2	6	0	0	28	2196	0	1	1	0
3503	1	4	4	0	0	28	2196	0	1	1	0
3504	1	2	6	0	0	28	2196	0	1	1	0
3510	1	4	4	0	0	28	2196	0	1	1	0
3522	1	3	3	0	0	28	2196	0	1	1	0
3523	1	1	1	0	0	28	2196	0	1	1	0
3524	1	4	4	0	0	28	2196	0	1	1	0
3526	1	2	6	0	0	26	1836	0	1	1	0
3528	1	5	2	0	0	28	2196	0	1	1	0
3532	1	3	3	0	0	28	2196	0	1	1	0
3545	1	4	4	0	0	28	2196	0	1	1	0
3547	1	2	6	0	0	28	2196	0	1	1	0
3562	1	3	3	0	0	28	2196	0	1	1	0
3563	1	5	2	0	0	28	2196	0	1	1	0
3564	1	2	6	0	0	28	2196	0	1	1	0
3565	1	1	1	0	0	28	2196	0	1	1	0
3568	1	2	6	0	0	28	2196	0	1	1	0
3579	1	5	2	0	0	28	2196	0	1	1	0
3584	1	3	3	0	0	28	2196	0	1	1	0
3586	1	5	2	0	0	28	2196	0	1	1	0
3588	1	4	4	0	0	28	2196	0	1	1	0
3595	1	3	3	0	0	28	2196	0	1	1	0
3602	1	1	1	0	0	28	2196	0	1	1	0
3612	1	2	6	0	0	28	2196	0	1	1	0
3618	1	5	2	0	0	28	2196	0	1	1	0
3621	1	1	1	0	0	28	2196	0	1	1	0
3623	1	4	4	0	0	28	2196	0	1	1	0
3633	1	5	2	0	0	28	2196	0	1	1	0
3634	1	3	3	0	0	28	2196	0	1	1	0
3641	1	4	4	0	0	28	2196	0	1	1	0
3642	1	5	2	0	0	28	2196	0	1	1	0
3650	1	3	3	0	0	28	2196	0	1	1	0
3651	1	4	4	0	0	28	2196	0	1	1	0
3663	1	5	2	0	0	28	2196	0	1	1	0
3666	1	1	1	0	0	28	2196	0	1	1	0
3667	1	2	6	0	0	28	2196	0	1	1	0
3668	1	5	2	0	0	28	2196	0	1	1	0
3690	1	5	2	0	0	28	2196	0	1	1	0
3692	1	4	4	0	0	28	2196	0	1	1	0
3697	1	1	1	0	0	28	2196	0	1	1	0
3702	1	4	4	0	0	28	2196	0	1	1	0
3705	1	3	3	0	0	28	2196	0	1	1	0
3715	1	2	6	0	0	28	2196	0	1	1	0
3716	1	4	4	0	0	28	2196	0	1	1	0
3717	1	3	3	0	0	28	2196	0	1	1	0
3718	1	5	2	0	0	28	2196	0	1	1	0
3721	1	2	6	0	0	28	2196	0	1	1	0
3723	1	1	1	0	0	28	2196	0	1	1	0
3724	1	4	4	0	0	28	2196	0	1	1	0
3731	1	3	3	0	0	20	1191	0	1	1	0
3744	1	5	2	0	0	28	2196	0	1	1	0
3745	1	4	4	0	0	28	2196	0	1	1	0
3752	1	3	3	0	0	28	2196	0	1	1	0
3753	1	1	1	0	0	28	2196	0	1	1	0
3754	1	2	6	0	0	28	2196	0	1	1	0
3760	1	4	4	0	0	28	2196	0	1	1	0
3766	1	3	3	0	0	20	1191	0	1	1	0
3774	1	1	1	0	0	28	2196	0	1	1	0
3775	1	2	6	0	0	28	2196	0	1	1	0
3778	1	3	3	0	0	26	1836	0	1	1	0
3784	1	2	6	0	0	28	2196	0	1	1	0
3791	1	2	6	0	0	28	2196	0	1	1	0
3793	1	4	4	0	0	28	2196	0	1	1	0
3796	1	1	1	0	0	28	2196	0	1	1	0
3800	1	5	2	0	0	28	2196	0	1	1	0
3809	1	1	1	0	0	28	2196	0	1	1	0
3813	1	3	3	0	0	28	2196	0	1	1	0
3815	1	3	3	0	0	28	2196	0	1	1	0
3816	1	5	2	0	0	28	2196	0	1	1	0
3827	1	1	1	0	0	28	2196	0	1	1	0
3829	1	4	4	0	0	28	2196	0	1	1	0
3830	1	2	6	0	0	28	2196	0	1	1	0
3840	1	4	4	0	0	28	2196	0	1	1	0
3847	1	5	2	0	0	28	2196	0	1	1	0
3848	1	4	4	0	0	22	1383	0	1	1	0
3850	1	1	1	0	0	28	2196	0	1	1	0
3853	1	2	6	0	0	28	2196	0	1	1	0
3855	1	3	3	0	0	24	1620	0	1	1	0
3865	1	4	4	0	0	28	2196	0	1	1	0
3868	1	2	6	0	0	28	2196	0	1	1	0
3872	1	5	2	0	0	28	2196	0	1	1	0
3877	1	5	2	0	0	28	2196	0	1	1	0
3884	1	3	3	0	0	28	2196	0	1	1	0
3887	1	5	2	0	0	28	2196	0	1	1	0
3888	1	4	4	0	0	28	2196	0	1	1	0
3897	1	2	6	0	0	28	2196	0	1	1	0
3900	1	1	1	0	0	28	2196	0	1	1	0
3902	1	4	4	0	0	28	2196	0	1	1	0
3903	1	5	2	0	0	28	2196	0	1	1	0
3910	1	3	3	0	0	28	2196	0	1	1	0
3911	1	2	6	0	0	28	2196	0	1	1	0
3921	1	1	1	0	0	28	2196	0	1	1	0
3925	1	4	4	0	0	28	2196	0	1	1	0
3926	1	3	3	0	0	28	2196	0	1	1	0
3927	1	2	6	0	0	28	2196	0	1	1	0
3928	1	5	2	0	0	28	2196	0	1	1	0
3932	1	1	1	0	0	28	2196	0	1	1	0
3937	1	4	4	0	0	28	2196	0	1	1	0
3939	1	5	2	0	0	28	2196	0	1	1	0
3941	1	3	3	0	0	28	2196	0	1	1	0
3942	1	1	1	0	0	28	2196	0	1	1	0
3947	1	2	6	0	0	28	2196	0	1	1	0
3954	1	5	2	0	0	28	2196	0	1	1	0
3958	1	4	4	0	0	28	2196	0	1	1	0
3963	1	1	1	0	0	28	2196	0	1	1	0
3965	1	4	4	0	0	28	2196	0	1	1	0
3966	1	3	3	0	0	28	2196	0	1	1	0
3967	1	2	6	0	0	28	2196	0	1	1	0
3974	1	2	6	0	0	28	2196	0	1	1	0
3977	1	5	2	0	0	28	2196	0	1	1	0
3979	1	3	3	0	0	28	2196	0	1	1	0
3987	1	4	4	0	0	22	1383	0	1	1	0
3990	1	3	3	0	0	28	2196	0	1	1	0
3991	1	5	2	0	0	28	2196	0	1	1	0
3992	1	1	1	0	0	28	2196	0	1	1	0
4007	1	1	1	0	0	28	2196	0	1	1	0
4010	1	4	4	0	0	28	2196	0	1	1	0
4013	1	3	3	0	0	28	2196	0	1	1	0
4015	1	5	2	0	0	28	2196	0	1	1	0
4027	1	4	4	0	0	28	2196	0	1	1	0
4029	1	1	1	0	0	28	2196	0	1	1	0
4036	1	5	2	0	0	28	2196	0	1	1	0
4038	1	2	6	0	0	28	2196	0	1	1	0
4039	1	1	1	0	0	28	2196	0	1	1	0
4042	1	5	2	0	0	28	2196	0	1	1	0
4044	1	4	4	0	0	24	1620	0	1	1	0
4046	1	2	6	0	0	28	2196	0	1	1	0
4050	1	2	6	0	0	28	2196	0	1	1	0
4051	1	1	1	0	0	28	2196	0	1	1	0
4054	1	2	6	0	0	28	2196	0	1	1	0
4055	1	5	2	0	0	28	2196	0	1	1	0
4066	1	5	2	0	0	28	2196	0	1	1	0
4068	1	3	3	0	0	28	2196	0	1	1	0
4069	1	1	1	0	0	28	2196	0	1	1	0
4070	1	2	6	0	0	28	2196	0	1	1	0
4072	1	4	4	0	0	28	2196	0	1	1	0
4076	1	5	2	0	0	28	2196	0	1	1	0
4085	1	3	3	0	0	28	2196	0	1	1	0
4086	1	2	6	0	0	28	2196	0	1	1	0
4087	1	4	4	0	0	28	2196	0	1	1	0
4101	1	5	2	0	0	28	2196	0	1	1	0
4107	1	2	6	0	0	28	2196	0	1	1	0
4113	1	1	1	0	0	28	2196	0	1	1	0
4114	1	2	6	0	0	28	2196	0	1	1	0
4119	1	4	4	0	0	24	1620	0	1	1	0
4120	1	2	6	0	0	28	2196	0	1	1	0
4126	1	4	4	0	0	28	2196	0	1	1	0
4128	1	1	1	0	0	28	2196	0	1	1	0
4140	1	4	4	0	0	28	2196	0	1	1	0
4141	1	1	1	0	0	28	2196	0	1	1	0
4146	1	3	3	0	0	28	2196	0	1	1	0
4149	1	5	2	0	0	28	2196	0	1	1	0
4153	1	3	3	0	0	28	2196	0	1	1	0
4157	1	4	4	0	0	28	2196	0	1	1	0
4158	1	3	3	0	0	28	2196	0	1	1	0
4159	1	2	6	0	0	28	2196	0	1	1	0
4161	1	3	3	0	0	28	2196	0	1	1	0
4170	1	1	1	0	0	28	2196	0	1	1	0
4171	1	2	6	0	0	28	2196	0	1	1	0
4186	1	2	6	0	0	28	2196	0	1	1	0
4197	1	4	4	0	0	28	2196	0	1	1	0
4202	1	1	1	0	0	28	2196	0	1	1	0
4203	1	3	3	0	0	28	2196	0	1	1	0
4204	1	4	4	0	0	28	2196	0	1	1	0
4216	1	2	6	0	0	28	2196	0	1	1	0
4225	1	1	1	0	0	28	2196	0	1	1	0
4232	1	2	6	0	0	28	2196	0	1	1	0
4236	1	4	4	0	0	24	1620	0	1	1	0
4237	1	3	3	0	0	28	2196	0	1	1	0
4248	1	3	3	0	0	24	1620	0	1	1	0
4250	1	5	2	0	0	28	2196	0	1	1	0
4251	1	1	1	0	0	28	2196	0	1	1	0
4255	1	5	2	0	0	28	2196	0	1	1	0
4262	1	2	6	0	0	28	2196	0	1	1	0
4265	1	5	2	0	0	28	2196	0	1	1	0
4266	1	4	4	0	0	28	2196	0	1	1	0
4269	1	1	1	0	0	28	2196	0	1	1	0
4272	1	3	3	0	0	28	2196	0	1	1	0
4276	1	2	6	0	0	28	2196	0	1	1	0
4277	1	4	4	0	0	28	2196	0	1	1	0
4278	1	5	2	0	0	28	2196	0	1	1	0
4286	1	2	6	0	0	28	2196	0	1	1	0
4292	1	4	4	0	0	28	2196	0	1	1	0
4296	1	1	1	0	0	28	2196	0	1	1	0
4298	1	5	2	0	0	28	2196	0	1	1	0
4301	1	3	3	0	0	28	2196	0	1	1	0
4306	1	4	4	0	0	28	2196	0	1	1	0
4318	1	1	1	0	0	28	2196	0	1	1	0
4319	1	5	2	0	0	28	2196	0	1	1	0
4320	1	3	3	0	0	28	2196	0	1	1	0
4321	1	4	4	0	0	28	2196	0	1	1	0
4324	1	2	6	0	0	28	2196	0	1	1	0
4325	1	3	3	0	0	26	1836	0	1	1	0
4327	1	5	2	0	0	28	2196	0	1	1	0
4334	1	4	4	0	0	28	2196	0	1	1	0
4338	1	2	6	0	0	28	2196	0	1	1	0
4339	1	3	3	0	0	28	2196	0	1	1	0
4342	1	5	2	0	0	28	2196	0	1	1	0
4347	1	1	1	0	0	28	2196	0	1	1	0
4352	1	2	6	0	0	28	2196	0	1	1	0
4358	1	3	3	0	0	28	2196	0	1	1	0
4360	1	1	1	0	0	28	2196	0	1	1	0
4362	1	5	2	0	0	28	2196	0	1	1	0
4369	1	5	2	0	0	28	2196	0	1	1	0
4371	1	2	6	0	0	28	2196	0	1	1	0
4373	1	2	6	0	0	28	2196	0	1	1	0
4386	1	4	4	0	0	28	2196	0	1	1	0
4392	1	5	2	0	0	28	2196	0	1	1	0
4393	1	1	1	0	0	28	2196	0	1	1	0
4394	1	2	6	0	0	28	2196	0	1	1	0
4397	1	3	3	0	0	28	2196	0	1	1	0
4402	1	5	2	0	0	28	2196	0	1	1	0
4405	1	1	1	0	0	28	2196	0	1	1	0
4409	1	4	4	0	0	28	2196	0	1	1	0
4417	1	5	2	0	0	22	1383	0	1	1	0
4420	1	3	3	0	0	28	2196	0	1	1	0
4421	1	4	4	0	0	28	2196	0	1	1	0
4422	1	1	1	0	0	28	2196	0	1	1	0
4423	1	2	6	0	0	28	2196	0	1	1	0
4426	1	2	6	0	0	28	2196	0	1	1	0
4440	1	2	6	0	0	28	2196	0	1	1	0
4441	1	5	2	0	0	28	2196	0	1	1	0
4442	1	3	3	0	0	28	2196	0	1	1	0
4445	1	2	6	0	0	28	2196	0	1	1	0
4446	1	4	4	0	0	28	2196	0	1	1	0
4448	1	1	1	0	0	28	2196	0	1	1	0
4469	1	1	1	0	0	28	2196	0	1	1	0
4473	1	2	6	0	0	28	2196	0	1	1	0
4474	1	3	3	0	0	28	2196	0	1	1	0
4475	1	1	1	0	0	28	2196	0	1	1	0
4477	1	5	2	0	0	28	2196	0	1	1	0
4487	1	2	6	0	0	28	2196	0	1	1	0
4490	1	4	4	0	0	28	2196	0	1	1	0
4497	1	3	3	0	0	28	2196	0	1	1	0
4505	1	1	1	0	0	28	2196	0	1	1	0
4512	1	2	6	0	0	28	2196	0	1	1	0
4513	1	3	3	0	0	28	2196	0	1	1	0
4517	1	5	2	0	0	28	2196	0	1	1	0
4541	1	5	2	0	0	28	2196	0	1	1	0
4544	1	1	1	0	0	28	2196	0	1	1	0
4545	1	2	6	0	0	28	2196	0	1	1	0
4551	1	4	4	0	0	28	2196	0	1	1	0
4556	1	3	3	0	0	28	2196	0	1	1	0
4557	1	5	2	0	0	28	2196	0	1	1	0
4570	1	3	3	0	0	28	2196	0	1	1	0
4572	1	4	4	0	0	28	2196	0	1	1	0
4574	1	1	1	0	0	28	2196	0	1	1	0
4580	1	5	2	0	0	28	2196	0	1	1	0
4582	1	3	3	0	0	28	2196	0	1	1	0
4585	1	1	1	0	0	28	2196	0	1	1	0
4586	1	2	6	0	0	28	2196	0	1	1	0
4595	1	1	1	0	0	28	2196	0	1	1	0
4602	1	2	6	0	0	28	2196	0	1	1	0
4604	1	4	4	0	0	28	2196	0	1	1	0
4609	1	5	2	0	0	28	2196	0	1	1	0
4610	1	2	6	0	0	28	2196	0	1	1	0
4612	1	3	3	0	0	28	2196	0	1	1	0
4624	1	4	4	0	0	28	2196	0	1	1	0
4625	1	5	2	0	0	28	2196	0	1	1	0
4630	1	1	1	0	0	28	2196	0	1	1	0
4631	1	5	2	0	0	28	2196	0	1	1	0
4637	1	4	4	0	0	28	2196	0	1	1	0
4643	1	5	2	0	0	28	2196	0	1	1	0
4649	1	4	4	0	0	28	2196	0	1	1	0
4651	1	3	3	0	0	28	2196	0	1	1	0
4653	1	2	6	0	0	28	2196	0	1	1	0
4654	1	5	2	0	0	28	2196	0	1	1	0
4656	1	1	1	0	0	28	2196	0	1	1	0
4664	1	2	6	0	0	28	2196	0	1	1	0
4676	1	3	3	0	0	28	2196	0	1	1	0
4677	1	5	2	0	0	28	2196	0	1	1	0
4683	1	1	1	0	0	28	2196	0	1	1	0
4690	1	2	6	0	0	28	2196	0	1	1	0
4691	1	5	2	0	0	28	2196	0	1	1	0
4692	1	1	1	0	0	28	2196	0	1	1	0
4696	1	3	3	0	0	28	2196	0	1	1	0
4697	1	1	1	0	0	28	2196	0	1	1	0
4701	1	1	1	0	0	28	2196	0	1	1	0
4704	1	1	1	0	0	28	2196	0	1	1	0
4712	1	2	6	0	0	28	2196	0	1	1	0
4714	1	5	2	0	0	28	2196	0	1	1	0
4718	1	1	1	0	0	28	2196	0	1	1	0
4721	1	4	4	0	0	28	2196	0	1	1	0
4723	1	2	6	0	0	28	2196	0	1	1	0
4733	1	5	2	0	0	28	2196	0	1	1	0
4738	1	4	4	0	0	26	1836	0	1	1	0
4750	1	4	4	0	0	28	2196	0	1	1	0
4756	1	2	6	0	0	28	2196	0	1	1	0
4757	1	3	3	0	0	28	2196	0	1	1	0
4758	1	1	1	0	0	28	2196	0	1	1	0
4760	1	4	4	0	0	28	2196	0	1	1	0
4761	1	5	2	0	0	28	2196	0	1	1	0
4762	1	1	1	0	0	28	2196	0	1	1	0
4770	1	3	3	0	0	26	1836	0	1	1	0
4779	1	1	1	0	0	28	2196	0	1	1	0
4796	1	3	3	0	0	28	2052	0	1	1	0
4796	1	5	2	0	0	28	185	0	1	1	0
4798	1	4	4	0	0	28	2196	0	1	1	0
4799	1	1	1	0	0	28	2196	0	1	1	0
4808	1	1	1	0	0	28	2196	0	1	1	0
4810	1	4	4	0	0	28	2196	0	1	1	0
4811	1	3	3	0	0	28	2196	0	1	1	0
4814	1	2	6	0	0	28	2196	0	1	1	0
4823	1	3	3	0	0	28	2196	0	1	1	0
4827	1	2	6	0	0	28	2196	0	1	1	0
4828	1	1	1	0	0	28	2196	0	1	1	0
4840	1	5	2	0	0	28	2196	0	1	1	0
4844	1	3	3	0	0	28	2196	0	1	1	0
4850	1	1	1	0	0	28	2196	0	1	1	0
4851	1	2	6	0	0	28	2196	0	1	1	0
4863	1	1	1	0	0	28	2196	0	1	1	0
4864	1	4	4	0	0	28	2196	0	1	1	0
4879	1	1	1	0	0	28	2196	0	1	1	0
4882	1	2	6	0	0	28	2196	0	1	1	0
4883	1	5	2	0	0	28	2196	0	1	1	0
4899	1	5	2	0	0	28	2196	0	1	1	0
4901	1	4	4	0	0	24	1620	0	1	1	0
4902	1	3	3	0	0	28	2196	0	1	1	0
4903	1	5	2	0	0	28	2196	0	1	1	0
4904	1	1	1	0	0	28	2196	0	1	1	0
4905	1	2	6	0	0	28	2196	0	1	1	0
4915	1	5	2	0	0	28	2196	0	1	1	0
4922	1	2	6	0	0	28	2196	0	1	1	0
4930	1	1	1	0	0	28	2196	0	1	1	0
4941	1	2	6	0	0	28	2196	0	1	1	0
4942	1	3	3	0	0	28	2196	0	1	1	0
4945	1	4	4	0	0	28	2196	0	1	1	0
4950	1	3	3	0	0	28	2196	0	1	1	0
4958	1	1	1	0	0	28	2196	0	1	1	0
4960	1	4	4	0	0	28	2196	0	1	1	0
4964	1	2	6	0	0	28	2196	0	1	1	0
4971	1	5	2	0	0	28	2196	0	1	1	0
4982	1	2	6	0	0	28	2196	0	1	1	0
4988	1	4	4	0	0	28	2196	0	1	1	0
4990	1	3	3	0	0	28	2196	0	1	1	0
4991	1	5	2	0	0	28	2196	0	1	1	0
5001	1	3	3	0	0	28	2196	0	1	1	0
5003	1	4	4	0	0	28	2196	0	1	1	0
5004	1	2	6	0	0	28	2196	0	1	1	0
5007	1	1	1	0	0	28	2196	0	1	1	0
5008	1	3	3	0	0	28	2196	0	1	1	0
5014	1	3	3	0	0	28	2196	0	1	1	0
5015	1	4	4	0	0	28	2196	0	1	1	0
5019	1	1	1	0	0	28	2196	0	1	1	0
5023	1	2	6	0	0	28	2196	0	1	1	0
5024	1	5	2	0	0	28	2196	0	1	1	0
5027	1	4	4	0	0	20	1191	0	1	1	0
5028	1	1	1	0	0	28	2196	0	1	1	0
5030	1	4	4	0	0	28	2196	0	1	1	0
5031	1	2	6	0	0	28	2196	0	1	1	0
5035	1	2	6	0	0	28	2196	0	1	1	0
5037	1	5	2	0	0	28	2196	0	1	1	0
5042	1	1	1	0	0	28	2196	0	1	1	0
5043	1	3	3	0	0	20	1191	0	1	1	0
5047	1	5	2	0	0	28	2196	0	1	1	0
5051	1	4	4	0	0	28	2196	0	1	1	0
5052	1	2	6	0	0	28	2196	0	1	1	0
5068	1	3	3	0	0	22	1383	0	1	1	0
5069	1	2	6	0	0	26	1836	0	1	1	0
5073	1	5	2	0	0	28	2196	0	1	1	0
5074	1	4	4	0	0	26	1836	0	1	1	0
5081	1	1	1	0	0	28	2196	0	1	1	0
5082	1	5	2	0	0	28	2196	0	1	1	0
5083	1	4	4	0	0	28	2196	0	1	1	0
5088	1	5	2	0	0	28	2196	0	1	1	0
5091	1	5	2	0	0	28	2196	0	1	1	0
5095	1	2	6	0	0	28	2196	0	1	1	0
5096	1	3	3	0	0	20	1191	0	1	1	0
5106	1	4	4	0	0	28	2196	0	1	1	0
5107	1	1	1	0	0	28	2196	0	1	1	0
5108	1	5	2	0	0	28	2196	0	1	1	0
5115	1	1	1	0	0	28	2196	0	1	1	0
5119	1	2	6	0	0	28	2196	0	1	1	0
5125	1	3	3	0	0	28	2196	0	1	1	0
5126	1	5	2	0	0	28	2196	0	1	1	0
5134	1	4	4	0	0	28	2196	0	1	1	0
5142	1	1	1	0	0	28	2196	0	1	1	0
5143	1	3	3	0	0	28	2196	0	1	1	0
5144	1	5	2	0	0	28	2196	0	1	1	0
5159	1	4	4	0	0	28	2196	0	1	1	0
5163	1	2	6	0	0	28	2196	0	1	1	0
5164	1	3	3	0	0	28	2196	0	1	1	0
5172	1	4	4	0	0	28	2196	0	1	1	0
5180	1	1	1	0	0	28	2196	0	1	1	0
5181	1	3	3	0	0	28	2196	0	1	1	0
5185	1	1	1	0	0	28	2196	0	1	1	0
5186	1	3	3	0	0	28	2196	0	1	1	0
5195	1	5	2	0	0	28	2196	0	1	1	0
5202	1	2	6	0	0	28	2196	0	1	1	0
5203	1	1	1	0	0	28	2196	0	1	1	0
5215	1	2	6	0	0	28	2196	0	1	1	0
5217	1	3	3	0	0	28	2196	0	1	1	0
5221	1	5	2	0	0	28	2196	0	1	1	0
5222	1	2	6	0	0	28	2196	0	1	1	0
5237	1	1	1	0	0	28	2196	0	1	1	0
5240	1	4	4	0	0	28	2196	0	1	1	0
5246	1	3	3	0	0	28	2196	0	1	1	0
5247	1	1	1	0	0	28	2196	0	1	1	0
5251	1	2	6	0	0	28	2196	0	1	1	0
5259	1	2	6	0	0	28	2196	0	1	1	0
5260	1	4	4	0	0	18	967	0	1	1	0
5269	1	3	3	0	0	28	2196	0	1	1	0
5271	1	2	6	0	0	28	2196	0	1	1	0
5272	1	3	3	0	0	28	2196	0	1	1	0
5281	1	1	1	0	0	28	2196	0	1	1	0
5285	1	5	2	0	0	28	2196	0	1	1	0
5293	1	4	4	0	0	28	2196	0	1	1	0
5294	1	2	6	0	0	28	2196	0	1	1	0
5308	1	1	1	0	0	28	2196	0	1	1	0
5309	1	3	3	0	0	28	2196	0	1	1	0
5317	1	1	1	0	0	28	2196	0	1	1	0
5318	1	5	2	0	0	28	2196	0	1	1	0
5329	1	4	4	0	0	28	2196	0	1	1	0
5341	1	1	1	0	0	28	185	0	1	1	0
5341	1	3	3	0	0	28	2052	0	1	1	0
5345	1	2	6	0	0	28	2196	0	1	1	0
5347	1	5	2	0	0	28	2196	0	1	1	0
5352	1	3	3	0	0	28	2196	0	1	1	0
5354	1	1	1	0	0	28	2196	0	1	1	0
5367	1	4	4	0	0	28	2196	0	1	1	0
5370	1	3	3	0	0	28	2196	0	1	1	0
5373	1	2	6	0	0	28	2196	0	1	1	0
5385	1	2	6	0	0	28	2196	0	1	1	0
5386	1	3	3	0	0	28	2196	0	1	1	0
5390	1	4	4	0	0	28	2196	0	1	1	0
5397	1	3	3	0	0	28	2196	0	1	1	0
5398	1	2	6	0	0	28	2196	0	1	1	0
5401	1	1	1	0	0	28	2196	0	1	1	0
5411	1	2	6	0	0	28	2196	0	1	1	0
5413	1	5	2	0	0	28	2196	0	1	1	0
5415	1	3	3	0	0	18	967	0	1	1	0
5416	1	4	4	0	0	28	2196	0	1	1	0
5421	1	1	1	0	0	28	2196	0	1	1	0
5423	1	3	3	0	0	28	2196	0	1	1	0
5427	1	5	2	0	0	28	2196	0	1	1	0
5428	1	4	4	0	0	28	2196	0	1	1	0
5441	1	4	4	0	0	28	2196	0	1	1	0
5452	1	3	3	0	0	24	1620	0	1	1	0
5459	1	1	1	0	0	28	2196	0	1	1	0
5460	1	5	2	0	0	28	2196	0	1	1	0
5468	1	3	3	0	0	22	1383	0	1	1	0
5480	1	1	1	0	0	28	2196	0	1	1	0
5481	1	4	4	0	0	28	2196	0	1	1	0
5487	1	2	6	0	0	28	2196	0	1	1	0
5496	1	5	2	0	0	28	2196	0	1	1	0
5497	1	4	4	0	0	28	2196	0	1	1	0
5501	1	1	1	0	0	28	2196	0	1	1	0
5503	1	3	3	0	0	28	2196	0	1	1	0
5506	1	5	2	0	0	28	2196	0	1	1	0
5514	1	2	6	0	0	28	2196	0	1	1	0
5515	1	1	1	0	0	28	2196	0	1	1	0
5516	1	3	3	0	0	28	2196	0	1	1	0
5519	1	5	2	0	0	28	2196	0	1	1	0
5522	1	4	4	0	0	28	2196	0	1	1	0
5523	1	2	6	0	0	28	2196	0	1	1	0
5529	1	5	2	0	0	28	2196	0	1	1	0
5530	1	4	4	0	0	28	2196	0	1	1	0
5534	1	2	6	0	0	28	2196	0	1	1	0
5553	1	3	3	0	0	28	2196	0	1	1	0
5556	1	2	6	0	0	28	2196	0	1	1	0
5557	1	1	1	0	0	28	2196	0	1	1	0
5558	1	4	4	0	0	28	2196	0	1	1	0
5565	1	5	2	0	0	28	2196	0	1	1	0
5572	1	5	2	0	0	28	2196	0	1	1	0
5574	1	1	1	0	0	28	2196	0	1	1	0
5577	1	3	3	0	0	28	2196	0	1	1	0
5578	1	5	2	0	0	28	2196	0	1	1	0
5591	1	1	1	0	0	28	2196	0	1	1	0
5596	1	2	6	0	0	28	2196	0	1	1	0
5598	1	3	3	0	0	26	1836	0	1	1	0
5602	1	5	2	0	0	28	2196	0	1	1	0
5604	1	3	3	0	0	28	2196	0	1	1	0
5606	1	4	4	0	0	28	2196	0	1	1	0
5607	1	5	2	0	0	28	2196	0	1	1	0
5609	1	2	6	0	0	28	2196	0	1	1	0
5612	1	3	3	0	0	28	2196	0	1	1	0
5621	1	3	3	0	0	20	1191	0	1	1	0
5626	1	5	2	0	0	28	2196	0	1	1	0
5627	1	2	6	0	0	28	2196	0	1	1	0
5628	1	4	4	0	0	28	2196	0	1	1	0
5629	1	1	1	0	0	28	2196	0	1	1	0
5635	1	4	4	0	0	28	2196	0	1	1	0
5636	1	2	6	0	0	28	2196	0	1	1	0
5637	1	3	3	0	0	28	2196	0	1	1	0
5645	1	4	4	0	0	28	2196	0	1	1	0
5646	1	1	1	0	0	28	2196	0	1	1	0
5647	1	2	6	0	0	28	2196	0	1	1	0
5656	1	4	4	0	0	28	2196	0	1	1	0
5659	1	5	2	0	0	28	2196	0	1	1	0
5660	1	2	6	0	0	28	2196	0	1	1	0
5670	1	3	3	0	0	28	2196	0	1	1	0
5671	1	5	2	0	0	28	2196	0	1	1	0
5673	1	4	4	0	0	28	2196	0	1	1	0
5683	1	3	3	0	0	28	2196	0	1	1	0
5700	1	3	3	0	0	18	967	0	1	1	0
5701	1	2	6	0	0	28	2196	0	1	1	0
5710	1	2	6	0	0	28	2196	0	1	1	0
5711	1	5	2	0	0	28	2196	0	1	1	0
5714	1	1	1	0	0	28	2196	0	1	1	0
5717	1	4	4	0	0	28	2196	0	1	1	0
5723	1	2	6	0	0	28	2196	0	1	1	0
5725	1	1	1	0	0	28	2196	0	1	1	0
5729	1	4	4	0	0	28	2196	0	1	1	0
5733	1	3	3	0	0	18	967	0	1	1	0
5735	1	1	1	0	0	28	2196	0	1	1	0
5748	1	5	2	0	0	28	2196	0	1	1	0
5749	1	3	3	0	0	28	2196	0	1	1	0
5750	1	4	4	0	0	28	2196	0	1	1	0
5754	1	1	1	0	0	28	2196	0	1	1	0
5755	1	2	6	0	0	28	2196	0	1	1	0
5765	1	1	1	0	0	28	2196	0	1	1	0
5770	1	4	4	0	0	28	2196	0	1	1	0
5783	1	2	6	0	0	28	2196	0	1	1	0
5784	1	5	2	0	0	28	2196	0	1	1	0
5785	1	1	1	0	0	28	2196	0	1	1	0
5787	1	3	3	0	0	26	1836	0	1	1	0
5790	1	5	2	0	0	28	2196	0	1	1	0
5792	1	3	3	0	0	28	2196	0	1	1	0
5805	1	2	6	0	0	28	2196	0	1	1	0
5810	1	5	2	0	0	28	2196	0	1	1	0
5830	1	4	4	0	0	26	1836	0	1	1	0
5832	1	1	1	0	0	28	2196	0	1	1	0
5840	1	1	1	0	0	28	2196	0	1	1	0
5843	1	2	6	0	0	28	2196	0	1	1	0
5844	1	5	2	0	0	28	2196	0	1	1	0
5845	1	4	4	0	0	26	1836	0	1	1	0
5847	1	1	1	0	0	28	2196	0	1	1	0
5848	1	3	3	0	0	28	2196	0	1	1	0
5854	1	5	2	0	0	28	2196	0	1	1	0
5856	1	3	3	0	0	28	2196	0	1	1	0
5857	1	2	6	0	0	14	775	0	1	1	0
5862	1	5	2	0	0	28	2196	0	1	1	0
5866	1	4	4	0	0	28	2196	0	1	1	0
5871	1	2	6	0	0	28	2196	0	1	1	0
5876	1	3	3	0	0	24	1620	0	1	1	0
5877	1	1	1	0	0	28	2196	0	1	1	0
5886	1	4	4	0	0	28	2196	0	1	1	0
5888	1	3	3	0	0	28	2196	0	1	1	0
5892	1	2	6	0	0	28	2196	0	1	1	0
5893	1	4	4	0	0	28	2196	0	1	1	0
5894	1	5	2	0	0	28	2196	0	1	1	0
5907	1	2	6	0	0	28	2196	0	1	1	0
5915	1	4	4	0	0	26	1836	0	1	1	0
5917	1	3	3	0	0	28	2196	0	1	1	0
5919	1	2	6	0	0	28	2196	0	1	1	0
5924	1	3	3	0	0	28	2196	0	1	1	0
5939	1	3	3	0	0	28	2196	0	1	1	0
5941	1	4	4	0	0	28	2196	0	1	1	0
5942	1	2	6	0	0	28	2196	0	1	1	0
5944	1	1	1	0	0	28	2196	0	1	1	0
5947	1	2	6	0	0	28	2196	0	1	1	0
5956	1	5	2	0	0	28	2196	0	1	1	0
5960	1	3	3	0	0	28	2196	0	1	1	0
5962	1	4	4	0	0	28	2196	0	1	1	0
5967	1	5	2	0	0	28	2196	0	1	1	0
5975	1	1	1	0	0	28	2196	0	1	1	0
5976	1	3	3	0	0	28	2196	0	1	1	0
5981	1	5	2	0	0	28	2196	0	1	1	0
5986	1	2	6	0	0	28	2196	0	1	1	0
5993	1	5	2	0	0	28	2196	0	1	1	0
5994	1	4	4	0	0	28	2196	0	1	1	0
5995	1	3	3	0	0	28	2196	0	1	1	0
6000	1	1	1	0	0	28	2196	0	1	1	0
6010	1	4	4	0	0	28	2196	0	1	1	0
6019	1	2	6	0	0	28	2196	0	1	1	0
6020	1	5	2	0	0	28	2196	0	1	1	0
6022	1	3	3	0	0	28	2196	0	1	1	0
6028	1	4	4	0	0	28	2196	0	1	1	0
6032	1	1	1	0	0	28	2196	0	1	1	0
6033	1	2	6	0	0	28	2196	0	1	1	0
6036	1	5	2	0	0	28	2196	0	1	1	0
6037	1	2	6	0	0	28	2196	0	1	1	0
6041	1	1	1	0	0	28	2196	0	1	1	0
6042	1	2	6	0	0	28	2196	0	1	1	0
6047	1	5	2	0	0	28	2196	0	1	1	0
6056	1	5	2	0	0	28	2196	0	1	1	0
6057	1	2	6	0	0	28	2196	0	1	1	0
6061	1	3	3	0	0	28	2196	0	1	1	0
6071	1	4	4	0	0	28	2196	0	1	1	0
6074	1	1	1	0	0	28	2196	0	1	1	0
6076	1	3	3	0	0	12	597	0	1	1	0
6083	1	1	1	0	0	28	2196	0	1	1	0
6090	1	5	2	0	0	28	2196	0	1	1	0
6092	1	2	6	0	0	28	2196	0	1	1	0
6096	1	4	4	0	0	28	2196	0	1	1	0
6103	1	5	2	0	0	28	2196	0	1	1	0
6105	1	2	6	0	0	28	2196	0	1	1	0
6106	1	5	2	0	0	28	2196	0	1	1	0
6107	1	3	3	0	0	28	2196	0	1	1	0
6111	1	4	4	0	0	28	2196	0	1	1	0
6117	1	5	2	0	0	28	2196	0	1	1	0
6120	1	2	6	0	0	28	2196	0	1	1	0
6123	1	1	1	0	0	28	2196	0	1	1	0
6124	1	4	4	0	0	28	2196	0	1	1	0
6129	1	3	3	0	0	28	2196	0	1	1	0
6131	1	2	6	0	0	28	2196	0	1	1	0
6132	1	5	2	0	0	28	2196	0	1	1	0
6135	1	5	2	0	0	28	2196	0	1	1	0
6138	1	2	6	0	0	28	2196	0	1	1	0
6143	1	5	2	0	0	28	2196	0	1	1	0
6144	1	3	3	0	0	24	1620	0	1	1	0
6145	1	4	4	0	0	28	2196	0	1	1	0
6152	1	2	6	0	0	28	2196	0	1	1	0
6154	1	3	3	0	0	28	2196	0	1	1	0
6156	1	4	4	0	0	28	2196	0	1	1	0
6173	1	2	6	0	0	28	2196	0	1	1	0
6175	1	3	3	0	0	28	2196	0	1	1	0
6176	1	4	4	0	0	28	2196	0	1	1	0
6182	1	5	2	0	0	28	2196	0	1	1	0
6183	1	1	1	0	0	28	2196	0	1	1	0
6186	1	4	4	0	0	28	2196	0	1	1	0
6196	1	4	4	0	0	28	2196	0	1	1	0
6197	1	3	3	0	0	28	2196	0	1	1	0
6198	1	2	6	0	0	28	2196	0	1	1	0
6199	1	5	2	0	0	28	2196	0	1	1	0
6200	1	5	2	0	0	28	2196	0	1	1	0
6207	1	5	2	0	0	28	2196	0	1	1	0
6214	1	2	6	0	0	28	2196	0	1	1	0
6217	1	1	1	0	0	28	2196	0	1	1	0
6218	1	5	2	0	0	28	2196	0	1	1	0
6220	1	3	3	0	0	28	2196	0	1	1	0
6228	1	1	1	0	0	28	2196	0	1	1	0
6230	1	4	4	0	0	28	2196	0	1	1	0
6239	1	3	3	0	0	28	2196	0	1	1	0
6242	1	4	4	0	0	28	2196	0	1	1	0
6246	1	2	6	0	0	28	2196	0	1	1	0
6252	1	5	2	0	0	28	2196	0	1	1	0
6257	1	2	6	0	0	28	2196	0	1	1	0
6264	1	1	1	0	0	28	2196	0	1	1	0
6267	1	2	6	0	0	28	2196	0	1	1	0
6280	1	5	2	0	0	28	2196	0	1	1	0
6285	1	2	6	0	0	28	2196	0	1	1	0
6286	1	1	1	0	0	28	2196	0	1	1	0
6289	1	3	3	0	0	28	2196	0	1	1	0
6290	1	4	4	0	0	28	2196	0	1	1	0
6303	1	4	4	0	0	28	2196	0	1	1	0
6307	1	1	1	0	0	28	2196	0	1	1	0
6326	1	5	2	0	0	28	2196	0	1	1	0
6328	1	4	4	0	0	28	2196	0	1	1	0
6332	1	1	1	0	0	28	2196	0	1	1	0
6333	1	2	6	0	0	28	2196	0	1	1	0
6337	1	4	4	0	0	28	2196	0	1	1	0
6350	1	1	1	0	0	28	2196	0	1	1	0
6351	1	5	2	0	0	28	2196	0	1	1	0
6355	1	4	4	0	0	28	2196	0	1	1	0
6362	1	3	3	0	0	28	2196	0	1	1	0
6371	1	5	2	0	0	28	2196	0	1	1	0
6373	1	1	1	0	0	28	2196	0	1	1	0
6376	1	4	4	0	0	26	1836	0	1	1	0
6377	1	1	1	0	0	28	2196	0	1	1	0
6388	1	3	3	0	0	28	2196	0	1	1	0
6389	1	4	4	0	0	28	2196	0	1	1	0
6396	1	1	1	0	0	28	2196	0	1	1	0
6398	1	3	3	0	0	28	2196	0	1	1	0
6404	1	2	6	0	0	28	2196	0	1	1	0
6406	1	3	3	0	0	28	2196	0	1	1	0
6410	1	2	6	0	0	28	2196	0	1	1	0
6417	1	5	2	0	0	28	2196	0	1	1	0
6422	1	1	1	0	0	28	2196	0	1	1	0
6426	1	2	6	0	0	28	2196	0	1	1	0
6432	1	1	1	0	0	28	2196	0	1	1	0
6433	1	5	2	0	0	28	2196	0	1	1	0
6435	1	3	3	0	0	28	2196	0	1	1	0
6437	1	1	1	0	0	28	2196	0	1	1	0
6441	1	4	4	0	0	28	2196	0	1	1	0
6443	1	4	4	0	0	28	2196	0	1	1	0
6447	1	2	6	0	0	28	2196	0	1	1	0
6448	1	3	3	0	0	28	2196	0	1	1	0
6458	1	3	3	0	0	28	2196	0	1	1	0
6459	1	4	4	0	0	28	2196	0	1	1	0
6471	1	1	1	0	0	28	2196	0	1	1	0
6472	1	5	2	0	0	28	2196	0	1	1	0
6473	1	4	4	0	0	28	2196	0	1	1	0
6480	1	2	6	0	0	28	2196	0	1	1	0
6481	1	3	3	0	0	28	2196	0	1	1	0
6484	1	3	3	0	0	28	2196	0	1	1	0
6486	1	5	2	0	0	28	2196	0	1	1	0
6488	1	1	1	0	0	28	2196	0	1	1	0
6489	1	4	4	0	0	28	2196	0	1	1	0
6493	1	2	6	0	0	28	2196	0	1	1	0
6497	1	3	3	0	0	28	2196	0	1	1	0
6498	1	1	1	0	0	28	2196	0	1	1	0
6512	1	3	3	0	0	28	2196	0	1	1	0
6528	1	3	3	0	0	28	2196	0	1	1	0
6530	1	5	2	0	0	28	2196	0	1	1	0
6535	1	2	6	0	0	28	2196	0	1	1	0
6536	1	1	1	0	0	28	2196	0	1	1	0
6539	1	4	4	0	0	28	2196	0	1	1	0
6542	1	1	1	0	0	28	2196	0	1	1	0
6553	1	1	1	0	0	28	2196	0	1	1	0
6554	1	3	3	0	0	22	1383	0	1	1	0
6557	1	4	4	0	0	28	2196	0	1	1	0
6559	1	5	2	0	0	28	2196	0	1	1	0
6566	1	2	6	0	0	28	2196	0	1	1	0
6567	1	4	4	0	0	28	2196	0	1	1	0
6568	1	3	3	0	0	28	2196	0	1	1	0
6573	1	5	2	0	0	28	2196	0	1	1	0
6578	1	3	3	0	0	28	2196	0	1	1	0
6588	1	3	3	0	0	28	2196	0	1	1	0
6597	1	2	6	0	0	28	2196	0	1	1	0
6601	1	5	2	0	0	28	2196	0	1	1	0
6602	1	1	1	0	0	28	2196	0	1	1	0
6606	1	2	6	0	0	28	2196	0	1	1	0
6611	1	1	1	0	0	28	2196	0	1	1	0
6613	1	3	3	0	0	28	2196	0	1	1	0
6614	1	5	2	0	0	28	2196	0	1	1	0
6619	1	4	4	0	0	28	2196	0	1	1	0
6620	1	2	6	0	0	28	2196	0	1	1	0
6630	1	4	4	0	0	28	2196	0	1	1	0
6633	1	3	3	0	0	28	2196	0	1	1	0
6639	1	5	2	0	0	28	2196	0	1	1	0
6645	1	1	1	0	0	28	2196	0	1	1	0
6652	1	2	6	0	0	28	2196	0	1	1	0
6656	1	4	4	0	0	28	2196	0	1	1	0
6662	1	3	3	0	0	28	2196	0	1	1	0
6665	1	5	2	0	0	28	2196	0	1	1	0
6666	1	1	1	0	0	28	2196	0	1	1	0
6669	1	3	3	0	0	28	2196	0	1	1	0
6678	1	3	3	0	0	28	2196	0	1	1	0
6689	1	5	2	0	0	28	2196	0	1	1	0
6690	1	1	1	0	0	28	2196	0	1	1	0
6692	1	3	3	0	0	28	2196	0	1	1	0
6696	1	2	6	0	0	28	2196	0	1	1	0
6697	1	1	1	0	0	28	2196	0	1	1	0
6704	1	5	2	0	0	28	2196	0	1	1	0
6706	1	3	3	0	0	28	2196	0	1	1	0
6707	1	2	6	0	0	28	2196	0	1	1	0
6710	1	1	1	0	0	28	2196	0	1	1	0
6711	1	4	4	0	0	28	2196	0	1	1	0
6715	1	3	3	0	0	28	2196	0	1	1	0
6727	1	2	6	0	0	28	2196	0	1	1	0
6728	1	1	1	0	0	28	2196	0	1	1	0
6737	1	5	2	0	0	28	2196	0	1	1	0
6740	1	3	3	0	0	28	2196	0	1	1	0
6744	1	5	2	0	0	28	2196	0	1	1	0
6745	1	3	3	0	0	22	1383	0	1	1	0
6752	1	1	1	0	0	28	2196	0	1	1	0
6758	1	2	6	0	0	28	2196	0	1	1	0
6759	1	5	2	0	0	28	2196	0	1	1	0
6760	1	3	3	0	0	28	2196	0	1	1	0
6765	1	5	2	0	0	28	2196	0	1	1	0
6768	1	3	3	0	0	28	2196	0	1	1	0
6771	1	2	6	0	0	28	2196	0	1	1	0
6775	1	4	4	0	0	28	2196	0	1	1	0
6783	1	1	1	0	0	28	2196	0	1	1	0
6787	1	2	6	0	0	24	1620	0	1	1	0
6789	1	4	4	0	0	28	2196	0	1	1	0
6798	1	3	3	0	0	28	2196	0	1	1	0
6801	1	4	4	0	0	28	2196	0	1	1	0
6802	1	5	2	0	0	28	2196	0	1	1	0
6804	1	2	6	0	0	28	2196	0	1	1	0
6813	1	4	4	0	0	28	2196	0	1	1	0
6818	1	4	4	0	0	28	2196	0	1	1	0
6825	1	4	4	0	0	28	2196	0	1	1	0
6827	1	2	6	0	0	28	2196	0	1	1	0
6828	1	3	3	0	0	28	2196	0	1	1	0
6830	1	2	6	0	0	28	2196	0	1	1	0
6837	1	2	6	0	0	28	2196	0	1	1	0
6851	1	4	4	0	0	22	1383	0	1	1	0
6861	1	5	2	0	0	28	2196	0	1	1	0
6862	1	3	3	0	0	28	2196	0	1	1	0
6868	1	1	1	0	0	28	2196	0	1	1	0
6874	1	1	1	0	0	28	2196	0	1	1	0
6881	1	2	6	0	0	28	2196	0	1	1	0
6886	1	3	3	0	0	28	2196	0	1	1	0
6890	1	1	1	0	0	28	2196	0	1	1	0
6895	1	2	6	0	0	28	2196	0	1	1	0
6900	1	1	1	0	0	28	2196	0	1	1	0
6901	1	5	2	0	0	28	2196	0	1	1	0
6908	1	1	1	0	0	28	2196	0	1	1	0
6916	1	2	6	0	0	28	2196	0	1	1	0
6918	1	3	3	0	0	24	1620	0	1	1	0
6920	1	4	4	0	0	28	2196	0	1	1	0
6926	1	1	1	0	0	28	2196	0	1	1	0
6928	1	2	6	0	0	28	2196	0	1	1	0
6930	1	1	1	0	0	28	2196	0	1	1	0
6935	1	5	2	0	0	28	2196	0	1	1	0
6937	1	1	1	0	0	28	2196	0	1	1	0
6942	1	3	3	0	0	28	2196	0	1	1	0
6943	1	1	1	0	0	28	2196	0	1	1	0
6948	1	2	6	0	0	28	2196	0	1	1	0
6959	1	5	2	0	0	28	2196	0	1	1	0
6963	1	5	2	0	0	28	2196	0	1	1	0
6964	1	2	6	0	0	28	2196	0	1	1	0
6974	1	4	4	0	0	28	2196	0	1	1	0
6975	1	2	6	0	0	28	2196	0	1	1	0
6977	1	1	1	0	0	28	2196	0	1	1	0
6982	1	5	2	0	0	28	2196	0	1	1	0
6991	1	4	4	0	0	22	1383	0	1	1	0
6998	1	2	6	0	0	28	2196	0	1	1	0
7003	1	3	3	0	0	28	2196	0	1	1	0
7006	1	5	2	0	0	28	2196	0	1	1	0
7009	1	1	1	0	0	28	2196	0	1	1	0
7017	1	1	1	0	0	28	2196	0	1	1	0
7024	1	2	6	0	0	28	2196	0	1	1	0
7032	1	3	3	0	0	28	2196	0	1	1	0
7037	1	5	2	0	0	28	2196	0	1	1	0
7050	1	4	4	0	0	28	2196	0	1	1	0
7059	1	5	2	0	0	28	2196	0	1	1	0
7060	1	1	1	0	0	28	2196	0	1	1	0
7065	1	3	3	0	0	28	2196	0	1	1	0
7070	1	4	4	0	0	28	2196	0	1	1	0
7071	1	2	6	0	0	28	2196	0	1	1	0
7076	1	5	2	0	0	28	2196	0	1	1	0
7081	1	3	3	0	0	28	2196	0	1	1	0
7083	1	4	4	0	0	28	2196	0	1	1	0
7095	1	1	1	0	0	28	2196	0	1	1	0
7099	1	2	6	0	0	28	373	0	1	1	0
7099	1	3	3	0	0	28	1836	0	1	1	0
7104	1	1	1	0	0	28	2196	0	1	1	0
7113	1	4	4	0	0	28	2196	0	1	1	0
7114	1	1	1	0	0	28	2196	0	1	1	0
7124	1	1	1	0	0	28	2196	0	1	1	0
7127	1	5	2	0	0	28	2196	0	1	1	0
7128	1	2	6	0	0	28	2196	0	1	1	0
7129	1	3	3	0	0	28	2196	0	1	1	0
7136	1	1	1	0	0	28	2196	0	1	1	0
7143	1	3	3	0	0	28	2196	0	1	1	0
7148	1	4	4	0	0	28	2196	0	1	1	0
7158	1	3	3	0	0	28	2196	0	1	1	0
7159	1	1	1	0	0	28	2196	0	1	1	0
7162	1	5	2	0	0	24	1620	0	1	1	0
7163	1	2	6	0	0	28	2196	0	1	1	0
7168	1	4	4	0	0	28	2196	0	1	1	0
7170	1	1	1	0	0	28	2196	0	1	1	0
7177	1	2	6	0	0	28	2196	0	1	1	0
7185	1	5	2	0	0	28	2196	0	1	1	0
7186	1	3	3	0	0	28	2196	0	1	1	0
7193	1	5	2	0	0	28	2196	0	1	1	0
7198	1	2	6	0	0	28	2196	0	1	1	0
7199	1	5	2	0	0	28	2196	0	1	1	0
7203	1	4	4	0	0	22	1383	0	1	1	0
7208	1	1	1	0	0	28	2196	0	1	1	0
7210	1	3	3	0	0	28	2196	0	1	1	0
7213	1	2	6	0	0	28	2196	0	1	1	0
7214	1	5	2	0	0	28	2196	0	1	1	0
7216	1	4	4	0	0	28	2196	0	1	1	0
7220	1	1	1	0	0	28	2196	0	1	1	0
7223	1	4	4	0	0	28	2196	0	1	1	0
7225	1	2	6	0	0	28	2196	0	1	1	0
7231	1	1	1	0	0	28	2196	0	1	1	0
7234	1	3	3	0	0	28	2196	0	1	1	0
7235	1	5	2	0	0	28	2196	0	1	1	0
7245	1	2	6	0	0	28	2196	0	1	1	0
7257	1	5	2	0	0	28	2196	0	1	1	0
7258	1	2	6	0	0	28	2196	0	1	1	0
7268	1	2	6	0	0	28	2196	0	1	1	0
7269	1	4	4	0	0	28	2196	0	1	1	0
7276	1	3	3	0	0	28	2196	0	1	1	0
7280	1	2	6	0	0	28	2196	0	1	1	0
7281	1	5	2	0	0	28	2196	0	1	1	0
7293	1	4	4	0	0	28	2196	0	1	1	0
7304	1	3	3	0	0	14	775	0	1	1	0
7309	1	5	2	0	0	28	2196	0	1	1	0
7316	1	4	4	0	0	28	2196	0	1	1	0
7318	1	5	2	0	0	28	2196	0	1	1	0
7324	1	5	2	0	0	28	2196	0	1	1	0
7326	1	4	4	0	0	28	2196	0	1	1	0
7330	1	3	3	0	0	28	2196	0	1	1	0
7344	1	1	1	0	0	28	2196	0	1	1	0
7348	1	2	6	0	0	28	2196	0	1	1	0
7349	1	3	3	0	0	28	2196	0	1	1	0
7355	1	2	6	0	0	28	2196	0	1	1	0
7358	1	3	3	0	0	28	2196	0	1	1	0
7364	1	3	3	0	0	28	2196	0	1	1	0
7367	1	4	4	0	0	28	2196	0	1	1	0
7369	1	1	1	0	0	28	2196	0	1	1	0
7374	1	3	3	0	0	28	2196	0	1	1	0
7381	1	1	1	0	0	28	2196	0	1	1	0
7394	1	5	2	0	0	28	2196	0	1	1	0
7395	1	1	1	0	0	28	2196	0	1	1	0
7400	1	3	3	0	0	28	2196	0	1	1	0
7406	1	5	2	0	0	28	2196	0	1	1	0
7417	1	2	6	0	0	28	2196	0	1	1	0
7421	1	3	3	0	0	28	2196	0	1	1	0
7428	1	4	4	0	0	28	2196	0	1	1	0
7430	1	3	3	0	0	28	2196	0	1	1	0
7434	1	1	1	0	0	28	2196	0	1	1	0
7439	1	4	4	0	0	28	2196	0	1	1	0
7444	1	2	6	0	0	28	2196	0	1	1	0
7446	1	1	1	0	0	28	2196	0	1	1	0
7453	1	5	2	0	0	28	2196	0	1	1	0
7454	1	1	1	0	0	28	2196	0	1	1	0
7456	1	2	6	0	0	28	2196	0	1	1	0
7469	1	3	3	0	0	28	2196	0	1	1	0
7471	1	4	4	0	0	28	2196	0	1	1	0
7472	1	2	6	0	0	28	2196	0	1	1	0
7473	1	1	1	0	0	28	2196	0	1	1	0
7480	1	1	1	0	0	28	2196	0	1	1	0
7487	1	2	6	0	0	28	2196	0	1	1	0
7493	1	4	4	0	0	28	2196	0	1	1	0
7496	1	5	2	0	0	28	2196	0	1	1	0
7499	1	2	6	0	0	28	2196	0	1	1	0
7503	1	4	4	0	0	28	2196	0	1	1	0
7505	1	1	1	0	0	28	2196	0	1	1	0
7510	1	3	3	0	0	28	2196	0	1	1	0
7515	1	2	6	0	0	28	2196	0	1	1	0
7516	1	1	1	0	0	28	2196	0	1	1	0
7538	1	4	4	0	0	28	2196	0	1	1	0
7540	1	5	2	0	0	28	2196	0	1	1	0
7552	1	1	1	0	0	28	2196	0	1	1	0
7555	1	3	3	0	0	28	2196	0	1	1	0
7558	1	2	6	0	0	28	2196	0	1	1	0
7560	1	1	1	0	0	28	2196	0	1	1	0
7566	1	5	2	0	0	28	2196	0	1	1	0
7567	1	2	6	0	0	28	2196	0	1	1	0
7568	1	1	1	0	0	28	2196	0	1	1	0
7569	1	4	4	0	0	28	2196	0	1	1	0
7570	1	5	2	0	0	28	2196	0	1	1	0
7571	1	3	3	0	0	28	2196	0	1	1	0
7574	1	2	6	0	0	28	2196	0	1	1	0
7584	1	4	4	0	0	28	2196	0	1	1	0
7585	1	2	6	0	0	28	2196	0	1	1	0
7588	1	5	2	0	0	28	2196	0	1	1	0
7590	1	3	3	0	0	28	2196	0	1	1	0
7602	1	1	1	0	0	28	2196	0	1	1	0
7603	1	2	6	0	0	28	2196	0	1	1	0
7606	1	4	4	0	0	28	2196	0	1	1	0
7609	1	1	1	0	0	28	2196	0	1	1	0
7610	1	2	6	0	0	28	2196	0	1	1	0
7613	1	3	3	0	0	28	2196	0	1	1	0
7622	1	1	1	0	0	28	2196	0	1	1	0
7629	1	3	3	0	0	28	2196	0	1	1	0
7631	1	5	2	0	0	28	2196	0	1	1	0
7632	1	4	4	0	0	28	2196	0	1	1	0
7640	1	1	1	0	0	28	2196	0	1	1	0
7645	1	4	4	0	0	28	2196	0	1	1	0
7652	1	2	6	0	0	28	2196	0	1	1	0
7654	1	1	1	0	0	28	2196	0	1	1	0
7662	1	1	1	0	0	28	2196	0	1	1	0
7665	1	4	4	0	0	28	2196	0	1	1	0
7666	1	2	6	0	0	28	2196	0	1	1	0
7670	1	3	3	0	0	28	2196	0	1	1	0
7675	1	2	6	0	0	28	2196	0	1	1	0
7677	1	4	4	0	0	28	2196	0	1	1	0
7679	1	5	2	0	0	28	2196	0	1	1	0
7690	1	4	4	0	0	28	2196	0	1	1	0
7691	1	5	2	0	0	28	2196	0	1	1	0
7695	1	1	1	0	0	28	2196	0	1	1	0
7696	1	4	4	0	0	28	2196	0	1	1	0
7713	1	1	1	0	0	28	2196	0	1	1	0
7728	1	5	2	0	0	28	2196	0	1	1	0
7730	1	2	6	0	0	28	2196	0	1	1	0
7736	1	3	3	0	0	28	2196	0	1	1	0
7737	1	4	4	0	0	28	2196	0	1	1	0
7738	1	2	6	0	0	28	2196	0	1	1	0
7744	1	5	2	0	0	28	2196	0	1	1	0
7755	1	5	2	0	0	28	2196	0	1	1	0
7760	1	4	4	0	0	28	2196	0	1	1	0
7767	1	4	4	0	0	28	2196	0	1	1	0
7769	1	1	1	0	0	28	2196	0	1	1	0
7773	1	3	3	0	0	28	2196	0	1	1	0
7775	1	5	2	0	0	28	2196	0	1	1	0
7784	1	2	6	0	0	28	2196	0	1	1	0
7789	1	2	6	0	0	28	2196	0	1	1	0
7792	1	2	6	0	0	28	2196	0	1	1	0
7793	1	4	4	0	0	28	2196	0	1	1	0
7795	1	3	3	0	0	28	2196	0	1	1	0
7796	1	1	1	0	0	28	2196	0	1	1	0
7801	1	3	3	0	0	28	2196	0	1	1	0
7808	1	3	3	0	0	28	2196	0	1	1	0
7816	1	4	4	0	0	24	1620	0	1	1	0
7818	1	1	1	0	0	28	2196	0	1	1	0
7819	1	5	2	0	0	28	2196	0	1	1	0
7820	1	2	6	0	0	28	2196	0	1	1	0
7822	1	5	2	0	0	28	2196	0	1	1	0
7825	1	3	3	0	0	28	2196	0	1	1	0
7826	1	5	2	0	0	28	2196	0	1	1	0
7827	1	2	6	0	0	28	2196	0	1	1	0
7829	1	5	2	0	0	28	2196	0	1	1	0
7836	1	5	2	0	0	28	2196	0	1	1	0
7839	1	3	3	0	0	28	2196	0	1	1	0
7844	1	3	3	0	0	28	2196	0	1	1	0
7850	1	5	2	0	0	28	2196	0	1	1	0
7856	1	4	4	0	0	28	2196	0	1	1	0
7858	1	2	6	0	0	28	2196	0	1	1	0
7867	1	3	3	0	0	28	2196	0	1	1	0
7868	1	5	2	0	0	28	2196	0	1	1	0
7881	1	3	3	0	0	28	2196	0	1	1	0
7892	1	2	6	0	0	28	2196	0	1	1	0
7896	1	5	2	0	0	28	2196	0	1	1	0
7898	1	4	4	0	0	18	967	0	1	1	0
7901	1	3	3	0	0	28	2196	0	1	1	0
