% time	cellId	IMSI	RNTI	layer	mcs	size	rv	ndi	ccId
25	1	8	2	0	0	81	0	1	0
26	1	8	2	0	0	81	0	1	0
31	1	1	1	0	28	2196	0	1	0
38	1	7	12	0	28	2196	0	1	0
39	1	3	15	0	28	2196	0	1	0
43	1	8	2	0	28	2196	0	1	0
44	1	5	11	0	28	2196	0	1	0
45	1	10	16	0	28	2196	0	1	0
47	1	4	9	0	28	2196	0	1	0
48	1	1	1	0	28	2196	0	1	0
49	1	7	12	0	28	2052	0	1	0
49	1	10	16	0	28	185	0	1	0
52	1	3	15	0	18	967	0	1	0
55	1	9	4	0	28	2196	0	1	0
56	1	2	10	0	28	2196	0	1	0
58	1	7	12	0	24	1620	0	1	0
61	1	6	3	0	28	2196	0	1	0
69	1	7	12	0	28	2196	0	1	0
70	1	8	2	0	28	2196	0	1	0
71	1	9	4	0	28	2196	0	1	0
77	1	6	3	0	28	2196	0	1	0
78	1	4	9	0	28	2196	0	1	0
79	1	5	11	0	22	1383	0	1	0
80	1	8	2	0	28	2196	0	1	0
85	1	6	3	0	28	2196	0	1	0
86	1	3	15	0	28	2196	0	1	0
87	1	1	1	0	28	2196	0	1	0
92	1	5	11	0	28	2196	0	1	0
93	1	4	9	0	28	2196	0	1	0
94	1	8	2	0	28	2196	0	1	0
96	1	9	4	0	28	2196	0	1	0
97	1	2	10	0	28	2196	0	1	0
102	1	10	16	0	28	2196	0	1	0
104	1	3	15	0	28	2196	0	1	0
105	1	8	2	0	28	2196	0	1	0
106	1	1	1	0	28	2196	0	1	0
108	1	6	3	0	28	185	0	1	0
108	1	7	12	0	28	2052	0	1	0
109	1	9	4	0	28	2196	0	1	0
111	1	2	10	0	28	2196	0	1	0
115	1	4	9	0	28	2196	0	1	0
118	1	10	16	0	28	2196	0	1	0
121	1	7	12	0	24	1620	0	1	0
122	1	5	11	0	24	1620	0	1	0
123	1	6	3	0	28	2196	0	1	0
124	1	1	1	0	28	2196	0	1	0
126	1	4	9	0	28	2196	0	1	0
127	1	5	11	0	24	1620	0	1	0
128	1	7	12	0	28	2196	0	1	0
129	1	3	15	0	28	1836	0	1	0
129	1	10	16	0	28	373	0	1	0
132	1	4	9	0	28	2196	0	1	0
135	1	2	10	0	28	2196	0	1	0
143	1	10	16	0	28	2196	0	1	0
144	1	1	1	0	28	373	0	1	0
144	1	3	15	0	28	1836	0	1	0
146	1	6	3	0	28	2196	0	1	0
147	1	5	11	0	22	1383	0	1	0
148	1	4	9	0	28	2196	0	1	0
152	1	2	10	0	28	2196	0	1	0
155	1	2	10	0	28	2196	0	1	0
156	1	1	1	0	24	1620	0	1	0
157	1	9	4	0	28	2196	0	1	0
164	1	4	9	0	28	2196	0	1	0
168	1	5	11	0	24	1620	0	1	0
172	1	1	1	0	28	2196	0	1	0
173	1	7	12	0	26	1836	0	1	0
175	1	6	3	0	28	2196	0	1	0
176	1	10	16	0	28	2196	0	1	0
179	1	2	10	0	28	2196	0	1	0
180	1	8	2	0	28	2196	0	1	0
181	1	9	4	0	28	2196	0	1	0
182	1	7	12	0	22	1383	0	1	0
183	1	3	15	0	28	2196	0	1	0
184	1	5	11	0	24	1620	0	1	0
188	1	6	3	0	28	2196	0	1	0
192	1	4	9	0	28	2196	0	1	0
193	1	8	2	0	24	1620	0	1	0
195	1	5	11	0	20	1191	0	1	0
197	1	9	4	0	28	2196	0	1	0
199	1	3	15	0	28	2196	0	1	0
200	1	8	2	0	28	2196	0	1	0
201	1	7	12	0	22	1383	0	1	0
203	1	4	9	0	28	2196	0	1	0
205	1	9	4	0	28	2196	0	1	0
208	1	10	16	0	28	2196	0	1	0
210	1	2	10	0	18	967	0	1	0
213	1	7	12	0	28	2196	0	1	0
215	1	10	16	0	28	2196	0	1	0
216	1	6	3	0	28	2196	0	1	0
219	1	5	11	0	26	1836	0	1	0
221	1	1	1	0	24	1620	0	1	0
222	1	3	15	0	28	2196	0	1	0
223	1	9	4	0	20	1191	0	1	0
228	1	2	10	0	22	1383	0	1	0
231	1	9	4	0	20	1191	0	1	0
232	1	10	16	0	28	2196	0	1	0
236	1	1	1	0	28	2196	0	1	0
237	1	8	2	0	28	2196	0	1	0
238	1	6	3	0	28	2196	0	1	0
239	1	4	9	0	28	2196	0	1	0
242	1	9	4	0	28	2196	0	1	0
243	1	2	10	0	28	2196	0	1	0
244	1	7	12	0	28	2196	0	1	0
246	1	3	15	0	28	2196	0	1	0
248	1	4	9	0	28	2196	0	1	0
249	1	1	1	0	28	2196	0	1	0
251	1	7	12	0	28	2196	0	1	0
254	1	9	4	0	28	2196	0	1	0
255	1	5	11	0	28	2196	0	1	0
256	1	10	16	0	28	2196	0	1	0
260	1	9	4	0	28	2196	0	1	0
261	1	6	3	0	28	2196	0	1	0
262	1	3	15	0	28	2196	0	1	0
263	1	1	1	0	28	2196	0	1	0
264	1	10	16	0	28	2196	0	1	0
265	1	8	2	0	28	2196	0	1	0
270	1	8	2	0	28	2196	0	1	0
271	1	10	16	0	26	1836	0	1	0
273	1	7	12	0	28	2196	0	1	0
278	1	4	9	0	28	2196	0	1	0
281	1	8	2	0	28	2196	0	1	0
282	1	6	3	0	28	2196	0	1	0
286	1	3	15	0	28	2196	0	1	0
287	1	9	4	0	28	2196	0	1	0
290	1	2	10	0	28	2196	0	1	0
291	1	1	1	0	28	2196	0	1	0
292	1	8	2	0	28	2196	0	1	0
295	1	10	16	0	28	2196	0	1	0
299	1	5	11	0	28	2196	0	1	0
300	1	2	10	0	28	2196	0	1	0
301	1	6	3	0	28	2196	0	1	0
302	1	4	9	0	28	2196	0	1	0
308	1	10	16	0	28	2196	0	1	0
311	1	3	15	0	22	1383	0	1	0
312	1	4	9	0	28	2196	0	1	0
313	1	10	16	0	28	2196	0	1	0
314	1	8	2	0	28	2196	0	1	0
315	1	7	12	0	28	2196	0	1	0
321	1	3	15	0	20	1191	0	1	0
323	1	1	1	0	28	2196	0	1	0
324	1	10	16	0	28	2196	0	1	0
326	1	6	3	0	28	2196	0	1	0
328	1	4	9	0	28	2196	0	1	0
329	1	1	1	0	28	2196	0	1	0
331	1	2	10	0	28	2196	0	1	0
333	1	5	11	0	28	2196	0	1	0
334	1	3	15	0	28	2196	0	1	0
338	1	7	12	0	28	2196	0	1	0
341	1	9	4	0	28	2196	0	1	0
342	1	2	10	0	28	2196	0	1	0
343	1	5	11	0	28	2196	0	1	0
346	1	8	2	0	28	2196	0	1	0
347	1	10	16	0	26	1836	0	1	0
351	1	6	3	0	28	2196	0	1	0
352	1	5	11	0	28	2196	0	1	0
353	1	3	15	0	28	2196	0	1	0
356	1	7	12	0	28	2196	0	1	0
357	1	1	1	0	28	2196	0	1	0
365	1	2	10	0	28	2196	0	1	0
366	1	8	2	0	28	2196	0	1	0
370	1	3	15	0	28	2196	0	1	0
371	1	7	12	0	28	2196	0	1	0
372	1	6	3	0	28	2196	0	1	0
373	1	4	9	0	28	2196	0	1	0
379	1	8	2	0	28	2196	0	1	0
380	1	7	12	0	28	2196	0	1	0
383	1	6	3	0	28	2196	0	1	0
385	1	10	16	0	28	2196	0	1	0
387	1	9	4	0	28	2196	0	1	0
392	1	3	15	0	28	2196	0	1	0
393	1	7	12	0	28	2196	0	1	0
395	1	5	11	0	28	2196	0	1	0
396	1	2	10	0	28	2196	0	1	0
401	1	8	2	0	28	2196	0	1	0
403	1	2	10	0	28	2196	0	1	0
404	1	6	3	0	28	2196	0	1	0
406	1	1	1	0	28	2196	0	1	0
408	1	10	16	0	28	2196	0	1	0
413	1	1	1	0	28	2196	0	1	0
414	1	4	9	0	28	2196	0	1	0
415	1	7	12	0	28	2196	0	1	0
416	1	1	1	0	28	2196	0	1	0
417	1	8	2	0	28	2196	0	1	0
418	1	10	16	0	28	2196	0	1	0
424	1	1	1	0	24	1620	0	1	0
425	1	9	4	0	28	2196	0	1	0
428	1	2	10	0	28	2196	0	1	0
430	1	4	9	0	28	2196	0	1	0
431	1	3	15	0	28	2196	0	1	0
432	1	5	11	0	28	2196	0	1	0
433	1	2	10	0	28	2196	0	1	0
434	1	9	4	0	28	2196	0	1	0
435	1	6	3	0	28	2196	0	1	0
437	1	9	4	0	28	2196	0	1	0
439	1	4	9	0	28	2196	0	1	0
440	1	1	1	0	28	2196	0	1	0
441	1	2	10	0	28	2196	0	1	0
442	1	3	15	0	28	2196	0	1	0
445	1	8	2	0	28	2196	0	1	0
451	1	5	11	0	28	2196	0	1	0
452	1	1	1	0	28	2196	0	1	0
455	1	4	9	0	28	2196	0	1	0
456	1	9	4	0	28	2196	0	1	0
457	1	8	2	0	28	2196	0	1	0
462	1	3	15	0	28	2196	0	1	0
463	1	9	4	0	28	2196	0	1	0
464	1	7	12	0	28	2196	0	1	0
465	1	8	2	0	28	2196	0	1	0
466	1	1	1	0	28	2196	0	1	0
467	1	9	4	0	28	185	0	1	0
467	1	5	11	0	28	2052	0	1	0
469	1	4	9	0	28	2196	0	1	0
476	1	9	4	0	24	1620	0	1	0
477	1	3	15	0	28	2196	0	1	0
479	1	7	12	0	28	2196	0	1	0
480	1	5	11	0	26	1836	0	1	0
482	1	6	3	0	28	2196	0	1	0
484	1	1	1	0	28	2196	0	1	0
487	1	8	2	0	28	2196	0	1	0
488	1	7	12	0	28	2196	0	1	0
490	1	9	4	0	28	2196	0	1	0
491	1	4	9	0	28	2196	0	1	0
495	1	8	2	0	28	2196	0	1	0
496	1	6	3	0	28	2196	0	1	0
503	1	10	16	0	28	2196	0	1	0
505	1	8	2	0	28	2196	0	1	0
506	1	5	11	0	20	1191	0	1	0
507	1	9	4	0	28	2196	0	1	0
508	1	6	3	0	28	2196	0	1	0
509	1	7	12	0	28	2196	0	1	0
510	1	1	1	0	28	2196	0	1	0
511	1	2	10	0	28	2196	0	1	0
512	1	10	16	0	28	2196	0	1	0
513	1	4	9	0	28	2196	0	1	0
514	1	7	12	0	28	2196	0	1	0
515	1	3	15	0	28	2196	0	1	0
516	1	8	2	0	28	2196	0	1	0
517	1	9	4	0	28	2196	0	1	0
520	1	1	1	0	28	2196	0	1	0
525	1	5	11	0	28	2196	0	1	0
526	1	6	3	0	28	2196	0	1	0
527	1	7	12	0	28	2196	0	1	0
528	1	9	4	0	28	2196	0	1	0
529	1	10	16	0	28	2196	0	1	0
530	1	8	2	0	28	2196	0	1	0
534	1	8	2	0	28	2196	0	1	0
536	1	9	4	0	28	2196	0	1	0
537	1	10	16	0	28	2196	0	1	0
540	1	3	15	0	26	1836	0	1	0
542	1	4	9	0	28	2196	0	1	0
543	1	6	3	0	28	2196	0	1	0
547	1	2	10	0	28	2196	0	1	0
552	1	1	1	0	28	2196	0	1	0
553	1	7	12	0	28	2196	0	1	0
556	1	6	3	0	28	2196	0	1	0
560	1	10	16	0	28	2196	0	1	0
561	1	3	15	0	22	1383	0	1	0
565	1	9	4	0	28	2196	0	1	0
566	1	1	1	0	28	2196	0	1	0
567	1	3	15	0	24	1620	0	1	0
570	1	7	12	0	28	2196	0	1	0
572	1	10	16	0	28	2196	0	1	0
573	1	4	9	0	28	2196	0	1	0
575	1	5	11	0	28	2196	0	1	0
577	1	7	12	0	28	2196	0	1	0
578	1	4	9	0	28	2196	0	1	0
579	1	6	3	0	28	2196	0	1	0
581	1	3	15	0	20	1191	0	1	0
584	1	4	9	0	28	2196	0	1	0
587	1	1	1	0	28	2196	0	1	0
588	1	6	3	0	28	2196	0	1	0
590	1	4	9	0	28	2196	0	1	0
594	1	8	2	0	28	2196	0	1	0
595	1	6	3	0	28	185	0	1	0
595	1	7	12	0	28	2052	0	1	0
599	1	1	1	0	28	2196	0	1	0
600	1	4	9	0	28	2196	0	1	0
601	1	7	12	0	22	1383	0	1	0
603	1	10	16	0	28	2196	0	1	0
607	1	7	12	0	18	967	0	1	0
609	1	4	9	0	28	2196	0	1	0
610	1	8	2	0	28	2196	0	1	0
615	1	1	1	0	28	2196	0	1	0
617	1	6	3	0	28	2196	0	1	0
619	1	5	11	0	28	2196	0	1	0
626	1	6	3	0	28	2196	0	1	0
627	1	4	9	0	28	2196	0	1	0
629	1	8	2	0	28	2196	0	1	0
633	1	6	3	0	28	2196	0	1	0
635	1	3	15	0	28	2196	0	1	0
638	1	5	11	0	28	2196	0	1	0
639	1	9	4	0	26	1836	0	1	0
641	1	3	15	0	28	2196	0	1	0
642	1	1	1	0	28	2196	0	1	0
644	1	7	12	0	28	2196	0	1	0
645	1	2	10	0	28	2196	0	1	0
648	1	7	12	0	28	2196	0	1	0
649	1	10	16	0	28	2196	0	1	0
650	1	9	4	0	18	967	0	1	0
651	1	8	2	0	28	2196	0	1	0
652	1	4	9	0	28	2196	0	1	0
657	1	2	10	0	28	2196	0	1	0
661	1	1	1	0	28	2196	0	1	0
665	1	6	3	0	28	2196	0	1	0
667	1	10	16	0	28	2196	0	1	0
669	1	3	15	0	24	1620	0	1	0
675	1	4	9	0	28	2196	0	1	0
676	1	5	11	0	28	2196	0	1	0
677	1	10	16	0	28	2196	0	1	0
678	1	8	2	0	28	2196	0	1	0
679	1	6	3	0	28	549	0	1	0
679	1	3	15	0	28	1692	0	1	0
682	1	2	10	0	28	2196	0	1	0
683	1	1	1	0	28	2196	0	1	0
686	1	7	12	0	28	373	0	1	0
686	1	3	15	0	28	1836	0	1	0
688	1	9	4	0	28	2196	0	1	0
689	1	4	9	0	28	2196	0	1	0
694	1	5	11	0	24	1620	0	1	0
696	1	1	1	0	28	2196	0	1	0
697	1	6	3	0	28	373	0	1	0
697	1	7	12	0	28	1836	0	1	0
700	1	8	2	0	28	2196	0	1	0
707	1	4	9	0	28	2196	0	1	0
708	1	9	4	0	28	2196	0	1	0
709	1	3	15	0	20	1191	0	1	0
714	1	7	12	0	24	1620	0	1	0
717	1	2	10	0	28	2196	0	1	0
722	1	5	11	0	26	1836	0	1	0
723	1	6	3	0	28	2196	0	1	0
724	1	7	12	0	20	1191	0	1	0
725	1	8	2	0	22	1383	0	1	0
726	1	10	16	0	28	2196	0	1	0
729	1	1	1	0	28	2196	0	1	0
733	1	4	9	0	28	185	0	1	0
733	1	7	12	0	28	2052	0	1	0
734	1	1	1	0	28	2196	0	1	0
736	1	6	3	0	28	2196	0	1	0
739	1	7	12	0	24	1620	0	1	0
741	1	2	10	0	28	2196	0	1	0
742	1	10	16	0	28	2196	0	1	0
743	1	5	11	0	28	2196	0	1	0
744	1	3	15	0	26	1383	0	1	0
744	1	10	16	0	28	549	0	1	0
748	1	6	3	0	28	2196	0	1	0
749	1	9	4	0	28	2196	0	1	0
750	1	8	2	0	28	2196	0	1	0
751	1	4	9	0	28	549	0	1	0
751	1	3	15	0	28	1692	0	1	0
753	1	10	16	0	28	2196	0	1	0
756	1	9	4	0	28	2196	0	1	0
758	1	1	1	0	28	2196	0	1	0
759	1	2	10	0	28	2196	0	1	0
763	1	7	12	0	28	549	0	1	0
763	1	3	15	0	28	1692	0	1	0
769	1	5	11	0	28	2196	0	1	0
770	1	9	4	0	28	2196	0	1	0
771	1	1	1	0	28	2196	0	1	0
774	1	1	1	0	28	2196	0	1	0
775	1	8	2	0	28	2196	0	1	0
779	1	1	1	0	28	185	0	1	0
779	1	3	15	0	22	1287	0	1	0
781	1	7	12	0	28	185	0	1	0
781	1	10	16	0	28	2052	0	1	0
782	1	4	9	0	28	2196	0	1	0
783	1	5	11	0	28	2196	0	1	0
784	1	3	15	0	22	1383	0	1	0
788	1	3	15	0	22	1383	0	1	0
797	1	4	9	0	28	2196	0	1	0
798	1	8	2	0	28	2196	0	1	0
799	1	2	10	0	28	2196	0	1	0
803	1	5	11	0	28	2196	0	1	0
804	1	2	10	0	28	2196	0	1	0
805	1	3	15	0	22	1383	0	1	0
806	1	1	1	0	28	2196	0	1	0
809	1	9	4	0	28	2196	0	1	0
810	1	2	10	0	28	2196	0	1	0
814	1	10	16	0	26	1836	0	1	0
817	1	8	2	0	28	2196	0	1	0
822	1	4	9	0	28	2196	0	1	0
825	1	3	15	0	24	1620	0	1	0
828	1	1	1	0	28	2196	0	1	0
829	1	9	4	0	28	2196	0	1	0
833	1	2	10	0	28	2196	0	1	0
834	1	3	15	0	24	1620	0	1	0
835	1	5	11	0	28	2196	0	1	0
836	1	10	16	0	24	1620	0	1	0
838	1	6	3	0	28	2196	0	1	0
841	1	10	16	0	28	2196	0	1	0
843	1	7	12	0	28	2196	0	1	0
844	1	8	2	0	28	2196	0	1	0
845	1	9	4	0	28	2196	0	1	0
847	1	4	9	0	28	2196	0	1	0
851	1	3	15	0	20	1191	0	1	0
852	1	4	9	0	28	2196	0	1	0
855	1	7	12	0	28	2196	0	1	0
858	1	6	3	0	28	2196	0	1	0
862	1	5	11	0	28	2196	0	1	0
863	1	9	4	0	28	2196	0	1	0
868	1	2	10	0	28	2196	0	1	0
869	1	6	3	0	28	2196	0	1	0
873	1	3	15	0	28	2196	0	1	0
876	1	8	2	0	28	2196	0	1	0
880	1	6	3	0	28	2196	0	1	0
885	1	10	16	0	28	2196	0	1	0
886	1	5	11	0	28	2196	0	1	0
887	1	2	10	0	28	2196	0	1	0
888	1	1	1	0	28	2196	0	1	0
892	1	9	4	0	28	2196	0	1	0
893	1	10	16	0	28	2196	0	1	0
894	1	4	9	0	28	2196	0	1	0
899	1	5	11	0	28	2196	0	1	0
900	1	8	2	0	28	2196	0	1	0
903	1	6	3	0	28	2196	0	1	0
905	1	1	1	0	28	2196	0	1	0
906	1	2	10	0	28	2196	0	1	0
907	1	7	12	0	28	2196	0	1	0
908	1	10	16	0	28	2196	0	1	0
909	1	8	2	0	28	2196	0	1	0
910	1	2	10	0	28	2196	0	1	0
916	1	5	11	0	28	2196	0	1	0
917	1	4	9	0	28	2196	0	1	0
918	1	6	3	0	28	2196	0	1	0
922	1	9	4	0	28	2196	0	1	0
923	1	8	2	0	28	2196	0	1	0
932	1	3	15	0	28	2196	0	1	0
933	1	7	12	0	28	2196	0	1	0
934	1	1	1	0	28	2196	0	1	0
935	1	8	2	0	28	2196	0	1	0
936	1	6	3	0	28	2196	0	1	0
945	1	10	16	0	28	2196	0	1	0
947	1	7	12	0	28	2196	0	1	0
948	1	5	11	0	28	2196	0	1	0
950	1	8	2	0	28	2196	0	1	0
954	1	6	3	0	28	2196	0	1	0
956	1	9	4	0	28	2196	0	1	0
958	1	5	11	0	28	2196	0	1	0
960	1	3	15	0	28	2196	0	1	0
962	1	10	16	0	28	2196	0	1	0
964	1	6	3	0	28	2196	0	1	0
966	1	8	2	0	28	2196	0	1	0
967	1	4	9	0	28	2196	0	1	0
971	1	9	4	0	28	2196	0	1	0
972	1	2	10	0	6	309	0	1	0
977	1	6	3	0	28	2196	0	1	0
978	1	4	9	0	28	2196	0	1	0
979	1	8	2	0	28	2196	0	1	0
982	1	7	12	0	28	2196	0	1	0
985	1	4	9	0	28	2196	0	1	0
986	1	1	1	0	28	2196	0	1	0
989	1	7	12	0	28	2196	0	1	0
990	1	4	9	0	28	2196	0	1	0
991	1	6	3	0	28	2196	0	1	0
993	1	1	1	0	28	2052	0	1	0
993	1	7	12	0	28	185	0	1	0
995	1	5	11	0	28	2196	0	1	0
997	1	9	4	0	28	2196	0	1	0
998	1	6	3	0	28	2196	0	1	0
999	1	2	10	0	28	2196	0	1	0
1001	1	3	15	0	28	2196	0	1	0
1005	1	10	16	0	28	2196	0	1	0
1006	1	8	2	0	28	2196	0	1	0
1007	1	4	9	0	28	2196	0	1	0
1008	1	6	3	0	28	2196	0	1	0
1010	1	7	12	0	28	2196	0	1	0
1014	1	5	11	0	24	1620	0	1	0
1017	1	8	2	0	28	2196	0	1	0
1021	1	10	16	0	28	2196	0	1	0
1022	1	9	4	0	28	2196	0	1	0
1023	1	4	9	0	28	2196	0	1	0
1025	1	2	10	0	28	2196	0	1	0
1028	1	3	15	0	28	2196	0	1	0
1032	1	1	1	0	28	2196	0	1	0
1033	1	10	16	0	28	2196	0	1	0
1034	1	8	2	0	28	2196	0	1	0
1036	1	6	3	0	28	2196	0	1	0
1038	1	5	11	0	20	1191	0	1	0
1043	1	8	2	0	28	2196	0	1	0
1047	1	3	15	0	24	1620	0	1	0
1048	1	10	16	0	28	2196	0	1	0
1051	1	8	2	0	28	2196	0	1	0
1054	1	7	12	0	26	1836	0	1	0
1056	1	6	3	0	28	2196	0	1	0
1058	1	3	15	0	28	2196	0	1	0
1059	1	8	2	0	28	2196	0	1	0
1060	1	4	9	0	28	2196	0	1	0
1061	1	1	1	0	28	2196	0	1	0
1062	1	10	16	0	28	2196	0	1	0
1065	1	9	4	0	28	2196	0	1	0
1068	1	7	12	0	24	1620	0	1	0
1072	1	1	1	0	28	2196	0	1	0
1073	1	7	12	0	18	967	0	1	0
1076	1	3	15	0	28	2196	0	1	0
1077	1	2	10	0	28	2196	0	1	0
1079	1	10	16	0	28	2196	0	1	0
1081	1	6	3	0	28	2196	0	1	0
1084	1	10	16	0	28	2196	0	1	0
1086	1	8	2	0	28	2196	0	1	0
1087	1	10	16	0	28	2196	0	1	0
1089	1	4	9	0	28	2196	0	1	0
1091	1	5	11	0	24	1620	0	1	0
1093	1	7	12	0	28	2196	0	1	0
1094	1	4	9	0	28	2196	0	1	0
1097	1	1	1	0	28	2196	0	1	0
1098	1	4	9	0	28	2196	0	1	0
1099	1	6	3	0	28	2196	0	1	0
1101	1	3	15	0	28	2196	0	1	0
1102	1	7	12	0	26	1836	0	1	0
1103	1	5	11	0	28	2196	0	1	0
1106	1	2	10	0	28	2196	0	1	0
1107	1	8	2	0	28	2196	0	1	0
1109	1	10	16	0	28	2196	0	1	0
1117	1	2	10	0	28	2196	0	1	0
1119	1	8	2	0	28	2196	0	1	0
1120	1	4	9	0	28	2196	0	1	0
1121	1	9	4	0	28	2196	0	1	0
1122	1	1	1	0	28	2196	0	1	0
1131	1	10	16	0	28	2196	0	1	0
1133	1	7	12	0	28	2196	0	1	0
1135	1	5	11	0	26	1836	0	1	0
1137	1	8	2	0	28	2196	0	1	0
1138	1	2	10	0	28	2196	0	1	0
1139	1	1	1	0	28	2052	0	1	0
1139	1	6	3	0	28	185	0	1	0
1144	1	7	12	0	28	2196	0	1	0
1146	1	2	10	0	28	2196	0	1	0
1147	1	5	11	0	28	2196	0	1	0
1153	1	8	2	0	28	2196	0	1	0
1154	1	6	3	0	28	2196	0	1	0
1155	1	9	4	0	28	2196	0	1	0
1156	1	3	15	0	28	2196	0	1	0
1157	1	1	1	0	28	2196	0	1	0
1165	1	10	16	0	28	2196	0	1	0
1168	1	4	9	0	28	2196	0	1	0
1169	1	7	12	0	28	2196	0	1	0
1172	1	2	10	0	28	373	0	1	0
1172	1	3	15	0	28	1836	0	1	0
1174	1	10	16	0	28	2196	0	1	0
1176	1	2	10	0	28	2196	0	1	0
1177	1	8	2	0	28	2196	0	1	0
1180	1	3	15	0	18	967	0	1	0
1184	1	4	9	0	28	2196	0	1	0
1185	1	5	11	0	28	2196	0	1	0
1187	1	8	2	0	28	2196	0	1	0
1190	1	2	10	0	28	2196	0	1	0
1191	1	1	1	0	28	2196	0	1	0
1192	1	6	3	0	28	2196	0	1	0
1193	1	7	12	0	26	1836	0	1	0
1196	1	9	4	0	28	2196	0	1	0
1197	1	4	9	0	28	2196	0	1	0
1202	1	2	10	0	28	2196	0	1	0
1203	1	6	3	0	28	2196	0	1	0
1204	1	5	11	0	28	2196	0	1	0
1205	1	1	1	0	28	2196	0	1	0
1206	1	10	16	0	28	2196	0	1	0
1207	1	8	2	0	28	2196	0	1	0
1209	1	7	12	0	12	597	0	1	0
1215	1	2	10	0	28	2196	0	1	0
1219	1	6	3	0	28	2196	0	1	0
1220	1	9	4	0	28	2196	0	1	0
1226	1	3	15	0	26	1836	0	1	0
1227	1	1	1	0	28	2196	0	1	0
1229	1	10	16	0	12	597	0	1	0
1232	1	5	11	0	28	2196	0	1	0
1233	1	1	1	0	28	2196	0	1	0
1234	1	9	4	0	28	2196	0	1	0
1235	1	4	9	0	28	2196	0	1	0
1237	1	10	16	0	28	2196	0	1	0
1238	1	5	11	0	28	2196	0	1	0
1244	1	8	2	0	28	2196	0	1	0
1246	1	6	3	0	28	2196	0	1	0
1249	1	2	10	0	28	2196	0	1	0
1251	1	4	9	0	28	2196	0	1	0
1252	1	5	11	0	28	2196	0	1	0
1255	1	3	15	0	24	1620	0	1	0
1258	1	1	1	0	28	2196	0	1	0
1259	1	5	11	0	28	2196	0	1	0
1263	1	10	16	0	28	2196	0	1	0
1264	1	8	2	0	28	2196	0	1	0
1265	1	1	1	0	28	2196	0	1	0
1266	1	9	4	0	28	185	0	1	0
1266	1	7	12	0	28	2052	0	1	0
1267	1	5	11	0	28	2196	0	1	0
1272	1	2	10	0	28	2196	0	1	0
1273	1	7	12	0	28	2196	0	1	0
1277	1	1	1	0	28	2196	0	1	0
1280	1	3	15	0	22	1383	0	1	0
1281	1	4	9	0	28	2196	0	1	0
1282	1	8	2	0	28	2196	0	1	0
1283	1	9	4	0	28	2196	0	1	0
1284	1	5	11	0	26	1836	0	1	0
1287	1	10	16	0	28	2196	0	1	0
1289	1	8	2	0	28	2196	0	1	0
1290	1	2	10	0	28	2196	0	1	0
1291	1	5	11	0	28	2196	0	1	0
1296	1	6	3	0	28	2196	0	1	0
1297	1	9	4	0	28	2196	0	1	0
1298	1	7	12	0	24	1620	0	1	0
1299	1	8	2	0	28	2196	0	1	0
1302	1	6	3	0	28	2196	0	1	0
1306	1	5	11	0	24	1620	0	1	0
1309	1	9	4	0	28	2196	0	1	0
1310	1	3	15	0	28	2196	0	1	0
1314	1	10	16	0	28	2196	0	1	0
1315	1	4	9	0	28	2196	0	1	0
1316	1	7	12	0	26	1836	0	1	0
1320	1	9	4	0	28	2196	0	1	0
1321	1	10	16	0	28	2196	0	1	0
1323	1	6	3	0	22	1383	0	1	0
1325	1	1	1	0	28	2196	0	1	0
1327	1	2	10	0	28	2196	0	1	0
1328	1	5	11	0	28	2196	0	1	0
1332	1	1	1	0	28	2196	0	1	0
1333	1	4	9	0	28	2196	0	1	0
1334	1	8	2	0	28	2196	0	1	0
1339	1	6	3	0	28	2196	0	1	0
1340	1	2	10	0	28	2196	0	1	0
1343	1	7	12	0	20	1191	0	1	0
1345	1	3	15	0	28	2196	0	1	0
1347	1	10	16	0	28	2196	0	1	0
1351	1	8	2	0	28	2196	0	1	0
1352	1	3	15	0	28	2196	0	1	0
1353	1	5	11	0	28	2196	0	1	0
1355	1	1	1	0	28	2196	0	1	0
1359	1	4	9	0	28	2196	0	1	0
1361	1	1	1	0	28	2196	0	1	0
1363	1	10	16	0	28	2196	0	1	0
1364	1	6	3	0	28	2196	0	1	0
1369	1	7	12	0	28	2196	0	1	0
1370	1	4	9	0	28	2196	0	1	0
1371	1	5	11	0	28	2196	0	1	0
1374	1	7	12	0	28	2196	0	1	0
1375	1	5	11	0	28	2196	0	1	0
1376	1	3	15	0	28	2196	0	1	0
1378	1	2	10	0	28	2196	0	1	0
1380	1	10	16	0	28	2196	0	1	0
1382	1	8	2	0	28	2196	0	1	0
1384	1	6	3	0	28	2196	0	1	0
1385	1	2	10	0	28	2196	0	1	0
1387	1	5	11	0	28	2196	0	1	0
1388	1	9	4	0	28	2196	0	1	0
1391	1	2	10	0	28	2196	0	1	0
1392	1	1	1	0	28	2196	0	1	0
1393	1	6	3	0	28	2196	0	1	0
1394	1	8	2	0	28	2196	0	1	0
1395	1	3	15	0	28	2196	0	1	0
1396	1	4	9	0	28	185	0	1	0
1396	1	7	12	0	28	2052	0	1	0
1402	1	9	4	0	28	2196	0	1	0
1410	1	7	12	0	28	2196	0	1	0
1411	1	8	2	0	28	2196	0	1	0
1413	1	9	4	0	28	2052	0	1	0
1413	1	5	11	0	28	185	0	1	0
1414	1	3	15	0	28	2196	0	1	0
1420	1	7	12	0	28	2196	0	1	0
1421	1	8	2	0	28	2196	0	1	0
1423	1	1	1	0	28	2052	0	1	0
1423	1	9	4	0	28	185	0	1	0
1424	1	5	11	0	28	2196	0	1	0
1425	1	4	9	0	28	2196	0	1	0
1426	1	2	10	0	28	2196	0	1	0
1427	1	10	16	0	28	2196	0	1	0
1432	1	5	11	0	28	2196	0	1	0
1435	1	9	4	0	24	1620	0	1	0
1437	1	1	1	0	28	2196	0	1	0
1440	1	7	12	0	22	1383	0	1	0
1441	1	6	3	0	28	2196	0	1	0
1443	1	10	16	0	28	2196	0	1	0
1444	1	4	9	0	28	2196	0	1	0
1448	1	2	10	0	28	185	0	1	0
1448	1	3	15	0	28	2052	0	1	0
1451	1	8	2	0	28	2196	0	1	0
1453	1	9	4	0	28	2196	0	1	0
1463	1	2	10	0	28	2196	0	1	0
1464	1	4	9	0	28	2196	0	1	0
1465	1	5	11	0	28	2196	0	1	0
1470	1	6	3	0	28	2196	0	1	0
1471	1	3	15	0	28	2196	0	1	0
1472	1	1	1	0	28	2196	0	1	0
1473	1	8	2	0	28	2196	0	1	0
1476	1	10	16	0	28	2196	0	1	0
1477	1	9	4	0	28	2196	0	1	0
1479	1	6	3	0	28	2196	0	1	0
1480	1	1	1	0	28	2196	0	1	0
1483	1	7	12	0	26	1836	0	1	0
1484	1	4	9	0	28	2196	0	1	0
1489	1	1	1	0	28	2196	0	1	0
1492	1	3	15	0	28	2196	0	1	0
1494	1	5	11	0	28	2196	0	1	0
1495	1	10	16	0	28	2196	0	1	0
1496	1	6	3	0	28	2196	0	1	0
1497	1	2	10	0	28	2196	0	1	0
1498	1	9	4	0	28	2196	0	1	0
1499	1	4	9	0	28	2196	0	1	0
1500	1	8	2	0	28	2196	0	1	0
1506	1	7	12	0	22	1383	0	1	0
1510	1	9	4	0	28	2196	0	1	0
1516	1	3	15	0	28	2196	0	1	0
1519	1	1	1	0	28	2196	0	1	0
1522	1	4	9	0	28	2196	0	1	0
1527	1	10	16	0	28	2196	0	1	0
1528	1	2	10	0	28	2196	0	1	0
1529	1	9	4	0	28	185	0	1	0
1529	1	3	15	0	28	2052	0	1	0
1531	1	9	4	0	24	1620	0	1	0
1532	1	7	12	0	28	2196	0	1	0
1534	1	5	11	0	28	2196	0	1	0
1536	1	1	1	0	28	2196	0	1	0
1544	1	9	4	0	28	2196	0	1	0
1545	1	5	11	0	28	2196	0	1	0
1546	1	6	3	0	28	2196	0	1	0
1547	1	1	1	0	28	185	0	1	0
1547	1	3	15	0	28	2052	0	1	0
1550	1	8	2	0	28	2196	0	1	0
1551	1	10	16	0	28	2196	0	1	0
1552	1	4	9	0	28	2196	0	1	0
1554	1	6	3	0	28	2196	0	1	0
1556	1	2	10	0	28	2196	0	1	0
1558	1	1	1	0	28	2196	0	1	0
1559	1	5	11	0	28	2196	0	1	0
1560	1	4	9	0	28	2196	0	1	0
1561	1	10	16	0	28	2196	0	1	0
1562	1	9	4	0	28	2196	0	1	0
1563	1	1	1	0	28	2196	0	1	0
1571	1	5	11	0	28	2196	0	1	0
1572	1	2	10	0	28	2196	0	1	0
1574	1	6	3	0	28	2196	0	1	0
1575	1	10	16	0	28	2196	0	1	0
1576	1	1	1	0	28	2196	0	1	0
1577	1	8	2	0	28	2196	0	1	0
1578	1	2	10	0	28	2196	0	1	0
1582	1	7	12	0	28	2196	0	1	0
1583	1	4	9	0	28	2196	0	1	0
1587	1	7	12	0	28	2196	0	1	0
1588	1	2	10	0	28	2196	0	1	0
1589	1	5	11	0	26	1836	0	1	0
1593	1	7	12	0	28	2196	0	1	0
1598	1	3	15	0	26	1836	0	1	0
1599	1	9	4	0	24	1620	0	1	0
1601	1	8	2	0	28	2196	0	1	0
1602	1	1	1	0	28	373	0	1	0
1602	1	5	11	0	28	1836	0	1	0
1603	1	2	10	0	28	2196	0	1	0
1604	1	3	15	0	20	1191	0	1	0
1607	1	8	2	0	28	2196	0	1	0
1609	1	5	11	0	24	1620	0	1	0
1611	1	6	3	0	28	2196	0	1	0
1612	1	8	2	0	28	185	0	1	0
1612	1	3	15	0	28	2052	0	1	0
1615	1	4	9	0	28	2196	0	1	0
1619	1	7	12	0	20	1191	0	1	0
1624	1	2	10	0	28	2196	0	1	0
1627	1	7	12	0	26	1836	0	1	0
1630	1	10	16	0	28	2196	0	1	0
1631	1	4	9	0	28	2196	0	1	0
1632	1	7	12	0	26	1836	0	1	0
1634	1	1	1	0	28	2196	0	1	0
1636	1	5	11	0	28	2196	0	1	0
1637	1	6	3	0	28	2196	0	1	0
1638	1	4	9	0	28	2196	0	1	0
1643	1	9	4	0	28	2196	0	1	0
1646	1	8	2	0	28	2196	0	1	0
1648	1	7	12	0	24	1620	0	1	0
1653	1	5	11	0	28	2196	0	1	0
1654	1	2	10	0	28	2196	0	1	0
1657	1	6	3	0	28	2196	0	1	0
1662	1	10	16	0	22	1383	0	1	0
1665	1	2	10	0	28	2196	0	1	0
1666	1	5	11	0	28	2196	0	1	0
1671	1	1	1	0	28	2196	0	1	0
1674	1	2	10	0	28	2196	0	1	0
1676	1	4	9	0	28	2196	0	1	0
1677	1	9	4	0	28	2196	0	1	0
1678	1	5	11	0	28	2196	0	1	0
1686	1	3	15	0	26	1836	0	1	0
1687	1	10	16	0	28	2196	0	1	0
1688	1	7	12	0	22	1383	0	1	0
1689	1	8	2	0	28	2196	0	1	0
1690	1	3	15	0	28	2196	0	1	0
1691	1	5	11	0	28	2196	0	1	0
1692	1	4	9	0	28	2196	0	1	0
1695	1	6	3	0	28	2196	0	1	0
1696	1	2	10	0	28	2196	0	1	0
1699	1	9	4	0	28	2196	0	1	0
1702	1	7	12	0	24	1620	0	1	0
1705	1	1	1	0	28	2196	0	1	0
1706	1	6	3	0	28	2196	0	1	0
1707	1	3	15	0	28	2196	0	1	0
1708	1	9	4	0	28	2196	0	1	0
1709	1	4	9	0	28	2196	0	1	0
1710	1	7	12	0	28	2196	0	1	0
1711	1	6	3	0	28	2196	0	1	0
1713	1	8	2	0	28	2196	0	1	0
1714	1	10	16	0	28	2196	0	1	0
1716	1	5	11	0	28	2196	0	1	0
1724	1	7	12	0	28	2196	0	1	0
1725	1	1	1	0	28	2196	0	1	0
1726	1	10	16	0	28	2196	0	1	0
1727	1	2	10	0	28	185	0	1	0
1727	1	3	15	0	28	2052	0	1	0
1732	1	5	11	0	28	2196	0	1	0
1734	1	9	4	0	28	2196	0	1	0
1735	1	6	3	0	28	2196	0	1	0
1738	1	4	9	0	28	2196	0	1	0
1739	1	1	1	0	28	2196	0	1	0
1741	1	7	12	0	20	1191	0	1	0
1742	1	6	3	0	28	2196	0	1	0
1744	1	3	15	0	28	2196	0	1	0
1747	1	7	12	0	24	1620	0	1	0
1748	1	6	3	0	28	2196	0	1	0
1751	1	4	9	0	28	2196	0	1	0
1752	1	5	11	0	18	967	0	1	0
1757	1	8	2	0	28	2196	0	1	0
1759	1	5	11	0	18	967	0	1	0
1762	1	4	9	0	28	2196	0	1	0
1763	1	10	16	0	28	2196	0	1	0
1764	1	2	10	0	28	2196	0	1	0
1765	1	9	4	0	28	2196	0	1	0
1766	1	1	1	0	24	1620	0	1	0
1769	1	5	11	0	28	2196	0	1	0
1772	1	8	2	0	28	2196	0	1	0
1773	1	9	4	0	28	2196	0	1	0
1781	1	5	11	0	28	2196	0	1	0
1782	1	3	15	0	28	2196	0	1	0
1784	1	6	3	0	28	2196	0	1	0
1786	1	1	1	0	28	2196	0	1	0
1787	1	4	9	0	28	2196	0	1	0
1791	1	7	12	0	26	1836	0	1	0
1793	1	1	1	0	28	2196	0	1	0
1795	1	8	2	0	28	2196	0	1	0
1797	1	10	16	0	28	2196	0	1	0
1798	1	2	10	0	28	2196	0	1	0
1799	1	3	15	0	24	1620	0	1	0
1803	1	4	9	0	28	2196	0	1	0
1804	1	5	11	0	28	2196	0	1	0
1809	1	2	10	0	28	2196	0	1	0
1814	1	9	4	0	28	2196	0	1	0
1818	1	9	4	0	26	1836	0	1	0
1821	1	3	15	0	6	309	0	1	0
1825	1	8	2	0	28	2196	0	1	0
1826	1	5	11	0	28	2196	0	1	0
1829	1	10	16	0	28	2196	0	1	0
1831	1	2	10	0	28	2196	0	1	0
1836	1	1	1	0	28	2196	0	1	0
1837	1	8	2	0	28	2196	0	1	0
1838	1	5	11	0	28	2196	0	1	0
1844	1	9	4	0	28	2196	0	1	0
1846	1	10	16	0	28	2196	0	1	0
1851	1	2	10	0	28	2196	0	1	0
1852	1	7	12	0	24	1620	0	1	0
1853	1	8	2	0	28	2196	0	1	0
1854	1	5	11	0	26	1836	0	1	0
1856	1	10	16	0	24	1620	0	1	0
1857	1	6	3	0	28	2196	0	1	0
1859	1	8	2	0	28	2196	0	1	0
1860	1	1	1	0	28	2196	0	1	0
1862	1	3	15	0	26	1836	0	1	0
1870	1	2	10	0	28	2196	0	1	0
1871	1	4	9	0	28	2196	0	1	0
1872	1	10	16	0	28	2196	0	1	0
1874	1	10	16	0	28	2196	0	1	0
1881	1	6	3	0	28	2196	0	1	0
1882	1	9	4	0	28	2196	0	1	0
1883	1	8	2	0	28	2196	0	1	0
1885	1	7	12	0	28	2196	0	1	0
1887	1	1	1	0	28	2196	0	1	0
1888	1	10	16	0	28	2196	0	1	0
1889	1	8	2	0	28	2196	0	1	0
1890	1	7	12	0	28	2196	0	1	0
1892	1	5	11	0	22	1383	0	1	0
1893	1	4	9	0	28	2196	0	1	0
1895	1	10	16	0	28	2196	0	1	0
1898	1	4	9	0	28	2196	0	1	0
1899	1	8	2	0	28	2196	0	1	0
1900	1	9	4	0	28	2196	0	1	0
1904	1	1	1	0	20	1191	0	1	0
1905	1	8	2	0	28	2196	0	1	0
1908	1	3	15	0	24	1620	0	1	0
1909	1	2	10	0	28	2196	0	1	0
1910	1	9	4	0	28	2196	0	1	0
1911	1	8	2	0	28	2196	0	1	0
1913	1	6	3	0	28	2196	0	1	0
1914	1	4	9	0	28	2196	0	1	0
1915	1	10	16	0	28	2196	0	1	0
1919	1	7	12	0	22	1383	0	1	0
1922	1	4	9	0	28	2196	0	1	0
1926	1	5	11	0	28	2196	0	1	0
1927	1	7	12	0	28	2196	0	1	0
1929	1	8	2	0	24	1620	0	1	0
1932	1	3	15	0	26	1836	0	1	0
1933	1	7	12	0	28	2196	0	1	0
1936	1	2	10	0	28	2196	0	1	0
1939	1	2	10	0	28	2196	0	1	0
1942	1	5	11	0	28	2196	0	1	0
1946	1	10	16	0	28	2196	0	1	0
1947	1	6	3	0	28	2196	0	1	0
1948	1	10	16	0	28	2196	0	1	0
1949	1	3	15	0	28	2196	0	1	0
1950	1	7	12	0	28	2196	0	1	0
1951	1	4	9	0	28	2196	0	1	0
1956	1	8	2	0	24	1620	0	1	0
1958	1	10	16	0	20	1191	0	1	0
1960	1	1	1	0	28	2196	0	1	0
1961	1	6	3	0	28	2196	0	1	0
1962	1	8	2	0	24	1620	0	1	0
1964	1	7	12	0	28	2196	0	1	0
1965	1	4	9	0	28	2196	0	1	0
1967	1	3	15	0	28	2196	0	1	0
1969	1	9	4	0	28	2196	0	1	0
1970	1	7	12	0	28	2196	0	1	0
1974	1	4	9	0	28	2196	0	1	0
1980	1	2	10	0	28	2196	0	1	0
1981	1	10	16	0	28	2196	0	1	0
1984	1	8	2	0	22	1383	0	1	0
1992	1	1	1	0	28	2196	0	1	0
1994	1	3	15	0	28	2196	0	1	0
1996	1	1	1	0	20	1191	0	1	0
1997	1	7	12	0	28	2196	0	1	0
2002	1	4	9	0	28	2196	0	1	0
2003	1	10	16	0	28	2196	0	1	0
2005	1	8	2	0	28	2196	0	1	0
2006	1	2	10	0	28	2196	0	1	0
2008	1	6	3	0	28	2196	0	1	0
2009	1	1	1	0	24	1479	0	1	0
2009	1	4	9	0	28	185	0	1	0
2010	1	10	16	0	28	2196	0	1	0
2011	1	2	10	0	28	2196	0	1	0
2012	1	5	11	0	26	1836	0	1	0
2013	1	7	12	0	24	1620	0	1	0
2018	1	2	10	0	28	2196	0	1	0
2019	1	6	3	0	28	2196	0	1	0
2020	1	9	4	0	28	2196	0	1	0
2024	1	1	1	0	28	2196	0	1	0
2025	1	2	10	0	28	2196	0	1	0
2026	1	10	16	0	28	2196	0	1	0
2027	1	3	15	0	28	2196	0	1	0
2030	1	6	3	0	28	2196	0	1	0
2031	1	7	12	0	22	1383	0	1	0
2032	1	1	1	0	28	2196	0	1	0
2033	1	4	9	0	28	2196	0	1	0
2034	1	8	2	0	28	2196	0	1	0
2040	1	2	10	0	28	2196	0	1	0
2042	1	5	11	0	28	2196	0	1	0
2044	1	3	15	0	28	2196	0	1	0
2048	1	9	4	0	22	1383	0	1	0
2049	1	7	12	0	28	2196	0	1	0
2056	1	6	3	0	28	2196	0	1	0
2057	1	8	2	0	28	2196	0	1	0
2060	1	5	11	0	24	1620	0	1	0
2065	1	3	15	0	24	1620	0	1	0
2066	1	2	10	0	28	2196	0	1	0
2067	1	9	4	0	28	2196	0	1	0
2071	1	5	11	0	28	2196	0	1	0
2073	1	3	15	0	24	1620	0	1	0
2076	1	2	10	0	28	2196	0	1	0
2078	1	9	4	0	24	1620	0	1	0
2086	1	4	9	0	28	2196	0	1	0
2087	1	10	16	0	28	2196	0	1	0
2089	1	5	11	0	28	2196	0	1	0
2090	1	1	1	0	28	2196	0	1	0
2091	1	5	11	0	28	2196	0	1	0
2092	1	8	2	0	28	2196	0	1	0
2093	1	3	15	0	24	1620	0	1	0
2094	1	6	3	0	28	2196	0	1	0
2095	1	5	11	0	28	2196	0	1	0
2101	1	4	9	0	28	2196	0	1	0
2102	1	6	3	0	28	2196	0	1	0
2103	1	7	12	0	22	1383	0	1	0
2105	1	3	15	0	24	1620	0	1	0
2109	1	9	4	0	28	2196	0	1	0
2110	1	1	1	0	28	2196	0	1	0
2111	1	8	2	0	28	2196	0	1	0
2112	1	10	16	0	28	2196	0	1	0
2118	1	7	12	0	22	1383	0	1	0
2119	1	9	4	0	28	2196	0	1	0
2120	1	6	3	0	28	2196	0	1	0
2122	1	1	1	0	28	2196	0	1	0
2123	1	2	10	0	28	2196	0	1	0
2124	1	5	11	0	28	2196	0	1	0
2125	1	4	9	0	28	2196	0	1	0
2127	1	5	11	0	28	2196	0	1	0
2131	1	1	1	0	28	2196	0	1	0
2133	1	8	2	0	28	2196	0	1	0
2137	1	4	9	0	28	2196	0	1	0
2143	1	9	4	0	28	185	0	1	0
2143	1	3	15	0	28	2052	0	1	0
2144	1	2	10	0	28	2196	0	1	0
2145	1	5	11	0	28	2196	0	1	0
2150	1	7	12	0	22	1383	0	1	0
2151	1	3	15	0	28	2196	0	1	0
2155	1	4	9	0	28	2196	0	1	0
2160	1	6	3	0	28	185	0	1	0
2160	1	7	12	0	28	2052	0	1	0
2163	1	1	1	0	28	2196	0	1	0
2166	1	9	4	0	28	2196	0	1	0
2168	1	1	1	0	28	2196	0	1	0
2169	1	5	11	0	20	1191	0	1	0
2171	1	9	4	0	28	2196	0	1	0
2172	1	7	12	0	22	1383	0	1	0
2175	1	10	16	0	28	2196	0	1	0
2176	1	8	2	0	28	2196	0	1	0
2183	1	3	15	0	28	2196	0	1	0
2184	1	6	3	0	28	2196	0	1	0
2185	1	9	4	0	28	2196	0	1	0
2186	1	1	1	0	28	2196	0	1	0
2187	1	5	11	0	28	2196	0	1	0
2189	1	8	2	0	28	2196	0	1	0
2192	1	7	12	0	28	2196	0	1	0
2195	1	4	9	0	28	2196	0	1	0
2196	1	1	1	0	28	2196	0	1	0
2199	1	4	9	0	28	2196	0	1	0
2200	1	5	11	0	24	1620	0	1	0
2202	1	6	3	0	28	185	0	1	0
2202	1	10	16	0	28	2052	0	1	0
2203	1	7	12	0	28	2196	0	1	0
2205	1	9	4	0	28	2196	0	1	0
2208	1	3	15	0	24	1620	0	1	0
2211	1	2	10	0	28	2196	0	1	0
2217	1	4	9	0	28	2196	0	1	0
2218	1	5	11	0	28	185	0	1	0
2218	1	3	15	0	28	2052	0	1	0
2219	1	1	1	0	28	2196	0	1	0
2220	1	7	12	0	28	2196	0	1	0
2221	1	2	10	0	28	2196	0	1	0
2222	1	10	16	0	28	2196	0	1	0
2223	1	9	4	0	28	2196	0	1	0
2224	1	8	2	0	28	2196	0	1	0
2225	1	7	12	0	28	2196	0	1	0
2226	1	9	4	0	28	2196	0	1	0
2227	1	1	1	0	28	2196	0	1	0
2228	1	6	3	0	28	2196	0	1	0
2229	1	3	15	0	22	1383	0	1	0
2237	1	8	2	0	28	2196	0	1	0
2238	1	9	4	0	28	2196	0	1	0
2240	1	6	3	0	28	2196	0	1	0
2241	1	10	16	0	28	2196	0	1	0
2242	1	3	15	0	28	2196	0	1	0
2243	1	7	12	0	28	2196	0	1	0
2249	1	2	10	0	28	2196	0	1	0
2253	1	1	1	0	22	1383	0	1	0
2255	1	4	9	0	28	2196	0	1	0
2256	1	10	16	0	28	2196	0	1	0
2263	1	4	9	0	28	2196	0	1	0
2264	1	7	12	0	28	2196	0	1	0
2266	1	2	10	0	28	2196	0	1	0
2267	1	3	15	0	28	2196	0	1	0
2268	1	6	3	0	28	2196	0	1	0
2269	1	9	4	0	28	2196	0	1	0
2271	1	4	9	0	28	2196	0	1	0
2274	1	2	10	0	28	2196	0	1	0
2276	1	5	11	0	28	2196	0	1	0
2281	1	4	9	0	28	2196	0	1	0
2286	1	2	10	0	28	2196	0	1	0
2287	1	5	11	0	28	2196	0	1	0
2288	1	4	9	0	28	2196	0	1	0
2291	1	1	1	0	28	2196	0	1	0
2295	1	8	2	0	28	2196	0	1	0
2300	1	7	12	0	24	1620	0	1	0
2301	1	6	3	0	28	2196	0	1	0
2302	1	1	1	0	28	2196	0	1	0
2303	1	4	9	0	28	2196	0	1	0
2307	1	3	15	0	28	2196	0	1	0
2308	1	7	12	0	28	2196	0	1	0
2309	1	5	11	0	28	2196	0	1	0
2312	1	10	16	0	28	2196	0	1	0
2313	1	9	4	0	28	2196	0	1	0
2314	1	3	15	0	28	2196	0	1	0
2315	1	2	10	0	28	2196	0	1	0
2316	1	4	9	0	28	2196	0	1	0
2317	1	7	12	0	28	2196	0	1	0
2319	1	8	2	0	28	2196	0	1	0
2321	1	10	16	0	28	2196	0	1	0
2323	1	5	11	0	28	2196	0	1	0
2324	1	2	10	0	28	2196	0	1	0
2326	1	3	15	0	22	1383	0	1	0
2327	1	1	1	0	28	2196	0	1	0
2334	1	9	4	0	28	2196	0	1	0
2337	1	2	10	0	28	2196	0	1	0
2339	1	10	16	0	28	2196	0	1	0
2340	1	8	2	0	28	2196	0	1	0
2341	1	4	9	0	28	2196	0	1	0
2343	1	2	10	0	28	2196	0	1	0
2344	1	6	3	0	28	2196	0	1	0
2345	1	7	12	0	28	2196	0	1	0
2348	1	1	1	0	28	2196	0	1	0
2352	1	8	2	0	28	2196	0	1	0
2353	1	6	3	0	28	2196	0	1	0
2354	1	7	12	0	28	2196	0	1	0
2360	1	10	16	0	28	2196	0	1	0
2361	1	3	15	0	28	2196	0	1	0
2362	1	1	1	0	28	2196	0	1	0
2363	1	4	9	0	28	2196	0	1	0
2367	1	3	15	0	28	2196	0	1	0
2368	1	7	12	0	28	2196	0	1	0
2370	1	6	3	0	28	2196	0	1	0
2371	1	7	12	0	28	2196	0	1	0
2375	1	9	4	0	28	2196	0	1	0
2376	1	8	2	0	28	2196	0	1	0
2380	1	10	16	0	28	2196	0	1	0
2383	1	6	3	0	28	2196	0	1	0
2384	1	10	16	0	28	2196	0	1	0
2386	1	5	11	0	28	2196	0	1	0
2387	1	9	4	0	28	2196	0	1	0
2388	1	10	16	0	28	2196	0	1	0
2389	1	7	12	0	28	2196	0	1	0
2393	1	6	3	0	28	2196	0	1	0
2394	1	8	2	0	28	2196	0	1	0
2395	1	4	9	0	28	2196	0	1	0
2397	1	9	4	0	22	1383	0	1	0
2398	1	4	9	0	28	2196	0	1	0
2399	1	2	10	0	28	2196	0	1	0
2400	1	10	16	0	28	2196	0	1	0
2402	1	9	4	0	28	2196	0	1	0
2404	1	1	1	0	28	2196	0	1	0
2408	1	8	2	0	28	2196	0	1	0
2411	1	5	11	0	28	2196	0	1	0
2413	1	1	1	0	28	373	0	1	0
2413	1	3	15	0	28	1836	0	1	0
2414	1	2	10	0	28	2196	0	1	0
2415	1	6	3	0	28	2196	0	1	0
2416	1	9	4	0	28	2196	0	1	0
2419	1	4	9	0	28	2196	0	1	0
2420	1	6	3	0	28	2196	0	1	0
2421	1	10	16	0	28	2196	0	1	0
2424	1	3	15	0	20	1191	0	1	0
2426	1	2	10	0	28	2196	0	1	0
2427	1	5	11	0	28	2196	0	1	0
2428	1	8	2	0	28	2196	0	1	0
2429	1	1	1	0	28	2196	0	1	0
2430	1	7	12	0	28	2196	0	1	0
2435	1	8	2	0	28	2196	0	1	0
2438	1	3	15	0	22	1383	0	1	0
2439	1	9	4	0	28	2196	0	1	0
2440	1	6	3	0	28	2196	0	1	0
2442	1	2	10	0	28	185	0	1	0
2442	1	5	11	0	28	2052	0	1	0
2445	1	1	1	0	28	2196	0	1	0
2446	1	4	9	0	28	2196	0	1	0
2447	1	10	16	0	28	2196	0	1	0
2450	1	3	15	0	24	1620	0	1	0
2451	1	9	4	0	28	2196	0	1	0
2452	1	10	16	0	28	2196	0	1	0
2457	1	6	3	0	28	2196	0	1	0
2460	1	3	15	0	22	1383	0	1	0
2461	1	9	4	0	28	2196	0	1	0
2468	1	9	4	0	28	2196	0	1	0
2474	1	6	3	0	28	2196	0	1	0
2475	1	8	2	0	28	2196	0	1	0
2476	1	4	9	0	28	2196	0	1	0
2477	1	5	11	0	28	2196	0	1	0
2478	1	7	12	0	28	2196	0	1	0
2479	1	3	15	0	4	217	0	1	0
2480	1	7	12	0	28	2196	0	1	0
2481	1	10	16	0	28	2196	0	1	0
2486	1	7	12	0	28	2196	0	1	0
2490	1	5	11	0	28	749	0	1	0
2490	1	3	15	0	28	1479	0	1	0
2495	1	4	9	0	28	2196	0	1	0
2497	1	3	15	0	22	1383	0	1	0
2499	1	8	2	0	28	2196	0	1	0
2503	1	5	11	0	28	2196	0	1	0
2507	1	2	10	0	28	2196	0	1	0
2508	1	9	4	0	28	2196	0	1	0
2511	1	4	9	0	28	2196	0	1	0
2512	1	8	2	0	28	2196	0	1	0
2515	1	5	11	0	28	2196	0	1	0
2516	1	7	12	0	28	185	0	1	0
2516	1	3	15	0	28	2052	0	1	0
2517	1	6	3	0	28	2196	0	1	0
2519	1	8	2	0	28	2196	0	1	0
2521	1	10	16	0	28	2196	0	1	0
2523	1	4	9	0	28	2196	0	1	0
2526	1	5	11	0	28	2196	0	1	0
2527	1	6	3	0	28	2196	0	1	0
2528	1	1	1	0	28	2196	0	1	0
2529	1	7	12	0	28	2196	0	1	0
2530	1	4	9	0	28	2196	0	1	0
2531	1	3	15	0	28	2196	0	1	0
2533	1	8	2	0	28	2196	0	1	0
2537	1	1	1	0	28	2196	0	1	0
2538	1	7	12	0	24	1620	0	1	0
2539	1	10	16	0	28	2196	0	1	0
2543	1	3	15	0	20	1191	0	1	0
2544	1	7	12	0	28	2196	0	1	0
2546	1	2	10	0	28	2196	0	1	0
2548	1	1	1	0	28	2196	0	1	0
2550	1	9	4	0	28	2196	0	1	0
2551	1	10	16	0	28	2196	0	1	0
2553	1	5	11	0	28	2196	0	1	0
2554	1	8	2	0	28	2196	0	1	0
2555	1	4	9	0	28	2196	0	1	0
2556	1	7	12	0	28	2196	0	1	0
2557	1	1	1	0	28	2196	0	1	0
2562	1	6	3	0	28	2196	0	1	0
2564	1	10	16	0	28	2196	0	1	0
2566	1	1	1	0	28	2196	0	1	0
2567	1	7	12	0	28	2196	0	1	0
2568	1	2	10	0	28	2196	0	1	0
2569	1	10	16	0	28	2196	0	1	0
2571	1	4	9	0	28	2196	0	1	0
2574	1	3	15	0	28	2196	0	1	0
2575	1	5	11	0	28	2196	0	1	0
2578	1	6	3	0	28	2196	0	1	0
2583	1	7	12	0	28	2196	0	1	0
2589	1	5	11	0	28	2196	0	1	0
2593	1	9	4	0	28	2196	0	1	0
2594	1	6	3	0	28	2196	0	1	0
2595	1	8	2	0	28	2196	0	1	0
2596	1	2	10	0	28	2196	0	1	0
2597	1	4	9	0	28	2196	0	1	0
2601	1	10	16	0	28	2196	0	1	0
2603	1	4	9	0	28	2196	0	1	0
2604	1	1	1	0	28	2196	0	1	0
2607	1	2	10	0	28	185	0	1	0
2607	1	3	15	0	28	2052	0	1	0
2608	1	9	4	0	28	2196	0	1	0
2609	1	6	3	0	28	2196	0	1	0
2611	1	10	16	0	28	2196	0	1	0
2613	1	5	11	0	28	2196	0	1	0
2619	1	2	10	0	28	2196	0	1	0
2620	1	8	2	0	28	2196	0	1	0
2621	1	9	4	0	28	2196	0	1	0
2622	1	6	3	0	28	2196	0	1	0
2623	1	1	1	0	28	2196	0	1	0
2624	1	4	9	0	28	2196	0	1	0
2625	1	5	11	0	28	2196	0	1	0
2631	1	4	9	0	28	2196	0	1	0
2633	1	2	10	0	28	549	0	1	0
2633	1	3	15	0	28	1692	0	1	0
2634	1	5	11	0	28	2196	0	1	0
2635	1	9	4	0	28	2196	0	1	0
2636	1	6	3	0	28	2196	0	1	0
2637	1	8	2	0	28	2196	0	1	0
2638	1	10	16	0	28	2196	0	1	0
2639	1	1	1	0	28	2196	0	1	0
2647	1	1	1	0	28	2196	0	1	0
2649	1	5	11	0	28	2196	0	1	0
2654	1	6	3	0	28	2196	0	1	0
2656	1	4	9	0	28	2196	0	1	0
2657	1	10	16	0	28	2196	0	1	0
2661	1	1	1	0	28	2196	0	1	0
2663	1	6	3	0	28	2196	0	1	0
2664	1	4	9	0	28	2196	0	1	0
2665	1	10	16	0	28	2196	0	1	0
2666	1	1	1	0	28	2196	0	1	0
2668	1	2	10	0	28	2196	0	1	0
2670	1	5	11	0	28	2196	0	1	0
2672	1	9	4	0	28	2196	0	1	0
2673	1	6	3	0	28	2196	0	1	0
2674	1	4	9	0	28	2196	0	1	0
2682	1	2	10	0	28	2196	0	1	0
2685	1	9	4	0	28	2196	0	1	0
2686	1	1	1	0	28	2196	0	1	0
2687	1	7	12	0	28	2196	0	1	0
2689	1	6	3	0	28	2196	0	1	0
2690	1	10	16	0	28	2196	0	1	0
2691	1	4	9	0	28	2196	0	1	0
2694	1	10	16	0	28	2196	0	1	0
2695	1	8	2	0	28	2196	0	1	0
2698	1	6	3	0	28	2196	0	1	0
2699	1	3	15	0	28	2196	0	1	0
2700	1	4	9	0	28	2196	0	1	0
2703	1	8	2	0	28	2196	0	1	0
2704	1	1	1	0	20	1191	0	1	0
2705	1	10	16	0	28	2196	0	1	0
2708	1	5	11	0	24	1620	0	1	0
2709	1	4	9	0	28	2196	0	1	0
2714	1	9	4	0	28	2196	0	1	0
2718	1	3	15	0	28	2196	0	1	0
2720	1	6	3	0	28	2196	0	1	0
2721	1	10	16	0	28	2196	0	1	0
2725	1	5	11	0	24	1620	0	1	0
2726	1	2	10	0	28	2196	0	1	0
2727	1	8	2	0	28	2196	0	1	0
2728	1	4	9	0	28	2196	0	1	0
2730	1	3	15	0	28	2196	0	1	0
2731	1	1	1	0	28	2196	0	1	0
2735	1	6	3	0	28	2196	0	1	0
2737	1	5	11	0	28	2196	0	1	0
2738	1	1	1	0	28	2196	0	1	0
2739	1	9	4	0	28	2196	0	1	0
2741	1	5	11	0	28	2196	0	1	0
2745	1	1	1	0	28	2196	0	1	0
2755	1	1	1	0	28	2196	0	1	0
2756	1	10	16	0	28	2196	0	1	0
2757	1	3	15	0	24	1620	0	1	0
2760	1	8	2	0	28	2196	0	1	0
2761	1	7	12	0	28	2196	0	1	0
2762	1	6	3	0	28	2196	0	1	0
2764	1	9	4	0	28	2196	0	1	0
2770	1	8	2	0	28	2196	0	1	0
2771	1	5	11	0	24	1620	0	1	0
2772	1	6	3	0	28	2196	0	1	0
2773	1	1	1	0	28	2196	0	1	0
2776	1	8	2	0	28	2196	0	1	0
2779	1	4	9	0	28	2196	0	1	0
2781	1	7	12	0	22	1383	0	1	0
2782	1	9	4	0	28	2196	0	1	0
2783	1	1	1	0	28	185	0	1	0
2783	1	5	11	0	28	2052	0	1	0
2786	1	10	16	0	28	2196	0	1	0
2787	1	9	4	0	28	2196	0	1	0
2789	1	2	10	0	28	2196	0	1	0
2794	1	6	3	0	28	2196	0	1	0
2795	1	5	11	0	28	2196	0	1	0
2799	1	3	15	0	24	1620	0	1	0
2800	1	7	12	0	28	2196	0	1	0
2801	1	6	3	0	28	2196	0	1	0
2805	1	5	11	0	28	185	0	1	0
2805	1	3	15	0	28	2052	0	1	0
2807	1	1	1	0	28	2196	0	1	0
2819	1	2	10	0	26	1836	0	1	0
2822	1	2	10	0	28	2196	0	1	0
2825	1	1	1	0	28	2196	0	1	0
2827	1	6	3	0	28	2196	0	1	0
2829	1	7	12	0	28	2196	0	1	0
2832	1	4	9	0	28	2196	0	1	0
2836	1	9	4	0	28	2196	0	1	0
2837	1	4	9	0	28	2196	0	1	0
2841	1	10	16	0	28	2196	0	1	0
2844	1	2	10	0	28	2196	0	1	0
2845	1	7	12	0	28	2196	0	1	0
2846	1	9	4	0	28	2196	0	1	0
2847	1	6	3	0	28	2196	0	1	0
2848	1	10	16	0	28	2196	0	1	0
2855	1	3	15	0	18	967	0	1	0
2856	1	10	16	0	28	2196	0	1	0
2859	1	1	1	0	28	2196	0	1	0
2860	1	2	10	0	28	2196	0	1	0
2861	1	4	9	0	28	2196	0	1	0
2862	1	9	4	0	28	2196	0	1	0
2863	1	10	16	0	28	2196	0	1	0
2867	1	4	9	0	28	2196	0	1	0
2872	1	4	9	0	28	2196	0	1	0
2874	1	8	2	0	28	2196	0	1	0
2877	1	10	16	0	28	2196	0	1	0
2878	1	3	15	0	24	1620	0	1	0
2879	1	2	10	0	28	2196	0	1	0
2880	1	5	11	0	28	2196	0	1	0
2887	1	6	3	0	28	185	0	1	0
2887	1	5	11	0	28	2052	0	1	0
2891	1	7	12	0	28	2196	0	1	0
2892	1	1	1	0	28	2196	0	1	0
2895	1	9	4	0	28	2196	0	1	0
2896	1	6	3	0	28	2196	0	1	0
2899	1	7	12	0	28	2196	0	1	0
2902	1	8	2	0	28	2196	0	1	0
2903	1	10	16	0	28	2196	0	1	0
2904	1	3	15	0	28	2196	0	1	0
2905	1	5	11	0	28	2196	0	1	0
2906	1	2	10	0	28	2196	0	1	0
2908	1	6	3	0	28	2196	0	1	0
2909	1	1	1	0	28	2196	0	1	0
2910	1	2	10	0	28	2196	0	1	0
2911	1	8	2	0	28	2196	0	1	0
2915	1	7	12	0	28	2196	0	1	0
2916	1	4	9	0	28	2196	0	1	0
2917	1	6	3	0	28	2196	0	1	0
2926	1	4	9	0	28	2196	0	1	0
2928	1	8	2	0	28	2196	0	1	0
2929	1	6	3	0	28	2196	0	1	0
2931	1	3	15	0	24	1620	0	1	0
2937	1	6	3	0	28	2196	0	1	0
2939	1	5	11	0	22	1383	0	1	0
2940	1	2	10	0	28	2196	0	1	0
2945	1	4	9	0	28	2196	0	1	0
2946	1	3	15	0	22	1383	0	1	0
2950	1	10	16	0	28	2196	0	1	0
2952	1	1	1	0	28	2196	0	1	0
2953	1	8	2	0	28	2196	0	1	0
2956	1	9	4	0	28	2196	0	1	0
2958	1	4	9	0	28	2196	0	1	0
2959	1	6	3	0	28	2196	0	1	0
2964	1	3	15	0	22	1383	0	1	0
2966	1	4	9	0	28	2196	0	1	0
2969	1	10	16	0	28	2196	0	1	0
2971	1	7	12	0	28	2196	0	1	0
2972	1	9	4	0	28	2196	0	1	0
2978	1	2	10	0	28	2196	0	1	0
2979	1	8	2	0	28	2196	0	1	0
2980	1	5	11	0	28	2196	0	1	0
2981	1	3	15	0	28	2196	0	1	0
2982	1	1	1	0	28	2196	0	1	0
2983	1	9	4	0	28	373	0	1	0
2983	1	7	12	0	28	1836	0	1	0
2986	1	10	16	0	28	2196	0	1	0
2989	1	7	12	0	20	1191	0	1	0
2992	1	9	4	0	28	2196	0	1	0
2994	1	6	3	0	28	2196	0	1	0
2996	1	7	12	0	28	2196	0	1	0
3002	1	3	15	0	24	1620	0	1	0
3005	1	2	10	0	28	2196	0	1	0
3006	1	6	3	0	28	2196	0	1	0
3007	1	7	12	0	20	1191	0	1	0
3009	1	4	9	0	28	2196	0	1	0
3013	1	3	15	0	26	1836	0	1	0
3014	1	2	10	0	28	2196	0	1	0
3015	1	6	3	0	28	2196	0	1	0
3016	1	7	12	0	22	1383	0	1	0
3019	1	8	2	0	28	2196	0	1	0
3020	1	6	3	0	28	2196	0	1	0
3023	1	5	11	0	28	2196	0	1	0
3024	1	3	15	0	24	1620	0	1	0
3026	1	2	10	0	28	2196	0	1	0
3027	1	9	4	0	28	2196	0	1	0
3028	1	10	16	0	28	2196	0	1	0
3029	1	3	15	0	22	1383	0	1	0
3033	1	4	9	0	28	2196	0	1	0
3034	1	5	11	0	28	2196	0	1	0
3036	1	8	2	0	28	2196	0	1	0
3042	1	9	4	0	28	2196	0	1	0
3043	1	1	1	0	28	2196	0	1	0
3044	1	6	3	0	28	2196	0	1	0
3048	1	4	9	0	28	2196	0	1	0
3051	1	7	12	0	24	1620	0	1	0
3052	1	5	11	0	24	1620	0	1	0
3053	1	9	4	0	28	2196	0	1	0
3055	1	10	16	0	28	2196	0	1	0
3056	1	2	10	0	28	2196	0	1	0
3057	1	8	2	0	28	2196	0	1	0
3059	1	6	3	0	28	2196	0	1	0
3062	1	3	15	0	24	1620	0	1	0
3064	1	10	16	0	24	1620	0	1	0
3067	1	5	11	0	24	1620	0	1	0
3069	1	8	2	0	28	2196	0	1	0
3070	1	9	4	0	28	2196	0	1	0
3071	1	1	1	0	28	2196	0	1	0
3072	1	7	12	0	24	1620	0	1	0
3075	1	4	9	0	28	2196	0	1	0
3076	1	3	15	0	24	1620	0	1	0
3082	1	7	12	0	28	2196	0	1	0
3084	1	2	10	0	28	2196	0	1	0
3087	1	8	2	0	28	2196	0	1	0
3088	1	4	9	0	28	2196	0	1	0
3092	1	7	12	0	28	2196	0	1	0
3093	1	9	4	0	28	2196	0	1	0
3094	1	10	16	0	28	2196	0	1	0
3095	1	2	10	0	28	2196	0	1	0
3096	1	6	3	0	28	2196	0	1	0
3097	1	8	2	0	28	2196	0	1	0
3101	1	5	11	0	28	2196	0	1	0
3102	1	2	10	0	28	2196	0	1	0
3103	1	6	3	0	28	2196	0	1	0
3105	1	3	15	0	26	1836	0	1	0
3106	1	4	9	0	28	2196	0	1	0
3108	1	8	2	0	28	2196	0	1	0
3114	1	2	10	0	28	2196	0	1	0
3115	1	4	9	0	28	2196	0	1	0
3119	1	5	11	0	22	1383	0	1	0
3123	1	7	12	0	28	2196	0	1	0
3124	1	6	3	0	28	2196	0	1	0
3125	1	3	15	0	26	1836	0	1	0
3126	1	8	2	0	28	2196	0	1	0
3127	1	1	1	0	28	2196	0	1	0
3129	1	8	2	0	28	2196	0	1	0
3137	1	3	15	0	18	967	0	1	0
3139	1	1	1	0	28	2196	0	1	0
3141	1	9	4	0	28	2196	0	1	0
3142	1	7	12	0	28	2196	0	1	0
3144	1	3	15	0	24	1620	0	1	0
3145	1	10	16	0	28	2196	0	1	0
3146	1	8	2	0	28	2196	0	1	0
3151	1	9	4	0	28	2196	0	1	0
3153	1	10	16	0	28	2196	0	1	0
3154	1	4	9	0	28	2196	0	1	0
3155	1	2	10	0	28	2196	0	1	0
3156	1	3	15	0	28	2196	0	1	0
3162	1	7	12	0	28	2196	0	1	0
3166	1	10	16	0	28	2196	0	1	0
3167	1	5	11	0	28	2196	0	1	0
3168	1	6	3	0	28	2196	0	1	0
3169	1	4	9	0	28	2196	0	1	0
3171	1	2	10	0	28	2196	0	1	0
3173	1	9	4	0	28	2196	0	1	0
3181	1	7	12	0	28	2196	0	1	0
3184	1	4	9	0	28	2196	0	1	0
3189	1	9	4	0	28	2196	0	1	0
3191	1	8	2	0	28	2196	0	1	0
3192	1	7	12	0	28	2196	0	1	0
3195	1	6	3	0	28	2196	0	1	0
3199	1	7	12	0	28	2196	1	0	0
3200	1	6	3	0	28	2196	0	1	0
3201	1	10	16	0	28	2196	0	1	0
3202	1	5	11	0	28	2196	0	1	0
3204	1	7	12	0	20	1191	0	1	0
3206	1	9	4	0	28	2196	0	1	0
3207	1	1	1	0	28	2196	0	1	0
3210	1	8	2	0	28	2196	0	1	0
3215	1	4	9	0	28	2196	0	1	0
3216	1	3	15	0	26	1836	0	1	0
3217	1	10	16	0	28	2196	0	1	0
3218	1	5	11	0	28	2196	0	1	0
3219	1	1	1	0	28	2196	0	1	0
3220	1	2	10	0	28	2196	0	1	0
3221	1	6	3	0	28	2196	0	1	0
3222	1	8	2	0	28	2196	0	1	0
3227	1	5	11	0	28	2196	0	1	0
3228	1	9	4	0	28	185	0	1	0
3228	1	10	16	0	28	2052	0	1	0
3230	1	3	15	0	28	2196	0	1	0
3234	1	7	12	0	22	1383	0	1	0
3235	1	1	1	0	28	2196	0	1	0
3236	1	8	2	0	26	1836	0	1	0
3237	1	2	10	0	28	2196	0	1	0
3244	1	8	2	0	28	2196	0	1	0
3249	1	5	11	0	28	2196	0	1	0
3250	1	6	3	0	28	2196	0	1	0
3251	1	7	12	0	28	185	0	1	0
3251	1	3	15	0	28	2052	0	1	0
3256	1	6	3	0	28	2196	0	1	0
3258	1	8	2	0	28	185	0	1	0
3258	1	3	15	0	28	2052	0	1	0
3260	1	2	10	0	28	2196	0	1	0
3261	1	10	16	0	28	2196	0	1	0
3262	1	5	11	0	28	2052	0	1	0
3262	1	3	15	0	28	185	0	1	0
3263	1	9	4	0	28	2196	0	1	0
3264	1	7	12	0	28	2196	0	1	0
3268	1	9	4	0	28	2196	0	1	0
3269	1	8	2	0	28	2196	0	1	0
3272	1	4	9	0	28	2196	0	1	0
3273	1	1	1	0	28	2196	0	1	0
3274	1	2	10	0	22	1383	0	1	0
3275	1	3	15	0	28	2196	0	1	0
3276	1	10	16	0	28	2196	0	1	0
3277	1	6	3	0	28	2196	0	1	0
3280	1	3	15	0	28	2196	0	1	0
3282	1	2	10	0	28	2196	0	1	0
3283	1	1	1	0	28	2196	0	1	0
3284	1	10	16	0	24	1620	0	1	0
3286	1	4	9	0	28	2196	0	1	0
3287	1	6	3	0	28	2196	0	1	0
3288	1	3	15	0	28	2196	0	1	0
3289	1	8	2	0	28	2196	0	1	0
3292	1	5	11	0	28	2196	0	1	0
3295	1	9	4	0	28	2196	0	1	0
3299	1	1	1	0	28	2196	0	1	0
3304	1	4	9	0	28	2196	0	1	0
3310	1	9	4	0	28	2196	0	1	0
3312	1	10	16	0	28	2196	0	1	0
3313	1	1	1	0	28	2196	0	1	0
3321	1	4	9	0	28	2196	0	1	0
3322	1	2	10	0	28	2196	0	1	0
3323	1	8	2	0	28	2196	0	1	0
3324	1	9	4	0	24	1620	0	1	0
3329	1	7	12	0	28	2196	0	1	0
3330	1	5	11	0	28	2196	0	1	0
3331	1	4	9	0	28	2196	0	1	0
3337	1	9	4	0	28	373	0	1	0
3337	1	3	15	0	28	1836	0	1	0
3338	1	8	2	0	28	2196	0	1	0
3341	1	10	16	0	28	2196	0	1	0
3349	1	5	11	0	28	2196	0	1	0
3350	1	9	4	0	28	2196	0	1	0
3352	1	10	16	0	28	2196	0	1	0
3353	1	8	2	0	28	2196	0	1	0
3355	1	4	9	0	28	2196	0	1	0
3356	1	7	12	0	20	1191	0	1	0
3359	1	1	1	0	28	2196	0	1	0
3360	1	3	15	0	24	1620	0	1	0
3361	1	6	3	0	28	2196	0	1	0
3362	1	8	2	0	28	2196	0	1	0
3364	1	1	1	0	28	2196	0	1	0
3366	1	7	12	0	18	967	0	1	0
3368	1	1	1	0	28	2196	0	1	0
3374	1	1	1	0	28	2196	0	1	0
3375	1	10	16	0	28	2196	0	1	0
3376	1	7	12	0	24	1620	0	1	0
3377	1	8	2	0	28	2196	0	1	0
3378	1	2	10	0	28	2196	0	1	0
3379	1	5	11	0	28	2196	0	1	0
3387	1	4	9	0	28	2196	0	1	0
3388	1	2	10	0	28	2196	0	1	0
3389	1	10	16	0	28	2196	0	1	0
3391	1	6	3	0	28	2196	0	1	0
3392	1	1	1	0	28	2196	0	1	0
3394	1	8	2	0	24	1620	0	1	0
3396	1	9	4	0	28	2196	0	1	0
3400	1	7	12	0	22	1383	0	1	0
3401	1	10	16	0	28	2196	0	1	0
3402	1	9	4	0	28	2196	0	1	0
3403	1	1	1	0	28	2196	0	1	0
3404	1	10	16	0	28	2196	0	1	0
3407	1	5	11	0	28	2196	0	1	0
3410	1	2	10	0	28	2196	0	1	0
3411	1	6	3	0	28	373	0	1	0
3411	1	3	15	0	28	1836	0	1	0
3417	1	2	10	0	28	2196	0	1	0
3418	1	10	16	0	28	2196	0	1	0
3421	1	3	15	0	24	1620	0	1	0
3422	1	4	9	0	28	2196	0	1	0
3423	1	1	1	0	28	2196	0	1	0
3424	1	7	12	0	28	2196	0	1	0
3428	1	4	9	0	28	2196	0	1	0
3432	1	7	12	0	28	2196	0	1	0
3434	1	4	9	0	28	2196	0	1	0
3438	1	10	16	0	28	2196	0	1	0
3439	1	5	11	0	26	1836	0	1	0
3441	1	6	3	0	28	2196	0	1	0
3442	1	8	2	0	28	2196	0	1	0
3443	1	1	1	0	28	2196	0	1	0
3444	1	4	9	0	28	2196	0	1	0
3445	1	7	12	0	28	2196	0	1	0
3448	1	8	2	0	28	2196	0	1	0
3449	1	6	3	0	28	2196	0	1	0
3450	1	2	10	0	28	2196	0	1	0
3458	1	10	16	0	28	2196	0	1	0
3460	1	9	4	0	28	2196	0	1	0
3461	1	4	9	0	28	2196	0	1	0
3464	1	2	10	0	28	2196	0	1	0
3468	1	10	16	0	28	2196	0	1	0
3477	1	6	3	0	28	2196	0	1	0
3478	1	8	2	0	28	2196	0	1	0
3479	1	2	10	0	28	2196	0	1	0
3481	1	9	4	0	28	2196	0	1	0
3483	1	6	3	0	28	2196	0	1	0
3487	1	7	12	0	28	2196	0	1	0
3488	1	2	10	0	28	2196	0	1	0
3490	1	10	16	0	28	2196	0	1	0
3494	1	5	11	0	28	2196	0	1	0
3495	1	9	4	0	24	1620	0	1	0
3498	1	3	15	0	28	2196	0	1	0
3499	1	4	9	0	28	2196	0	1	0
3501	1	5	11	0	26	1836	0	1	0
3508	1	6	3	0	28	2196	0	1	0
3509	1	8	2	0	28	2196	0	1	0
3516	1	10	16	0	28	2196	0	1	0
3528	1	7	12	0	28	2196	0	1	0
3529	1	4	9	0	28	2196	0	1	0
3530	1	5	11	0	28	2196	0	1	0
3532	1	10	16	0	28	2196	0	1	0
3534	1	2	10	0	28	2196	0	1	0
3535	1	3	15	0	28	2196	0	1	0
3540	1	10	16	0	28	2196	0	1	0
3541	1	7	12	0	26	1836	0	1	0
3545	1	9	4	0	28	2196	0	1	0
3546	1	3	15	0	28	2196	0	1	0
3554	1	7	12	0	28	2196	0	1	0
3556	1	2	10	0	28	2196	0	1	0
3559	1	5	11	0	28	2196	0	1	0
3560	1	4	9	0	28	2196	0	1	0
3561	1	10	16	0	20	1191	0	1	0
3563	1	9	4	0	24	1620	0	1	0
3565	1	6	3	0	28	2196	0	1	0
3573	1	4	9	0	28	2196	0	1	0
3577	1	1	1	0	26	1836	0	1	0
3583	1	4	9	0	28	2196	0	1	0
3584	1	1	1	0	28	2196	0	1	0
3585	1	9	4	0	28	2196	0	1	0
3586	1	5	11	0	28	2196	0	1	0
3587	1	2	10	0	28	2196	0	1	0
3588	1	8	2	0	18	967	0	1	0
3589	1	3	15	0	24	1620	0	1	0
3590	1	4	9	0	28	2196	0	1	0
3595	1	9	4	0	28	2196	0	1	0
3604	1	1	1	0	24	1620	0	1	0
3609	1	2	10	0	28	2196	0	1	0
3610	1	3	15	0	28	2196	0	1	0
3614	1	4	9	0	28	2196	0	1	0
3615	1	3	15	0	28	2196	0	1	0
3616	1	10	16	0	28	2196	0	1	0
3617	1	2	10	0	28	2196	0	1	0
3621	1	1	1	0	28	2196	0	1	0
3624	1	7	12	0	28	2196	0	1	0
3625	1	5	11	0	28	2196	0	1	0
3626	1	10	16	0	28	2196	0	1	0
3630	1	3	15	0	28	2196	0	1	0
3632	1	8	2	0	28	2196	0	1	0
3634	1	9	4	0	28	2196	0	1	0
3636	1	4	9	0	28	2196	0	1	0
3637	1	6	3	0	28	2196	0	1	0
3638	1	8	2	0	28	2196	0	1	0
3639	1	7	12	0	28	2196	0	1	0
3640	1	1	1	0	28	2196	0	1	0
3647	1	5	11	0	28	2196	0	1	0
3652	1	7	12	0	28	2196	0	1	0
3653	1	10	16	0	28	2196	0	1	0
3656	1	8	2	0	28	2196	0	1	0
3658	1	2	10	0	28	2196	0	1	0
3664	1	5	11	0	28	2196	0	1	0
3667	1	7	12	0	28	2196	0	1	0
3668	1	4	9	0	28	2196	0	1	0
3669	1	1	1	0	28	2196	0	1	0
3670	1	2	10	0	28	2196	0	1	0
3674	1	6	3	0	28	2196	0	1	0
3675	1	3	15	0	26	1836	0	1	0
3682	1	6	3	0	28	2196	0	1	0
3683	1	1	1	0	28	2196	0	1	0
3686	1	10	16	0	28	2196	0	1	0
3689	1	4	9	0	28	2196	0	1	0
3690	1	7	12	0	28	2196	0	1	0
3692	1	5	11	0	28	2196	0	1	0
3697	1	9	4	0	28	2196	0	1	0
3700	1	5	11	0	28	2196	0	1	0
3703	1	1	1	0	28	2196	0	1	0
3704	1	8	2	0	28	2196	0	1	0
3705	1	7	12	0	20	1191	0	1	0
3711	1	3	15	0	26	1836	0	1	0
3712	1	1	1	0	28	2196	0	1	0
3713	1	4	9	0	28	2196	0	1	0
3719	1	6	3	0	28	2196	0	1	0
3723	1	4	9	0	28	2196	0	1	0
3730	1	2	10	0	28	2196	0	1	0
3731	1	10	16	0	28	2196	0	1	0
3732	1	6	3	0	28	2196	0	1	0
3733	1	7	12	0	28	2196	0	1	0
3734	1	10	16	0	28	2196	0	1	0
3735	1	9	4	0	28	2196	0	1	0
3739	1	8	2	0	28	2196	0	1	0
3742	1	9	4	0	28	2196	0	1	0
3743	1	7	12	0	28	2196	0	1	0
3744	1	1	1	0	28	2196	0	1	0
3748	1	4	9	0	28	2196	0	1	0
3750	1	2	10	0	28	2196	0	1	0
3758	1	1	1	0	28	2196	0	1	0
3759	1	4	9	0	28	2196	0	1	0
3760	1	2	10	0	28	373	0	1	0
3760	1	5	11	0	28	1836	0	1	0
3761	1	8	2	0	28	2196	0	1	0
3763	1	7	12	0	28	2196	0	1	0
3765	1	3	15	0	22	1383	0	1	0
3766	1	5	11	0	28	1836	0	1	0
3766	1	10	16	0	28	373	0	1	0
3767	1	8	2	0	28	2196	0	1	0
3768	1	6	3	0	28	2196	0	1	0
3769	1	4	9	0	28	2196	0	1	0
3770	1	3	15	0	26	1836	0	1	0
3771	1	5	11	0	28	2196	0	1	0
3781	1	9	4	0	28	2196	0	1	0
3784	1	7	12	0	28	2196	0	1	0
3785	1	2	10	0	28	2196	0	1	0
3786	1	9	4	0	28	2196	0	1	0
3787	1	8	2	0	28	2196	0	1	0
3788	1	10	16	0	28	2196	0	1	0
3796	1	6	3	0	28	2196	0	1	0
3797	1	9	4	0	28	2196	0	1	0
3798	1	7	12	0	28	2196	0	1	0
3799	1	8	2	0	28	185	0	1	0
3799	1	5	11	0	28	2052	0	1	0
3800	1	6	3	0	28	2196	0	1	0
3801	1	2	10	0	28	2196	0	1	0
3802	1	1	1	0	28	2052	0	1	0
3802	1	4	9	0	28	185	0	1	0
3810	1	3	15	0	24	1620	0	1	0
3814	1	6	3	0	28	2196	0	1	0
3816	1	10	16	0	28	2196	0	1	0
3819	1	7	12	0	28	2196	0	1	0
3824	1	9	4	0	28	2196	0	1	0
3825	1	2	10	0	28	2196	0	1	0
3826	1	7	12	0	26	1836	0	1	0
3829	1	1	1	0	28	2196	0	1	0
3831	1	4	9	0	28	2196	0	1	0
3836	1	9	4	0	28	2196	0	1	0
3838	1	5	11	0	28	2196	0	1	0
3841	1	6	3	0	28	2196	0	1	0
3845	1	9	4	0	28	2196	0	1	0
3846	1	2	10	0	28	2196	0	1	0
3850	1	1	1	0	28	2196	0	1	0
3851	1	5	11	0	28	2196	0	1	0
3852	1	4	9	0	28	2196	0	1	0
3853	1	10	16	0	28	2196	0	1	0
3854	1	9	4	0	28	2196	0	1	0
3860	1	4	9	0	28	2196	0	1	0
3864	1	1	1	0	24	1620	0	1	0
3869	1	2	10	0	28	2196	0	1	0
3870	1	5	11	0	28	2196	0	1	0
3874	1	7	12	0	28	2196	0	1	0
3877	1	1	1	0	28	2196	0	1	0
3878	1	10	16	0	28	2196	0	1	0
3879	1	9	4	0	28	2196	0	1	0
3883	1	10	16	0	28	2196	0	1	0
3884	1	2	10	0	28	2196	0	1	0
3891	1	9	4	0	28	2196	0	1	0
3893	1	6	3	0	28	2196	0	1	0
3896	1	1	1	0	28	2196	0	1	0
3898	1	3	15	0	20	1191	0	1	0
3899	1	4	9	0	28	2196	0	1	0
3906	1	9	4	0	28	2196	0	1	0
3914	1	5	11	0	28	2196	0	1	0
3915	1	3	15	0	24	1620	0	1	0
3916	1	6	3	0	28	2196	0	1	0
3918	1	10	16	0	28	2196	0	1	0
3920	1	2	10	0	28	2196	0	1	0
3921	1	8	2	0	28	2196	0	1	0
3922	1	9	4	0	28	2196	0	1	0
3924	1	7	12	0	28	2196	0	1	0
3925	1	4	9	0	28	2196	0	1	0
3928	1	8	2	0	22	1383	0	1	0
3931	1	6	3	0	28	2196	0	1	0
3932	1	1	1	0	28	2196	0	1	0
3935	1	7	12	0	28	2196	0	1	0
3938	1	8	2	0	28	2196	0	1	0
3939	1	3	15	0	24	1620	0	1	0
3940	1	5	11	0	28	2196	0	1	0
3941	1	2	10	0	28	2196	0	1	0
3942	1	10	16	0	28	2196	0	1	0
3947	1	6	3	0	28	2196	0	1	0
3949	1	7	12	0	28	2196	0	1	0
3953	1	1	1	0	28	2196	0	1	0
3956	1	3	15	0	28	2196	0	1	0
3959	1	9	4	0	26	1836	0	1	0
3960	1	8	2	0	22	1383	0	1	0
3961	1	6	3	0	28	2196	0	1	0
3962	1	7	12	0	26	1836	0	1	0
3965	1	6	3	0	28	2196	0	1	0
3967	1	4	9	0	28	2196	0	1	0
3972	1	6	3	0	28	2196	0	1	0
3974	1	7	12	0	28	2196	0	1	0
3976	1	10	16	0	28	2196	0	1	0
3977	1	8	2	0	28	2196	0	1	0
3978	1	2	10	0	28	2196	0	1	0
3980	1	4	9	0	28	2196	0	1	0
3982	1	1	1	0	28	2196	0	1	0
3983	1	7	12	0	28	2196	0	1	0
3984	1	9	4	0	28	2196	0	1	0
3987	1	3	15	0	28	2196	0	1	0
3988	1	5	11	0	28	2196	0	1	0
3990	1	2	10	0	28	2196	0	1	0
3992	1	7	12	0	28	2196	0	1	0
3993	1	4	9	0	28	2196	0	1	0
3999	1	8	2	0	28	2196	0	1	0
4000	1	9	4	0	28	2196	0	1	0
4003	1	1	1	0	28	373	0	1	0
4003	1	5	11	0	28	1836	0	1	0
4004	1	2	10	0	28	2196	0	1	0
4005	1	10	16	0	28	2196	0	1	0
4006	1	4	9	0	28	2196	0	1	0
4007	1	7	12	0	28	2196	0	1	0
4008	1	9	4	0	28	2196	0	1	0
4013	1	3	15	0	28	2196	0	1	0
4017	1	1	1	0	28	2196	0	1	0
4018	1	5	11	0	24	1620	0	1	0
4023	1	8	2	0	28	2196	0	1	0
4024	1	4	9	0	28	2196	0	1	0
4027	1	9	4	0	28	2196	0	1	0
4028	1	2	10	0	28	2196	0	1	0
4031	1	7	12	0	28	2196	0	1	0
4035	1	1	1	0	28	2196	0	1	0
4036	1	3	15	0	28	2196	0	1	0
4037	1	6	3	0	28	2196	0	1	0
4038	1	2	10	0	28	2196	0	1	0
4039	1	8	2	0	28	2196	0	1	0
4040	1	1	1	0	28	2196	0	1	0
4041	1	4	9	0	28	2196	0	1	0
4046	1	5	11	0	28	2196	0	1	0
4048	1	8	2	0	28	2196	0	1	0
4051	1	1	1	0	28	2196	0	1	0
4055	1	6	3	0	28	2196	0	1	0
4056	1	9	4	0	28	2196	0	1	0
4058	1	1	1	0	28	2196	0	1	0
4064	1	4	9	0	28	2196	0	1	0
4065	1	2	10	0	28	2196	0	1	0
4066	1	7	12	0	28	2196	0	1	0
4068	1	5	11	0	28	2196	0	1	0
4069	1	6	3	0	28	2196	0	1	0
4070	1	8	2	0	28	2196	0	1	0
4075	1	10	16	0	28	2196	0	1	0
4076	1	6	3	0	28	2196	0	1	0
4077	1	7	12	0	22	1383	0	1	0
4080	1	10	16	0	28	2196	0	1	0
4081	1	1	1	0	28	373	0	1	0
4081	1	9	4	0	28	1836	0	1	0
4082	1	2	10	0	28	2196	0	1	0
4085	1	10	16	0	28	2196	0	1	0
4088	1	3	15	0	28	2196	0	1	0
4089	1	5	11	0	28	2196	0	1	0
4090	1	4	9	0	28	2196	0	1	0
4091	1	8	2	0	28	2196	0	1	0
4092	1	3	15	0	28	2196	0	1	0
4093	1	1	1	0	28	2196	0	1	0
4094	1	6	3	0	28	2196	0	1	0
4096	1	7	12	0	26	1836	0	1	0
4098	1	10	16	0	28	2196	0	1	0
4102	1	4	9	0	28	2196	0	1	0
4103	1	9	4	0	28	2196	0	1	0
4110	1	2	10	0	28	2196	0	1	0
4111	1	6	3	0	28	185	0	1	0
4111	1	7	12	0	28	2052	0	1	0
4112	1	4	9	0	28	2196	0	1	0
4115	1	8	2	0	28	2196	0	1	0
4116	1	1	1	0	22	1383	0	1	0
4117	1	3	15	0	28	2196	0	1	0
4120	1	5	11	0	22	1383	0	1	0
4121	1	4	9	0	28	2196	0	1	0
4125	1	7	12	0	24	1620	0	1	0
4126	1	10	16	0	24	1620	0	1	0
4127	1	4	9	0	28	2196	0	1	0
4128	1	8	2	0	28	2196	0	1	0
4132	1	3	15	0	28	2196	0	1	0
4134	1	2	10	0	28	2196	0	1	0
4136	1	9	4	0	28	185	0	1	0
4136	1	5	11	0	28	2052	0	1	0
4139	1	6	3	0	28	2196	0	1	0
4140	1	8	2	0	28	2196	0	1	0
4141	1	4	9	0	28	2196	0	1	0
4155	1	5	11	0	26	1836	0	1	0
4157	1	3	15	0	14	775	0	1	0
4162	1	2	10	0	28	2196	0	1	0
4163	1	8	2	0	28	2196	0	1	0
4169	1	5	11	0	28	2196	0	1	0
4170	1	7	12	0	26	1836	0	1	0
4171	1	2	10	0	28	2196	0	1	0
4172	1	4	9	0	28	2196	0	1	0
4174	1	1	1	0	28	2196	0	1	0
4176	1	8	2	0	28	2196	0	1	0
4180	1	4	9	0	28	2196	0	1	0
4182	1	5	11	0	26	1836	0	1	0
4184	1	6	3	0	28	2196	0	1	0
4188	1	10	16	0	28	2196	0	1	0
4190	1	2	10	0	28	2196	0	1	0
4191	1	4	9	0	28	2196	0	1	0
4192	1	10	16	0	28	2196	0	1	0
4193	1	9	4	0	22	1383	0	1	0
4199	1	6	3	0	28	2196	0	1	0
4200	1	10	16	0	28	2196	0	1	0
4201	1	1	1	0	28	185	0	1	0
4201	1	3	15	0	28	2052	0	1	0
4203	1	9	4	0	26	1836	0	1	0
4205	1	7	12	0	28	2052	0	1	0
4205	1	3	15	0	28	185	0	1	0
4206	1	5	11	0	28	2196	0	1	0
4209	1	8	2	0	24	1620	0	1	0
4214	1	4	9	0	28	2196	0	1	0
4216	1	6	3	0	28	2196	0	1	0
4217	1	10	16	0	28	2196	0	1	0
4218	1	8	2	0	28	2196	0	1	0
4224	1	2	10	0	28	2196	0	1	0
4225	1	1	1	0	28	2196	0	1	0
4229	1	9	4	0	28	2196	0	1	0
4237	1	7	12	0	28	2196	0	1	0
4241	1	4	9	0	28	2196	0	1	0
4243	1	10	16	0	28	2196	0	1	0
4247	1	3	15	0	22	1383	0	1	0
4248	1	1	1	0	28	2196	0	1	0
4249	1	9	4	0	24	1620	0	1	0
4251	1	5	11	0	28	2196	0	1	0
4253	1	2	10	0	28	2196	0	1	0
4257	1	1	1	0	28	2196	0	1	0
4258	1	8	2	0	28	2196	0	1	0
4259	1	6	3	0	28	2196	0	1	0
4260	1	10	16	0	28	2196	0	1	0
4263	1	3	15	0	28	2196	0	1	0
4264	1	4	9	0	28	2196	0	1	0
4266	1	6	3	0	28	2196	0	1	0
4270	1	2	10	0	28	2196	0	1	0
4271	1	1	1	0	28	2196	0	1	0
4272	1	10	16	0	28	2196	0	1	0
4273	1	4	9	0	28	2196	0	1	0
4274	1	4	9	0	28	2196	0	1	0
4275	1	3	15	0	28	2196	0	1	0
4276	1	5	11	0	28	2196	0	1	0
4277	1	6	3	0	28	2196	0	1	0
4278	1	8	2	0	28	2196	0	1	0
4279	1	3	15	0	28	2196	0	1	0
4280	1	2	10	0	28	2196	0	1	0
4281	1	10	16	0	28	2196	0	1	0
4284	1	7	12	0	26	1836	0	1	0
4289	1	1	1	0	28	2196	0	1	0
4291	1	2	10	0	24	1620	0	1	0
4292	1	8	2	0	28	2196	0	1	0
4293	1	4	9	0	28	2196	0	1	0
4297	1	9	4	0	28	2196	0	1	0
4298	1	10	16	0	28	2196	0	1	0
4299	1	2	10	0	28	2196	0	1	0
4301	1	3	15	0	28	2196	0	1	0
4303	1	6	3	0	28	2196	0	1	0
4304	1	5	11	0	28	2196	0	1	0
4305	1	4	9	0	28	2196	0	1	0
4310	1	7	12	0	28	2196	0	1	0
4313	1	6	3	0	28	2196	0	1	0
4314	1	5	11	0	28	2196	0	1	0
4315	1	1	1	0	28	2196	0	1	0
4316	1	8	2	0	28	2196	0	1	0
4317	1	3	15	0	28	2196	0	1	0
4318	1	1	1	0	28	2196	0	1	0
4320	1	9	4	0	28	2196	0	1	0
4321	1	10	16	0	28	2196	0	1	0
4326	1	3	15	0	28	2196	0	1	0
4327	1	4	9	0	28	2196	0	1	0
4330	1	4	9	0	28	2196	0	1	0
4331	1	7	12	0	28	2196	0	1	0
4332	1	2	10	0	28	2196	0	1	0
4334	1	10	16	0	28	2196	0	1	0
4335	1	5	11	0	28	2196	0	1	0
4336	1	2	10	0	28	2196	0	1	0
4339	1	6	3	0	28	2196	0	1	0
4340	1	9	4	0	28	2196	0	1	0
4341	1	1	1	0	28	2196	0	1	0
4347	1	5	11	0	28	2196	0	1	0
4348	1	1	1	0	28	2196	0	1	0
4349	1	8	2	0	28	2196	0	1	0
4354	1	2	10	0	28	2196	0	1	0
4358	1	2	10	0	28	185	0	1	0
4358	1	3	15	0	24	1479	0	1	0
4363	1	9	4	0	28	2196	0	1	0
4364	1	1	1	0	28	2196	0	1	0
4365	1	4	9	0	28	2196	0	1	0
4367	1	5	11	0	28	2196	0	1	0
4369	1	3	15	0	18	967	0	1	0
4371	1	2	10	0	28	2196	0	1	0
4373	1	7	12	0	28	2196	0	1	0
4374	1	8	2	0	28	2196	0	1	0
4375	1	1	1	0	28	2196	0	1	0
4377	1	6	3	0	28	2196	0	1	0
4379	1	9	4	0	28	2196	0	1	0
4380	1	4	9	0	28	2196	0	1	0
4381	1	3	15	0	20	1191	0	1	0
4383	1	1	1	0	28	2196	0	1	0
4384	1	4	9	0	28	2196	0	1	0
4387	1	8	2	0	28	2196	0	1	0
4388	1	3	15	0	26	1836	0	1	0
4392	1	7	12	0	28	2196	0	1	0
4401	1	10	16	0	28	2196	0	1	0
4402	1	5	11	0	28	2196	0	1	0
4403	1	1	1	0	28	2196	0	1	0
4405	1	6	3	0	28	2196	0	1	0
4406	1	4	9	0	28	2196	0	1	0
4408	1	2	10	0	28	2196	0	1	0
4409	1	9	4	0	28	2196	0	1	0
4410	1	1	1	0	28	2196	0	1	0
4412	1	5	11	0	24	1620	0	1	0
4414	1	8	2	0	28	185	0	1	0
4414	1	7	12	0	28	2052	0	1	0
4415	1	9	4	0	24	1620	0	1	0
4419	1	3	15	0	28	2196	0	1	0
4420	1	8	2	0	28	2196	0	1	0
4421	1	6	3	0	28	2196	0	1	0
4422	1	9	4	0	28	2196	0	1	0
4423	1	2	10	0	28	185	0	1	0
4423	1	5	11	0	28	2052	0	1	0
4424	1	4	9	0	28	2196	0	1	0
4427	1	8	2	0	28	2196	0	1	0
4428	1	10	16	0	28	2196	0	1	0
4429	1	6	3	0	28	2196	0	1	0
4431	1	9	4	0	28	2196	0	1	0
4432	1	1	1	0	24	1620	0	1	0
4435	1	2	10	0	28	2196	0	1	0
4436	1	8	2	0	28	2196	0	1	0
4437	1	4	9	0	28	2196	0	1	0
4444	1	1	1	0	28	2196	0	1	0
4445	1	7	12	0	26	1836	0	1	0
4446	1	1	1	0	28	2196	0	1	0
4447	1	5	11	0	24	1620	0	1	0
4453	1	10	16	0	14	775	0	1	0
4456	1	4	9	0	28	2196	0	1	0
4458	1	3	15	0	12	597	0	1	0
4462	1	6	3	0	28	2196	0	1	0
4463	1	2	10	0	28	2196	0	1	0
4464	1	5	11	0	28	2196	0	1	0
4465	1	1	1	0	28	2196	0	1	0
4468	1	7	12	0	28	2196	0	1	0
4470	1	8	2	0	28	2196	0	1	0
4471	1	6	3	0	28	2196	0	1	0
4472	1	2	10	0	28	2196	0	1	0
4475	1	2	10	0	28	2196	0	1	0
4480	1	2	10	0	28	2196	0	1	0
4482	1	4	9	0	28	2196	0	1	0
4488	1	7	12	0	28	2196	0	1	0
4489	1	3	15	0	14	775	0	1	0
4490	1	5	11	0	28	2196	0	1	0
4491	1	6	3	0	28	2196	0	1	0
4493	1	9	4	0	28	2196	0	1	0
4496	1	1	1	0	28	2196	0	1	0
4500	1	10	16	0	28	2196	0	1	0
4501	1	9	4	0	26	1836	0	1	0
4505	1	8	2	0	28	2196	0	1	0
4506	1	6	3	0	28	2196	0	1	0
4507	1	4	9	0	28	2196	0	1	0
4508	1	2	10	0	28	2196	0	1	0
4509	1	5	11	0	28	2196	0	1	0
4513	1	3	15	0	18	967	0	1	0
4517	1	9	4	0	28	2196	0	1	0
4522	1	6	3	0	28	2196	0	1	0
4529	1	10	16	0	28	2196	0	1	0
4531	1	1	1	0	28	2196	0	1	0
4533	1	8	2	0	28	2196	0	1	0
4536	1	6	3	0	28	2196	0	1	0
4539	1	7	12	0	22	1383	0	1	0
4541	1	9	4	0	28	2196	0	1	0
4542	1	5	11	0	28	2196	0	1	0
4543	1	4	9	0	28	2196	0	1	0
4545	1	3	15	0	24	1620	0	1	0
4546	1	2	10	0	28	2196	0	1	0
4547	1	10	16	0	28	2196	0	1	0
4548	1	4	9	0	28	2196	0	1	0
4549	1	2	10	0	28	2196	0	1	0
4555	1	10	16	0	28	2196	0	1	0
4556	1	5	11	0	26	1836	0	1	0
4559	1	6	3	0	28	2196	0	1	0
4561	1	5	11	0	28	2196	0	1	0
4562	1	4	9	0	28	2196	0	1	0
4564	1	7	12	0	28	2196	0	1	0
4567	1	8	2	0	28	2196	0	1	0
4572	1	7	12	0	28	2196	0	1	0
4577	1	9	4	0	28	2196	0	1	0
4581	1	3	15	0	24	1620	0	1	0
4582	1	1	1	0	28	2196	0	1	0
4587	1	6	3	0	28	2196	0	1	0
4588	1	3	15	0	24	1620	0	1	0
4589	1	8	2	0	28	2196	0	1	0
4590	1	10	16	0	28	2196	0	1	0
4594	1	2	10	0	28	2196	0	1	0
4596	1	6	3	0	28	2196	0	1	0
4597	1	9	4	0	28	2196	0	1	0
4599	1	4	9	0	28	2196	0	1	0
4601	1	7	12	0	28	2196	0	1	0
4602	1	9	4	0	28	2052	0	1	0
4602	1	4	9	0	28	185	0	1	0
4605	1	10	16	0	26	1836	0	1	0
4608	1	4	9	0	28	2196	0	1	0
4609	1	9	4	0	28	2196	0	1	0
4611	1	1	1	0	28	2196	0	1	0
4612	1	5	11	0	28	2196	0	1	0
4614	1	3	15	0	28	2196	0	1	0
4616	1	8	2	0	28	2196	0	1	0
4621	1	4	9	0	28	2196	0	1	0
4628	1	10	16	0	24	1620	0	1	0
4629	1	9	4	0	28	2196	0	1	0
4630	1	7	12	0	28	2196	0	1	0
4631	1	1	1	0	28	2196	0	1	0
4632	1	5	11	0	28	2196	0	1	0
4633	1	8	2	0	28	2196	0	1	0
4636	1	3	15	0	24	1620	0	1	0
4637	1	7	12	0	28	2196	0	1	0
4638	1	4	9	0	28	2196	0	1	0
4639	1	9	4	0	28	2196	0	1	0
4641	1	10	16	0	28	2196	0	1	0
4645	1	7	12	0	28	2196	0	1	0
4647	1	8	2	0	26	1836	0	1	0
4649	1	6	3	0	28	2196	0	1	0
4653	1	7	12	0	28	2196	0	1	0
4654	1	9	4	0	28	2196	0	1	0
4655	1	2	10	0	24	1620	0	1	0
4659	1	4	9	0	28	2196	0	1	0
4662	1	5	11	0	28	2196	0	1	0
4665	1	3	15	0	28	2196	0	1	0
4666	1	9	4	0	24	1620	0	1	0
4671	1	3	15	0	28	2196	0	1	0
4673	1	5	11	0	28	2196	0	1	0
4676	1	6	3	0	28	2196	0	1	0
4677	1	8	2	0	28	2196	0	1	0
4680	1	2	10	0	28	2196	0	1	0
4681	1	1	1	0	28	2196	0	1	0
4682	1	10	16	0	28	2196	0	1	0
4683	1	8	2	0	28	2196	0	1	0
4684	1	7	12	0	22	1383	0	1	0
4687	1	5	11	0	24	1620	0	1	0
4691	1	8	2	0	28	2196	0	1	0
4699	1	6	3	0	28	2196	0	1	0
4700	1	4	9	0	28	2196	0	1	0
4701	1	5	11	0	28	2196	0	1	0
4704	1	3	15	0	22	1383	0	1	0
4707	1	9	4	0	28	2196	0	1	0
4710	1	1	1	0	28	2196	0	1	0
4712	1	4	9	0	28	2196	0	1	0
4717	1	3	15	0	28	2196	0	1	0
4724	1	3	15	0	28	2196	0	1	0
4726	1	1	1	0	28	2196	0	1	0
4727	1	2	10	0	28	2196	0	1	0
4728	1	10	16	0	28	2196	0	1	0
4729	1	8	2	0	28	2196	0	1	0
4730	1	4	9	0	28	2196	0	1	0
4735	1	5	11	0	28	2196	0	1	0
4736	1	6	3	0	28	2196	0	1	0
4737	1	9	4	0	28	2196	0	1	0
4741	1	2	10	0	28	2196	0	1	0
4745	1	6	3	0	28	2196	0	1	0
4748	1	8	2	0	28	2196	0	1	0
4752	1	2	10	0	28	2196	0	1	0
4753	1	5	11	0	28	2196	0	1	0
4759	1	1	1	0	28	2196	0	1	0
4760	1	6	3	0	24	1620	0	1	0
4763	1	8	2	0	28	2196	0	1	0
4764	1	3	15	0	24	1620	0	1	0
4766	1	2	10	0	28	2196	0	1	0
4769	1	9	4	0	28	2196	0	1	0
4770	1	1	1	0	28	2196	0	1	0
4771	1	4	9	0	28	2196	0	1	0
4772	1	3	15	0	28	2196	0	1	0
4775	1	10	16	0	24	1620	0	1	0
4776	1	8	2	0	28	2196	0	1	0
4777	1	5	11	0	28	2196	0	1	0
4778	1	1	1	0	28	2196	0	1	0
4779	1	10	16	0	28	2196	0	1	0
4780	1	7	12	0	28	2196	0	1	0
4781	1	3	15	0	24	1620	0	1	0
4783	1	6	3	0	28	2196	0	1	0
4785	1	2	10	0	28	2196	0	1	0
4786	1	3	15	0	20	1191	0	1	0
4792	1	9	4	0	28	2196	0	1	0
4795	1	5	11	0	22	1383	0	1	0
4796	1	4	9	0	28	2196	0	1	0
4798	1	8	2	0	28	2196	0	1	0
4800	1	5	11	0	22	1383	0	1	0
4803	1	7	12	0	28	2196	0	1	0
4804	1	3	15	0	18	967	0	1	0
4805	1	6	3	0	28	2196	0	1	0
4806	1	9	4	0	28	2196	0	1	0
4807	1	2	10	0	28	2196	0	1	0
4808	1	10	16	0	28	2196	0	1	0
4809	1	8	2	0	28	2196	0	1	0
4810	1	1	1	0	28	2196	0	1	0
4811	1	6	3	0	28	2196	0	1	0
4812	1	2	10	0	28	2196	0	1	0
4815	1	7	12	0	22	1383	0	1	0
4818	1	8	2	0	28	2196	0	1	0
4819	1	6	3	0	28	2196	0	1	0
4823	1	1	1	0	28	2196	0	1	0
4829	1	6	3	0	28	2196	0	1	0
4830	1	2	10	0	28	2196	0	1	0
4834	1	9	4	0	22	1383	0	1	0
4835	1	7	12	0	24	1620	0	1	0
4842	1	10	16	0	28	2196	0	1	0
4843	1	6	3	0	28	185	0	1	0
4843	1	9	4	0	28	2052	0	1	0
4844	1	7	12	0	28	2196	0	1	0
4847	1	4	9	0	28	2196	0	1	0
4848	1	3	15	0	28	2196	0	1	0
4850	1	10	16	0	28	2196	0	1	0
4851	1	8	2	0	28	2196	0	1	0
4852	1	5	11	0	28	2196	0	1	0
4856	1	1	1	0	28	2196	0	1	0
4857	1	9	4	0	28	185	0	1	0
4857	1	7	12	0	28	2052	0	1	0
4866	1	6	3	0	28	2196	0	1	0
4867	1	7	12	0	28	2196	0	1	0
4868	1	9	4	0	28	2196	0	1	0
4869	1	1	1	0	28	2196	0	1	0
4871	1	5	11	0	28	2196	0	1	0
4872	1	2	10	0	28	2196	0	1	0
4873	1	3	15	0	20	1191	0	1	0
4880	1	4	9	0	28	2196	0	1	0
4884	1	9	4	0	28	2196	0	1	0
4890	1	4	9	0	28	2196	0	1	0
4891	1	3	15	0	20	1191	0	1	0
4892	1	5	11	0	24	1620	0	1	0
4898	1	1	1	0	28	549	0	1	0
4898	1	3	15	0	28	1692	0	1	0
4899	1	7	12	0	28	2196	0	1	0
4900	1	9	4	0	28	2196	0	1	0
4901	1	10	16	0	28	2196	0	1	0
4902	1	8	2	0	28	2196	0	1	0
4903	1	4	9	0	28	2196	0	1	0
4908	1	7	12	0	28	2196	0	1	0
4909	1	9	4	0	28	2196	0	1	0
4910	1	6	3	0	28	2196	0	1	0
4912	1	2	10	0	28	2196	0	1	0
4913	1	10	16	0	28	2196	0	1	0
4915	1	1	1	0	28	2196	0	1	0
4916	1	4	9	0	28	2196	0	1	0
4917	1	5	11	0	26	1836	0	1	0
4929	1	8	2	0	28	2196	0	1	0
4930	1	10	16	0	28	2196	0	1	0
4932	1	7	12	0	24	1620	0	1	0
4933	1	3	15	0	16	903	0	1	0
4934	1	6	3	0	28	2196	0	1	0
4935	1	2	10	0	28	2196	0	1	0
4939	1	4	9	0	28	2196	0	1	0
4942	1	8	2	0	28	185	0	1	0
4942	1	3	15	0	28	2052	0	1	0
4943	1	5	11	0	28	2196	0	1	0
4945	1	2	10	0	28	2196	0	1	0
4946	1	7	12	0	24	1620	0	1	0
4948	1	9	4	0	12	597	0	1	0
4949	1	10	16	0	28	2196	0	1	0
4950	1	3	15	0	22	1383	0	1	0
4953	1	1	1	0	28	2196	0	1	0
4954	1	9	4	0	28	2052	0	1	0
4954	1	4	9	0	28	185	0	1	0
4966	1	2	10	0	28	2196	0	1	0
4967	1	9	4	0	18	967	0	1	0
4969	1	5	11	0	24	1620	0	1	0
4973	1	8	2	0	28	2196	0	1	0
4974	1	10	16	0	28	2196	0	1	0
4975	1	3	15	0	24	1620	0	1	0
4976	1	4	9	0	28	2196	0	1	0
4977	1	6	3	0	28	2196	0	1	0
4984	1	1	1	0	28	2196	0	1	0
4985	1	6	3	0	28	2196	0	1	0
4986	1	8	2	0	28	2196	0	1	0
4987	1	10	16	0	28	2196	0	1	0
4990	1	8	2	0	28	2196	0	1	0
4991	1	4	9	0	28	2196	0	1	0
4992	1	9	4	0	28	2196	0	1	0
4993	1	7	12	0	28	2196	0	1	0
4994	1	2	10	0	28	2196	0	1	0
4995	1	6	3	0	28	2196	0	1	0
4997	1	5	11	0	28	2196	0	1	0
4998	1	3	15	0	20	1191	0	1	0
5005	1	1	1	0	28	2196	0	1	0
5007	1	8	2	0	28	2196	0	1	0
5014	1	2	10	0	28	2196	0	1	0
5015	1	9	4	0	28	2196	0	1	0
5018	1	7	12	0	24	1620	0	1	0
5020	1	6	3	0	28	2196	0	1	0
5021	1	3	15	0	24	1620	0	1	0
5022	1	4	9	0	28	2196	0	1	0
5023	1	9	4	0	28	2196	0	1	0
5024	1	8	2	0	28	2196	0	1	0
5030	1	1	1	0	28	2196	0	1	0
5032	1	2	10	0	28	2196	0	1	0
5033	1	5	11	0	28	2196	0	1	0
5034	1	6	3	0	28	2196	0	1	0
5035	1	3	15	0	26	1836	0	1	0
5037	1	2	10	0	28	2196	0	1	0
5038	1	8	2	0	28	2196	0	1	0
5039	1	6	3	0	28	2196	0	1	0
5042	1	7	12	0	28	2196	0	1	0
5046	1	8	2	0	24	1620	0	1	0
5048	1	10	16	0	28	2196	0	1	0
5056	1	10	16	0	28	2196	0	1	0
5064	1	9	4	0	28	2196	0	1	0
5065	1	5	11	0	28	2196	0	1	0
5066	1	2	10	0	28	2196	0	1	0
5069	1	1	1	0	28	2196	0	1	0
5070	1	4	9	0	28	2196	0	1	0
5071	1	6	3	0	28	2196	0	1	0
5072	1	5	11	0	28	2196	0	1	0
5073	1	3	15	0	20	1191	0	1	0
5083	1	4	9	0	28	2196	0	1	0
5084	1	1	1	0	28	2196	0	1	0
5085	1	9	4	0	28	2196	0	1	0
5086	1	8	2	0	28	2196	0	1	0
5089	1	7	12	0	28	2196	0	1	0
5094	1	10	16	0	28	2196	0	1	0
5095	1	2	10	0	28	2196	0	1	0
5099	1	4	9	0	28	185	0	1	0
5099	1	3	15	0	28	2052	0	1	0
5101	1	2	10	0	28	2196	0	1	0
5102	1	1	1	0	28	2196	0	1	0
5103	1	4	9	0	28	2196	0	1	0
5108	1	7	12	0	28	2196	0	1	0
5110	1	1	1	0	28	2196	0	1	0
5111	1	5	11	0	22	1383	0	1	0
5116	1	6	3	0	28	2196	0	1	0
5120	1	5	11	0	26	1836	0	1	0
5121	1	3	15	0	18	967	0	1	0
5123	1	1	1	0	28	2196	0	1	0
5125	1	7	12	0	28	2196	0	1	0
5126	1	9	4	0	28	2196	0	1	0
5128	1	8	2	0	28	2196	0	1	0
5130	1	3	15	0	24	1620	0	1	0
5134	1	8	2	0	28	2196	0	1	0
5135	1	2	10	0	28	2196	0	1	0
5136	1	4	9	0	28	2196	0	1	0
5137	1	6	3	0	28	2196	0	1	0
5138	1	1	1	0	28	2196	0	1	0
5140	1	5	11	0	28	2196	0	1	0
5141	1	4	9	0	28	2196	0	1	0
5147	1	8	2	0	28	2196	0	1	0
5148	1	2	10	0	28	2196	0	1	0
5150	1	7	12	0	28	2196	0	1	0
5152	1	5	11	0	28	2196	0	1	0
5153	1	1	1	0	28	2196	0	1	0
5154	1	2	10	0	28	2196	0	1	0
5156	1	6	3	0	28	2196	0	1	0
5157	1	1	1	0	28	2196	0	1	0
5160	1	10	16	0	28	2196	0	1	0
5161	1	2	10	0	28	2196	0	1	0
5162	1	4	9	0	28	2196	0	1	0
5163	1	9	4	0	28	2196	0	1	0
5164	1	1	1	0	28	2196	0	1	0
5165	1	8	2	0	28	2196	0	1	0
5180	1	9	4	0	28	2052	0	1	0
5180	1	5	11	0	28	185	0	1	0
5181	1	4	9	0	28	2196	0	1	0
5182	1	10	16	0	28	2196	0	1	0
5183	1	9	4	0	28	2196	0	1	0
5184	1	7	12	0	26	1836	0	1	0
5185	1	2	10	0	28	2196	0	1	0
5189	1	3	15	0	28	2196	0	1	0
5192	1	2	10	0	28	2196	0	1	0
5193	1	8	2	0	28	2196	0	1	0
5194	1	6	3	0	28	2196	0	1	0
5196	1	10	16	0	28	2196	0	1	0
5197	1	2	10	0	28	2196	0	1	0
5200	1	1	1	0	28	2196	0	1	0
5202	1	9	4	0	22	1383	0	1	0
5203	1	2	10	0	28	2196	0	1	0
5204	1	7	12	0	28	2196	0	1	0
5207	1	5	11	0	24	1620	0	1	0
5208	1	2	10	0	28	2196	0	1	0
5214	1	10	16	0	28	2196	0	1	0
5216	1	8	2	0	28	2196	0	1	0
5222	1	2	10	0	28	2196	0	1	0
5223	1	5	11	0	24	1620	0	1	0
5225	1	7	12	0	20	1191	0	1	0
5227	1	3	15	0	28	2196	0	1	0
5228	1	8	2	0	28	2196	0	1	0
5229	1	9	4	0	28	2196	0	1	0
5230	1	4	9	0	28	2196	0	1	0
5231	1	6	3	0	28	2196	0	1	0
5235	1	9	4	0	28	2196	0	1	0
5240	1	2	10	0	28	2196	0	1	0
5243	1	9	4	0	28	2196	0	1	0
5245	1	5	11	0	22	1383	0	1	0
5247	1	7	12	0	28	2196	0	1	0
5248	1	6	3	0	28	2196	0	1	0
5250	1	10	16	0	28	2196	0	1	0
5251	1	2	10	0	28	2196	0	1	0
5252	1	8	2	0	28	2196	0	1	0
5254	1	4	9	0	28	2196	0	1	0
5257	1	2	10	0	28	2196	0	1	0
5258	1	1	1	0	28	2196	0	1	0
5263	1	9	4	0	22	1383	0	1	0
5265	1	6	3	0	28	2196	0	1	0
5266	1	7	12	0	28	2196	0	1	0
5267	1	8	2	0	28	2196	0	1	0
5270	1	7	12	0	28	2196	0	1	0
5273	1	4	9	0	28	2196	0	1	0
5274	1	8	2	0	28	2196	0	1	0
5277	1	2	10	0	28	2196	0	1	0
5279	1	6	3	0	28	2196	0	1	0
5281	1	1	1	0	28	2196	0	1	0
5283	1	7	12	0	28	2196	0	1	0
5284	1	5	11	0	28	2196	0	1	0
5287	1	10	16	0	28	2196	0	1	0
5289	1	8	2	0	28	2196	0	1	0
5292	1	1	1	0	24	1620	0	1	0
5297	1	7	12	0	28	2196	0	1	0
5298	1	4	9	0	28	2196	0	1	0
5299	1	6	3	0	28	185	0	1	0
5299	1	9	4	0	28	2052	0	1	0
5301	1	1	1	0	24	1620	0	1	0
5302	1	7	12	0	28	2196	0	1	0
5303	1	2	10	0	28	2196	0	1	0
5304	1	8	2	0	28	2196	0	1	0
5305	1	6	3	0	28	2196	0	1	0
5308	1	9	4	0	28	2196	0	1	0
5309	1	6	3	0	28	2196	0	1	0
5310	1	5	11	0	24	1620	0	1	0
5311	1	3	15	0	28	2196	0	1	0
5312	1	1	1	0	22	1383	0	1	0
5314	1	8	2	0	28	2196	0	1	0
5317	1	1	1	0	28	2196	0	1	0
5321	1	6	3	0	28	2196	0	1	0
5322	1	7	12	0	24	1620	0	1	0
5324	1	4	9	0	28	2196	0	1	0
5328	1	2	10	0	28	2196	0	1	0
5329	1	3	15	0	28	2196	0	1	0
5330	1	5	11	0	28	2196	0	1	0
5331	1	7	12	0	20	1191	0	1	0
5332	1	6	3	0	28	2196	0	1	0
5333	1	1	1	0	28	2196	0	1	0
5339	1	9	4	0	28	2196	0	1	0
5343	1	5	11	0	26	1836	0	1	0
5344	1	2	10	0	28	2196	0	1	0
5347	1	6	3	0	28	2196	0	1	0
5352	1	7	12	0	28	2196	0	1	0
5353	1	1	1	0	24	1620	0	1	0
5357	1	4	9	0	28	2196	0	1	0
5360	1	10	16	0	28	2196	0	1	0
5364	1	8	2	0	28	2196	0	1	0
5365	1	2	10	0	28	2196	0	1	0
5370	1	10	16	0	28	2196	0	1	0
5372	1	6	3	0	28	2196	0	1	0
5376	1	9	4	0	26	1836	0	1	0
5379	1	4	9	0	28	2196	0	1	0
5380	1	9	4	0	28	2052	0	1	0
5380	1	7	12	0	28	185	0	1	0
5382	1	3	15	0	16	903	0	1	0
5385	1	10	16	0	28	2196	0	1	0
5386	1	4	9	0	28	2196	0	1	0
5387	1	9	4	0	24	1620	0	1	0
5392	1	1	1	0	28	2196	0	1	0
5393	1	4	9	0	28	2196	0	1	0
5397	1	8	2	0	14	775	0	1	0
5399	1	7	12	0	22	1383	0	1	0
5401	1	6	3	0	28	2196	0	1	0
5402	1	5	11	0	28	2196	0	1	0
5403	1	4	9	0	28	2196	0	1	0
5404	1	2	10	0	28	2196	0	1	0
5405	1	1	1	0	28	2196	0	1	0
5407	1	10	16	0	28	2196	0	1	0
5409	1	5	11	0	28	2196	0	1	0
5410	1	9	4	0	28	2196	0	1	0
5418	1	5	11	0	26	1836	0	1	0
5419	1	4	9	0	28	2196	0	1	0
5421	1	2	10	0	28	2196	0	1	0
5422	1	6	3	0	28	2196	0	1	0
5423	1	3	15	0	28	2196	0	1	0
5424	1	1	1	0	28	2196	0	1	0
5426	1	4	9	0	28	185	0	1	0
5426	1	7	12	0	24	1479	0	1	0
5430	1	5	11	0	28	2196	0	1	0
5431	1	4	9	0	28	2196	0	1	0
5436	1	5	11	0	20	1191	0	1	0
5440	1	1	1	0	28	2196	0	1	0
5444	1	3	15	0	28	2196	0	1	0
5446	1	2	10	0	28	2196	0	1	0
5447	1	1	1	0	28	2196	0	1	0
5448	1	4	9	0	28	2196	0	1	0
5450	1	10	16	0	28	2196	0	1	0
5451	1	9	4	0	28	2196	0	1	0
5452	1	6	3	0	28	2196	0	1	0
5458	1	9	4	0	24	1620	0	1	0
5459	1	8	2	0	28	2196	0	1	0
5460	1	10	16	0	28	2196	0	1	0
5461	1	4	9	0	28	2196	0	1	0
5465	1	2	10	0	28	2196	0	1	0
5466	1	6	3	0	28	2196	0	1	0
5467	1	10	16	0	28	2196	0	1	0
5468	1	1	1	0	28	2196	0	1	0
5471	1	2	10	0	28	2196	0	1	0
5475	1	5	11	0	26	1836	0	1	0
5480	1	1	1	0	28	2196	0	1	0
5482	1	2	10	0	28	2196	0	1	0
5483	1	10	16	0	28	2196	0	1	0
5484	1	1	1	0	28	2196	0	1	0
5487	1	3	15	0	14	775	0	1	0
5490	1	8	2	0	28	2196	0	1	0
5491	1	5	11	0	28	2196	0	1	0
5492	1	1	1	0	24	1620	0	1	0
5496	1	4	9	0	28	2196	0	1	0
5497	1	6	3	0	28	2196	0	1	0
5498	1	10	16	0	24	1620	0	1	0
5502	1	1	1	0	28	2196	0	1	0
5504	1	2	10	0	28	2196	0	1	0
5505	1	5	11	0	28	2196	0	1	0
5510	1	10	16	0	28	2196	0	1	0
5514	1	4	9	0	28	2196	0	1	0
5515	1	1	1	0	28	2196	0	1	0
5516	1	9	4	0	26	1836	0	1	0
5521	1	8	2	0	28	2196	0	1	0
5523	1	6	3	0	28	2196	0	1	0
5528	1	10	16	0	28	2196	0	1	0
5533	1	9	4	0	28	2196	0	1	0
5540	1	7	12	0	28	2196	0	1	0
5541	1	8	2	0	28	2196	0	1	0
5542	1	5	11	0	28	2196	0	1	0
5543	1	3	15	0	24	1620	0	1	0
5544	1	5	11	0	28	2196	0	1	0
5545	1	1	1	0	28	2196	0	1	0
5546	1	9	4	0	28	2196	0	1	0
5549	1	10	16	0	28	2196	0	1	0
5552	1	1	1	0	28	2196	0	1	0
5564	1	8	2	0	28	2196	0	1	0
5565	1	1	1	0	28	185	0	1	0
5565	1	5	11	0	26	1692	0	1	0
5566	1	2	10	0	28	2196	0	1	0
5567	1	3	15	0	28	2196	0	1	0
5568	1	4	9	0	28	2196	0	1	0
5569	1	9	4	0	28	2196	0	1	0
5570	1	6	3	0	28	2196	0	1	0
5571	1	8	2	0	28	2196	0	1	0
5577	1	6	3	0	28	2196	0	1	0
5578	1	8	2	0	28	2196	0	1	0
5580	1	9	4	0	28	2196	0	1	0
5581	1	10	16	0	28	2196	0	1	0
5583	1	1	1	0	28	2196	0	1	0
5586	1	2	10	0	28	2196	0	1	0
5587	1	4	9	0	28	2196	0	1	0
5595	1	3	15	0	28	2196	0	1	0
5596	1	4	9	0	28	2196	0	1	0
5597	1	9	4	0	28	2196	0	1	0
5602	1	1	1	0	28	185	0	1	0
5602	1	10	16	0	28	2052	0	1	0
5607	1	6	3	0	28	185	0	1	0
5607	1	7	12	0	18	903	0	1	0
5608	1	3	15	0	28	2196	0	1	0
5609	1	8	2	0	28	2196	0	1	0
5615	1	8	2	0	22	1383	0	1	0
5619	1	5	11	0	28	2196	0	1	0
5620	1	4	9	0	28	2196	0	1	0
5621	1	9	4	0	28	2196	0	1	0
5622	1	1	1	0	28	2196	0	1	0
5623	1	8	2	0	20	1191	0	1	0
5626	1	6	3	0	28	2196	0	1	0
5627	1	5	11	0	28	2052	0	1	0
5627	1	10	16	0	28	185	0	1	0
5628	1	1	1	0	28	2196	0	1	0
5634	1	2	10	0	28	2196	0	1	0
5636	1	3	15	0	24	1620	0	1	0
5637	1	4	9	0	28	2196	0	1	0
5639	1	8	2	0	22	1383	0	1	0
5641	1	7	12	0	22	1383	0	1	0
5645	1	10	16	0	28	2196	0	1	0
5647	1	6	3	0	28	2196	0	1	0
5651	1	4	9	0	28	185	0	1	0
5651	1	7	12	0	24	1479	0	1	0
5655	1	5	11	0	28	2196	0	1	0
5656	1	10	16	0	28	2196	0	1	0
5658	1	9	4	0	24	1620	0	1	0
5663	1	6	3	0	28	2196	0	1	0
5668	1	5	11	0	28	2196	0	1	0
5670	1	2	10	0	28	2196	0	1	0
5674	1	8	2	0	28	2196	0	1	0
5679	1	3	15	0	28	2196	0	1	0
5680	1	4	9	0	28	2196	0	1	0
5682	1	2	10	0	28	2196	0	1	0
5683	1	5	11	0	28	2196	0	1	0
5687	1	6	3	0	28	2196	0	1	0
5688	1	4	9	0	28	2196	0	1	0
5690	1	2	10	0	28	2196	0	1	0
5694	1	3	15	0	28	2196	0	1	0
5695	1	9	4	0	28	2196	0	1	0
5702	1	10	16	0	28	2196	0	1	0
5704	1	8	2	0	28	2196	0	1	0
5705	1	6	3	0	28	2196	0	1	0
5706	1	1	1	0	28	2196	0	1	0
5709	1	2	10	0	28	2196	0	1	0
5711	1	3	15	0	28	2196	0	1	0
5712	1	9	4	0	28	2196	0	1	0
5715	1	2	10	0	28	2196	0	1	0
5717	1	8	2	0	28	2196	0	1	0
5718	1	6	3	0	28	2196	0	1	0
5719	1	4	9	0	28	2196	0	1	0
5720	1	3	15	0	28	2196	0	1	0
5724	1	5	11	0	24	1620	0	1	0
5725	1	1	1	0	26	1836	0	1	0
5729	1	9	4	0	28	2196	0	1	0
5731	1	2	10	0	28	2196	0	1	0
5734	1	4	9	0	28	2196	0	1	0
5735	1	8	2	0	28	2196	0	1	0
5738	1	10	16	0	28	2196	0	1	0
5740	1	3	15	0	28	2196	0	1	0
5746	1	2	10	0	28	2196	0	1	0
5748	1	5	11	0	24	1620	0	1	0
5754	1	9	4	0	28	2196	0	1	0
5755	1	8	2	0	28	185	0	1	0
5755	1	5	11	0	28	2052	0	1	0
5756	1	6	3	0	28	2196	0	1	0
5760	1	4	9	0	28	2196	0	1	0
5761	1	10	16	0	26	1836	0	1	0
5762	1	6	3	0	28	549	0	1	0
5762	1	3	15	0	28	1692	0	1	0
5767	1	6	3	0	28	2196	0	1	0
5773	1	5	11	0	28	2196	0	1	0
5778	1	9	4	0	26	1836	0	1	0
5779	1	2	10	0	28	2196	0	1	0
5781	1	1	1	0	28	2196	0	1	0
5785	1	4	9	0	28	2196	0	1	0
5787	1	1	1	0	28	2196	0	1	0
5788	1	8	2	0	28	2196	0	1	0
5790	1	5	11	0	6	309	0	1	0
5797	1	4	9	0	28	2196	0	1	0
5798	1	8	2	0	28	2196	0	1	0
5800	1	7	12	0	24	1620	0	1	0
5801	1	10	16	0	28	2196	0	1	0
5803	1	3	15	0	28	2196	0	1	0
5804	1	6	3	0	28	2196	0	1	0
5805	1	8	2	0	28	2196	0	1	0
5806	1	4	9	0	28	2196	0	1	0
5811	1	10	16	0	28	2196	0	1	0
5816	1	7	12	0	28	2196	0	1	0
5817	1	6	3	0	28	2196	0	1	0
5819	1	2	10	0	28	2196	0	1	0
5821	1	1	1	0	28	2196	0	1	0
5823	1	5	11	0	28	2196	0	1	0
5825	1	10	16	0	24	1620	0	1	0
5828	1	3	15	0	28	2196	0	1	0
5829	1	5	11	0	28	2196	0	1	0
5844	1	10	16	0	28	2196	0	1	0
5851	1	1	1	0	28	185	0	1	0
5851	1	7	12	0	20	1095	0	1	0
5855	1	4	9	0	28	2196	0	1	0
5856	1	10	16	0	18	967	0	1	0
5859	1	1	1	0	28	2196	0	1	0
5860	1	5	11	0	28	2196	0	1	0
5861	1	3	15	0	28	2196	0	1	0
5862	1	7	12	0	22	1383	0	1	0
5863	1	9	4	0	28	2196	0	1	0
5869	1	6	3	0	28	2196	0	1	0
5870	1	10	16	0	28	2196	0	1	0
5872	1	7	12	0	28	2196	0	1	0
5874	1	4	9	0	28	2196	0	1	0
5876	1	1	1	0	28	2196	0	1	0
5879	1	10	16	0	20	1191	0	1	0
5881	1	6	3	0	28	2196	0	1	0
5882	1	5	11	0	28	2196	0	1	0
5883	1	4	9	0	28	185	0	1	0
5883	1	3	15	0	28	2052	0	1	0
5884	1	2	10	0	28	2196	0	1	0
5886	1	8	2	0	28	2196	0	1	0
5888	1	6	3	0	28	2196	0	1	0
5893	1	1	1	0	28	2196	0	1	0
5894	1	10	16	0	28	2196	0	1	0
5896	1	9	4	0	28	2196	0	1	0
5897	1	6	3	0	28	2196	0	1	0
5899	1	7	12	0	28	2196	0	1	0
5905	1	1	1	0	28	2196	0	1	0
5906	1	8	2	0	28	2196	0	1	0
5917	1	6	3	0	28	2196	0	1	0
5918	1	9	4	0	28	2196	0	1	0
5919	1	4	9	0	28	2196	0	1	0
5922	1	2	10	0	28	2196	0	1	0
5926	1	8	2	0	24	1620	0	1	0
5927	1	9	4	0	28	2196	0	1	0
5928	1	1	1	0	28	2196	0	1	0
5932	1	2	10	0	28	2196	0	1	0
5933	1	5	11	0	28	2196	0	1	0
5934	1	9	4	0	28	2196	0	1	0
5936	1	7	12	0	28	2196	0	1	0
5939	1	2	10	0	28	2196	0	1	0
5941	1	6	3	0	28	2196	0	1	0
5944	1	3	15	0	28	2196	0	1	0
5945	1	4	9	0	28	2196	0	1	0
5946	1	10	16	0	28	2196	0	1	0
5947	1	9	4	0	28	185	0	1	0
5947	1	5	11	0	28	2052	0	1	0
5948	1	6	3	0	28	2196	0	1	0
5954	1	8	2	0	28	2196	0	1	0
5955	1	1	1	0	12	597	0	1	0
5958	1	2	10	0	28	2196	0	1	0
5959	1	7	12	0	28	2052	0	1	0
5959	1	3	15	0	28	185	0	1	0
5962	1	4	9	0	28	2196	0	1	0
5963	1	6	3	0	28	2196	0	1	0
5965	1	6	3	0	28	2196	0	1	0
5966	1	3	15	0	28	185	1	0	0
5968	1	3	15	0	24	1620	0	1	0
5969	1	10	16	0	26	1836	0	1	0
5971	1	8	2	0	28	2196	0	1	0
5972	1	1	1	0	28	2052	0	1	0
5972	1	2	10	0	28	185	0	1	0
5975	1	10	16	0	28	2196	0	1	0
5978	1	5	11	0	28	2196	0	1	0
5980	1	4	9	0	28	2196	0	1	0
5982	1	9	4	0	28	2196	0	1	0
5983	1	8	2	0	28	2052	0	1	0
5983	1	2	10	0	28	185	0	1	0
5984	1	1	1	0	28	2196	0	1	0
5987	1	9	4	0	28	2196	0	1	0
5988	1	5	11	0	28	2196	0	1	0
5990	1	2	10	0	28	2196	0	1	0
5993	1	8	2	0	28	2196	0	1	0
5994	1	6	3	0	28	2196	0	1	0
5996	1	10	16	0	28	2196	0	1	0
5997	1	1	1	0	28	2196	0	1	0
6005	1	9	4	0	28	2196	0	1	0
6009	1	1	1	0	28	2196	0	1	0
6011	1	3	15	0	28	2196	0	1	0
6012	1	7	12	0	28	2196	0	1	0
6013	1	9	4	0	28	2196	0	1	0
6018	1	4	9	0	28	2196	0	1	0
6019	1	8	2	0	28	185	0	1	0
6019	1	5	11	0	28	2052	0	1	0
6020	1	2	10	0	28	2196	0	1	0
6022	1	7	12	0	28	2196	0	1	0
6023	1	10	16	0	28	2196	0	1	0
6024	1	6	3	0	28	2196	0	1	0
6025	1	1	1	0	28	2196	0	1	0
6026	1	9	4	0	28	2196	0	1	0
6028	1	7	12	0	24	1620	0	1	0
6030	1	8	2	0	28	2196	0	1	0
6033	1	5	11	0	20	1191	0	1	0
6034	1	2	10	0	28	2196	0	1	0
6035	1	7	12	0	28	2196	0	1	0
6040	1	8	2	0	28	2196	0	1	0
6041	1	6	3	0	28	2196	0	1	0
6042	1	9	4	0	28	2196	0	1	0
6047	1	5	11	0	20	1191	0	1	0
6048	1	2	10	0	28	2196	0	1	0
6049	1	8	2	0	28	2196	0	1	0
6051	1	10	16	0	28	2196	0	1	0
6053	1	3	15	0	24	1620	0	1	0
6054	1	7	12	0	24	1620	0	1	0
6058	1	6	3	0	28	2196	0	1	0
6060	1	9	4	0	28	2196	0	1	0
6062	1	4	9	0	28	2196	0	1	0
6063	1	5	11	0	28	2196	0	1	0
6064	1	1	1	0	28	2196	0	1	0
6066	1	8	2	0	28	2196	0	1	0
6067	1	6	3	0	28	2196	0	1	0
6070	1	8	2	0	28	2196	0	1	0
6073	1	4	9	0	28	2196	0	1	0
6075	1	7	12	0	22	1383	0	1	0
6079	1	6	3	0	28	2196	0	1	0
6081	1	7	12	0	28	2196	0	1	0
6086	1	2	10	0	28	2196	0	1	0
6087	1	1	1	0	28	2196	0	1	0
6088	1	9	4	0	28	2196	0	1	0
6089	1	3	15	0	28	2196	0	1	0
6090	1	10	16	0	28	2196	0	1	0
6091	1	5	11	0	28	2196	0	1	0
6092	1	8	2	0	28	2196	0	1	0
6093	1	6	3	0	28	2196	0	1	0
6094	1	4	9	0	28	2196	0	1	0
6095	1	7	12	0	28	2196	0	1	0
6098	1	10	16	0	28	2196	0	1	0
6101	1	9	4	0	28	2196	0	1	0
6103	1	1	1	0	28	2196	0	1	0
6106	1	7	12	0	26	1836	0	1	0
6111	1	4	9	0	28	2196	0	1	0
6113	1	2	10	0	28	2196	0	1	0
6114	1	5	11	0	28	2196	0	1	0
6116	1	9	4	0	28	2196	0	1	0
6119	1	6	3	0	28	2196	0	1	0
6125	1	1	1	0	22	1383	0	1	0
6126	1	6	3	0	28	2196	0	1	0
6127	1	8	2	0	28	2196	0	1	0
6131	1	2	10	0	28	2196	0	1	0
6136	1	1	1	0	28	2196	0	1	0
6139	1	8	2	0	28	2196	0	1	0
6141	1	3	15	0	22	1383	0	1	0
6142	1	5	11	0	28	2196	0	1	0
6144	1	10	16	0	28	2196	0	1	0
6145	1	2	10	0	28	2196	0	1	0
6150	1	7	12	0	28	2196	0	1	0
6151	1	9	4	0	28	2196	0	1	0
6152	1	1	1	0	28	2196	0	1	0
6161	1	10	16	0	28	2196	0	1	0
6162	1	4	9	0	28	2196	0	1	0
6163	1	6	3	0	28	2196	0	1	0
6164	1	5	11	0	28	2196	0	1	0
6165	1	4	9	0	28	2196	0	1	0
6168	1	3	15	0	22	1383	0	1	0
6169	1	1	1	0	28	2196	0	1	0
6171	1	10	16	0	28	2196	0	1	0
6172	1	9	4	0	28	2196	0	1	0
6174	1	2	10	0	28	2196	0	1	0
6175	1	8	2	0	28	2196	0	1	0
6178	1	7	12	0	28	2196	0	1	0
6179	1	1	1	0	28	2196	0	1	0
6186	1	7	12	0	18	967	0	1	0
6188	1	10	16	0	28	2196	0	1	0
6189	1	3	15	0	28	2196	0	1	0
6190	1	2	10	0	28	2196	0	1	0
6191	1	6	3	0	28	2196	0	1	0
6195	1	4	9	0	28	2196	0	1	0
6197	1	3	15	0	28	2196	0	1	0
6201	1	8	2	0	28	2196	0	1	0
6205	1	9	4	0	28	2196	0	1	0
6206	1	10	16	0	28	2196	0	1	0
6207	1	6	3	0	28	2196	0	1	0
6209	1	2	10	0	28	2196	0	1	0
6211	1	3	15	0	28	2196	0	1	0
6212	1	5	11	0	28	2196	0	1	0
6215	1	7	12	0	28	2196	0	1	0
6218	1	10	16	0	28	2196	0	1	0
6222	1	4	9	0	28	2196	0	1	0
6225	1	1	1	0	28	2196	0	1	0
6230	1	6	3	0	28	2196	0	1	0
6231	1	9	4	0	28	2196	0	1	0
6232	1	5	11	0	28	2196	0	1	0
6233	1	8	2	0	28	2196	0	1	0
6234	1	3	15	0	28	2196	0	1	0
6235	1	7	12	0	28	2196	0	1	0
6236	1	4	9	0	28	2196	0	1	0
6239	1	7	12	0	24	1620	0	1	0
6242	1	4	9	0	28	2196	0	1	0
6245	1	1	1	0	28	2196	0	1	0
6246	1	3	15	0	22	1383	0	1	0
6249	1	3	15	0	26	1836	0	1	0
6251	1	5	11	0	28	2196	0	1	0
6252	1	2	10	0	28	2196	0	1	0
6258	1	5	11	0	28	2196	0	1	0
6259	1	4	9	0	28	2196	0	1	0
6261	1	9	4	0	28	2196	0	1	0
6268	1	8	2	0	28	2196	0	1	0
6269	1	6	3	0	28	2196	0	1	0
6270	1	5	11	0	28	2196	0	1	0
6271	1	7	12	0	28	2196	0	1	0
6272	1	4	9	0	28	2196	0	1	0
6277	1	10	16	0	28	2196	0	1	0
6278	1	8	2	0	28	2196	0	1	0
6279	1	7	12	0	24	1620	0	1	0
6284	1	4	9	0	28	2196	0	1	0
6285	1	2	10	0	28	2196	0	1	0
6286	1	10	16	0	28	2196	0	1	0
6287	1	6	3	0	28	2196	0	1	0
6289	1	5	11	0	28	2196	0	1	0
6293	1	10	16	0	28	2196	0	1	0
6295	1	7	12	0	22	1383	0	1	0
6302	1	1	1	0	28	2196	0	1	0
6303	1	2	10	0	28	2196	0	1	0
6304	1	3	15	0	26	1836	0	1	0
6306	1	9	4	0	28	2196	0	1	0
6307	1	6	3	0	28	2196	0	1	0
6309	1	10	16	0	28	2196	0	1	0
6310	1	4	9	0	28	2196	0	1	0
6311	1	8	2	0	28	2196	0	1	0
6312	1	1	1	0	28	2196	0	1	0
6318	1	2	10	0	28	2196	0	1	0
6319	1	7	12	0	20	1191	0	1	0
6320	1	5	11	0	24	1620	0	1	0
6324	1	9	4	0	28	2196	0	1	0
6327	1	3	15	0	28	2196	0	1	0
6328	1	2	10	0	28	2196	0	1	0
6329	1	5	11	0	26	1836	0	1	0
6331	1	10	16	0	28	2196	0	1	0
6334	1	8	2	0	28	2196	0	1	0
6335	1	6	3	0	28	2196	0	1	0
6337	1	1	1	0	28	2196	0	1	0
6340	1	4	9	0	28	2196	0	1	0
6342	1	8	2	0	28	2196	0	1	0
6343	1	10	16	0	28	2196	0	1	0
6348	1	6	3	0	24	1620	0	1	0
6349	1	4	9	0	28	2196	0	1	0
6350	1	5	11	0	28	2196	0	1	0
6353	1	9	4	0	28	2196	0	1	0
6354	1	1	1	0	28	2196	0	1	0
6355	1	2	10	0	28	2196	0	1	0
6357	1	3	15	0	28	2196	0	1	0
6360	1	10	16	0	26	1836	0	1	0
6361	1	7	12	0	28	2196	0	1	0
6363	1	8	2	0	28	2196	0	1	0
6366	1	4	9	0	28	2196	0	1	0
6370	1	9	4	0	28	2196	0	1	0
6371	1	7	12	0	28	2196	0	1	0
6375	1	7	12	0	28	2196	0	1	0
6377	1	6	3	0	28	2196	0	1	0
6381	1	9	4	0	28	2196	0	1	0
6383	1	10	16	0	28	2196	0	1	0
6384	1	2	10	0	28	2196	0	1	0
6391	1	7	12	0	28	2196	0	1	0
6393	1	2	10	0	28	2196	0	1	0
6394	1	1	1	0	28	2196	0	1	0
6395	1	4	9	0	28	2196	0	1	0
6396	1	10	16	0	28	2196	0	1	0
6397	1	6	3	0	28	2196	0	1	0
6399	1	7	12	0	28	2196	0	1	0
6401	1	4	9	0	28	2196	0	1	0
6407	1	5	11	0	28	2196	0	1	0
6409	1	3	15	0	28	2196	0	1	0
6410	1	9	4	0	28	2196	0	1	0
6411	1	10	16	0	28	2196	0	1	0
6413	1	7	12	0	22	1383	0	1	0
6415	1	4	9	0	28	2196	0	1	0
6419	1	8	2	0	28	2196	0	1	0
6420	1	3	15	0	28	2196	0	1	0
6421	1	6	3	0	28	2196	0	1	0
6425	1	1	1	0	28	2196	0	1	0
6426	1	8	2	0	28	2196	0	1	0
6427	1	4	9	0	28	2196	0	1	0
6428	1	10	16	0	28	2196	0	1	0
6430	1	9	4	0	28	2196	0	1	0
6432	1	5	11	0	22	1383	0	1	0
6435	1	9	4	0	28	2196	0	1	0
6438	1	7	12	0	28	2196	0	1	0
6441	1	6	3	0	28	2196	0	1	0
6443	1	3	15	0	22	1383	0	1	0
6448	1	8	2	0	28	2196	0	1	0
6449	1	2	10	0	28	2196	0	1	0
6452	1	1	1	0	28	2052	0	1	0
6452	1	10	16	0	28	185	0	1	0
6454	1	3	15	0	22	1383	0	1	0
6455	1	9	4	0	28	2196	0	1	0
6456	1	2	10	0	28	2196	0	1	0
6458	1	4	9	0	28	2196	0	1	0
6464	1	1	1	0	28	2196	0	1	0
6465	1	9	4	0	28	2196	0	1	0
6468	1	8	2	0	28	2196	0	1	0
6469	1	5	11	0	26	1836	0	1	0
6470	1	9	4	0	28	2196	0	1	0
6477	1	1	1	0	20	1191	0	1	0
6480	1	6	3	0	28	2196	0	1	0
6481	1	2	10	0	28	2196	0	1	0
6483	1	1	1	0	28	2196	0	1	0
6485	1	7	12	0	28	2196	0	1	0
6486	1	8	2	0	28	2196	0	1	0
6490	1	5	11	0	28	2196	0	1	0
6497	1	10	16	0	28	2196	0	1	0
6498	1	3	15	0	28	2196	0	1	0
6504	1	6	3	0	28	2196	0	1	0
6505	1	4	9	0	28	2196	0	1	0
6506	1	2	10	0	28	2196	0	1	0
6507	1	3	15	0	28	2052	0	1	0
6507	1	10	16	0	28	185	0	1	0
6508	1	8	2	0	28	2196	0	1	0
6509	1	9	4	0	28	2196	0	1	0
6513	1	2	10	0	28	2196	0	1	0
6516	1	7	12	0	28	2196	0	1	0
6517	1	1	1	0	28	2196	0	1	0
6518	1	6	3	0	28	2196	0	1	0
6525	1	8	2	0	28	2196	0	1	0
6526	1	5	11	0	28	2196	0	1	0
6528	1	3	15	0	28	2196	0	1	0
6532	1	6	3	0	28	2196	0	1	0
6533	1	4	9	0	28	2196	0	1	0
6537	1	10	16	0	28	2196	0	1	0
6538	1	4	9	0	28	2196	0	1	0
6540	1	9	4	0	28	2196	0	1	0
6545	1	3	15	0	28	2196	0	1	0
6546	1	6	3	0	28	2196	0	1	0
6547	1	2	10	0	28	2196	0	1	0
6548	1	5	11	0	28	2196	0	1	0
6550	1	4	9	0	28	2196	0	1	0
6559	1	2	10	0	28	2196	0	1	0
6560	1	4	9	0	28	2196	0	1	0
6561	1	9	4	0	28	2196	0	1	0
6567	1	1	1	0	28	2196	0	1	0
6568	1	8	2	0	28	2196	0	1	0
6573	1	9	4	0	28	2196	0	1	0
6574	1	10	16	0	28	2196	0	1	0
6575	1	4	9	0	28	2196	0	1	0
6577	1	8	2	0	28	2196	0	1	0
6580	1	6	3	0	28	2196	0	1	0
6584	1	4	9	0	28	2196	0	1	0
6587	1	2	10	0	28	2196	0	1	0
6588	1	8	2	0	28	2196	0	1	0
6589	1	5	11	0	28	2196	0	1	0
6592	1	3	15	0	24	1620	0	1	0
6593	1	7	12	0	26	1836	0	1	0
6594	1	10	16	0	28	2196	0	1	0
6595	1	6	3	0	28	2196	0	1	0
6596	1	1	1	0	28	2196	0	1	0
6597	1	9	4	0	22	1383	0	1	0
6601	1	3	15	0	28	2196	0	1	0
6605	1	10	16	0	28	2196	0	1	0
6608	1	5	11	0	28	2196	0	1	0
6609	1	1	1	0	28	2196	0	1	0
6610	1	10	16	0	28	2196	0	1	0
6613	1	4	9	0	28	2196	0	1	0
6616	1	4	9	0	28	2196	0	1	0
6621	1	1	1	0	28	2052	0	1	0
6621	1	10	16	0	28	185	0	1	0
6623	1	6	3	0	28	2196	0	1	0
6624	1	7	12	0	26	1836	0	1	0
6625	1	8	2	0	28	2196	0	1	0
6628	1	3	15	0	28	2196	0	1	0
6630	1	5	11	0	28	2196	0	1	0
6632	1	9	4	0	28	2196	0	1	0
6636	1	2	10	0	28	2196	0	1	0
6637	1	1	1	0	28	2196	0	1	0
6640	1	9	4	0	28	2196	0	1	0
6642	1	8	2	0	22	1383	0	1	0
6644	1	4	9	0	28	2196	0	1	0
6648	1	6	3	0	28	2196	0	1	0
6651	1	1	1	0	28	2196	0	1	0
6652	1	7	12	0	14	775	0	1	0
6657	1	8	2	0	28	373	0	1	0
6657	1	3	15	0	26	1527	0	1	0
6658	1	6	3	0	28	2196	0	1	0
6659	1	1	1	0	28	2196	0	1	0
6660	1	10	16	0	28	2196	0	1	0
6664	1	2	10	0	28	2196	0	1	0
6665	1	5	11	0	22	1383	0	1	0
6668	1	4	9	0	28	2196	0	1	0
6670	1	1	1	0	28	2196	0	1	0
6674	1	2	10	0	28	2196	0	1	0
6676	1	9	4	0	28	2196	0	1	0
6681	1	8	2	0	28	2196	0	1	0
6682	1	6	3	0	28	2196	0	1	0
6685	1	9	4	0	28	2196	0	1	0
6688	1	5	11	0	28	2196	0	1	0
6691	1	10	16	0	28	2196	0	1	0
6694	1	2	10	0	28	2196	0	1	0
6695	1	6	3	0	28	2196	0	1	0
6697	1	7	12	0	28	2196	0	1	0
6698	1	3	15	0	28	2196	0	1	0
6699	1	5	11	0	28	2196	0	1	0
6700	1	10	16	0	28	2196	0	1	0
6701	1	6	3	0	28	2196	0	1	0
6704	1	2	10	0	28	2196	0	1	0
6705	1	9	4	0	28	2196	0	1	0
6707	1	7	12	0	28	2196	0	1	0
6709	1	3	15	0	28	2196	0	1	0
6710	1	8	2	0	28	2196	0	1	0
6711	1	4	9	0	28	2196	0	1	0
6712	1	6	3	0	28	2196	0	1	0
6714	1	6	3	0	28	2196	0	1	0
6715	1	10	16	0	28	2196	0	1	0
6716	1	9	4	0	28	2196	0	1	0
6722	1	7	12	0	28	2196	0	1	0
6725	1	4	9	0	28	2196	0	1	0
6726	1	2	10	0	28	2196	0	1	0
6727	1	6	3	0	28	2196	0	1	0
6729	1	5	11	0	20	1191	0	1	0
6730	1	3	15	0	28	2196	0	1	0
6731	1	8	2	0	28	2196	0	1	0
6732	1	7	12	0	28	2196	0	1	0
6734	1	1	1	0	28	2052	0	1	0
6734	1	2	10	0	28	185	0	1	0
6736	1	5	11	0	22	1383	0	1	0
6738	1	9	4	0	28	2196	0	1	0
6739	1	10	16	0	28	2196	0	1	0
6740	1	8	2	0	28	2196	0	1	0
6741	1	7	12	0	28	2196	0	1	0
6742	1	2	10	0	28	2196	0	1	0
6743	1	6	3	0	28	2196	0	1	0
6745	1	1	1	0	28	2196	0	1	0
6746	1	4	9	0	28	2196	0	1	0
6748	1	5	11	0	28	2196	0	1	0
6750	1	3	15	0	28	2196	0	1	0
6751	1	2	10	0	28	2196	0	1	0
6755	1	7	12	0	28	2196	0	1	0
6756	1	9	4	0	28	2196	0	1	0
6758	1	10	16	0	28	2196	0	1	0
6759	1	5	11	0	28	2196	0	1	0
6760	1	4	9	0	28	2196	0	1	0
6761	1	8	2	0	28	2196	0	1	0
6762	1	2	10	0	28	2196	0	1	0
6763	1	6	3	0	28	2196	0	1	0
6768	1	3	15	0	28	2196	0	1	0
6769	1	1	1	0	28	2196	0	1	0
6770	1	9	4	0	28	2196	0	1	0
6776	1	10	16	0	28	2196	0	1	0
6777	1	1	1	0	28	2196	0	1	0
6779	1	7	12	0	28	2196	0	1	0
6780	1	4	9	0	28	2196	0	1	0
6781	1	3	15	0	28	2196	0	1	0
6782	1	5	11	0	24	1620	0	1	0
6784	1	1	1	0	28	2196	0	1	0
6788	1	5	11	0	28	2196	0	1	0
6789	1	3	15	0	20	1191	0	1	0
6790	1	6	3	0	28	2196	0	1	0
6791	1	10	16	0	28	2196	0	1	0
6792	1	1	1	0	28	185	0	1	0
6792	1	3	15	0	28	2052	0	1	0
6798	1	7	12	0	24	1620	0	1	0
6799	1	2	10	0	28	2196	0	1	0
6801	1	3	15	0	22	1383	0	1	0
6802	1	5	11	0	28	2196	0	1	0
6808	1	1	1	0	28	2196	0	1	0
6809	1	10	16	0	28	2196	0	1	0
6812	1	4	9	0	28	2196	0	1	0
6816	1	5	11	0	28	2196	0	1	0
6818	1	10	16	0	28	2196	0	1	0
6821	1	3	15	0	28	2196	0	1	0
6823	1	9	4	0	28	2196	0	1	0
6827	1	8	2	0	28	2196	0	1	0
6828	1	4	9	0	28	2196	0	1	0
6830	1	7	12	0	28	2196	0	1	0
6838	1	3	15	0	28	2196	0	1	0
6840	1	9	4	0	28	2196	0	1	0
6842	1	1	1	0	28	2196	0	1	0
6843	1	6	3	0	28	2196	0	1	0
6846	1	10	16	0	28	2196	0	1	0
6847	1	9	4	0	28	1836	0	1	0
6847	1	5	11	0	28	373	0	1	0
6850	1	3	15	0	24	1620	0	1	0
6851	1	4	9	0	28	2196	0	1	0
6853	1	8	2	0	28	2196	0	1	0
6857	1	6	3	0	28	2196	0	1	0
6858	1	9	4	0	28	373	0	1	0
6858	1	7	12	0	28	1836	0	1	0
6862	1	2	10	0	28	2196	0	1	0
6871	1	8	2	0	28	2196	0	1	0
6872	1	2	10	0	28	2196	0	1	0
6875	1	1	1	0	28	2196	0	1	0
6876	1	10	16	0	28	2196	0	1	0
6880	1	1	1	0	28	185	0	1	0
6880	1	5	11	0	28	2052	0	1	0
6882	1	6	3	0	22	1383	0	1	0
6883	1	7	12	0	28	2196	0	1	0
6884	1	2	10	0	28	2196	0	1	0
6885	1	4	9	0	28	2196	0	1	0
6887	1	3	15	0	28	2052	0	1	0
6887	1	10	16	0	28	185	0	1	0
6889	1	4	9	0	28	2196	0	1	0
6890	1	9	4	0	28	2196	0	1	0
6891	1	3	15	0	26	1836	0	1	0
6895	1	7	12	0	28	2196	0	1	0
6897	1	1	1	0	28	2196	0	1	0
6900	1	5	11	0	26	1836	0	1	0
6902	1	9	4	0	28	2196	0	1	0
6903	1	8	2	0	28	2196	0	1	0
6904	1	6	3	0	28	2196	0	1	0
6905	1	10	16	0	28	2196	0	1	0
6906	1	5	11	0	28	2196	0	1	0
6908	1	8	2	0	28	2196	0	1	0
6909	1	2	10	0	28	2196	0	1	0
6910	1	7	12	0	28	2196	0	1	0
6911	1	1	1	0	28	2196	0	1	0
6912	1	4	9	0	28	2196	0	1	0
6916	1	9	4	0	28	2196	0	1	0
6920	1	6	3	0	28	2196	0	1	0
6923	1	4	9	0	28	2196	0	1	0
6927	1	8	2	0	28	2196	0	1	0
6930	1	7	12	0	28	2196	0	1	0
6932	1	5	11	0	22	1383	0	1	0
6934	1	10	16	0	28	2196	0	1	0
6938	1	2	10	0	28	2196	0	1	0
6939	1	4	9	0	28	2196	0	1	0
6940	1	9	4	0	28	2196	0	1	0
6941	1	6	3	0	28	2196	0	1	0
6948	1	9	4	0	28	2196	0	1	0
6950	1	7	12	0	28	2196	0	1	0
6952	1	8	2	0	28	2196	0	1	0
6956	1	6	3	0	28	2196	0	1	0
6958	1	4	9	0	28	2196	0	1	0
6959	1	3	15	0	28	2052	0	1	0
6959	1	10	16	0	28	185	0	1	0
6963	1	8	2	0	28	2196	0	1	0
6965	1	1	1	0	28	2196	0	1	0
6966	1	10	16	0	28	2196	0	1	0
6969	1	7	12	0	24	1620	0	1	0
6971	1	8	2	0	28	2196	0	1	0
6976	1	4	9	0	28	2196	0	1	0
6977	1	6	3	0	28	2196	0	1	0
6978	1	9	4	0	28	2196	0	1	0
6981	1	5	11	0	24	1620	0	1	0
6982	1	1	1	0	28	2196	0	1	0
6983	1	8	2	0	28	2196	0	1	0
6984	1	4	9	0	28	2196	0	1	0
6985	1	2	10	0	28	2196	0	1	0
6987	1	1	1	0	20	1191	0	1	0
6993	1	3	15	0	26	1836	0	1	0
6995	1	10	16	0	28	2196	0	1	0
6996	1	9	4	0	28	2196	0	1	0
6997	1	7	12	0	28	2196	0	1	0
7003	1	8	2	0	28	2196	0	1	0
7005	1	2	10	0	28	2196	0	1	0
7006	1	1	1	0	28	185	0	1	0
7006	1	5	11	0	28	2052	0	1	0
7009	1	3	15	0	28	2196	0	1	0
7010	1	9	4	0	28	2196	0	1	0
7011	1	8	2	0	28	2196	0	1	0
7016	1	6	3	0	28	2196	0	1	0
7017	1	4	9	0	28	2196	0	1	0
7019	1	1	1	0	28	2196	0	1	0
7021	1	10	16	0	28	2196	0	1	0
7025	1	6	3	0	28	2196	0	1	0
7026	1	4	9	0	28	2196	0	1	0
7027	1	5	11	0	28	2196	0	1	0
7030	1	5	11	0	28	2196	0	1	0
7033	1	7	12	0	28	185	0	1	0
7033	1	3	15	0	28	2052	0	1	0
7039	1	2	10	0	28	2196	0	1	0
7042	1	4	9	0	28	2196	0	1	0
7046	1	10	16	0	28	2196	0	1	0
7047	1	9	4	0	28	2196	0	1	0
7049	1	6	3	0	28	2196	0	1	0
7052	1	1	1	0	24	1620	0	1	0
7053	1	5	11	0	28	2196	0	1	0
7056	1	8	2	0	28	2196	0	1	0
7057	1	7	12	0	28	2196	0	1	0
7058	1	3	15	0	28	2196	0	1	0
7059	1	4	9	0	28	2196	0	1	0
7065	1	2	10	0	28	2196	0	1	0
7066	1	10	16	0	28	2196	0	1	0
7067	1	3	15	0	28	2196	0	1	0
7071	1	3	15	0	28	2196	0	1	0
7073	1	9	4	0	28	2196	0	1	0
7074	1	1	1	0	28	2196	0	1	0
7075	1	5	11	0	28	2196	0	1	0
7076	1	6	3	0	28	2196	0	1	0
7081	1	6	3	0	28	2196	0	1	0
7082	1	8	2	0	28	2196	0	1	0
7083	1	4	9	0	28	2196	0	1	0
7084	1	1	1	0	24	1620	0	1	0
7087	1	9	4	0	28	2196	0	1	0
7088	1	8	2	0	28	2196	0	1	0
7094	1	5	11	0	28	2196	0	1	0
7097	1	4	9	0	28	2196	0	1	0
7098	1	8	2	0	28	2196	0	1	0
7102	1	5	11	0	28	2196	0	1	0
7103	1	7	12	0	28	2196	0	1	0
7104	1	6	3	0	28	2196	0	1	0
7107	1	3	15	0	28	2196	0	1	0
7108	1	1	1	0	28	2196	0	1	0
7109	1	5	11	0	28	2196	0	1	0
7110	1	10	16	0	14	775	0	1	0
7111	1	8	2	0	26	1836	0	1	0
7113	1	1	1	0	28	2196	0	1	0
7115	1	9	4	0	28	2196	0	1	0
7120	1	7	12	0	28	2196	0	1	0
7121	1	6	3	0	28	2196	0	1	0
7124	1	10	16	0	20	1191	0	1	0
7126	1	8	2	0	28	2196	0	1	0
7127	1	5	11	0	28	2196	0	1	0
7130	1	9	4	0	28	2196	0	1	0
7133	1	2	10	0	28	2196	0	1	0
7135	1	10	16	0	28	2196	0	1	0
7136	1	8	2	0	28	2196	0	1	0
7137	1	6	3	0	28	2196	0	1	0
7140	1	5	11	0	14	775	0	1	0
7141	1	10	16	0	28	2196	0	1	0
7142	1	1	1	0	28	2196	0	1	0
7147	1	1	1	0	28	2196	0	1	0
7148	1	4	9	0	28	2196	0	1	0
7149	1	10	16	0	28	2196	0	1	0
7152	1	1	1	0	28	2196	0	1	0
7153	1	7	12	0	28	2196	0	1	0
7157	1	10	16	0	24	1620	0	1	0
7161	1	3	15	0	28	2196	0	1	0
7163	1	2	10	0	28	2196	0	1	0
7171	1	6	3	0	28	2196	0	1	0
7176	1	10	16	0	28	2196	0	1	0
7180	1	9	4	0	28	2196	0	1	0
7182	1	2	10	0	28	2196	0	1	0
7184	1	8	2	0	28	185	0	1	0
7184	1	5	11	0	28	2052	0	1	0
7187	1	7	12	0	28	2196	0	1	0
7188	1	4	9	0	28	2196	0	1	0
7190	1	3	15	0	28	2196	0	1	0
7191	1	10	16	0	28	2196	0	1	0
7192	1	8	2	0	28	2196	0	1	0
7193	1	1	1	0	28	2196	0	1	0
7200	1	2	10	0	28	2196	0	1	0
7210	1	8	2	0	28	2196	0	1	0
7211	1	9	4	0	24	1620	0	1	0
7212	1	1	1	0	28	2196	0	1	0
7213	1	10	16	0	28	2196	0	1	0
7219	1	5	11	0	28	2196	0	1	0
7220	1	7	12	0	28	2196	0	1	0
7222	1	9	4	0	28	2196	0	1	0
7224	1	3	15	0	24	1620	0	1	0
7226	1	6	3	0	28	2196	0	1	0
7227	1	4	9	0	28	2196	0	1	0
7228	1	2	10	0	28	2196	0	1	0
7229	1	3	15	0	24	1620	0	1	0
7230	1	4	9	0	28	2196	0	1	0
7231	1	8	2	0	28	2196	0	1	0
7232	1	10	16	0	28	2196	0	1	0
7235	1	7	12	0	28	2196	0	1	0
7236	1	4	9	0	28	2196	0	1	0
7237	1	5	11	0	28	2196	0	1	0
7240	1	8	2	0	28	2196	0	1	0
7242	1	6	3	0	28	2196	0	1	0
7244	1	4	9	0	28	373	0	1	0
7244	1	3	15	0	24	1335	0	1	0
7246	1	1	1	0	28	2196	0	1	0
7247	1	10	16	0	28	2196	0	1	0
7249	1	4	9	0	28	2196	0	1	0
7251	1	3	15	0	22	1383	0	1	0
7253	1	5	11	0	28	2196	0	1	0
7254	1	9	4	0	28	2196	0	1	0
7255	1	1	1	0	28	2196	0	1	0
7256	1	7	12	0	28	2196	0	1	0
7260	1	6	3	0	28	2196	0	1	0
7261	1	2	10	0	28	2196	0	1	0
7265	1	5	11	0	28	2196	0	1	0
7266	1	10	16	0	28	2196	0	1	0
7267	1	8	2	0	28	2196	0	1	0
7269	1	9	4	0	24	1620	0	1	0
7275	1	1	1	0	26	1836	0	1	0
7284	1	5	11	0	28	2196	0	1	0
7285	1	10	16	0	28	2196	0	1	0
7287	1	7	12	0	28	2196	0	1	0
7289	1	1	1	0	28	2196	0	1	0
7292	1	10	16	0	28	2196	0	1	0
7293	1	9	4	0	28	2196	0	1	0
7296	1	6	3	0	28	2196	0	1	0
7299	1	5	11	0	28	2196	0	1	0
