% time	cellId	IMSI	RNTI	layer	mcs	size	rv	ndi	ccId
29	1	5	2	0	28	2196	0	1	0
31	1	4	14	0	0	81	0	1	0
32	1	4	14	0	0	81	0	1	0
35	1	5	2	0	28	2196	0	1	0
37	1	3	11	0	28	2196	0	1	0
38	1	9	15	0	0	81	0	1	0
39	1	9	15	0	28	2196	0	1	0
40	1	5	2	0	28	2196	0	1	0
43	1	10	13	0	28	2196	0	1	0
45	1	3	11	0	26	1836	0	1	0
46	1	1	3	0	28	2196	0	1	0
47	1	4	14	0	28	2196	0	1	0
50	1	8	1	0	28	2196	0	1	0
52	1	4	14	0	28	2196	0	1	0
55	1	3	11	0	20	1191	0	1	0
63	1	5	2	0	28	2196	0	1	0
64	1	4	14	0	28	2196	0	1	0
66	1	1	3	0	28	2196	0	1	0
67	1	6	12	0	28	2196	0	1	0
72	1	10	13	0	28	2196	0	1	0
74	1	9	15	0	28	2196	0	1	0
76	1	1	3	0	28	2196	0	1	0
79	1	2	16	0	28	2196	0	1	0
80	1	7	4	0	28	2196	0	1	0
82	1	4	14	0	28	2196	0	1	0
83	1	8	1	0	28	2196	0	1	0
84	1	6	12	0	28	2196	0	1	0
85	1	5	2	0	28	2196	0	1	0
86	1	1	3	0	28	2196	0	1	0
88	1	2	16	0	28	2196	0	1	0
89	1	9	15	0	28	2196	0	1	0
90	1	5	2	0	28	2196	0	1	0
93	1	3	11	0	26	1836	0	1	0
94	1	9	15	0	28	2196	0	1	0
100	1	5	2	0	28	2196	0	1	0
101	1	1	3	0	28	2196	0	1	0
102	1	9	15	0	28	2196	0	1	0
111	1	4	14	0	28	2196	0	1	0
112	1	5	2	0	28	2196	0	1	0
113	1	1	3	0	28	2196	0	1	0
114	1	10	13	0	28	2196	0	1	0
116	1	6	12	0	28	2196	0	1	0
120	1	3	11	0	28	2196	0	1	0
121	1	6	12	0	28	2196	0	1	0
126	1	6	12	0	28	2196	0	1	0
128	1	3	11	0	28	2196	0	1	0
129	1	8	1	0	28	2196	0	1	0
130	1	1	3	0	28	2196	0	1	0
131	1	2	16	0	28	2196	0	1	0
132	1	5	2	0	28	2196	0	1	0
133	1	4	14	0	28	2196	0	1	0
134	1	9	15	0	28	2196	0	1	0
141	1	3	11	0	28	2196	0	1	0
142	1	2	16	0	28	2196	0	1	0
143	1	6	12	0	28	2196	0	1	0
144	1	5	2	0	28	2196	0	1	0
153	1	3	11	0	28	2196	0	1	0
154	1	8	1	0	28	2196	0	1	0
155	1	1	3	0	28	2196	0	1	0
156	1	5	2	0	28	2196	0	1	0
159	1	7	4	0	28	2196	0	1	0
160	1	4	14	0	28	2196	0	1	0
162	1	3	11	0	28	2196	0	1	0
165	1	6	12	0	28	2196	0	1	0
166	1	10	13	0	28	2196	0	1	0
167	1	1	3	0	28	2196	0	1	0
168	1	8	1	0	28	2196	0	1	0
171	1	3	11	0	28	2196	0	1	0
172	1	8	1	0	28	2196	0	1	0
173	1	5	2	0	28	2196	0	1	0
174	1	4	14	0	28	2196	0	1	0
175	1	1	3	0	28	2196	0	1	0
176	1	9	15	0	28	2196	0	1	0
178	1	10	13	0	28	2196	0	1	0
179	1	6	12	0	28	2196	0	1	0
181	1	4	14	0	28	2196	0	1	0
186	1	6	12	0	28	2196	0	1	0
190	1	7	4	0	28	2196	0	1	0
191	1	5	2	0	28	2196	0	1	0
192	1	1	3	0	28	2196	0	1	0
194	1	2	16	0	28	2196	0	1	0
197	1	1	3	0	28	2196	0	1	0
201	1	7	4	0	28	2196	0	1	0
206	1	4	14	0	28	2196	0	1	0
208	1	9	15	0	28	2196	0	1	0
211	1	8	1	0	28	2196	0	1	0
212	1	3	11	0	28	2052	0	1	0
212	1	6	12	0	28	185	0	1	0
213	1	5	2	0	28	2196	0	1	0
215	1	2	16	0	28	2196	0	1	0
218	1	7	4	0	28	2196	0	1	0
220	1	4	14	0	28	2196	0	1	0
222	1	9	15	0	28	2196	0	1	0
225	1	6	12	0	28	2196	0	1	0
226	1	2	16	0	28	2196	0	1	0
229	1	3	11	0	28	2196	0	1	0
231	1	9	15	0	28	2196	0	1	0
232	1	1	3	0	28	2196	0	1	0
235	1	8	1	0	28	2196	0	1	0
238	1	6	12	0	28	2196	0	1	0
239	1	1	3	0	28	2196	0	1	0
242	1	4	14	0	28	2196	0	1	0
243	1	9	15	0	28	2196	0	1	0
244	1	1	3	0	28	2196	0	1	0
245	1	10	13	0	28	2196	0	1	0
246	1	7	4	0	26	1836	0	1	0
248	1	1	3	0	28	2196	0	1	0
249	1	9	15	0	28	2196	0	1	0
253	1	10	13	0	28	2196	0	1	0
254	1	2	16	0	28	2196	0	1	0
255	1	6	12	0	28	2196	0	1	0
256	1	10	13	0	28	2196	0	1	0
261	1	9	15	0	28	2196	0	1	0
262	1	8	1	0	28	2196	0	1	0
264	1	7	4	0	28	2196	0	1	0
265	1	3	11	0	28	2052	0	1	0
265	1	4	14	0	28	185	0	1	0
266	1	1	3	0	28	2196	0	1	0
271	1	9	15	0	28	2196	0	1	0
274	1	6	12	0	28	2196	0	1	0
280	1	2	16	0	28	2196	0	1	0
283	1	9	15	0	28	2196	0	1	0
285	1	3	11	0	24	1620	0	1	0
291	1	5	2	0	28	2196	0	1	0
292	1	1	3	0	24	1620	0	1	0
293	1	7	4	0	28	2196	0	1	0
296	1	4	14	0	28	2196	0	1	0
297	1	9	15	0	28	2196	0	1	0
298	1	3	11	0	22	1383	0	1	0
300	1	5	2	0	28	2196	0	1	0
301	1	10	13	0	28	2196	0	1	0
302	1	7	4	0	28	1836	0	1	0
302	1	4	14	0	28	373	0	1	0
305	1	8	1	0	28	2196	0	1	0
307	1	1	3	0	28	2196	0	1	0
309	1	4	14	0	28	2196	0	1	0
310	1	3	11	0	16	903	0	1	0
314	1	2	16	0	28	2196	0	1	0
315	1	6	12	0	28	2196	0	1	0
318	1	8	1	0	28	2196	0	1	0
321	1	3	11	0	20	1191	0	1	0
327	1	2	16	0	28	2196	0	1	0
328	1	4	14	0	28	2196	0	1	0
330	1	5	2	0	28	2196	0	1	0
331	1	1	3	0	28	2196	0	1	0
333	1	6	12	0	28	2196	0	1	0
334	1	7	4	0	28	2196	0	1	0
335	1	9	15	0	28	2196	0	1	0
337	1	4	14	0	28	2196	0	1	0
341	1	10	13	0	28	2196	0	1	0
342	1	3	11	0	16	903	0	1	0
346	1	6	12	0	28	2196	0	1	0
347	1	7	4	0	28	2196	0	1	0
348	1	5	2	0	28	2196	0	1	0
349	1	1	3	0	28	2196	0	1	0
353	1	6	12	0	28	2196	0	1	0
354	1	9	15	0	28	2196	0	1	0
358	1	8	1	0	26	1836	0	1	0
361	1	3	11	0	18	967	0	1	0
365	1	7	4	0	28	2196	0	1	0
368	1	5	2	0	28	2196	0	1	0
369	1	6	12	0	28	2196	0	1	0
376	1	3	11	0	16	903	0	1	0
377	1	8	1	0	28	2196	0	1	0
380	1	7	4	0	28	2196	0	1	0
381	1	10	13	0	28	2196	0	1	0
382	1	9	15	0	28	2196	0	1	0
383	1	1	3	0	28	2196	0	1	0
384	1	4	14	0	24	1620	0	1	0
385	1	6	12	0	28	2196	0	1	0
386	1	7	4	0	28	2196	0	1	0
394	1	1	3	0	28	2196	0	1	0
396	1	6	12	0	28	2196	0	1	0
399	1	8	1	0	28	2196	0	1	0
400	1	2	16	0	28	2196	0	1	0
401	1	5	2	0	28	2196	0	1	0
402	1	4	14	0	28	2196	0	1	0
403	1	9	15	0	28	2196	0	1	0
404	1	7	4	0	28	2196	0	1	0
406	1	8	1	0	28	2196	0	1	0
412	1	6	12	0	28	2196	0	1	0
416	1	9	15	0	28	2196	0	1	0
418	1	10	13	0	28	2196	0	1	0
419	1	8	1	0	28	2196	0	1	0
423	1	2	16	0	28	2196	0	1	0
424	1	4	14	0	28	2196	0	1	0
425	1	3	11	0	26	1692	0	1	0
425	1	2	16	0	28	185	0	1	0
429	1	7	4	0	28	2196	0	1	0
430	1	10	13	0	28	2196	0	1	0
431	1	6	12	0	28	2196	0	1	0
432	1	1	3	0	28	2196	0	1	0
438	1	5	2	0	28	2196	0	1	0
442	1	10	13	0	28	2196	0	1	0
443	1	7	4	0	28	2196	0	1	0
444	1	3	11	0	28	2052	0	1	0
444	1	9	15	0	28	185	0	1	0
445	1	4	14	0	28	2196	0	1	0
449	1	6	12	0	28	2196	0	1	0
451	1	3	11	0	22	1383	0	1	0
456	1	2	16	0	28	2196	0	1	0
458	1	4	14	0	28	2196	0	1	0
461	1	9	15	0	28	2196	0	1	0
465	1	5	2	0	28	2196	0	1	0
466	1	2	16	0	28	2196	0	1	0
468	1	8	1	0	28	2196	0	1	0
469	1	6	12	0	28	2196	0	1	0
470	1	1	3	0	28	2196	0	1	0
471	1	3	11	0	26	1836	0	1	0
472	1	9	15	0	28	2196	0	1	0
473	1	10	13	0	28	2196	0	1	0
475	1	8	1	0	28	2196	0	1	0
482	1	7	4	0	28	2196	0	1	0
483	1	4	14	0	28	2196	0	1	0
484	1	10	13	0	28	2196	0	1	0
489	1	5	2	0	28	2196	0	1	0
490	1	2	16	0	28	2196	0	1	0
494	1	4	14	0	28	2196	0	1	0
497	1	2	16	0	28	2196	0	1	0
498	1	8	1	0	28	2196	0	1	0
499	1	3	11	0	18	967	0	1	0
502	1	10	13	0	28	2196	0	1	0
504	1	4	14	0	28	2196	0	1	0
506	1	5	2	0	28	2196	0	1	0
507	1	1	3	0	28	2196	0	1	0
508	1	10	13	0	28	2196	0	1	0
512	1	10	13	0	28	2196	0	1	0
516	1	9	15	0	28	2196	0	1	0
517	1	5	2	0	28	2196	0	1	0
518	1	8	1	0	24	1620	0	1	0
521	1	10	13	0	28	2196	0	1	0
528	1	2	16	0	28	2196	0	1	0
529	1	8	1	0	28	2196	0	1	0
530	1	7	4	0	28	2196	0	1	0
533	1	9	15	0	28	2196	0	1	0
535	1	1	3	0	28	2196	0	1	0
536	1	3	11	0	20	1191	0	1	0
538	1	6	12	0	28	2196	0	1	0
539	1	9	15	0	28	2196	0	1	0
542	1	9	15	0	28	2196	0	1	0
543	1	5	2	0	28	2196	0	1	0
544	1	7	4	0	28	2196	0	1	0
545	1	4	14	0	28	2196	0	1	0
546	1	8	1	0	28	2196	0	1	0
549	1	6	12	0	28	2196	0	1	0
550	1	1	3	0	28	2196	0	1	0
551	1	4	14	0	28	2196	0	1	0
553	1	3	11	0	18	967	0	1	0
554	1	2	16	0	28	2196	0	1	0
557	1	10	13	0	28	2196	0	1	0
559	1	3	11	0	6	309	0	1	0
560	1	9	15	0	28	2196	0	1	0
561	1	6	12	0	28	2196	0	1	0
563	1	5	2	0	28	2196	0	1	0
566	1	4	14	0	28	2196	0	1	0
567	1	10	13	0	28	2196	0	1	0
569	1	8	1	0	28	2196	0	1	0
570	1	6	12	0	28	2196	0	1	0
575	1	1	3	0	28	2196	0	1	0
577	1	4	14	0	28	2196	0	1	0
581	1	3	11	0	24	1335	0	1	0
581	1	2	16	0	28	373	0	1	0
584	1	6	12	0	28	2196	0	1	0
589	1	8	1	0	28	2196	0	1	0
595	1	5	2	0	28	2196	0	1	0
596	1	9	15	0	24	1620	0	1	0
599	1	3	11	0	4	217	0	1	0
600	1	5	2	0	28	2196	0	1	0
602	1	10	13	0	26	1836	0	1	0
603	1	4	14	0	28	2196	0	1	0
604	1	9	15	0	28	2196	0	1	0
610	1	4	14	0	28	2196	0	1	0
612	1	2	16	0	28	2196	0	1	0
619	1	7	4	0	28	1095	0	1	0
619	1	3	11	0	28	1095	0	1	0
623	1	9	15	0	28	2196	0	1	0
628	1	10	13	0	28	2196	0	1	0
629	1	8	1	0	28	2196	0	1	0
631	1	4	14	0	28	2196	0	1	0
632	1	6	12	0	28	2196	0	1	0
633	1	3	11	0	18	967	0	1	0
636	1	9	15	0	28	2196	0	1	0
637	1	1	3	0	28	2196	0	1	0
641	1	4	14	0	28	2196	0	1	0
642	1	10	13	0	28	2196	0	1	0
643	1	9	15	0	28	2196	0	1	0
652	1	5	2	0	28	2196	0	1	0
653	1	7	4	0	28	2196	0	1	0
654	1	8	1	0	28	2196	0	1	0
655	1	6	12	0	28	2196	0	1	0
656	1	10	13	0	28	2196	0	1	0
661	1	7	4	0	28	2196	0	1	0
662	1	9	15	0	28	2196	0	1	0
667	1	2	16	0	28	2196	0	1	0
668	1	4	14	0	28	2196	0	1	0
670	1	5	2	0	28	2196	0	1	0
674	1	10	13	0	28	2196	0	1	0
675	1	2	16	0	28	2196	0	1	0
677	1	7	4	0	28	2196	0	1	0
678	1	5	2	0	28	2196	0	1	0
684	1	7	4	0	28	2196	0	1	0
687	1	6	12	0	28	2196	0	1	0
689	1	3	11	0	20	1191	0	1	0
691	1	10	13	0	28	2196	0	1	0
694	1	4	14	0	28	2196	0	1	0
697	1	9	15	0	28	2196	0	1	0
698	1	3	11	0	26	1836	0	1	0
699	1	2	16	0	28	2196	0	1	0
700	1	6	12	0	28	2196	0	1	0
701	1	1	3	0	28	2196	0	1	0
702	1	4	14	0	28	2196	0	1	0
704	1	9	15	0	28	2196	0	1	0
706	1	1	3	0	28	2196	0	1	0
707	1	3	11	0	28	2196	0	1	0
708	1	8	1	0	22	1383	0	1	0
709	1	10	13	0	28	2196	0	1	0
712	1	2	16	0	28	2196	0	1	0
713	1	9	15	0	28	2196	0	1	0
715	1	5	2	0	28	2196	0	1	0
718	1	10	13	0	28	2196	0	1	0
719	1	1	3	0	28	2196	0	1	0
721	1	8	1	0	28	2196	0	1	0
722	1	4	14	0	28	2196	0	1	0
727	1	3	11	0	28	2196	0	1	0
728	1	5	2	0	28	2196	0	1	0
735	1	8	1	0	28	2196	0	1	0
736	1	7	4	0	28	2196	0	1	0
737	1	2	16	0	28	2196	0	1	0
738	1	4	14	0	28	2196	0	1	0
740	1	7	4	0	20	1191	0	1	0
741	1	1	3	0	28	2196	0	1	0
742	1	10	13	0	28	2196	0	1	0
743	1	6	12	0	28	2196	0	1	0
744	1	3	11	0	28	2196	0	1	0
746	1	5	2	0	28	2196	0	1	0
747	1	10	13	0	28	2196	0	1	0
748	1	9	15	0	28	2196	0	1	0
749	1	1	3	0	28	2196	0	1	0
750	1	8	1	0	28	2196	0	1	0
751	1	5	2	0	28	2196	0	1	0
754	1	10	13	0	28	2196	0	1	0
758	1	8	1	0	28	2196	0	1	0
759	1	6	12	0	28	2196	0	1	0
760	1	4	14	0	28	2196	0	1	0
761	1	7	4	0	28	2196	0	1	0
762	1	1	3	0	28	2196	0	1	0
763	1	2	16	0	28	2196	0	1	0
764	1	3	11	0	28	2196	0	1	0
765	1	9	15	0	28	2196	0	1	0
766	1	5	2	0	28	2196	0	1	0
767	1	3	11	0	28	2196	0	1	0
771	1	7	4	0	28	2196	0	1	0
772	1	1	3	0	28	2196	0	1	0
773	1	4	14	0	28	2196	0	1	0
774	1	5	2	0	28	2196	0	1	0
776	1	8	1	0	28	2196	0	1	0
778	1	9	15	0	28	2196	0	1	0
780	1	10	13	0	28	2196	0	1	0
783	1	2	16	0	28	2196	0	1	0
785	1	5	2	0	28	2196	0	1	0
789	1	4	14	0	28	2196	0	1	0
791	1	8	1	0	28	2196	0	1	0
792	1	1	3	0	28	2196	0	1	0
794	1	3	11	0	22	1383	0	1	0
795	1	7	4	0	28	2196	0	1	0
796	1	10	13	0	28	2196	0	1	0
797	1	5	2	0	28	2196	0	1	0
801	1	7	4	0	28	2196	0	1	0
802	1	8	1	0	28	2196	0	1	0
807	1	6	12	0	28	2196	0	1	0
809	1	7	4	0	28	2196	0	1	0
816	1	2	16	0	28	2196	0	1	0
817	1	4	14	0	28	2196	0	1	0
819	1	9	15	0	28	2196	0	1	0
823	1	3	11	0	28	2196	0	1	0
824	1	10	13	0	28	2196	0	1	0
826	1	8	1	0	28	2196	0	1	0
827	1	6	12	0	28	2196	0	1	0
828	1	1	3	0	28	2196	0	1	0
829	1	10	13	0	28	185	0	1	0
829	1	4	14	0	28	2052	0	1	0
831	1	3	11	0	28	2196	0	1	0
832	1	7	4	0	28	2196	0	1	0
833	1	5	2	0	28	2196	0	1	0
834	1	9	15	0	28	2196	0	1	0
835	1	1	3	0	28	2196	0	1	0
836	1	4	14	0	28	2196	0	1	0
838	1	10	13	0	28	2196	0	1	0
840	1	5	2	0	28	2196	0	1	0
843	1	6	12	0	28	2196	0	1	0
849	1	8	1	0	28	2196	0	1	0
850	1	6	12	0	28	2196	0	1	0
856	1	5	2	0	28	2196	0	1	0
858	1	3	11	0	28	2196	0	1	0
859	1	7	4	0	28	2196	0	1	0
860	1	1	3	0	28	2196	0	1	0
861	1	10	13	0	28	2196	0	1	0
862	1	8	1	0	28	2196	0	1	0
864	1	3	11	0	26	1836	0	1	0
865	1	8	1	0	26	1836	0	1	0
868	1	6	12	0	28	2196	0	1	0
869	1	5	2	0	28	2196	0	1	0
870	1	4	14	0	24	1620	0	1	0
872	1	7	4	0	28	2196	0	1	0
873	1	1	3	0	28	2196	0	1	0
874	1	10	13	0	28	2196	0	1	0
875	1	5	2	0	28	2196	0	1	0
877	1	2	16	0	28	2196	0	1	0
885	1	3	11	0	24	1620	0	1	0
886	1	1	3	0	28	2196	0	1	0
887	1	9	15	0	28	2196	0	1	0
888	1	7	4	0	28	2196	0	1	0
892	1	8	1	0	28	2196	0	1	0
894	1	9	15	0	28	2196	0	1	0
896	1	2	16	0	28	2196	0	1	0
898	1	10	13	0	24	1620	0	1	0
903	1	3	11	0	22	1383	0	1	0
904	1	4	14	0	28	2196	0	1	0
905	1	7	4	0	28	2196	0	1	0
907	1	6	12	0	28	2196	0	1	0
908	1	1	3	0	28	2196	0	1	0
909	1	9	15	0	26	1836	0	1	0
912	1	6	12	0	28	2196	0	1	0
913	1	8	1	0	18	967	0	1	0
915	1	7	4	0	28	2196	0	1	0
917	1	9	15	0	28	2196	0	1	0
922	1	3	11	0	26	1836	0	1	0
923	1	8	1	0	28	2196	0	1	0
927	1	8	1	0	28	2196	0	1	0
928	1	4	14	0	28	2196	0	1	0
929	1	5	2	0	28	2196	0	1	0
934	1	6	12	0	28	2196	0	1	0
935	1	2	16	0	28	2196	0	1	0
936	1	7	4	0	28	2196	0	1	0
937	1	1	3	0	28	2196	0	1	0
938	1	10	13	0	28	2196	0	1	0
939	1	3	11	0	20	1191	0	1	0
942	1	6	12	0	28	2196	0	1	0
944	1	4	14	0	28	2196	0	1	0
947	1	1	3	0	28	2196	0	1	0
949	1	2	16	0	28	2196	0	1	0
955	1	9	15	0	28	2196	0	1	0
958	1	3	11	0	14	775	0	1	0
962	1	8	1	0	28	2196	0	1	0
969	1	10	13	0	28	2196	0	1	0
971	1	7	4	0	28	2196	0	1	0
972	1	6	12	0	28	2196	0	1	0
973	1	1	3	0	28	2196	0	1	0
975	1	2	16	0	28	2196	0	1	0
976	1	4	14	0	28	2196	0	1	0
977	1	10	13	0	28	2196	0	1	0
979	1	5	2	0	28	2196	0	1	0
980	1	4	14	0	28	2196	0	1	0
981	1	6	12	0	28	2196	0	1	0
982	1	3	11	0	20	1191	0	1	0
985	1	10	13	0	28	2196	0	1	0
987	1	7	4	0	28	2196	0	1	0
990	1	2	16	0	28	2196	0	1	0
991	1	8	1	0	28	2196	0	1	0
995	1	8	1	0	28	2196	0	1	0
997	1	3	11	0	18	967	0	1	0
998	1	7	4	0	28	2196	0	1	0
999	1	5	2	0	28	2196	0	1	0
1000	1	6	12	0	28	2196	0	1	0
1001	1	10	13	0	28	2196	0	1	0
1003	1	7	4	0	28	373	0	1	0
1003	1	3	11	0	24	1335	0	1	0
1009	1	2	16	0	28	2196	0	1	0
1010	1	3	11	0	28	2052	0	1	0
1010	1	6	12	0	28	185	0	1	0
1011	1	4	14	0	28	2196	0	1	0
1012	1	1	3	0	28	2196	0	1	0
1013	1	10	13	0	28	2196	0	1	0
1014	1	9	15	0	28	2196	0	1	0
1015	1	1	3	0	28	2196	0	1	0
1019	1	6	12	0	28	2196	0	1	0
1020	1	7	4	0	28	2196	0	1	0
1021	1	5	2	0	28	2196	0	1	0
1022	1	4	14	0	28	2196	0	1	0
1024	1	9	15	0	28	2196	0	1	0
1025	1	6	12	0	28	2196	0	1	0
1030	1	9	15	0	28	2196	0	1	0
1031	1	1	3	0	28	2196	0	1	0
1033	1	8	1	0	28	2196	0	1	0
1034	1	10	13	0	28	2196	0	1	0
1035	1	6	12	0	28	2196	0	1	0
1036	1	7	4	0	28	2196	0	1	0
1037	1	2	16	0	28	2196	0	1	0
1040	1	1	3	0	28	2196	0	1	0
1041	1	5	2	0	28	2196	0	1	0
1048	1	10	13	0	28	2196	0	1	0
1049	1	1	3	0	28	185	0	1	0
1049	1	3	11	0	22	1287	0	1	0
1050	1	7	4	0	28	2196	0	1	0
1051	1	4	14	0	28	2196	0	1	0
1052	1	6	12	0	28	2196	0	1	0
1056	1	9	15	0	28	2196	0	1	0
1058	1	6	12	0	28	2196	0	1	0
1065	1	8	1	0	28	2196	0	1	0
1072	1	3	11	0	28	1836	0	1	0
1072	1	2	16	0	28	373	0	1	0
1076	1	7	4	0	28	2196	0	1	0
1077	1	4	14	0	28	2196	0	1	0
1080	1	9	15	0	28	2196	0	1	0
1081	1	10	13	0	28	2196	0	1	0
1082	1	2	16	0	28	2196	0	1	0
1084	1	3	11	0	28	2052	0	1	0
1084	1	6	12	0	28	185	0	1	0
1085	1	5	2	0	28	2196	0	1	0
1086	1	9	15	0	28	2196	0	1	0
1087	1	7	4	0	28	2196	0	1	0
1089	1	3	11	0	26	1836	0	1	0
1090	1	4	14	0	28	2196	0	1	0
1091	1	6	12	0	28	2196	0	1	0
1093	1	9	15	0	28	2196	0	1	0
1097	1	8	1	0	28	2196	0	1	0
1098	1	10	13	0	28	2196	0	1	0
1099	1	8	1	0	28	2196	0	1	0
1101	1	1	3	0	28	2196	0	1	0
1105	1	7	4	0	24	1620	0	1	0
1106	1	1	3	0	28	2196	0	1	0
1107	1	4	14	0	28	2196	0	1	0
1108	1	10	13	0	28	2196	0	1	0
1109	1	9	15	0	28	2196	0	1	0
1110	1	6	12	0	28	2196	0	1	0
1111	1	5	2	0	28	2196	0	1	0
1112	1	2	16	0	28	2196	0	1	0
1113	1	3	11	0	28	2196	0	1	0
1117	1	2	16	0	28	2196	0	1	0
1120	1	3	11	0	28	2196	0	1	0
1121	1	4	14	0	28	2196	0	1	0
1122	1	10	13	0	28	2196	0	1	0
1124	1	1	3	0	28	2196	0	1	0
1129	1	5	2	0	28	2196	0	1	0
1137	1	9	15	0	28	2196	0	1	0
1139	1	1	3	0	28	2196	0	1	0
1141	1	6	12	0	28	2196	0	1	0
1142	1	4	14	0	28	2196	0	1	0
1147	1	8	1	0	24	1620	0	1	0
1148	1	7	4	0	28	2196	0	1	0
1149	1	10	13	0	28	2196	0	1	0
1151	1	9	15	0	28	2196	0	1	0
1156	1	5	2	0	28	2196	0	1	0
1159	1	1	3	0	28	2196	0	1	0
1161	1	4	14	0	28	2196	0	1	0
1164	1	7	4	0	28	2196	0	1	0
1166	1	3	11	0	28	2052	0	1	0
1166	1	6	12	0	28	185	0	1	0
1171	1	8	1	0	28	2196	0	1	0
1172	1	4	14	0	28	2196	0	1	0
1173	1	2	16	0	28	2196	0	1	0
1174	1	9	15	0	28	2196	0	1	0
1178	1	10	13	0	28	2196	0	1	0
1179	1	7	4	0	28	2196	0	1	0
1180	1	5	2	0	28	2196	0	1	0
1183	1	6	12	0	28	2196	0	1	0
1184	1	2	16	0	28	2196	0	1	0
1185	1	9	15	0	28	2196	0	1	0
1186	1	1	3	0	26	1836	0	1	0
1187	1	4	14	0	28	2196	0	1	0
1188	1	8	1	0	28	2196	0	1	0
1189	1	5	2	0	28	2196	0	1	0
1195	1	6	12	0	28	2196	0	1	0
1196	1	3	11	0	26	1836	0	1	0
1197	1	10	13	0	28	2196	0	1	0
1198	1	1	3	0	28	2196	0	1	0
1200	1	9	15	0	28	2196	0	1	0
1205	1	2	16	0	28	2196	0	1	0
1206	1	7	4	0	28	185	0	1	0
1206	1	3	11	0	28	2052	0	1	0
1207	1	10	13	0	28	2196	0	1	0
1209	1	6	12	0	28	2196	0	1	0
1211	1	2	16	0	28	2196	0	1	0
1212	1	3	11	0	26	1836	0	1	0
1215	1	4	14	0	28	2196	0	1	0
1216	1	3	11	0	26	1836	0	1	0
1218	1	5	2	0	28	2196	0	1	0
1219	1	1	3	0	28	2196	0	1	0
1223	1	2	16	0	28	2196	0	1	0
1224	1	9	15	0	28	2196	0	1	0
1231	1	8	1	0	28	2196	0	1	0
1232	1	7	4	0	28	2196	0	1	0
1233	1	1	3	0	28	2196	0	1	0
1234	1	4	14	0	28	2196	0	1	0
1235	1	9	15	0	28	2196	0	1	0
1236	1	6	12	0	28	2196	0	1	0
1237	1	2	16	0	28	2196	0	1	0
1239	1	5	2	0	28	2196	0	1	0
1246	1	6	12	0	28	2196	0	1	0
1248	1	9	15	0	26	1836	0	1	0
1250	1	2	16	0	28	2196	0	1	0
1252	1	8	1	0	28	2196	0	1	0
1254	1	7	4	0	28	2196	0	1	0
1255	1	5	2	0	28	2196	0	1	0
1256	1	2	16	0	28	2196	0	1	0
1259	1	5	2	0	28	2196	0	1	0
1262	1	1	3	0	28	2196	0	1	0
1263	1	4	14	0	28	2196	0	1	0
1264	1	3	11	0	18	967	0	1	0
1274	1	6	12	0	28	2196	0	1	0
1275	1	7	4	0	28	2196	0	1	0
1276	1	9	15	0	28	2196	0	1	0
1278	1	5	2	0	28	2196	0	1	0
1283	1	8	1	0	28	2196	0	1	0
1284	1	2	16	0	28	2196	0	1	0
1285	1	10	13	0	28	2196	0	1	0
1288	1	7	4	0	28	2196	0	1	0
1289	1	2	16	0	28	2196	0	1	0
1290	1	3	11	0	28	2196	0	1	0
1291	1	7	4	0	28	2196	0	1	0
1297	1	1	3	0	28	2196	0	1	0
1298	1	8	1	0	28	2196	0	1	0
1299	1	7	4	0	20	1191	0	1	0
1303	1	4	14	0	28	2196	0	1	0
1304	1	1	3	0	28	2196	0	1	0
1305	1	5	2	0	28	2196	0	1	0
1307	1	10	13	0	28	2196	0	1	0
1308	1	7	4	0	28	2196	0	1	0
1311	1	8	1	0	28	2196	0	1	0
1313	1	6	12	0	28	2196	0	1	0
1317	1	8	1	0	28	2196	0	1	0
1318	1	3	11	0	28	2196	0	1	0
1320	1	5	2	0	28	2196	0	1	0
1321	1	1	3	0	28	2196	0	1	0
1322	1	7	4	0	28	2196	0	1	0
1325	1	5	2	0	28	2196	0	1	0
1328	1	6	12	0	28	2196	0	1	0
1330	1	3	11	0	28	2052	0	1	0
1330	1	2	16	0	28	185	0	1	0
1331	1	5	2	0	28	2196	0	1	0
1335	1	4	14	0	28	2196	0	1	0
1336	1	3	11	0	22	1383	0	1	0
1337	1	5	2	0	28	2196	0	1	0
1340	1	2	16	0	28	2196	0	1	0
1342	1	9	15	0	28	2196	0	1	0
1343	1	1	3	0	28	2196	0	1	0
1344	1	7	4	0	28	2196	0	1	0
1347	1	4	14	0	28	2196	0	1	0
1348	1	8	1	0	28	2196	0	1	0
1349	1	10	13	0	20	1191	0	1	0
1350	1	5	2	0	28	373	0	1	0
1350	1	7	4	0	28	1836	0	1	0
1352	1	4	14	0	28	2196	0	1	0
1353	1	6	12	0	28	2196	0	1	0
1354	1	2	16	0	28	2196	0	1	0
1360	1	8	1	0	28	2196	0	1	0
1365	1	7	4	0	24	1620	0	1	0
1374	1	7	4	0	28	2196	0	1	0
1376	1	3	11	0	20	1191	0	1	0
1378	1	4	14	0	24	1620	0	1	0
1379	1	2	16	0	28	2196	0	1	0
1380	1	5	2	0	28	2196	0	1	0
1381	1	9	15	0	28	2196	0	1	0
1382	1	6	12	0	28	2196	0	1	0
1392	1	6	12	0	28	2196	0	1	0
1393	1	4	14	0	28	2196	0	1	0
1394	1	8	1	0	28	2196	0	1	0
1396	1	7	4	0	28	2196	0	1	0
1397	1	9	15	0	28	2196	0	1	0
1398	1	2	16	0	28	2196	0	1	0
1402	1	4	14	0	28	2196	0	1	0
1403	1	3	11	0	20	1191	0	1	0
1410	1	9	15	0	28	2196	0	1	0
1413	1	1	3	0	28	2196	0	1	0
1415	1	7	4	0	28	2196	0	1	0
1416	1	2	16	0	28	2196	0	1	0
1417	1	5	2	0	28	2196	0	1	0
1420	1	10	13	0	28	2196	0	1	0
1421	1	8	1	0	28	2196	0	1	0
1422	1	6	12	0	28	2196	0	1	0
1423	1	4	14	0	28	2196	0	1	0
1426	1	7	4	0	28	2196	0	1	0
1428	1	10	13	0	28	2196	0	1	0
1433	1	5	2	0	28	2196	0	1	0
1434	1	9	15	0	28	2196	0	1	0
1435	1	4	14	0	28	2196	0	1	0
1436	1	7	4	0	28	2196	0	1	0
1437	1	2	16	0	28	2196	0	1	0
1438	1	6	12	0	28	2196	0	1	0
1444	1	3	11	0	20	1191	0	1	0
1445	1	2	16	0	28	2196	0	1	0
1446	1	8	1	0	28	2196	0	1	0
1447	1	9	15	0	28	2196	0	1	0
1449	1	4	14	0	28	2196	0	1	0
1456	1	9	15	0	28	2196	0	1	0
1457	1	10	13	0	28	2196	0	1	0
1458	1	7	4	0	24	1620	0	1	0
1459	1	4	14	0	28	2196	0	1	0
1464	1	10	13	0	28	2196	0	1	0
1465	1	5	2	0	28	373	0	1	0
1465	1	3	11	0	24	1335	0	1	0
1466	1	7	4	0	28	2196	0	1	0
1469	1	6	12	0	28	2196	0	1	0
1472	1	4	14	0	28	2196	0	1	0
1475	1	7	4	0	28	2196	0	1	0
1477	1	4	14	0	28	2196	0	1	0
1480	1	1	3	0	28	2196	0	1	0
1488	1	5	2	0	28	2196	0	1	0
1489	1	6	12	0	28	2196	0	1	0
1490	1	10	13	0	28	2196	0	1	0
1491	1	2	16	0	28	2196	0	1	0
1493	1	1	3	0	28	2196	0	1	0
1494	1	5	2	0	28	2196	0	1	0
1495	1	7	4	0	28	2196	0	1	0
1497	1	1	3	0	28	2196	0	1	0
1498	1	2	16	0	28	2196	0	1	0
1499	1	4	14	0	28	2196	0	1	0
1500	1	10	13	0	28	2196	0	1	0
1501	1	1	3	0	28	2196	0	1	0
1503	1	5	2	0	28	2196	0	1	0
1506	1	3	11	0	20	1191	0	1	0
1509	1	4	14	0	28	2196	0	1	0
1513	1	8	1	0	28	2196	0	1	0
1515	1	2	16	0	28	2196	0	1	0
1519	1	3	11	0	22	1383	0	1	0
1520	1	1	3	0	28	2196	0	1	0
1522	1	9	15	0	28	2196	0	1	0
1523	1	7	4	0	24	1620	0	1	0
1525	1	6	12	0	28	2196	0	1	0
1528	1	2	16	0	28	2196	0	1	0
1529	1	3	11	0	20	1191	0	1	0
1531	1	5	2	0	28	2196	0	1	0
1532	1	10	13	0	28	2196	0	1	0
1535	1	3	11	0	28	1479	0	1	0
1535	1	6	12	0	28	749	0	1	0
1540	1	2	16	0	28	2196	0	1	0
1543	1	1	3	0	28	2196	0	1	0
1546	1	4	14	0	28	2196	0	1	0
1550	1	10	13	0	28	2196	0	1	0
1551	1	4	14	0	28	2196	0	1	0
1552	1	9	15	0	28	2196	0	1	0
1557	1	8	1	0	28	2196	0	1	0
1559	1	6	12	0	28	2196	0	1	0
1560	1	10	13	0	28	2196	0	1	0
1563	1	2	16	0	28	2196	0	1	0
1565	1	7	4	0	28	2196	0	1	0
1569	1	5	2	0	28	2196	0	1	0
1570	1	3	11	0	26	1836	0	1	0
1576	1	3	11	0	24	1620	0	1	0
1577	1	6	12	0	28	2196	0	1	0
1579	1	1	3	0	28	2196	0	1	0
1580	1	5	2	0	28	2196	0	1	0
1581	1	4	14	0	28	2196	0	1	0
1583	1	10	13	0	28	2196	0	1	0
1584	1	7	4	0	24	1620	0	1	0
1591	1	9	15	0	28	2196	0	1	0
1592	1	7	4	0	28	2196	0	1	0
1595	1	4	14	0	28	2196	0	1	0
1597	1	3	11	0	6	309	0	1	0
1602	1	8	1	0	28	2196	0	1	0
1603	1	9	15	0	28	2196	0	1	0
1608	1	4	14	0	28	2196	0	1	0
1609	1	5	2	0	28	2196	0	1	0
1613	1	1	3	0	28	749	0	1	0
1613	1	3	11	0	28	1479	0	1	0
1614	1	8	1	0	28	2196	0	1	0
1615	1	10	13	0	28	2196	0	1	0
1618	1	5	2	0	28	2196	0	1	0
1620	1	6	12	0	28	2196	0	1	0
1621	1	7	4	0	28	2196	0	1	0
1624	1	9	15	0	28	2196	0	1	0
1625	1	2	16	0	28	2196	0	1	0
1630	1	4	14	0	28	2196	0	1	0
1632	1	10	13	0	28	2196	0	1	0
1635	1	8	1	0	28	749	0	1	0
1635	1	3	11	0	22	935	0	1	0
1637	1	5	2	0	28	2196	0	1	0
1640	1	9	15	0	28	2196	0	1	0
1641	1	1	3	0	28	2196	0	1	0
1642	1	7	4	0	28	2196	0	1	0
1644	1	8	1	0	28	2196	0	1	0
1645	1	10	13	0	28	2196	0	1	0
1646	1	6	12	0	28	2196	0	1	0
1647	1	4	14	0	28	2196	0	1	0
1649	1	1	3	0	28	2196	0	1	0
1650	1	2	16	0	28	2196	0	1	0
1659	1	3	11	0	24	1335	0	1	0
1659	1	9	15	0	28	373	0	1	0
1660	1	4	14	0	28	2196	0	1	0
1661	1	1	3	0	28	2196	0	1	0
1662	1	6	12	0	28	2196	0	1	0
1663	1	7	4	0	28	2196	0	1	0
1666	1	8	1	0	28	2196	0	1	0
1667	1	9	15	0	28	2196	0	1	0
1668	1	5	2	0	28	2196	0	1	0
1669	1	1	3	0	28	549	0	1	0
1669	1	3	11	0	24	1191	0	1	0
1681	1	5	2	0	28	2196	0	1	0
1688	1	8	1	0	28	2196	0	1	0
1693	1	2	16	0	28	2196	0	1	0
1694	1	6	12	0	28	2196	0	1	0
1695	1	4	14	0	28	2196	0	1	0
1696	1	1	3	0	28	2196	0	1	0
1697	1	9	15	0	28	2196	0	1	0
1702	1	10	13	0	28	2196	0	1	0
1706	1	8	1	0	28	2196	0	1	0
1709	1	3	11	0	6	309	0	1	0
1713	1	6	12	0	28	2196	0	1	0
1715	1	7	4	0	28	2196	0	1	0
1716	1	9	15	0	28	2196	0	1	0
1720	1	8	1	0	28	2196	0	1	0
1724	1	5	2	0	28	2196	0	1	0
1725	1	2	16	0	28	2196	0	1	0
1727	1	4	14	0	28	2196	0	1	0
1729	1	3	11	0	14	775	0	1	0
1730	1	10	13	0	28	2196	0	1	0
1734	1	6	12	0	28	2196	0	1	0
1735	1	10	13	0	28	2196	0	1	0
1740	1	7	4	0	28	2196	0	1	0
1742	1	5	2	0	28	2196	0	1	0
1745	1	10	13	0	28	2196	0	1	0
1749	1	1	3	0	28	549	0	1	0
1749	1	3	11	0	24	1191	0	1	0
1751	1	2	16	0	28	2196	0	1	0
1752	1	10	13	0	28	2196	0	1	0
1757	1	10	13	0	22	1383	0	1	0
1759	1	8	1	0	28	2196	0	1	0
1760	1	1	3	0	28	2196	0	1	0
1761	1	6	12	0	28	2196	0	1	0
1762	1	4	14	0	24	1620	0	1	0
1764	1	8	1	0	28	2196	0	1	0
1769	1	1	3	0	28	2196	0	1	0
1772	1	2	16	0	28	2196	0	1	0
1775	1	10	13	0	28	2196	0	1	0
1777	1	9	15	0	28	2196	0	1	0
1778	1	7	4	0	28	2196	0	1	0
1780	1	8	1	0	28	2196	0	1	0
1782	1	2	16	0	28	2196	0	1	0
1783	1	3	11	0	22	1383	0	1	0
1784	1	5	2	0	28	2196	0	1	0
1790	1	7	4	0	28	2196	0	1	0
1791	1	1	3	0	28	2196	0	1	0
1794	1	4	14	0	28	2196	0	1	0
1795	1	8	1	0	28	2196	0	1	0
1796	1	10	13	0	28	2196	0	1	0
1800	1	9	15	0	28	2196	0	1	0
1801	1	2	16	0	28	2196	0	1	0
1802	1	6	12	0	28	2196	0	1	0
1805	1	5	2	0	28	2196	0	1	0
1806	1	1	3	0	28	2196	0	1	0
1808	1	9	15	0	28	2196	0	1	0
1809	1	2	16	0	28	2196	0	1	0
1811	1	4	14	0	28	2196	0	1	0
1812	1	7	4	0	28	2196	0	1	0
1815	1	3	11	0	28	2196	0	1	0
1816	1	6	12	0	28	2196	0	1	0
1819	1	3	11	0	26	1836	0	1	0
1822	1	3	11	0	26	1836	0	1	0
1823	1	6	12	0	28	2196	0	1	0
1824	1	10	13	0	20	1191	0	1	0
1827	1	1	3	0	28	2196	0	1	0
1834	1	4	14	0	26	1836	0	1	0
1835	1	9	15	0	18	967	0	1	0
1838	1	5	2	0	28	2196	0	1	0
1840	1	7	4	0	28	2196	0	1	0
1842	1	8	1	0	28	2196	0	1	0
1843	1	5	2	0	28	2196	0	1	0
1845	1	2	16	0	28	2196	0	1	0
1846	1	4	14	0	28	2196	0	1	0
1847	1	3	11	0	28	2196	0	1	0
1848	1	1	3	0	28	2196	0	1	0
1849	1	8	1	0	28	2196	0	1	0
1852	1	9	15	0	28	2196	0	1	0
1854	1	8	1	0	28	2196	0	1	0
1860	1	3	11	0	28	2196	0	1	0
1861	1	1	3	0	22	1383	0	1	0
1862	1	5	2	0	28	2196	0	1	0
1865	1	9	15	0	28	2196	0	1	0
1866	1	2	16	0	28	2196	0	1	0
1868	1	6	12	0	28	2196	0	1	0
1870	1	8	1	0	28	2196	0	1	0
1871	1	3	11	0	26	1836	0	1	0
1874	1	4	14	0	28	2196	0	1	0
1876	1	6	12	0	28	2196	0	1	0
1879	1	4	14	0	28	2196	0	1	0
1881	1	9	15	0	28	2196	0	1	0
1882	1	8	1	0	28	2196	0	1	0
1883	1	6	12	0	28	2196	0	1	0
1885	1	10	13	0	28	2196	0	1	0
1886	1	3	11	0	22	1383	0	1	0
1888	1	7	4	0	28	2196	0	1	0
1889	1	1	3	0	28	2196	0	1	0
1890	1	2	16	0	28	2196	0	1	0
1894	1	2	16	0	28	2196	0	1	0
1895	1	8	1	0	28	2196	0	1	0
1897	1	6	12	0	28	2196	0	1	0
1900	1	4	14	0	28	2196	0	1	0
1901	1	9	15	0	28	2196	0	1	0
1902	1	1	3	0	28	2196	0	1	0
1903	1	5	2	0	28	2196	0	1	0
1904	1	3	11	0	18	967	0	1	0
1905	1	2	16	0	28	2196	0	1	0
1907	1	5	2	0	28	2196	0	1	0
1908	1	6	12	0	28	2196	0	1	0
1915	1	10	13	0	28	2196	0	1	0
1918	1	9	15	0	28	2196	0	1	0
1919	1	7	4	0	28	2196	0	1	0
1922	1	3	11	0	24	1620	0	1	0
1923	1	1	3	0	28	2196	0	1	0
1924	1	2	16	0	28	2196	0	1	0
1933	1	7	4	0	28	2196	0	1	0
1936	1	8	1	0	28	2196	0	1	0
1938	1	4	14	0	28	2196	0	1	0
1939	1	5	2	0	28	2196	0	1	0
1940	1	6	12	0	28	2196	0	1	0
1941	1	7	4	0	28	2196	0	1	0
1942	1	8	1	0	28	2196	0	1	0
1947	1	9	15	0	28	2196	0	1	0
1949	1	3	11	0	28	2052	0	1	0
1949	1	4	14	0	28	185	0	1	0
1952	1	2	16	0	28	2196	0	1	0
1956	1	10	13	0	28	2196	0	1	0
1957	1	5	2	0	28	2196	0	1	0
1959	1	6	12	0	28	2196	0	1	0
1960	1	9	15	0	28	2196	0	1	0
1961	1	1	3	0	28	2196	0	1	0
1962	1	4	14	0	28	2196	0	1	0
1965	1	8	1	0	28	2196	0	1	0
1967	1	5	2	0	28	2196	0	1	0
1968	1	2	16	0	28	2196	0	1	0
1970	1	1	3	0	28	2196	0	1	0
1971	1	6	12	0	28	2196	0	1	0
1972	1	4	14	0	28	2196	0	1	0
1974	1	9	15	0	28	2196	0	1	0
1977	1	4	14	0	28	2196	0	1	0
1979	1	8	1	0	28	2196	0	1	0
1980	1	10	13	0	28	2196	0	1	0
1981	1	9	15	0	28	2196	0	1	0
1985	1	1	3	0	28	2196	0	1	0
1986	1	7	4	0	26	1836	0	1	0
1991	1	3	11	0	14	775	0	1	0
1996	1	5	2	0	28	2196	0	1	0
1997	1	10	13	0	28	2196	0	1	0
1998	1	7	4	0	28	2196	0	1	0
1999	1	4	14	0	28	2196	0	1	0
2001	1	10	13	0	28	2196	0	1	0
2003	1	7	4	0	28	2196	0	1	0
2008	1	6	12	0	28	2196	0	1	0
2009	1	8	1	0	28	2196	0	1	0
2010	1	4	14	0	28	2196	0	1	0
2012	1	5	2	0	28	2196	0	1	0
2016	1	3	11	0	26	1836	0	1	0
2017	1	1	3	0	28	2196	0	1	0
2018	1	5	2	0	28	2196	0	1	0
2022	1	10	13	0	28	2052	0	1	0
2022	1	4	14	0	28	185	0	1	0
2023	1	2	16	0	28	2196	0	1	0
2025	1	7	4	0	28	2196	0	1	0
2028	1	10	13	0	28	2196	0	1	0
2029	1	6	12	0	28	2196	0	1	0
2030	1	7	4	0	28	2196	0	1	0
2034	1	3	11	0	20	1191	0	1	0
2035	1	2	16	0	28	2196	0	1	0
2036	1	8	1	0	28	2196	0	1	0
2037	1	6	12	0	28	2196	0	1	0
2038	1	10	13	0	24	1620	0	1	0
2045	1	9	15	0	28	2196	0	1	0
2046	1	5	2	0	28	2196	0	1	0
2050	1	9	15	0	28	2196	0	1	0
2051	1	3	11	0	22	1383	0	1	0
2053	1	2	16	0	28	2196	0	1	0
2054	1	4	14	0	28	2196	0	1	0
2056	1	7	4	0	28	2196	0	1	0
2057	1	1	3	0	28	2196	0	1	0
2064	1	10	13	0	28	2196	0	1	0
2065	1	2	16	0	28	2196	0	1	0
2070	1	8	1	0	28	2196	0	1	0
2071	1	6	12	0	28	2196	0	1	0
2072	1	7	4	0	28	2052	0	1	0
2072	1	2	16	0	28	185	0	1	0
2073	1	4	14	0	28	2196	0	1	0
2075	1	1	3	0	28	2196	0	1	0
2076	1	10	13	0	28	2196	0	1	0
2077	1	2	16	0	28	2196	0	1	0
2080	1	1	3	0	28	2196	0	1	0
2082	1	3	11	0	24	1620	0	1	0
2085	1	7	4	0	20	1191	0	1	0
2086	1	5	2	0	28	2196	0	1	0
2091	1	2	16	0	28	2196	0	1	0
2092	1	4	14	0	28	2196	0	1	0
2094	1	3	11	0	24	1620	0	1	0
2095	1	6	12	0	28	2196	0	1	0
2098	1	7	4	0	28	2196	0	1	0
2100	1	9	15	0	24	1620	0	1	0
2101	1	1	3	0	28	2196	0	1	0
2104	1	10	13	0	28	2196	0	1	0
2105	1	5	2	0	28	2196	0	1	0
2106	1	6	12	0	28	2196	0	1	0
2107	1	3	11	0	28	2196	0	1	0
2108	1	8	1	0	28	2196	0	1	0
2112	1	1	3	0	28	2196	0	1	0
2118	1	6	12	0	28	2196	0	1	0
2120	1	10	13	0	28	2196	0	1	0
2121	1	2	16	0	28	2196	0	1	0
2122	1	9	15	0	24	1620	0	1	0
2124	1	10	13	0	28	2196	0	1	0
2126	1	1	3	0	28	2196	0	1	0
2129	1	9	15	0	28	2196	0	1	0
2130	1	7	4	0	28	2196	0	1	0
2133	1	9	15	0	28	2196	0	1	0
2134	1	10	13	0	28	2196	0	1	0
2136	1	4	14	0	28	2196	0	1	0
2139	1	2	16	0	28	2196	0	1	0
2141	1	9	15	0	28	2196	0	1	0
2142	1	5	2	0	28	2196	0	1	0
2143	1	7	4	0	28	2196	0	1	0
2145	1	3	11	0	20	1191	0	1	0
2146	1	6	12	0	28	2196	0	1	0
2148	1	8	1	0	28	2196	0	1	0
2149	1	5	2	0	28	2196	0	1	0
2150	1	2	16	0	28	2196	0	1	0
2151	1	4	14	0	28	2196	0	1	0
2152	1	10	13	0	28	2196	0	1	0
2157	1	1	3	0	28	2196	0	1	0
2158	1	5	2	0	28	2196	0	1	0
2159	1	7	4	0	28	2196	0	1	0
2165	1	3	11	0	28	2196	0	1	0
2166	1	9	15	0	28	2196	0	1	0
2167	1	5	2	0	28	2196	0	1	0
2168	1	6	12	0	28	2196	0	1	0
2170	1	2	16	0	28	2196	0	1	0
2171	1	7	4	0	14	775	0	1	0
2177	1	10	13	0	28	2196	0	1	0
2180	1	4	14	0	24	1620	0	1	0
2181	1	8	1	0	28	2196	0	1	0
2182	1	5	2	0	28	2196	0	1	0
2183	1	3	11	0	28	2196	0	1	0
2186	1	7	4	0	28	2196	0	1	0
2187	1	2	16	0	28	2196	0	1	0
2191	1	1	3	0	28	2196	0	1	0
2192	1	10	13	0	28	2196	0	1	0
2196	1	4	14	0	28	2196	0	1	0
2197	1	3	11	0	28	2196	0	1	0
2200	1	10	13	0	28	2196	0	1	0
2202	1	4	14	0	28	2196	0	1	0
2203	1	8	1	0	28	2196	0	1	0
2204	1	7	4	0	28	185	0	1	0
2204	1	9	15	0	28	2052	0	1	0
2206	1	1	3	0	28	2196	0	1	0
2209	1	2	16	0	28	2196	0	1	0
2213	1	6	12	0	28	2196	0	1	0
2218	1	3	11	0	28	2196	0	1	0
2222	1	1	3	0	28	2196	0	1	0
2223	1	9	15	0	28	2196	0	1	0
2224	1	4	14	0	28	2196	0	1	0
2225	1	10	13	0	28	2196	0	1	0
2227	1	6	12	0	28	2196	0	1	0
2229	1	10	13	0	28	2196	0	1	0
2231	1	9	15	0	28	2196	0	1	0
2237	1	7	4	0	28	2196	0	1	0
2238	1	2	16	0	28	2196	0	1	0
2239	1	3	11	0	28	2196	0	1	0
2240	1	1	3	0	28	2196	0	1	0
2241	1	9	15	0	28	2196	0	1	0
2243	1	4	14	0	28	2196	0	1	0
2244	1	1	3	0	28	2196	0	1	0
2251	1	2	16	0	28	2196	0	1	0
2254	1	9	15	0	28	2196	0	1	0
2256	1	10	13	0	28	2196	0	1	0
2258	1	1	3	0	28	2196	0	1	0
2260	1	5	2	0	28	2196	0	1	0
2261	1	8	1	0	28	2196	0	1	0
2262	1	3	11	0	24	1620	0	1	0
2265	1	3	11	0	12	597	0	1	0
2266	1	7	4	0	28	2196	0	1	0
2268	1	2	16	0	28	2196	0	1	0
2269	1	10	13	0	28	2196	0	1	0
2271	1	1	3	0	28	2196	0	1	0
2273	1	8	1	0	28	2196	0	1	0
2274	1	5	2	0	28	2196	0	1	0
2276	1	6	12	0	28	2196	0	1	0
2277	1	9	15	0	28	2196	0	1	0
2278	1	3	11	0	20	1191	0	1	0
2281	1	5	2	0	28	2196	0	1	0
2282	1	10	13	0	28	2196	0	1	0
2285	1	4	14	0	28	2196	0	1	0
2286	1	6	12	0	28	2196	0	1	0
2287	1	10	13	0	28	2196	0	1	0
2289	1	9	15	0	28	2196	0	1	0
2292	1	1	3	0	28	373	0	1	0
2292	1	7	4	0	28	1836	0	1	0
2295	1	5	2	0	28	2196	0	1	0
2296	1	10	13	0	28	2196	0	1	0
2297	1	8	1	0	28	2196	0	1	0
2304	1	4	14	0	28	2196	0	1	0
2305	1	8	1	0	28	2196	0	1	0
2308	1	7	4	0	28	2196	0	1	0
2310	1	10	13	0	28	2196	0	1	0
2311	1	2	16	0	28	2196	0	1	0
2316	1	1	3	0	28	185	0	1	0
2316	1	7	4	0	28	2052	0	1	0
2319	1	8	1	0	28	2196	0	1	0
2320	1	4	14	0	28	2196	0	1	0
2321	1	9	15	0	28	2196	0	1	0
2326	1	3	11	0	28	2196	0	1	0
2327	1	5	2	0	28	2196	0	1	0
2328	1	10	13	0	28	2196	0	1	0
2331	1	9	15	0	28	2196	0	1	0
2336	1	10	13	0	28	2196	0	1	0
2337	1	6	12	0	28	2196	0	1	0
2339	1	3	11	0	28	2196	0	1	0
2341	1	1	3	0	28	2196	0	1	0
2342	1	4	14	0	28	2196	0	1	0
2344	1	7	4	0	20	1191	0	1	0
2345	1	9	15	0	28	2196	0	1	0
2346	1	6	12	0	28	2196	0	1	0
2348	1	5	2	0	28	2196	0	1	0
2349	1	10	13	0	28	2196	0	1	0
2350	1	2	16	0	28	2196	0	1	0
2351	1	8	1	0	28	2196	0	1	0
2352	1	7	4	0	26	1836	0	1	0
2364	1	4	14	0	28	2196	0	1	0
2367	1	6	12	0	28	2196	0	1	0
2370	1	2	16	0	28	2196	0	1	0
2373	1	8	1	0	28	2196	0	1	0
2374	1	4	14	0	28	2196	0	1	0
2376	1	1	3	0	28	2196	0	1	0
2378	1	2	16	0	28	2196	0	1	0
2379	1	9	15	0	28	2196	0	1	0
2380	1	10	13	0	28	2196	0	1	0
2387	1	7	4	0	28	2196	0	1	0
2389	1	10	13	0	28	2196	0	1	0
2393	1	3	11	0	22	1287	0	1	0
2393	1	2	16	0	28	185	0	1	0
2394	1	10	13	0	28	2196	0	1	0
2395	1	4	14	0	28	2196	0	1	0
2396	1	8	1	0	28	2196	0	1	0
2397	1	5	2	0	28	2196	0	1	0
2398	1	6	12	0	28	2196	0	1	0
2399	1	9	15	0	28	2196	0	1	0
2405	1	10	13	0	28	2196	0	1	0
2407	1	2	16	0	28	2196	0	1	0
2411	1	3	11	0	24	1620	0	1	0
2412	1	4	14	0	28	2196	0	1	0
2413	1	6	12	0	28	2196	0	1	0
2421	1	8	1	0	28	2196	0	1	0
2422	1	5	2	0	28	2196	0	1	0
2423	1	9	15	0	28	2196	0	1	0
2425	1	1	3	0	28	2196	0	1	0
2434	1	6	12	0	28	2196	0	1	0
2436	1	2	16	0	28	2196	0	1	0
2437	1	8	1	0	28	2196	0	1	0
2441	1	3	11	0	12	597	0	1	0
2446	1	10	13	0	28	2196	0	1	0
2447	1	7	4	0	28	2196	0	1	0
2448	1	2	16	0	28	2196	0	1	0
2450	1	5	2	0	28	2196	0	1	0
2451	1	7	4	0	28	2196	0	1	0
2452	1	4	14	0	6	309	0	1	0
2456	1	3	11	0	20	1191	0	1	0
2460	1	10	13	0	28	2196	0	1	0
2461	1	1	3	0	28	2196	0	1	0
2468	1	6	12	0	28	2196	0	1	0
2469	1	4	14	0	28	2196	0	1	0
2470	1	9	15	0	28	2196	0	1	0
2471	1	6	12	0	28	2196	0	1	0
2484	1	8	1	0	28	2196	0	1	0
2486	1	3	11	0	20	1191	0	1	0
2488	1	4	14	0	28	2196	0	1	0
2489	1	9	15	0	28	2196	0	1	0
2493	1	8	1	0	28	2196	0	1	0
2494	1	6	12	0	28	2196	0	1	0
2495	1	1	3	0	28	2196	0	1	0
2496	1	4	14	0	28	2196	0	1	0
2497	1	10	13	0	28	2196	0	1	0
2498	1	7	4	0	28	2196	0	1	0
2503	1	7	4	0	28	2196	0	1	0
2504	1	5	2	0	28	2196	0	1	0
2506	1	2	16	0	28	2196	0	1	0
2509	1	8	1	0	28	2196	0	1	0
2511	1	10	13	0	28	2196	0	1	0
2512	1	1	3	0	28	2196	0	1	0
2516	1	3	11	0	28	2196	0	1	0
2517	1	7	4	0	28	2052	0	1	0
2517	1	6	12	0	28	185	0	1	0
2518	1	5	2	0	28	2196	0	1	0
2519	1	9	15	0	28	2196	0	1	0
2520	1	1	3	0	28	2196	0	1	0
2522	1	3	11	0	28	2196	0	1	0
2526	1	7	4	0	22	1383	0	1	0
2532	1	2	16	0	28	2196	0	1	0
2533	1	4	14	0	28	2196	0	1	0
2534	1	5	2	0	28	2196	0	1	0
2537	1	6	12	0	28	2196	0	1	0
2540	1	8	1	0	28	2196	0	1	0
2541	1	7	4	0	28	2196	0	1	0
2547	1	10	13	0	28	2196	0	1	0
2549	1	7	4	0	28	2196	0	1	0
2553	1	10	13	0	28	2196	0	1	0
2555	1	1	3	0	28	2196	0	1	0
2556	1	2	16	0	28	2196	0	1	0
2557	1	8	1	0	28	373	0	1	0
2557	1	3	11	0	28	1836	0	1	0
2559	1	9	15	0	28	2196	0	1	0
2566	1	9	15	0	28	2196	0	1	0
2567	1	3	11	0	28	2052	0	1	0
2567	1	4	14	0	28	185	0	1	0
2570	1	1	3	0	28	2196	0	1	0
2571	1	2	16	0	28	2196	0	1	0
2572	1	5	2	0	28	2196	0	1	0
2578	1	8	1	0	28	2196	0	1	0
2586	1	10	13	0	28	2196	0	1	0
2593	1	10	13	0	28	2196	0	1	0
2597	1	1	3	0	28	2196	0	1	0
2601	1	9	15	0	28	2196	0	1	0
2602	1	2	16	0	28	2196	0	1	0
2607	1	6	12	0	28	2196	0	1	0
2608	1	4	14	0	28	2196	0	1	0
2612	1	7	4	0	26	1836	0	1	0
2615	1	9	15	0	28	2196	0	1	0
2616	1	7	4	0	28	2196	0	1	0
2618	1	5	2	0	28	2196	0	1	0
2619	1	6	12	0	28	2196	0	1	0
2620	1	8	1	0	28	2196	0	1	0
2621	1	1	3	0	28	2196	0	1	0
2622	1	9	15	0	28	2196	0	1	0
2623	1	2	16	0	28	2196	0	1	0
2625	1	9	15	0	28	2196	0	1	0
2633	1	8	1	0	28	2196	0	1	0
2636	1	1	3	0	28	2196	0	1	0
2639	1	7	4	0	24	1620	0	1	0
2640	1	5	2	0	28	185	0	1	0
2640	1	3	11	0	28	2052	0	1	0
2644	1	6	12	0	28	2196	0	1	0
2645	1	2	16	0	28	2196	0	1	0
2646	1	8	1	0	28	2196	0	1	0
2648	1	3	11	0	22	1383	0	1	0
2650	1	10	13	0	28	2196	0	1	0
2651	1	4	14	0	28	2196	0	1	0
2652	1	1	3	0	28	2196	0	1	0
2653	1	9	15	0	28	2196	0	1	0
2655	1	5	2	0	28	2196	0	1	0
2661	1	8	1	0	28	2196	0	1	0
2662	1	1	3	0	28	2196	0	1	0
2664	1	2	16	0	28	2196	0	1	0
2667	1	3	11	0	14	775	0	1	0
2670	1	7	4	0	28	2196	0	1	0
2671	1	6	12	0	28	2196	0	1	0
2673	1	5	2	0	28	2196	0	1	0
2678	1	7	4	0	28	2196	0	1	0
2679	1	10	13	0	28	2196	0	1	0
2680	1	2	16	0	28	2196	0	1	0
2683	1	5	2	0	28	2196	0	1	0
2684	1	1	3	0	28	2196	0	1	0
2686	1	4	14	0	28	2196	0	1	0
2688	1	3	11	0	18	967	0	1	0
2689	1	2	16	0	28	2196	0	1	0
2694	1	4	14	0	28	2196	0	1	0
2698	1	10	13	0	28	2196	0	1	0
2699	1	8	1	0	28	2196	0	1	0
2700	1	7	4	0	28	2196	0	1	0
2704	1	4	14	0	28	2196	0	1	0
2708	1	3	11	0	18	967	0	1	0
2709	1	9	15	0	28	2196	0	1	0
2711	1	1	3	0	28	2196	0	1	0
2714	1	6	12	0	28	2196	0	1	0
2715	1	8	1	0	28	2196	0	1	0
2716	1	2	16	0	28	2196	0	1	0
2717	1	4	14	0	28	2196	0	1	0
2721	1	7	4	0	24	1620	0	1	0
2724	1	4	14	0	28	2196	0	1	0
2727	1	10	13	0	28	2196	0	1	0
2728	1	1	3	0	28	2196	0	1	0
2729	1	2	16	0	28	2196	0	1	0
2730	1	5	2	0	28	2196	0	1	0
2734	1	3	11	0	18	967	0	1	0
2735	1	4	14	0	28	2196	0	1	0
2736	1	1	3	0	28	2196	0	1	0
2737	1	8	1	0	28	2196	0	1	0
2738	1	9	15	0	28	2196	0	1	0
2741	1	6	12	0	28	2196	0	1	0
2746	1	7	4	0	26	1836	0	1	0
2747	1	5	2	0	28	2196	0	1	0
2748	1	2	16	0	28	2196	0	1	0
2749	1	1	3	0	28	185	0	1	0
2749	1	3	11	0	22	1287	0	1	0
2750	1	4	14	0	28	2196	0	1	0
2751	1	10	13	0	28	2196	0	1	0
2752	1	6	12	0	28	2196	0	1	0
2753	1	5	2	0	28	2196	0	1	0
2754	1	1	3	0	28	2196	0	1	0
2755	1	4	14	0	28	2196	0	1	0
2758	1	8	1	0	28	2196	0	1	0
2761	1	3	11	0	28	1287	0	1	0
2761	1	9	15	0	28	935	0	1	0
2762	1	7	4	0	28	2196	0	1	0
2767	1	8	1	0	28	2196	0	1	0
2769	1	1	3	0	28	2196	0	1	0
2770	1	7	4	0	28	1836	0	1	0
2770	1	2	16	0	28	373	0	1	0
2774	1	4	14	0	28	2196	0	1	0
2776	1	6	12	0	28	2196	0	1	0
2782	1	3	11	0	20	1191	0	1	0
2784	1	10	13	0	28	2196	0	1	0
2787	1	5	2	0	28	2196	0	1	0
2790	1	3	11	0	20	1191	0	1	0
2792	1	1	3	0	28	2196	0	1	0
2793	1	4	14	0	28	2196	0	1	0
2795	1	9	15	0	28	2196	0	1	0
2796	1	8	1	0	28	2196	0	1	0
2797	1	1	3	0	28	2196	0	1	0
2798	1	4	14	0	28	2196	0	1	0
2803	1	2	16	0	28	2196	0	1	0
2804	1	4	14	0	28	2196	0	1	0
2813	1	7	4	0	28	2196	0	1	0
2814	1	1	3	0	28	2196	0	1	0
2816	1	9	15	0	28	2196	0	1	0
2819	1	6	12	0	28	2196	0	1	0
2821	1	10	13	0	28	2196	0	1	0
2822	1	9	15	0	28	2196	0	1	0
2826	1	5	2	0	28	2196	0	1	0
2829	1	7	4	0	24	1620	0	1	0
2830	1	6	12	0	28	2196	0	1	0
2831	1	10	13	0	28	2196	0	1	0
2832	1	5	2	0	28	2196	0	1	0
2833	1	2	16	0	28	2196	0	1	0
2834	1	8	1	0	28	2196	0	1	0
2835	1	9	15	0	28	2196	0	1	0
2836	1	4	14	0	28	2196	0	1	0
2837	1	3	11	0	24	1620	0	1	0
2839	1	1	3	0	28	2196	0	1	0
2841	1	8	1	0	28	2196	0	1	0
2848	1	3	11	0	20	1191	0	1	0
2860	1	5	2	0	28	2196	0	1	0
2861	1	9	15	0	28	2196	0	1	0
2862	1	7	4	0	28	2196	0	1	0
2863	1	3	11	0	28	935	0	1	0
2863	1	10	13	0	28	1287	0	1	0
2864	1	8	1	0	28	2196	0	1	0
2865	1	6	12	0	28	2196	0	1	0
2866	1	4	14	0	28	2196	0	1	0
2870	1	1	3	0	28	2196	0	1	0
2871	1	2	16	0	28	2196	0	1	0
2872	1	6	12	0	28	2196	0	1	0
2873	1	5	2	0	28	2196	0	1	0
2874	1	10	13	0	28	2196	0	1	0
2875	1	8	1	0	28	2196	0	1	0
2876	1	6	12	0	28	2196	0	1	0
2881	1	10	13	0	28	2196	0	1	0
2884	1	7	4	0	28	2196	0	1	0
2886	1	9	15	0	28	2196	0	1	0
2887	1	1	3	0	28	2196	0	1	0
2888	1	5	2	0	28	2196	0	1	0
2889	1	4	14	0	28	2196	0	1	0
2891	1	2	16	0	28	2196	0	1	0
2894	1	8	1	0	28	2196	0	1	0
2898	1	4	14	0	28	2196	0	1	0
2899	1	3	11	0	24	1620	0	1	0
2900	1	9	15	0	28	2196	0	1	0
2903	1	10	13	0	28	2196	0	1	0
2905	1	5	2	0	28	2196	0	1	0
2909	1	6	12	0	28	2196	0	1	0
2911	1	7	4	0	28	2196	0	1	0
2913	1	3	11	0	28	1692	0	1	0
2913	1	2	16	0	28	549	0	1	0
2915	1	7	4	0	28	2196	0	1	0
2920	1	1	3	0	28	2196	0	1	0
2922	1	3	11	0	24	1479	0	1	0
2922	1	9	15	0	28	185	0	1	0
2925	1	8	1	0	28	2196	0	1	0
2926	1	4	14	0	28	2196	0	1	0
2928	1	8	1	0	26	1836	0	1	0
2933	1	10	13	0	28	2196	0	1	0
2937	1	4	14	0	28	2196	0	1	0
2939	1	7	4	0	28	2196	0	1	0
2940	1	1	3	0	28	2196	0	1	0
2941	1	5	2	0	28	2196	0	1	0
2942	1	10	13	0	28	2196	0	1	0
2943	1	9	15	0	26	1836	0	1	0
2948	1	8	1	0	28	2196	0	1	0
2950	1	10	13	0	28	2196	0	1	0
2953	1	2	16	0	28	2196	0	1	0
2957	1	5	2	0	28	2196	0	1	0
2958	1	10	13	0	28	2196	0	1	0
2960	1	3	11	0	18	967	0	1	0
2966	1	4	14	0	28	2196	0	1	0
2969	1	2	16	0	28	2196	0	1	0
2971	1	8	1	0	28	2196	0	1	0
2975	1	3	11	0	24	1620	0	1	0
2978	1	5	2	0	28	2196	0	1	0
2979	1	6	12	0	28	2196	0	1	0
2980	1	9	15	0	28	2196	0	1	0
2981	1	8	1	0	28	2196	0	1	0
2987	1	10	13	0	28	2196	0	1	0
2993	1	7	4	0	26	1836	0	1	0
2998	1	8	1	0	28	2196	0	1	0
3000	1	7	4	0	12	597	0	1	0
3002	1	1	3	0	28	2196	0	1	0
3003	1	2	16	0	28	2196	0	1	0
3005	1	5	2	0	28	2196	0	1	0
3010	1	3	11	0	18	967	0	1	0
3013	1	4	14	0	28	2196	0	1	0
3018	1	7	4	0	28	2196	0	1	0
3019	1	10	13	0	28	2196	0	1	0
3022	1	5	2	0	28	2196	0	1	0
3025	1	9	15	0	28	2196	0	1	0
3026	1	4	14	0	28	2196	0	1	0
3028	1	5	2	0	28	2196	0	1	0
3031	1	2	16	0	28	2196	0	1	0
3032	1	7	4	0	28	2196	0	1	0
3035	1	1	3	0	28	2196	0	1	0
3038	1	8	1	0	28	2196	0	1	0
3039	1	6	12	0	28	2196	0	1	0
3040	1	3	11	0	18	967	0	1	0
3045	1	5	2	0	28	2196	0	1	0
3047	1	1	3	0	28	2196	0	1	0
3049	1	10	13	0	28	2196	0	1	0
3051	1	6	12	0	28	2196	0	1	0
3052	1	5	2	0	28	2196	0	1	0
3053	1	8	1	0	28	2196	0	1	0
3055	1	2	16	0	28	2196	0	1	0
3062	1	9	15	0	28	2196	0	1	0
3064	1	7	4	0	28	2196	0	1	0
3065	1	10	13	0	28	2196	0	1	0
3069	1	3	11	0	24	1620	0	1	0
3070	1	2	16	0	28	2196	0	1	0
3071	1	8	1	0	28	2196	0	1	0
3072	1	5	2	0	28	2196	0	1	0
3075	1	8	1	0	28	2196	0	1	0
3076	1	6	12	0	28	2196	0	1	0
3077	1	9	15	0	26	1836	0	1	0
3079	1	7	4	0	28	2196	0	1	0
3084	1	5	2	0	28	2196	0	1	0
3085	1	1	3	0	28	2196	0	1	0
3087	1	4	14	0	28	2196	0	1	0
3088	1	2	16	0	28	2196	0	1	0
3089	1	8	1	0	28	2196	0	1	0
3090	1	3	11	0	20	1191	0	1	0
3094	1	7	4	0	24	1620	0	1	0
3101	1	4	14	0	28	2196	0	1	0
3105	1	3	11	0	14	775	0	1	0
3106	1	2	16	0	28	2196	0	1	0
3110	1	6	12	0	28	2196	0	1	0
3111	1	1	3	0	28	2196	0	1	0
3112	1	2	16	0	28	2196	0	1	0
3117	1	3	11	0	20	1191	0	1	0
3118	1	5	2	0	28	2196	0	1	0
3120	1	4	14	0	28	2196	0	1	0
3121	1	9	15	0	28	2196	0	1	0
3122	1	3	11	0	18	967	0	1	0
3124	1	1	3	0	28	2196	0	1	0
3127	1	9	15	0	28	2196	0	1	0
3129	1	2	16	0	28	2196	0	1	0
3130	1	6	12	0	28	2196	0	1	0
3131	1	9	15	0	28	2196	0	1	0
3132	1	10	13	0	28	2196	0	1	0
3133	1	5	2	0	28	2196	0	1	0
3134	1	4	14	0	28	2196	0	1	0
3138	1	6	12	0	28	2196	0	1	0
3140	1	7	4	0	28	2196	0	1	0
3141	1	1	3	0	28	2196	0	1	0
3142	1	10	13	0	28	2196	0	1	0
3143	1	2	16	0	28	2196	0	1	0
3147	1	9	15	0	28	2196	0	1	0
3148	1	10	13	0	28	2196	0	1	0
3149	1	1	3	0	28	2196	0	1	0
3150	1	8	1	0	28	2052	0	1	0
3150	1	5	2	0	28	185	0	1	0
3154	1	1	3	0	28	2196	0	1	0
3155	1	8	1	0	24	1620	0	1	0
3156	1	3	11	0	26	1836	0	1	0
3159	1	2	16	0	28	2196	0	1	0
3160	1	1	3	0	28	2196	0	1	0
3161	1	4	14	0	28	2196	0	1	0
3163	1	8	1	0	28	2196	0	1	0
3169	1	6	12	0	28	2196	0	1	0
3170	1	2	16	0	28	2196	0	1	0
3175	1	7	4	0	28	2196	0	1	0
3176	1	4	14	0	28	2196	0	1	0
3177	1	8	1	0	28	2196	0	1	0
3180	1	9	15	0	28	2196	0	1	0
3181	1	2	16	0	28	2196	0	1	0
3182	1	3	11	0	24	1620	0	1	0
3183	1	10	13	0	28	2196	0	1	0
3186	1	7	4	0	28	2196	0	1	0
3187	1	2	16	0	28	2196	0	1	0
3189	1	6	12	0	28	2196	0	1	0
3194	1	1	3	0	28	2196	0	1	0
3195	1	10	13	0	28	2196	0	1	0
3198	1	5	2	0	28	2196	0	1	0
3199	1	1	3	0	28	2196	0	1	0
3207	1	7	4	0	28	2196	0	1	0
3209	1	4	14	0	28	2196	0	1	0
3210	1	6	12	0	28	2196	0	1	0
3211	1	8	1	0	28	2196	0	1	0
3212	1	2	16	0	28	2196	0	1	0
3218	1	1	3	0	28	185	0	1	0
3218	1	10	13	0	28	2052	0	1	0
3219	1	4	14	0	28	2196	0	1	0
3223	1	9	15	0	28	2196	0	1	0
3224	1	7	4	0	28	2196	0	1	0
3225	1	6	12	0	28	2196	0	1	0
3226	1	8	1	0	28	2196	0	1	0
3228	1	2	16	0	28	2196	0	1	0
3231	1	3	11	0	4	217	0	1	0
3239	1	10	13	0	28	2196	0	1	0
3244	1	5	2	0	28	2196	0	1	0
3245	1	4	14	0	28	2196	0	1	0
3246	1	2	16	0	28	2196	0	1	0
3250	1	7	4	0	28	2196	0	1	0
3251	1	3	11	0	24	1620	0	1	0
3252	1	1	3	0	28	2196	0	1	0
3253	1	10	13	0	28	2196	0	1	0
3255	1	1	3	0	28	2196	0	1	0
3259	1	1	3	0	28	2196	0	1	0
3260	1	2	16	0	28	2196	0	1	0
3261	1	10	13	0	28	2196	0	1	0
3262	1	9	15	0	28	2196	0	1	0
3263	1	7	4	0	28	2196	0	1	0
3266	1	8	1	0	28	2196	0	1	0
3267	1	4	14	0	28	2196	0	1	0
3270	1	1	3	0	28	2196	0	1	0
3271	1	10	13	0	28	2196	0	1	0
3273	1	4	14	0	28	2196	0	1	0
3274	1	6	12	0	28	2196	0	1	0
3275	1	2	16	0	28	2196	0	1	0
3276	1	10	13	0	28	2196	0	1	0
3280	1	7	4	0	28	2196	0	1	0
3283	1	9	15	0	28	2196	0	1	0
3284	1	8	1	0	28	2196	0	1	0
3285	1	3	11	0	28	2196	0	1	0
3290	1	2	16	0	28	2196	0	1	0
3295	1	10	13	0	28	2196	0	1	0
3297	1	4	14	0	28	2196	0	1	0
3298	1	5	2	0	28	2196	0	1	0
3300	1	4	14	0	28	2196	0	1	0
3303	1	7	4	0	22	1383	0	1	0
3311	1	6	12	0	28	2196	0	1	0
3313	1	9	15	0	28	2196	0	1	0
3315	1	4	14	0	28	2196	0	1	0
3316	1	3	11	0	24	1620	0	1	0
3319	1	8	1	0	28	2196	0	1	0
3320	1	1	3	0	28	2196	0	1	0
3322	1	5	2	0	28	2196	0	1	0
3323	1	10	13	0	28	2196	0	1	0
3326	1	2	16	0	28	2196	0	1	0
3331	1	5	2	0	28	2196	0	1	0
3332	1	7	4	0	28	2196	0	1	0
3333	1	5	2	0	28	2196	0	1	0
3334	1	4	14	0	28	2196	0	1	0
3335	1	6	12	0	28	2196	0	1	0
3336	1	8	1	0	28	2196	0	1	0
3342	1	1	3	0	28	2196	0	1	0
3343	1	6	12	0	28	2196	0	1	0
3344	1	10	13	0	28	2196	0	1	0
3345	1	8	1	0	28	2196	0	1	0
3346	1	9	15	0	28	2196	0	1	0
3347	1	2	16	0	28	2196	0	1	0
3348	1	1	3	0	28	2196	0	1	0
3349	1	4	14	0	28	2196	0	1	0
3350	1	3	11	0	20	1191	0	1	0
3352	1	2	16	0	28	2196	0	1	0
3354	1	9	15	0	28	2196	0	1	0
3357	1	6	12	0	28	2196	0	1	0
3360	1	5	2	0	28	2196	0	1	0
3368	1	1	3	0	28	2196	0	1	0
3369	1	9	15	0	28	2196	0	1	0
3371	1	2	16	0	28	2196	0	1	0
3374	1	5	2	0	28	2196	0	1	0
3376	1	7	4	0	28	2196	0	1	0
3377	1	6	12	0	28	2196	0	1	0
3378	1	10	13	0	28	2196	0	1	0
3379	1	8	1	0	28	2196	0	1	0
3380	1	3	11	0	18	967	0	1	0
3381	1	4	14	0	28	2196	0	1	0
3383	1	9	15	0	28	2196	0	1	0
3384	1	6	12	0	28	2196	0	1	0
3385	1	7	4	0	28	185	0	1	0
3385	1	3	11	0	24	1479	0	1	0
3388	1	5	2	0	28	2196	0	1	0
3390	1	4	14	0	28	2196	0	1	0
3392	1	1	3	0	28	2196	0	1	0
3393	1	6	12	0	28	2196	0	1	0
3394	1	8	1	0	28	2196	0	1	0
3396	1	10	13	0	28	2196	0	1	0
3397	1	6	12	0	28	2196	0	1	0
3398	1	3	11	0	20	1191	0	1	0
3399	1	6	12	0	28	2196	0	1	0
3400	1	9	15	0	28	2196	0	1	0
3405	1	7	4	0	24	1620	0	1	0
3408	1	5	2	0	28	2196	0	1	0
3409	1	3	11	0	28	1836	0	1	0
3409	1	2	16	0	28	373	0	1	0
3412	1	8	1	0	28	2196	0	1	0
3413	1	6	12	0	28	2196	0	1	0
3415	1	9	15	0	28	2196	0	1	0
3417	1	10	13	0	28	2196	0	1	0
3426	1	4	14	0	28	2196	0	1	0
3427	1	5	2	0	28	2196	0	1	0
3428	1	6	12	0	28	2196	0	1	0
3430	1	8	1	0	28	2196	0	1	0
3434	1	3	11	0	22	1383	0	1	0
3436	1	10	13	0	28	2052	0	1	0
3436	1	4	14	0	28	185	0	1	0
3439	1	2	16	0	28	2196	0	1	0
3440	1	9	15	0	28	2196	0	1	0
3442	1	8	1	0	28	2196	0	1	0
3443	1	3	11	0	24	1620	0	1	0
3444	1	10	13	0	28	2196	0	1	0
3448	1	1	3	0	28	2196	0	1	0
3451	1	5	2	0	28	2196	0	1	0
3453	1	3	11	0	20	1191	0	1	0
3454	1	6	12	0	28	2196	0	1	0
3457	1	7	4	0	28	2196	0	1	0
3461	1	2	16	0	28	2196	0	1	0
3462	1	5	2	0	28	2196	0	1	0
3463	1	3	11	0	20	1191	0	1	0
3464	1	6	12	0	28	2196	0	1	0
3466	1	10	13	0	28	2196	0	1	0
3468	1	1	3	0	28	2196	0	1	0
3469	1	6	12	0	28	2196	0	1	0
3471	1	2	16	0	28	2196	0	1	0
3475	1	4	14	0	28	2196	0	1	0
3477	1	8	1	0	28	2196	0	1	0
3478	1	9	15	0	28	2196	0	1	0
3479	1	6	12	0	28	2196	0	1	0
3480	1	10	13	0	28	2196	0	1	0
3485	1	6	12	0	28	2196	0	1	0
3493	1	1	3	0	28	2196	0	1	0
3494	1	9	15	0	28	2196	0	1	0
3495	1	3	11	0	18	967	0	1	0
3496	1	7	4	0	24	1620	0	1	0
3497	1	2	16	0	28	2196	0	1	0
3498	1	5	2	0	28	2196	0	1	0
3499	1	1	3	0	28	2196	0	1	0
3500	1	9	15	0	28	2196	0	1	0
3503	1	10	13	0	28	2196	0	1	0
3505	1	4	14	0	28	2196	0	1	0
3506	1	6	12	0	28	2196	0	1	0
3508	1	5	2	0	28	2196	0	1	0
3509	1	3	11	0	28	2196	0	1	0
3511	1	8	1	0	28	2196	0	1	0
3512	1	3	11	0	28	2196	0	1	0
3514	1	2	16	0	28	2196	0	1	0
3515	1	9	15	0	28	2196	0	1	0
3518	1	1	3	0	28	2196	0	1	0
3520	1	6	12	0	28	2196	0	1	0
3523	1	7	4	0	22	1383	0	1	0
3524	1	8	1	0	28	2196	0	1	0
3525	1	4	14	0	28	2196	0	1	0
3532	1	7	4	0	24	1620	0	1	0
3533	1	5	2	0	28	2196	0	1	0
3538	1	9	15	0	28	2196	0	1	0
3544	1	7	4	0	28	2196	0	1	0
3545	1	2	16	0	28	2196	0	1	0
3549	1	10	13	0	28	2196	0	1	0
3552	1	9	15	0	28	2196	0	1	0
3553	1	5	2	0	28	2196	0	1	0
3557	1	7	4	0	28	2196	0	1	0
3559	1	6	12	0	28	2196	0	1	0
3560	1	9	15	0	28	2196	0	1	0
3563	1	2	16	0	28	2196	0	1	0
3565	1	3	11	0	24	1620	0	1	0
3566	1	1	3	0	28	2196	0	1	0
3567	1	10	13	0	28	2196	0	1	0
3569	1	9	15	0	28	2196	0	1	0
3571	1	7	4	0	28	2196	0	1	0
3572	1	2	16	0	28	2196	0	1	0
3574	1	5	2	0	28	2196	0	1	0
3575	1	1	3	0	28	2196	0	1	0
3580	1	3	11	0	28	2196	0	1	0
3583	1	10	13	0	28	2196	0	1	0
3586	1	3	11	0	28	2196	0	1	0
3587	1	4	14	0	28	2196	0	1	0
3588	1	7	4	0	28	2196	0	1	0
3589	1	6	12	0	28	2196	0	1	0
3592	1	8	1	0	28	2196	0	1	0
3594	1	1	3	0	28	2196	0	1	0
3600	1	2	16	0	28	2196	0	1	0
3601	1	9	15	0	28	2196	0	1	0
3602	1	5	2	0	28	2196	0	1	0
3604	1	3	11	0	28	2052	0	1	0
3604	1	6	12	0	28	185	0	1	0
3606	1	9	15	0	24	1620	0	1	0
3607	1	8	1	0	28	2196	0	1	0
3608	1	7	4	0	28	2196	0	1	0
3609	1	1	3	0	28	2196	0	1	0
3610	1	2	16	0	28	2196	0	1	0
3611	1	3	11	0	18	967	0	1	0
3612	1	5	2	0	28	2196	0	1	0
3616	1	8	1	0	28	2196	0	1	0
3617	1	10	13	0	28	2196	0	1	0
3618	1	7	4	0	28	2196	0	1	0
3619	1	1	3	0	28	185	0	1	0
3619	1	3	11	0	28	2052	0	1	0
3620	1	9	15	0	28	2196	0	1	0
3621	1	4	14	0	28	2196	0	1	0
3626	1	9	15	0	28	2196	0	1	0
3631	1	6	12	0	28	2196	0	1	0
3632	1	10	13	0	28	2196	0	1	0
3635	1	1	3	0	28	2196	0	1	0
3636	1	4	14	0	28	2196	0	1	0
3637	1	2	16	0	28	2196	0	1	0
3638	1	7	4	0	28	2052	0	1	0
3638	1	9	15	0	28	185	0	1	0
3641	1	1	3	0	28	2196	0	1	0
3644	1	3	11	0	28	2196	0	1	0
3646	1	10	13	0	28	2196	0	1	0
3648	1	3	11	0	28	2196	0	1	0
3649	1	4	14	0	28	2196	0	1	0
3650	1	7	4	0	28	2196	0	1	0
3652	1	6	12	0	28	2196	0	1	0
3654	1	9	15	0	28	2196	0	1	0
3656	1	2	16	0	28	2196	0	1	0
3662	1	8	1	0	28	2196	0	1	0
3663	1	5	2	0	28	2196	0	1	0
3664	1	1	3	0	28	2196	0	1	0
3666	1	3	11	0	28	2196	0	1	0
3667	1	9	15	0	28	2196	0	1	0
3668	1	2	16	0	28	2196	0	1	0
3669	1	4	14	0	28	2196	0	1	0
3680	1	6	12	0	28	2196	0	1	0
3681	1	1	3	0	28	2196	0	1	0
3686	1	5	2	0	28	2196	0	1	0
3691	1	2	16	0	28	2196	0	1	0
3693	1	9	15	0	28	2196	0	1	0
3694	1	1	3	0	26	1836	0	1	0
3696	1	7	4	0	28	2196	0	1	0
3698	1	2	16	0	28	2196	0	1	0
3700	1	4	14	0	28	2196	0	1	0
3702	1	3	11	0	28	1836	0	1	0
3702	1	9	15	0	28	373	0	1	0
3703	1	10	13	0	28	2196	0	1	0
3708	1	2	16	0	28	2196	0	1	0
3709	1	4	14	0	28	2196	0	1	0
3713	1	7	4	0	28	2196	0	1	0
3714	1	4	14	0	28	2196	0	1	0
3718	1	3	11	0	20	1191	0	1	0
3719	1	8	1	0	28	2196	0	1	0
3720	1	1	3	0	28	2196	0	1	0
3721	1	9	15	0	28	2196	0	1	0
3732	1	2	16	0	28	2196	0	1	0
3733	1	5	2	0	28	2196	0	1	0
3734	1	7	4	0	28	2196	0	1	0
3737	1	10	13	0	28	2196	0	1	0
3738	1	8	1	0	28	2196	0	1	0
3739	1	4	14	0	28	2196	0	1	0
3740	1	2	16	0	28	2196	0	1	0
3742	1	4	14	0	28	2196	0	1	0
3743	1	8	1	0	28	2196	0	1	0
3748	1	6	12	0	28	2196	0	1	0
3751	1	1	3	0	28	2196	0	1	0
3752	1	3	11	0	28	2196	0	1	0
3754	1	1	3	0	28	2196	0	1	0
3755	1	4	14	0	28	2196	0	1	0
3758	1	10	13	0	28	2196	0	1	0
3759	1	9	15	0	28	2196	0	1	0
3765	1	4	14	0	28	2196	0	1	0
3766	1	5	2	0	28	2196	0	1	0
3767	1	6	12	0	28	2196	0	1	0
3768	1	3	11	0	24	1620	0	1	0
3771	1	10	13	0	28	2196	0	1	0
3774	1	7	4	0	28	2052	0	1	0
3774	1	6	12	0	28	185	0	1	0
3776	1	3	11	0	28	2052	0	1	0
3776	1	2	16	0	28	185	0	1	0
3781	1	7	4	0	26	1836	0	1	0
3786	1	1	3	0	28	2196	0	1	0
3787	1	8	1	0	28	2196	0	1	0
3789	1	7	4	0	28	2196	0	1	0
3791	1	10	13	0	20	1191	0	1	0
3794	1	5	2	0	28	2196	0	1	0
3795	1	6	12	0	28	2196	0	1	0
3796	1	8	1	0	28	2196	0	1	0
3797	1	3	11	0	28	2196	0	1	0
3798	1	4	14	0	28	2196	0	1	0
3799	1	7	4	0	28	2196	0	1	0
3800	1	2	16	0	28	2196	0	1	0
3802	1	9	15	0	28	2196	0	1	0
3803	1	5	2	0	28	2196	0	1	0
3809	1	8	1	0	28	2196	0	1	0
3810	1	3	11	0	28	2052	0	1	0
3810	1	4	14	0	28	185	0	1	0
3811	1	2	16	0	28	2196	0	1	0
3814	1	10	13	0	28	2196	0	1	0
3820	1	1	3	0	28	2196	0	1	0
3821	1	6	12	0	28	2196	0	1	0
3822	1	5	2	0	28	2196	0	1	0
3823	1	8	1	0	28	2196	0	1	0
3824	1	7	4	0	26	1836	0	1	0
3825	1	4	14	0	28	2196	0	1	0
3828	1	2	16	0	28	2196	0	1	0
3832	1	10	13	0	28	2196	0	1	0
3834	1	3	11	0	28	2196	0	1	0
3835	1	9	15	0	28	2196	0	1	0
3836	1	5	2	0	28	2196	0	1	0
3837	1	8	1	0	28	2196	0	1	0
3838	1	4	14	0	28	2196	0	1	0
3840	1	6	12	0	28	2196	0	1	0
3841	1	2	16	0	28	2196	0	1	0
3843	1	1	3	0	26	1836	0	1	0
3846	1	5	2	0	28	2196	0	1	0
3847	1	3	11	0	18	967	0	1	0
3848	1	1	3	0	28	2196	0	1	0
3849	1	8	1	0	28	2196	0	1	0
3850	1	4	14	0	28	2196	0	1	0
3851	1	7	4	0	28	2196	0	1	0
3857	1	10	13	0	28	2196	0	1	0
3863	1	3	11	0	18	967	0	1	0
3865	1	7	4	0	22	1383	0	1	0
3866	1	8	1	0	28	2196	0	1	0
3867	1	9	15	0	28	2196	0	1	0
3868	1	6	12	0	28	2196	0	1	0
3871	1	8	1	0	28	2196	0	1	0
3873	1	1	3	0	28	2196	0	1	0
3874	1	5	2	0	28	2196	0	1	0
3879	1	10	13	0	28	2196	0	1	0
3883	1	8	1	0	28	2196	0	1	0
3886	1	7	4	0	28	2196	0	1	0
3887	1	4	14	0	28	2196	0	1	0
3888	1	9	15	0	28	2196	0	1	0
3889	1	1	3	0	28	373	0	1	0
3889	1	3	11	0	28	1836	0	1	0
3894	1	4	14	0	28	2196	0	1	0
3899	1	8	1	0	28	2196	0	1	0
3901	1	4	14	0	28	2196	0	1	0
3903	1	9	15	0	28	2196	0	1	0
3904	1	10	13	0	28	2196	0	1	0
3905	1	6	12	0	28	2196	0	1	0
3906	1	2	16	0	28	2196	0	1	0
3907	1	5	2	0	28	2196	0	1	0
3908	1	7	4	0	26	1836	0	1	0
3909	1	3	11	0	24	1620	0	1	0
3910	1	4	14	0	28	2196	0	1	0
3914	1	6	12	0	28	2196	0	1	0
3918	1	4	14	0	28	2196	0	1	0
3920	1	9	15	0	28	2196	0	1	0
3923	1	6	12	0	28	2196	0	1	0
3924	1	3	11	0	24	1620	0	1	0
3925	1	2	16	0	28	2196	0	1	0
3928	1	9	15	0	28	2196	0	1	0
3933	1	5	2	0	28	2196	0	1	0
3934	1	8	1	0	28	2196	0	1	0
3939	1	10	13	0	28	2196	0	1	0
3940	1	4	14	0	28	2196	0	1	0
3943	1	8	1	0	28	2196	0	1	0
3944	1	5	2	0	28	2196	0	1	0
3945	1	1	3	0	28	2196	0	1	0
3946	1	8	1	0	28	2196	0	1	0
3947	1	6	12	0	28	2196	0	1	0
3954	1	6	12	0	28	2196	0	1	0
3957	1	7	4	0	28	2196	0	1	0
3960	1	9	15	0	28	2196	0	1	0
3963	1	3	11	0	28	2196	0	1	0
3967	1	6	12	0	28	2196	0	1	0
3968	1	8	1	0	28	2196	0	1	0
3971	1	7	4	0	22	1383	0	1	0
3972	1	2	16	0	28	2196	0	1	0
3973	1	1	3	0	28	2196	0	1	0
3974	1	3	11	0	20	1191	0	1	0
3976	1	5	2	0	28	2196	0	1	0
3977	1	10	13	0	28	2196	0	1	0
3981	1	9	15	0	28	2196	0	1	0
3982	1	10	13	0	28	2196	0	1	0
3983	1	2	16	0	28	2196	0	1	0
3984	1	7	4	0	28	2196	0	1	0
3985	1	6	12	0	28	2196	0	1	0
3986	1	8	1	0	28	2196	0	1	0
3988	1	7	4	0	28	373	0	1	0
3988	1	3	11	0	28	1836	0	1	0
3989	1	10	13	0	28	2196	0	1	0
3990	1	6	12	0	28	2196	0	1	0
3991	1	2	16	0	28	2196	0	1	0
3996	1	4	14	0	28	2196	0	1	0
4001	1	7	4	0	28	2196	0	1	0
4005	1	10	13	0	28	2196	0	1	0
4006	1	4	14	0	28	2196	0	1	0
4009	1	2	16	0	28	2196	0	1	0
4010	1	7	4	0	28	2196	0	1	0
4015	1	3	11	0	26	1836	0	1	0
4016	1	10	13	0	28	2196	0	1	0
4018	1	9	15	0	28	2196	0	1	0
4019	1	2	16	0	28	2196	0	1	0
4021	1	1	3	0	28	2196	0	1	0
4023	1	4	14	0	28	2196	0	1	0
4025	1	6	12	0	28	2196	0	1	0
4028	1	3	11	0	22	1383	0	1	0
4029	1	5	2	0	28	2196	0	1	0
4030	1	1	3	0	28	2196	0	1	0
4032	1	10	13	0	28	2196	0	1	0
4036	1	3	11	0	28	1095	0	1	0
4036	1	4	14	0	28	1095	0	1	0
4038	1	5	2	0	28	2196	0	1	0
4039	1	6	12	0	28	2196	0	1	0
4040	1	2	16	0	28	2196	0	1	0
4045	1	8	1	0	20	1191	0	1	0
4046	1	4	14	0	28	2196	0	1	0
4047	1	6	12	0	28	2196	0	1	0
4048	1	9	15	0	28	2196	0	1	0
4049	1	1	3	0	28	2196	0	1	0
4051	1	3	11	0	12	597	0	1	0
4057	1	10	13	0	28	2196	0	1	0
4058	1	3	11	0	18	967	0	1	0
4059	1	5	2	0	28	2196	0	1	0
4060	1	8	1	0	28	2196	0	1	0
4067	1	1	3	0	28	2196	0	1	0
4068	1	2	16	0	28	2196	0	1	0
4071	1	5	2	0	28	2196	0	1	0
4072	1	7	4	0	28	2196	0	1	0
4073	1	10	13	0	28	2196	0	1	0
4078	1	9	15	0	28	2196	0	1	0
4082	1	10	13	0	28	2196	0	1	0
4088	1	5	2	0	28	2196	0	1	0
4090	1	3	11	0	26	1692	0	1	0
4090	1	6	12	0	28	185	0	1	0
4094	1	9	15	0	28	2196	0	1	0
4095	1	8	1	0	20	1191	0	1	0
4096	1	5	2	0	28	2196	0	1	0
4097	1	7	4	0	28	1836	0	1	0
4097	1	2	16	0	28	373	0	1	0
4098	1	4	14	0	28	2196	0	1	0
4100	1	1	3	0	28	2196	0	1	0
4102	1	5	2	0	28	2196	0	1	0
4107	1	7	4	0	28	2196	0	1	0
4109	1	6	12	0	28	2196	0	1	0
4110	1	3	11	0	28	1479	0	1	0
4110	1	2	16	0	28	749	0	1	0
4111	1	10	13	0	28	2196	0	1	0
4114	1	7	4	0	28	2196	0	1	0
4124	1	4	14	0	28	2196	0	1	0
4128	1	7	4	0	28	749	0	1	0
4128	1	3	11	0	24	1063	0	1	0
4129	1	6	12	0	28	2196	0	1	0
4132	1	5	2	0	28	2196	0	1	0
4133	1	9	15	0	28	2196	0	1	0
4134	1	1	3	0	28	2196	0	1	0
4136	1	10	13	0	28	2196	0	1	0
4137	1	5	2	0	28	549	0	1	0
4137	1	3	11	0	22	1031	0	1	0
4145	1	6	12	0	28	2196	0	1	0
4146	1	10	13	0	28	2196	0	1	0
4147	1	2	16	0	28	2196	0	1	0
4148	1	3	11	0	20	1191	0	1	0
4152	1	5	2	0	28	2196	0	1	0
4156	1	7	4	0	28	2196	0	1	0
4158	1	4	14	0	28	2196	0	1	0
4159	1	3	11	0	20	1191	0	1	0
4162	1	5	2	0	28	2196	0	1	0
4163	1	2	16	0	28	2196	0	1	0
4165	1	9	15	0	28	2196	0	1	0
4167	1	8	1	0	28	2196	0	1	0
4173	1	1	3	0	28	2196	0	1	0
4174	1	10	13	0	28	2196	0	1	0
4175	1	5	2	0	28	2196	0	1	0
4178	1	4	14	0	28	2196	0	1	0
4181	1	7	4	0	28	2196	0	1	0
4182	1	8	1	0	28	2196	0	1	0
4183	1	9	15	0	28	2196	0	1	0
4184	1	6	12	0	28	2196	0	1	0
4186	1	1	3	0	28	2196	0	1	0
4188	1	4	14	0	26	1836	0	1	0
4189	1	5	2	0	28	2196	0	1	0
4191	1	4	14	0	26	1836	0	1	0
4192	1	8	1	0	28	2196	0	1	0
4193	1	2	16	0	28	2196	0	1	0
4198	1	3	11	0	26	1692	0	1	0
4198	1	2	16	0	28	185	0	1	0
4200	1	6	12	0	28	2196	0	1	0
4201	1	1	3	0	28	2196	0	1	0
4202	1	5	2	0	28	2196	0	1	0
4203	1	7	4	0	28	2052	0	1	0
4203	1	10	13	0	28	185	0	1	0
4206	1	10	13	0	28	2196	0	1	0
4212	1	5	2	0	28	2196	0	1	0
4214	1	4	14	0	28	2196	0	1	0
4218	1	2	16	0	28	2196	0	1	0
4219	1	3	11	0	22	1383	0	1	0
4220	1	7	4	0	24	1620	0	1	0
4233	1	3	11	0	18	967	0	1	0
4236	1	9	15	0	28	2196	0	1	0
4239	1	4	14	0	28	2196	0	1	0
4240	1	8	1	0	28	2196	0	1	0
4241	1	3	11	0	14	775	0	1	0
4244	1	5	2	0	28	2196	0	1	0
4249	1	2	16	0	28	2196	0	1	0
4251	1	7	4	0	26	1836	0	1	0
4253	1	4	14	0	28	2196	0	1	0
4254	1	10	13	0	28	2196	0	1	0
4255	1	9	15	0	28	2196	0	1	0
4259	1	9	15	0	28	2196	0	1	0
4260	1	1	3	0	28	2196	0	1	0
4261	1	6	12	0	28	2196	0	1	0
4262	1	5	2	0	28	2196	0	1	0
4263	1	10	13	0	28	2196	0	1	0
4266	1	3	11	0	22	1383	0	1	0
4270	1	2	16	0	28	2196	0	1	0
4271	1	7	4	0	26	1836	0	1	0
4272	1	8	1	0	28	2196	0	1	0
4280	1	9	15	0	28	2196	0	1	0
4282	1	1	3	0	28	2196	0	1	0
4286	1	10	13	0	28	2196	0	1	0
4289	1	4	14	0	28	2196	0	1	0
4291	1	5	2	0	28	2196	0	1	0
4292	1	7	4	0	26	1836	0	1	0
4296	1	8	1	0	28	2196	0	1	0
4297	1	9	15	0	28	2196	0	1	0
4301	1	5	2	0	28	2196	0	1	0
4303	1	1	3	0	28	2196	0	1	0
4304	1	8	1	0	28	2196	0	1	0
4309	1	1	3	0	28	2196	0	1	0
4312	1	3	11	0	14	775	0	1	0
4314	1	8	1	0	28	2196	0	1	0
4315	1	10	13	0	28	2196	0	1	0
4316	1	2	16	0	28	2196	0	1	0
4320	1	6	12	0	28	2196	0	1	0
4321	1	9	15	0	28	2196	0	1	0
4322	1	5	2	0	28	2196	0	1	0
4330	1	2	16	0	28	2196	0	1	0
4331	1	10	13	0	28	2196	0	1	0
4332	1	5	2	0	28	2196	0	1	0
4338	1	2	16	0	28	2196	0	1	0
4340	1	4	14	0	28	2196	0	1	0
4341	1	2	16	0	28	2196	0	1	0
4342	1	3	11	0	22	1383	0	1	0
4344	1	10	13	0	28	2196	0	1	0
4347	1	3	11	0	22	1383	0	1	0
4350	1	6	12	0	28	2196	0	1	0
4355	1	8	1	0	28	2196	0	1	0
4359	1	4	14	0	28	2196	0	1	0
4364	1	7	4	0	28	2196	0	1	0
4365	1	3	11	0	28	1836	0	1	0
4365	1	6	12	0	28	373	0	1	0
4366	1	9	15	0	28	2196	0	1	0
4367	1	10	13	0	28	2196	0	1	0
4371	1	3	11	0	12	597	0	1	0
4373	1	9	15	0	28	2196	0	1	0
4377	1	5	2	0	28	2196	0	1	0
4378	1	10	13	0	28	2196	0	1	0
4379	1	8	1	0	28	2196	0	1	0
4380	1	3	11	0	22	1383	0	1	0
4381	1	2	16	0	28	2196	0	1	0
4387	1	6	12	0	28	2196	0	1	0
4388	1	8	1	0	28	2196	0	1	0
4392	1	9	15	0	28	2196	0	1	0
4393	1	1	3	0	28	2196	0	1	0
4397	1	9	15	0	28	2196	0	1	0
4399	1	5	2	0	28	2196	0	1	0
4400	1	6	12	0	28	2196	0	1	0
4402	1	2	16	0	28	2196	0	1	0
4405	1	4	14	0	28	2196	0	1	0
4408	1	6	12	0	28	2196	0	1	0
4409	1	7	4	0	28	2196	0	1	0
4411	1	8	1	0	28	2196	0	1	0
4412	1	5	2	0	28	2196	0	1	0
4415	1	2	16	0	28	2196	0	1	0
4417	1	5	2	0	28	185	0	1	0
4417	1	3	11	0	22	1287	0	1	0
4419	1	8	1	0	28	2196	0	1	0
4424	1	6	12	0	28	2196	0	1	0
4426	1	2	16	0	28	2196	0	1	0
4429	1	7	4	0	28	2196	0	1	0
4432	1	1	3	0	28	2196	0	1	0
4433	1	10	13	0	28	2196	0	1	0
4434	1	5	2	0	28	2196	0	1	0
4435	1	8	1	0	28	2196	0	1	0
4439	1	2	16	0	28	2196	0	1	0
4441	1	3	11	0	22	1383	0	1	0
4443	1	6	12	0	28	2196	0	1	0
4445	1	9	15	0	28	2196	0	1	0
4447	1	7	4	0	28	2196	0	1	0
4448	1	8	1	0	24	1620	0	1	0
4449	1	3	11	0	26	1836	0	1	0
4462	1	10	13	0	28	2196	0	1	0
4463	1	3	11	0	24	1620	0	1	0
4464	1	9	15	0	28	2196	0	1	0
4465	1	4	14	0	28	2196	0	1	0
4466	1	2	16	0	28	2196	0	1	0
4468	1	5	2	0	28	2196	0	1	0
4472	1	10	13	0	28	2196	0	1	0
4483	1	7	4	0	28	2196	0	1	0
4484	1	1	3	0	28	2196	0	1	0
4485	1	6	12	0	28	2196	0	1	0
4486	1	8	1	0	28	2196	0	1	0
4487	1	2	16	0	28	2196	0	1	0
4490	1	8	1	0	28	2196	0	1	0
4494	1	10	13	0	28	2196	0	1	0
4497	1	4	14	0	28	2196	0	1	0
4498	1	3	11	0	22	1383	0	1	0
4499	1	8	1	0	28	2196	0	1	0
4504	1	1	3	0	28	2196	0	1	0
4505	1	7	4	0	22	1383	0	1	0
4506	1	10	13	0	28	2196	0	1	0
4513	1	5	2	0	28	2196	0	1	0
4515	1	7	4	0	28	2196	0	1	0
4518	1	8	1	0	28	2196	0	1	0
4519	1	1	3	0	28	2196	0	1	0
4523	1	2	16	0	28	2196	0	1	0
4524	1	6	12	0	28	2196	0	1	0
4525	1	10	13	0	28	2196	0	1	0
4527	1	7	4	0	28	2196	0	1	0
4528	1	3	11	0	28	2196	0	1	0
4531	1	2	16	0	28	2196	0	1	0
4532	1	7	4	0	20	1191	0	1	0
4535	1	3	11	0	28	2196	0	1	0
4538	1	7	4	0	24	1620	0	1	0
4539	1	9	15	0	22	1383	0	1	0
4543	1	6	12	0	28	2196	0	1	0
4546	1	4	14	0	28	2196	0	1	0
4548	1	8	1	0	28	2196	0	1	0
4550	1	3	11	0	28	2196	0	1	0
4555	1	5	2	0	28	2196	0	1	0
4559	1	9	15	0	28	2196	0	1	0
4560	1	2	16	0	28	2196	0	1	0
4561	1	7	4	0	28	2196	0	1	0
4563	1	10	13	0	28	2196	0	1	0
4566	1	5	2	0	28	2196	0	1	0
4578	1	3	11	0	28	2196	0	1	0
4581	1	10	13	0	28	2196	0	1	0
4582	1	1	3	0	28	2196	0	1	0
4588	1	4	14	0	28	2196	0	1	0
4590	1	9	15	0	28	2196	0	1	0
4596	1	4	14	0	28	2196	0	1	0
4601	1	7	4	0	28	2196	0	1	0
4602	1	5	2	0	28	2196	0	1	0
4603	1	3	11	0	28	1836	0	1	0
4603	1	10	13	0	28	373	0	1	0
4605	1	9	15	0	28	2196	0	1	0
4607	1	6	12	0	28	2196	0	1	0
4608	1	1	3	0	28	2196	0	1	0
4609	1	8	1	0	28	2196	0	1	0
4611	1	5	2	0	28	2196	0	1	0
4613	1	2	16	0	28	2196	0	1	0
4615	1	10	13	0	28	2196	0	1	0
4620	1	8	1	0	28	2196	0	1	0
4621	1	1	3	0	28	2196	0	1	0
4622	1	7	4	0	28	2196	0	1	0
4623	1	6	12	0	28	2196	0	1	0
4624	1	3	11	0	24	1620	0	1	0
4626	1	4	14	0	28	2196	0	1	0
4627	1	5	2	0	28	2196	0	1	0
4628	1	10	13	0	28	2196	0	1	0
4632	1	2	16	0	28	2196	0	1	0
4633	1	7	4	0	28	2196	0	1	0
4638	1	4	14	0	28	2196	0	1	0
4639	1	5	2	0	28	2196	0	1	0
4640	1	8	1	0	28	2196	0	1	0
4644	1	1	3	0	28	2196	0	1	0
4646	1	3	11	0	24	1620	0	1	0
4649	1	6	12	0	28	2196	0	1	0
4650	1	2	16	0	28	2196	0	1	0
4653	1	7	4	0	28	2196	0	1	0
4654	1	5	2	0	28	373	0	1	0
4654	1	3	11	0	28	1836	0	1	0
4657	1	3	11	0	20	1191	0	1	0
4663	1	6	12	0	28	2196	0	1	0
4664	1	9	15	0	24	1620	0	1	0
4669	1	4	14	0	28	2196	0	1	0
4670	1	5	2	0	28	2196	0	1	0
4671	1	1	3	0	28	2196	0	1	0
4672	1	10	13	0	28	2196	0	1	0
4673	1	8	1	0	28	2196	0	1	0
4674	1	3	11	0	18	967	0	1	0
4675	1	7	4	0	28	2196	0	1	0
4678	1	4	14	0	28	2196	0	1	0
4679	1	1	3	0	24	1620	0	1	0
4680	1	9	15	0	28	2196	0	1	0
4681	1	3	11	0	20	1191	0	1	0
4682	1	2	16	0	28	2196	0	1	0
4683	1	6	12	0	28	2196	0	1	0
4684	1	5	2	0	28	2196	0	1	0
4687	1	8	1	0	28	2196	0	1	0
4693	1	4	14	0	28	2196	0	1	0
4694	1	1	3	0	28	2196	0	1	0
4695	1	8	1	0	28	2196	0	1	0
4698	1	7	4	0	28	2196	0	1	0
4701	1	2	16	0	28	2196	0	1	0
4708	1	9	15	0	28	2196	0	1	0
4709	1	1	3	0	28	2196	0	1	0
4711	1	8	1	0	28	2196	0	1	0
4717	1	5	2	0	28	2196	0	1	0
4718	1	2	16	0	28	2196	0	1	0
4720	1	8	1	0	28	2196	0	1	0
4728	1	6	12	0	28	2196	0	1	0
4732	1	7	4	0	28	2196	0	1	0
4737	1	10	13	0	28	2196	0	1	0
4738	1	9	15	0	28	2196	0	1	0
4739	1	4	14	0	28	2196	0	1	0
4740	1	6	12	0	28	2196	0	1	0
4742	1	2	16	0	28	2196	0	1	0
4744	1	10	13	0	28	2196	0	1	0
4747	1	7	4	0	28	1836	0	1	0
4747	1	6	12	0	28	373	0	1	0
4749	1	3	11	0	24	1620	0	1	0
4751	1	9	15	0	28	2196	0	1	0
4752	1	2	16	0	28	2196	0	1	0
4756	1	6	12	0	28	2196	0	1	0
4757	1	8	1	0	28	2196	0	1	0
4769	1	5	2	0	28	2196	0	1	0
4770	1	10	13	0	28	2196	0	1	0
4772	1	4	14	0	28	2196	0	1	0
4773	1	3	11	0	28	2052	0	1	0
4773	1	9	15	0	28	185	0	1	0
4774	1	5	2	0	28	2196	0	1	0
4775	1	8	1	0	28	2196	0	1	0
4778	1	7	4	0	28	2196	0	1	0
4779	1	2	16	0	28	2196	0	1	0
4783	1	8	1	0	28	2196	0	1	0
4785	1	4	14	0	28	2196	0	1	0
4787	1	5	2	0	28	2196	0	1	0
4791	1	9	15	0	28	2196	0	1	0
4793	1	2	16	0	28	2196	0	1	0
4794	1	10	13	0	28	2196	0	1	0
4795	1	3	11	0	22	1383	0	1	0
4796	1	8	1	0	28	2196	0	1	0
4797	1	4	14	0	28	2196	0	1	0
4802	1	6	12	0	28	2196	0	1	0
4804	1	7	4	0	28	2196	0	1	0
4806	1	3	11	0	20	1191	0	1	0
4810	1	9	15	0	28	2196	0	1	0
4813	1	10	13	0	28	2196	0	1	0
4814	1	2	16	0	28	2196	0	1	0
4815	1	5	2	0	28	2196	0	1	0
4819	1	6	12	0	28	2196	0	1	0
4820	1	4	14	0	28	2196	0	1	0
4822	1	8	1	0	28	2196	0	1	0
4826	1	9	15	0	28	2196	0	1	0
4827	1	7	4	0	28	2196	0	1	0
4829	1	8	1	0	28	2196	0	1	0
4832	1	3	11	0	22	1383	0	1	0
4834	1	5	2	0	28	2196	0	1	0
4839	1	7	4	0	24	1620	0	1	0
4841	1	9	15	0	28	2196	0	1	0
4842	1	4	14	0	28	2196	0	1	0
4843	1	8	1	0	28	2196	0	1	0
4844	1	2	16	0	28	2196	0	1	0
4845	1	8	1	0	28	2196	0	1	0
4847	1	9	15	0	28	2196	0	1	0
4848	1	3	11	0	22	1383	0	1	0
4851	1	10	13	0	28	2196	0	1	0
4852	1	1	3	0	28	2196	0	1	0
4853	1	5	2	0	28	2196	0	1	0
4854	1	2	16	0	28	2196	0	1	0
4860	1	6	12	0	28	2196	0	1	0
4861	1	1	3	0	28	2196	0	1	0
4862	1	8	1	0	28	2196	0	1	0
4863	1	10	13	0	28	2196	0	1	0
4864	1	7	4	0	28	2196	0	1	0
4865	1	6	12	0	28	2196	0	1	0
4866	1	9	15	0	28	2196	0	1	0
4867	1	2	16	0	28	2196	0	1	0
4870	1	5	2	0	28	2196	0	1	0
4871	1	1	3	0	28	2196	0	1	0
4872	1	7	4	0	24	1620	0	1	0
4873	1	4	14	0	28	2196	0	1	0
4874	1	6	12	0	28	2196	0	1	0
4878	1	5	2	0	28	2196	0	1	0
4881	1	4	14	0	28	2196	0	1	0
4882	1	8	1	0	28	2196	0	1	0
4884	1	2	16	0	28	2196	0	1	0
4886	1	3	11	0	26	1836	0	1	0
4887	1	9	15	0	28	2196	0	1	0
4894	1	6	12	0	28	2196	0	1	0
4897	1	3	11	0	24	1620	0	1	0
4898	1	9	15	0	28	2196	0	1	0
4904	1	1	3	0	28	2196	0	1	0
4905	1	4	14	0	28	2196	0	1	0
4906	1	10	13	0	28	2196	0	1	0
4907	1	2	16	0	28	2196	0	1	0
4908	1	4	14	0	28	2196	0	1	0
4911	1	2	16	0	28	2196	0	1	0
4915	1	6	12	0	28	2196	0	1	0
4916	1	9	15	0	28	2196	0	1	0
4917	1	1	3	0	28	2196	0	1	0
4922	1	5	2	0	28	549	0	1	0
4922	1	7	4	0	28	1692	0	1	0
4923	1	8	1	0	28	2196	0	1	0
4928	1	7	4	0	24	1620	0	1	0
4931	1	1	3	0	28	2196	0	1	0
4932	1	3	11	0	22	1383	0	1	0
4935	1	5	2	0	28	2196	0	1	0
4938	1	2	16	0	28	2196	0	1	0
4939	1	8	1	0	28	2196	0	1	0
4944	1	5	2	0	28	2196	0	1	0
4945	1	9	15	0	28	2196	0	1	0
4946	1	2	16	0	28	2196	0	1	0
4948	1	10	13	0	24	1620	0	1	0
4951	1	6	12	0	28	2196	0	1	0
4953	1	7	4	0	28	2196	0	1	0
4954	1	5	2	0	28	2196	0	1	0
4955	1	8	1	0	28	2196	0	1	0
4956	1	4	14	0	22	1383	0	1	0
4959	1	9	15	0	28	2196	0	1	0
4961	1	3	11	0	18	967	0	1	0
4964	1	4	14	0	28	2196	0	1	0
4965	1	2	16	0	28	2196	0	1	0
4968	1	1	3	0	28	2196	0	1	0
4972	1	10	13	0	28	2196	0	1	0
4973	1	1	3	0	28	2196	0	1	0
4979	1	7	4	0	28	2196	0	1	0
4981	1	6	12	0	28	2196	0	1	0
4983	1	2	16	0	28	2196	0	1	0
4984	1	4	14	0	18	967	0	1	0
4988	1	10	13	0	28	2196	0	1	0
4991	1	8	1	0	28	2196	0	1	0
4996	1	2	16	0	28	2196	0	1	0
4998	1	3	11	0	12	597	0	1	0
5001	1	1	3	0	28	2196	0	1	0
5002	1	5	2	0	28	2196	0	1	0
5003	1	8	1	0	28	2196	0	1	0
5006	1	1	3	0	28	185	0	1	0
5006	1	7	4	0	28	2052	0	1	0
5008	1	8	1	0	28	2196	0	1	0
5009	1	9	15	0	28	2196	0	1	0
5010	1	10	13	0	28	2196	0	1	0
5011	1	6	12	0	28	2196	0	1	0
5012	1	4	14	0	28	2196	0	1	0
5017	1	8	1	0	28	2196	0	1	0
5019	1	1	3	0	28	2196	0	1	0
5020	1	4	14	0	28	185	0	1	0
5020	1	9	15	0	28	2052	0	1	0
5024	1	2	16	0	28	2196	0	1	0
5030	1	8	1	0	28	2196	0	1	0
5033	1	9	15	0	28	2196	0	1	0
5034	1	7	4	0	20	1191	0	1	0
5042	1	8	1	0	28	2196	0	1	0
5047	1	5	2	0	28	2196	0	1	0
5048	1	10	13	0	28	2196	0	1	0
5049	1	4	14	0	28	2196	0	1	0
5050	1	7	4	0	28	2196	0	1	0
5054	1	3	11	0	24	1620	0	1	0
5055	1	1	3	0	28	2196	0	1	0
5056	1	10	13	0	28	2196	0	1	0
5057	1	7	4	0	28	2196	0	1	0
5062	1	1	3	0	28	2196	0	1	0
5071	1	7	4	0	24	1620	0	1	0
5072	1	8	1	0	28	2196	0	1	0
5076	1	3	11	0	22	1287	0	1	0
5076	1	4	14	0	28	185	0	1	0
5079	1	5	2	0	28	2196	0	1	0
5080	1	9	15	0	28	2196	0	1	0
5082	1	3	11	0	28	1479	0	1	0
5082	1	2	16	0	28	749	0	1	0
5085	1	7	4	0	28	2196	0	1	0
5087	1	6	12	0	28	2196	0	1	0
5088	1	4	14	0	28	2196	0	1	0
5089	1	8	1	0	28	2196	0	1	0
5090	1	4	14	0	28	2196	0	1	0
5091	1	9	15	0	28	2196	0	1	0
5095	1	6	12	0	28	2196	0	1	0
5096	1	1	3	0	28	2196	0	1	0
5097	1	7	4	0	28	2196	0	1	0
5098	1	10	13	0	28	2196	0	1	0
5099	1	3	11	0	22	1383	0	1	0
5100	1	4	14	0	28	2196	0	1	0
5101	1	8	1	0	28	2196	0	1	0
5103	1	5	2	0	28	2196	0	1	0
5106	1	9	15	0	28	2196	0	1	0
5107	1	7	4	0	28	2196	0	1	0
5108	1	10	13	0	28	2196	0	1	0
5109	1	8	1	0	28	2196	0	1	0
5112	1	2	16	0	28	2196	0	1	0
5117	1	3	11	0	24	1620	0	1	0
5118	1	1	3	0	28	2196	0	1	0
5119	1	7	4	0	28	2196	0	1	0
5122	1	6	12	0	28	2196	0	1	0
5124	1	3	11	0	24	1620	0	1	0
5125	1	4	14	0	28	2196	0	1	0
5126	1	2	16	0	28	2196	0	1	0
5127	1	10	13	0	28	2196	0	1	0
5128	1	9	15	0	28	2196	0	1	0
5129	1	5	2	0	28	2196	0	1	0
5130	1	8	1	0	28	2196	0	1	0
5136	1	2	16	0	28	2196	0	1	0
5139	1	6	12	0	28	2196	0	1	0
5141	1	7	4	0	28	2196	0	1	0
5142	1	4	14	0	28	2196	0	1	0
5143	1	1	3	0	28	2196	0	1	0
5144	1	3	11	0	6	309	0	1	0
5152	1	9	15	0	28	2196	0	1	0
5161	1	5	2	0	28	2196	0	1	0
5165	1	2	16	0	28	2196	0	1	0
5166	1	9	15	0	28	2196	0	1	0
5172	1	1	3	0	28	2196	0	1	0
5174	1	5	2	0	28	2196	0	1	0
5175	1	8	1	0	28	2196	0	1	0
5176	1	7	4	0	28	2196	0	1	0
5177	1	2	16	0	28	2196	0	1	0
5178	1	6	12	0	28	2196	0	1	0
5181	1	8	1	0	28	2196	0	1	0
5182	1	9	15	0	28	2196	0	1	0
5185	1	4	14	0	28	2196	0	1	0
5195	1	5	2	0	28	2196	0	1	0
5197	1	3	11	0	20	1191	0	1	0
5198	1	1	3	0	28	2196	0	1	0
5200	1	6	12	0	28	2196	0	1	0
5201	1	2	16	0	28	2196	0	1	0
5202	1	5	2	0	28	2196	0	1	0
5207	1	10	13	0	28	2196	0	1	0
5211	1	5	2	0	28	2196	0	1	0
5215	1	7	4	0	20	1191	0	1	0
5218	1	9	15	0	28	2196	0	1	0
5220	1	5	2	0	28	2196	0	1	0
5221	1	4	14	0	24	1620	0	1	0
5225	1	8	1	0	28	2196	0	1	0
5226	1	2	16	0	28	2196	0	1	0
5233	1	6	12	0	28	2196	0	1	0
5236	1	3	11	0	20	1191	0	1	0
5242	1	1	3	0	28	2196	0	1	0
5243	1	4	14	0	28	2196	0	1	0
5244	1	9	15	0	28	2196	0	1	0
5246	1	3	11	0	28	1479	0	1	0
5246	1	10	13	0	28	749	0	1	0
5247	1	7	4	0	28	2196	0	1	0
5250	1	1	3	0	28	2196	0	1	0
5251	1	10	13	0	28	2196	0	1	0
5254	1	2	16	0	28	2196	0	1	0
5261	1	1	3	0	28	2196	0	1	0
5262	1	6	12	0	28	2196	0	1	0
5263	1	5	2	0	28	185	0	1	0
5263	1	10	13	0	28	2052	0	1	0
5269	1	8	1	0	28	2196	0	1	0
5271	1	3	11	0	12	597	0	1	0
5274	1	6	12	0	28	2196	0	1	0
5276	1	7	4	0	28	2196	0	1	0
5277	1	3	11	0	16	903	0	1	0
5279	1	5	2	0	28	2196	0	1	0
5280	1	1	3	0	28	2196	0	1	0
5282	1	9	15	0	28	2196	0	1	0
5285	1	2	16	0	28	2196	0	1	0
5286	1	3	11	0	20	1191	0	1	0
5289	1	4	14	0	28	2196	0	1	0
5290	1	10	13	0	28	2196	0	1	0
5291	1	7	4	0	28	2196	0	1	0
5300	1	1	3	0	24	1620	0	1	0
5302	1	3	11	0	18	967	0	1	0
5303	1	10	13	0	28	2196	0	1	0
5305	1	6	12	0	28	2196	0	1	0
5306	1	1	3	0	28	2196	0	1	0
5312	1	8	1	0	28	2196	0	1	0
5313	1	5	2	0	28	2196	0	1	0
5315	1	9	15	0	22	1383	0	1	0
5318	1	1	3	0	28	2196	0	1	0
5320	1	2	16	0	28	2196	0	1	0
5321	1	8	1	0	28	2196	0	1	0
5322	1	5	2	0	28	2196	0	1	0
5323	1	9	15	0	28	2196	0	1	0
5324	1	3	11	0	22	1383	0	1	0
5328	1	9	15	0	28	2196	0	1	0
5329	1	6	12	0	28	2196	0	1	0
5330	1	3	11	0	22	1383	0	1	0
5333	1	1	3	0	28	2196	0	1	0
5334	1	8	1	0	28	2196	0	1	0
5337	1	7	4	0	24	1620	0	1	0
5338	1	5	2	0	28	2196	0	1	0
5339	1	6	12	0	28	2196	0	1	0
5342	1	10	13	0	28	2196	0	1	0
5343	1	4	14	0	28	2196	0	1	0
5344	1	8	1	0	28	2196	0	1	0
5345	1	2	16	0	28	2196	0	1	0
5346	1	9	15	0	28	2196	0	1	0
5347	1	8	1	0	28	2196	0	1	0
5350	1	6	12	0	28	2196	0	1	0
5351	1	9	15	0	28	2196	0	1	0
5354	1	4	14	0	28	2196	0	1	0
5355	1	5	2	0	28	2196	0	1	0
5356	1	1	3	0	28	2196	0	1	0
5357	1	10	13	0	14	775	0	1	0
5359	1	3	11	0	28	2196	0	1	0
5361	1	5	2	0	28	2196	0	1	0
5364	1	4	14	0	28	2196	0	1	0
5366	1	6	12	0	28	2196	0	1	0
5367	1	7	4	0	28	2196	0	1	0
5368	1	8	1	0	28	2052	0	1	0
5368	1	1	3	0	28	185	0	1	0
5370	1	4	14	0	28	2196	0	1	0
5374	1	9	15	0	28	2196	0	1	0
5377	1	4	14	0	28	2196	0	1	0
5379	1	10	13	0	28	2196	0	1	0
5380	1	8	1	0	28	2196	0	1	0
5381	1	6	12	0	28	2196	0	1	0
5383	1	2	16	0	28	2196	0	1	0
5384	1	7	4	0	28	185	0	1	0
5384	1	3	11	0	28	2052	0	1	0
5385	1	10	13	0	28	2196	0	1	0
5386	1	8	1	0	28	2196	0	1	0
5390	1	8	1	0	28	2196	0	1	0
5394	1	5	2	0	28	2196	0	1	0
5401	1	2	16	0	28	2196	0	1	0
5402	1	10	13	0	28	2196	0	1	0
5403	1	1	3	0	28	2196	0	1	0
5408	1	2	16	0	28	2196	0	1	0
5409	1	9	15	0	28	2196	0	1	0
5413	1	6	12	0	28	2196	0	1	0
5417	1	1	3	0	28	2196	0	1	0
5418	1	4	14	0	28	2196	0	1	0
5420	1	3	11	0	24	1620	0	1	0
5421	1	6	12	0	28	2196	0	1	0
5424	1	2	16	0	28	2196	0	1	0
5427	1	9	15	0	28	2196	0	1	0
5430	1	7	4	0	28	2196	0	1	0
5431	1	5	2	0	28	2196	0	1	0
5438	1	10	13	0	28	2196	0	1	0
5440	1	7	4	0	28	2052	0	1	0
5440	1	9	15	0	28	185	0	1	0
5441	1	8	1	0	28	2196	0	1	0
5442	1	4	14	0	28	2196	0	1	0
5445	1	9	15	0	28	2196	0	1	0
5449	1	1	3	0	28	373	0	1	0
5449	1	3	11	0	24	1335	0	1	0
5450	1	10	13	0	28	2196	0	1	0
5456	1	4	14	0	28	2196	0	1	0
5460	1	10	13	0	28	2196	0	1	0
5461	1	8	1	0	28	2196	0	1	0
5465	1	2	16	0	28	2196	0	1	0
5466	1	9	15	0	28	2196	0	1	0
5467	1	5	2	0	28	2196	0	1	0
5468	1	6	12	0	28	2196	0	1	0
5469	1	4	14	0	28	2196	0	1	0
5475	1	5	2	0	28	2196	0	1	0
5476	1	8	1	0	28	2196	0	1	0
5477	1	7	4	0	28	2196	0	1	0
5480	1	1	3	0	28	2196	0	1	0
5483	1	2	16	0	28	2196	0	1	0
5487	1	2	16	0	28	2196	0	1	0
5489	1	3	11	0	22	1383	0	1	0
5490	1	1	3	0	28	2196	0	1	0
5491	1	10	13	0	28	2196	0	1	0
5492	1	5	2	0	28	2196	0	1	0
5493	1	6	12	0	28	2196	0	1	0
5494	1	9	15	0	28	2196	0	1	0
5495	1	4	14	0	28	2196	0	1	0
5496	1	8	1	0	28	2196	0	1	0
5497	1	9	15	0	28	2196	0	1	0
5498	1	2	16	0	28	2196	0	1	0
5500	1	4	14	0	28	2196	0	1	0
5501	1	1	3	0	28	2196	0	1	0
5503	1	7	4	0	22	1383	0	1	0
5504	1	8	1	0	28	2196	0	1	0
5506	1	7	4	0	28	2052	0	1	0
5506	1	10	13	0	28	185	0	1	0
5508	1	5	2	0	28	2196	0	1	0
5514	1	3	11	0	26	1836	0	1	0
5521	1	2	16	0	28	2196	0	1	0
5522	1	8	1	0	28	2196	0	1	0
5524	1	7	4	0	28	2196	0	1	0
5527	1	1	3	0	28	2196	0	1	0
5528	1	10	13	0	28	2196	0	1	0
5530	1	8	1	0	28	2196	0	1	0
5531	1	9	15	0	28	2196	0	1	0
5534	1	5	2	0	28	2196	0	1	0
5537	1	8	1	0	28	2196	0	1	0
5540	1	3	11	0	24	1620	0	1	0
5541	1	6	12	0	28	2196	0	1	0
5542	1	1	3	0	28	2196	0	1	0
5544	1	3	11	0	28	2052	0	1	0
5544	1	4	14	0	28	185	0	1	0
5547	1	2	16	0	28	2196	0	1	0
5551	1	7	4	0	28	2196	0	1	0
5552	1	10	13	0	28	2196	0	1	0
5553	1	4	14	0	28	2196	0	1	0
5554	1	1	3	0	28	2196	0	1	0
5556	1	6	12	0	28	2196	0	1	0
5557	1	9	15	0	28	2196	0	1	0
5558	1	10	13	0	28	2196	0	1	0
5560	1	3	11	0	22	1383	0	1	0
5564	1	9	15	0	28	2196	0	1	0
5567	1	5	2	0	28	2196	0	1	0
5569	1	2	16	0	28	2196	0	1	0
5573	1	6	12	0	28	2196	0	1	0
5574	1	8	1	0	28	2196	0	1	0
5578	1	4	14	0	28	2196	0	1	0
5579	1	1	3	0	28	2196	0	1	0
5594	1	7	4	0	28	2196	0	1	0
5597	1	9	15	0	28	2196	0	1	0
5598	1	5	2	0	28	2196	0	1	0
5600	1	2	16	0	28	2196	0	1	0
5603	1	9	15	0	28	2196	0	1	0
5604	1	6	12	0	28	2196	0	1	0
5605	1	10	13	0	28	2196	0	1	0
5608	1	4	14	0	28	2196	0	1	0
5609	1	5	2	0	28	2196	0	1	0
5610	1	4	14	0	28	2196	0	1	0
5612	1	8	1	0	24	1620	0	1	0
5615	1	3	11	0	22	1383	0	1	0
5616	1	7	4	0	26	1836	0	1	0
5617	1	1	3	0	28	2196	0	1	0
5620	1	10	13	0	28	2196	0	1	0
5624	1	9	15	0	28	2196	0	1	0
5625	1	1	3	0	28	2196	0	1	0
5626	1	4	14	0	28	2196	0	1	0
5627	1	5	2	0	28	2196	0	1	0
5630	1	2	16	0	28	2196	0	1	0
5631	1	8	1	0	28	2196	0	1	0
5633	1	9	15	0	28	2196	0	1	0
5634	1	3	11	0	14	775	0	1	0
5635	1	10	13	0	28	2196	0	1	0
5636	1	6	12	0	28	2196	0	1	0
5637	1	4	14	0	28	2196	0	1	0
5642	1	7	4	0	28	2196	0	1	0
5644	1	10	13	0	28	2196	0	1	0
5648	1	1	3	0	28	2196	0	1	0
5649	1	8	1	0	28	2196	0	1	0
5651	1	10	13	0	28	2196	0	1	0
5656	1	9	15	0	28	2196	0	1	0
5658	1	6	12	0	28	2196	0	1	0
5659	1	5	2	0	28	2196	0	1	0
5660	1	3	11	0	26	1836	0	1	0
5661	1	4	14	0	28	2196	0	1	0
5663	1	8	1	0	28	2196	0	1	0
5664	1	10	13	0	28	2196	0	1	0
5672	1	9	15	0	28	2196	0	1	0
5673	1	8	1	0	28	2196	0	1	0
5675	1	2	16	0	28	2196	0	1	0
5677	1	3	11	0	24	1620	0	1	0
5687	1	3	11	0	26	1836	0	1	0
5688	1	4	14	0	28	2196	0	1	0
5689	1	9	15	0	28	2196	0	1	0
5690	1	5	2	0	28	2196	0	1	0
5693	1	1	3	0	26	1836	0	1	0
5694	1	2	16	0	28	2196	0	1	0
5696	1	3	11	0	22	1383	0	1	0
5697	1	7	4	0	20	1191	0	1	0
5698	1	8	1	0	28	2196	0	1	0
5702	1	2	16	0	28	2196	0	1	0
5703	1	5	2	0	28	2196	0	1	0
5704	1	6	12	0	28	2196	0	1	0
5708	1	10	13	0	28	2196	0	1	0
5711	1	3	11	0	22	1383	0	1	0
5714	1	1	3	0	28	2196	0	1	0
5715	1	5	2	0	28	2196	0	1	0
5723	1	5	2	0	28	2196	0	1	0
5725	1	8	1	0	24	1620	0	1	0
5728	1	1	3	0	28	2196	0	1	0
5732	1	9	15	0	28	2196	0	1	0
5734	1	6	12	0	28	2196	0	1	0
5735	1	8	1	0	24	1620	0	1	0
5745	1	10	13	0	28	2196	0	1	0
5747	1	3	11	0	28	2196	0	1	0
5748	1	5	2	0	28	2196	0	1	0
5750	1	6	12	0	28	2196	0	1	0
5755	1	7	4	0	28	2196	0	1	0
5756	1	2	16	0	28	2196	0	1	0
5757	1	1	3	0	28	2196	0	1	0
5762	1	8	1	0	28	2196	0	1	0
5763	1	4	14	0	28	2196	0	1	0
5765	1	10	13	0	28	2196	0	1	0
5770	1	9	15	0	28	2196	0	1	0
5775	1	2	16	0	28	2196	0	1	0
5777	1	6	12	0	28	2196	0	1	0
5780	1	3	11	0	18	967	0	1	0
5781	1	10	13	0	28	2196	0	1	0
5782	1	4	14	0	28	2196	0	1	0
5783	1	1	3	0	28	2196	0	1	0
5784	1	7	4	0	28	2196	0	1	0
5785	1	9	15	0	28	2196	0	1	0
5789	1	10	13	0	28	2196	0	1	0
5791	1	9	15	0	28	2196	0	1	0
5794	1	3	11	0	28	1836	0	1	0
5794	1	4	14	0	28	373	0	1	0
5796	1	6	12	0	28	2196	0	1	0
5799	1	7	4	0	28	2196	0	1	0
5800	1	1	3	0	28	2196	0	1	0
5803	1	10	13	0	28	2196	0	1	0
5805	1	4	14	0	28	2196	0	1	0
5806	1	9	15	0	28	2196	0	1	0
5808	1	10	13	0	28	2196	0	1	0
5814	1	5	2	0	28	2196	0	1	0
5815	1	8	1	0	28	2196	0	1	0
5816	1	7	4	0	28	2196	0	1	0
5823	1	3	11	0	6	309	0	1	0
5827	1	4	14	0	28	2196	0	1	0
5828	1	7	4	0	28	2196	0	1	0
5829	1	9	15	0	28	2196	0	1	0
5830	1	5	2	0	28	2196	0	1	0
5831	1	6	12	0	28	2196	0	1	0
5832	1	4	14	0	28	2196	0	1	0
5837	1	10	13	0	28	2196	0	1	0
5838	1	2	16	0	28	2196	0	1	0
5842	1	6	12	0	28	2196	0	1	0
5844	1	8	1	0	28	1479	0	1	0
5844	1	3	11	0	28	749	0	1	0
5845	1	5	2	0	28	2196	0	1	0
5850	1	7	4	0	28	2196	0	1	0
5851	1	1	3	0	28	2196	0	1	0
5852	1	4	14	0	28	2196	0	1	0
5854	1	5	2	0	28	2196	0	1	0
5856	1	1	3	0	28	2196	0	1	0
5857	1	5	2	0	28	2196	0	1	0
5859	1	6	12	0	28	2196	0	1	0
5863	1	1	3	0	28	2196	0	1	0
5864	1	10	13	0	28	2196	0	1	0
5865	1	9	15	0	28	2196	0	1	0
5866	1	4	14	0	28	2196	0	1	0
5867	1	3	11	0	16	903	0	1	0
5868	1	2	16	0	28	2196	0	1	0
5869	1	7	4	0	20	1191	0	1	0
5871	1	1	3	0	28	2196	0	1	0
5874	1	10	13	0	28	2196	0	1	0
5876	1	9	15	0	28	2196	0	1	0
5885	1	7	4	0	28	2196	0	1	0
5886	1	4	14	0	28	2196	0	1	0
5887	1	8	1	0	28	2196	0	1	0
5888	1	2	16	0	28	2196	0	1	0
5889	1	6	12	0	28	2196	0	1	0
5890	1	9	15	0	28	2196	0	1	0
5891	1	7	4	0	28	2196	0	1	0
5892	1	10	13	0	28	2196	0	1	0
5894	1	1	3	0	28	2196	0	1	0
5899	1	4	14	0	28	2196	0	1	0
5901	1	5	2	0	28	2196	0	1	0
5902	1	7	4	0	28	2196	0	1	0
5903	1	9	15	0	28	2196	0	1	0
5907	1	1	3	0	28	2196	0	1	0
5908	1	3	11	0	26	1836	0	1	0
5909	1	2	16	0	28	2196	0	1	0
5910	1	9	15	0	28	2196	0	1	0
5915	1	2	16	0	28	2196	0	1	0
5916	1	1	3	0	28	2196	0	1	0
5919	1	6	12	0	28	2196	0	1	0
5920	1	10	13	0	28	2196	0	1	0
5925	1	1	3	0	28	2196	0	1	0
5927	1	3	11	0	28	2196	0	1	0
5928	1	4	14	0	28	2196	0	1	0
5929	1	5	2	0	28	2196	0	1	0
5930	1	10	13	0	28	2196	0	1	0
5938	1	5	2	0	28	2196	0	1	0
5942	1	6	12	0	28	2196	0	1	0
5943	1	9	15	0	28	2196	0	1	0
5944	1	7	4	0	28	2196	0	1	0
5945	1	8	1	0	28	2196	0	1	0
5946	1	1	3	0	28	2196	0	1	0
5948	1	2	16	0	28	2196	0	1	0
5950	1	2	16	0	28	2196	0	1	0
5951	1	7	4	0	28	2196	0	1	0
5952	1	10	13	0	28	2196	0	1	0
5953	1	10	13	0	28	2196	0	1	0
5957	1	8	1	0	28	2196	0	1	0
5958	1	5	2	0	28	2196	0	1	0
5959	1	2	16	0	28	2196	0	1	0
5960	1	6	12	0	28	2196	0	1	0
5961	1	1	3	0	28	2196	0	1	0
5966	1	5	2	0	28	2196	0	1	0
5967	1	8	1	0	28	2196	0	1	0
5972	1	10	13	0	28	2196	0	1	0
5978	1	4	14	0	28	2196	0	1	0
5979	1	2	16	0	28	2196	0	1	0
5980	1	8	1	0	28	185	0	1	0
5980	1	3	11	0	24	1479	0	1	0
5981	1	1	3	0	28	2196	0	1	0
5986	1	3	11	0	26	1692	0	1	0
5986	1	9	15	0	28	185	0	1	0
5989	1	6	12	0	28	2196	0	1	0
5993	1	2	16	0	28	2196	0	1	0
5994	1	9	15	0	28	2196	0	1	0
5999	1	10	13	0	28	2196	0	1	0
6003	1	8	1	0	28	2196	0	1	0
6004	1	4	14	0	28	2196	0	1	0
6010	1	9	15	0	28	2196	0	1	0
6012	1	3	11	0	18	967	0	1	0
6015	1	3	11	0	20	1191	0	1	0
6016	1	2	16	0	28	2196	0	1	0
6020	1	7	4	0	28	2196	0	1	0
6021	1	6	12	0	28	2196	0	1	0
6023	1	5	2	0	28	2196	0	1	0
6025	1	8	1	0	28	549	0	1	0
6025	1	3	11	0	28	1692	0	1	0
6029	1	7	4	0	28	2196	0	1	0
6030	1	3	11	0	22	1383	0	1	0
6032	1	2	16	0	28	2196	0	1	0
6034	1	1	3	0	28	2196	0	1	0
6041	1	6	12	0	28	2196	0	1	0
6043	1	2	16	0	28	2196	0	1	0
6045	1	1	3	0	28	2196	0	1	0
6053	1	5	2	0	28	2196	0	1	0
6055	1	8	1	0	28	2196	0	1	0
6056	1	2	16	0	28	2196	0	1	0
6061	1	4	14	0	28	2052	0	1	0
6061	1	9	15	0	28	185	0	1	0
6062	1	10	13	0	28	2196	0	1	0
6063	1	7	4	0	28	2196	0	1	0
6064	1	8	1	0	28	2196	0	1	0
6065	1	6	12	0	28	2196	0	1	0
6067	1	9	15	0	28	2196	0	1	0
6068	1	3	11	0	24	1620	0	1	0
6069	1	1	3	0	28	2196	0	1	0
6070	1	2	16	0	28	2196	0	1	0
6073	1	6	12	0	28	2196	0	1	0
6076	1	6	12	0	28	2196	0	1	0
6077	1	1	3	0	22	1383	0	1	0
6080	1	10	13	0	28	2196	0	1	0
6084	1	8	1	0	28	2196	0	1	0
6085	1	4	14	0	28	2196	0	1	0
6086	1	7	4	0	28	2196	0	1	0
6087	1	2	16	0	28	2196	0	1	0
6088	1	4	14	0	28	2196	0	1	0
6090	1	7	4	0	28	2196	0	1	0
6094	1	4	14	0	28	2196	0	1	0
6100	1	4	14	0	28	2196	0	1	0
6103	1	9	15	0	28	2196	0	1	0
6104	1	2	16	0	28	2196	0	1	0
6106	1	10	13	0	28	2196	0	1	0
6110	1	1	3	0	28	2196	0	1	0
6111	1	3	11	0	28	2196	0	1	0
6112	1	9	15	0	28	2196	0	1	0
6113	1	10	13	0	28	2196	0	1	0
6115	1	5	2	0	28	2196	0	1	0
6117	1	7	4	0	28	2196	0	1	0
6121	1	8	1	0	28	2196	0	1	0
6122	1	1	3	0	28	2196	0	1	0
6125	1	6	12	0	28	2196	0	1	0
6126	1	2	16	0	28	2196	0	1	0
6127	1	3	11	0	28	2196	0	1	0
6133	1	4	14	0	28	2196	0	1	0
6135	1	8	1	0	28	2196	0	1	0
6136	1	5	2	0	28	2196	0	1	0
6139	1	7	4	0	28	2196	0	1	0
6140	1	6	12	0	28	2196	0	1	0
6142	1	5	2	0	28	2196	0	1	0
6145	1	9	15	0	28	2196	0	1	0
6147	1	10	13	0	28	2196	0	1	0
6148	1	3	11	0	28	2196	0	1	0
6151	1	2	16	0	28	2196	0	1	0
6152	1	1	3	0	28	2196	0	1	0
6153	1	7	4	0	28	2052	0	1	0
6153	1	4	14	0	28	185	0	1	0
6164	1	3	11	0	28	2196	0	1	0
6166	1	7	4	0	28	2196	0	1	0
6167	1	5	2	0	28	2196	0	1	0
6168	1	4	14	0	28	2196	0	1	0
6172	1	10	13	0	28	2196	0	1	0
6173	1	2	16	0	28	2196	0	1	0
6175	1	6	12	0	28	2196	0	1	0
6176	1	4	14	0	28	2196	0	1	0
6177	1	3	11	0	28	2196	0	1	0
6178	1	1	3	0	28	2196	0	1	0
6179	1	10	13	0	28	2196	0	1	0
6182	1	3	11	0	26	1836	0	1	0
6185	1	8	1	0	28	2196	0	1	0
6186	1	4	14	0	28	2196	0	1	0
6189	1	5	2	0	28	2196	0	1	0
6193	1	9	15	0	28	2196	0	1	0
6194	1	8	1	0	28	2196	0	1	0
6195	1	10	13	0	28	2196	0	1	0
6196	1	6	12	0	28	2196	0	1	0
6197	1	1	3	0	28	2196	0	1	0
6198	1	2	16	0	28	2196	0	1	0
6199	1	3	11	0	22	1383	0	1	0
6201	1	7	4	0	28	2196	0	1	0
6202	1	2	16	0	28	2196	0	1	0
6204	1	5	2	0	28	2196	0	1	0
6205	1	9	15	0	28	2196	0	1	0
6206	1	6	12	0	28	2196	0	1	0
6207	1	3	11	0	20	1191	0	1	0
6208	1	10	13	0	28	2196	0	1	0
6210	1	4	14	0	28	2196	0	1	0
6212	1	10	13	0	28	2196	0	1	0
6214	1	5	2	0	28	2196	0	1	0
6221	1	6	12	0	28	2196	0	1	0
6224	1	9	15	0	28	2196	0	1	0
6226	1	5	2	0	28	2196	0	1	0
6227	1	10	13	0	28	2196	0	1	0
6228	1	7	4	0	28	2196	0	1	0
6235	1	8	1	0	28	2196	0	1	0
6240	1	1	3	0	28	2196	0	1	0
6241	1	4	14	0	28	2196	0	1	0
6242	1	2	16	0	28	2196	0	1	0
6243	1	6	12	0	28	2196	0	1	0
6248	1	5	2	0	28	373	0	1	0
6248	1	3	11	0	28	1836	0	1	0
6252	1	7	4	0	28	2196	0	1	0
6253	1	6	12	0	28	2196	0	1	0
6255	1	8	1	0	28	2196	0	1	0
6256	1	2	16	0	28	2196	0	1	0
6257	1	10	13	0	28	2196	0	1	0
6261	1	9	15	0	28	2196	0	1	0
6262	1	7	4	0	28	373	0	1	0
6262	1	3	11	0	28	1836	0	1	0
6263	1	2	16	0	28	2196	0	1	0
6266	1	8	1	0	28	2196	0	1	0
6267	1	5	2	0	28	2196	0	1	0
6269	1	6	12	0	28	2196	0	1	0
6270	1	8	1	0	28	2196	0	1	0
6275	1	10	13	0	28	2196	0	1	0
6276	1	3	11	0	20	1191	0	1	0
6279	1	7	4	0	28	2196	0	1	0
6281	1	9	15	0	28	2196	0	1	0
6283	1	1	3	0	28	2196	0	1	0
6284	1	4	14	0	28	2196	0	1	0
6286	1	8	1	0	28	2196	0	1	0
6287	1	7	4	0	28	2196	0	1	0
6294	1	1	3	0	28	2196	0	1	0
6295	1	6	12	0	28	2196	0	1	0
6296	1	3	11	0	28	2196	0	1	0
6297	1	8	1	0	28	2196	0	1	0
6299	1	8	1	0	28	2196	0	1	0
6300	1	7	4	0	28	2196	0	1	0
6301	1	2	16	0	28	2196	0	1	0
6303	1	4	14	0	28	2196	0	1	0
6304	1	1	3	0	28	2196	0	1	0
6306	1	5	2	0	28	2196	0	1	0
6310	1	9	15	0	20	1191	0	1	0
6315	1	1	3	0	28	2196	0	1	0
6316	1	7	4	0	28	2196	0	1	0
6317	1	5	2	0	28	2196	0	1	0
6320	1	9	15	0	28	2196	0	1	0
6321	1	6	12	0	28	2196	0	1	0
6324	1	3	11	0	28	2196	0	1	0
6326	1	8	1	0	28	2196	0	1	0
6327	1	1	3	0	22	1383	0	1	0
6332	1	8	1	0	28	2196	0	1	0
6333	1	2	16	0	28	2196	0	1	0
6334	1	5	2	0	28	2196	0	1	0
6337	1	10	13	0	28	2196	0	1	0
6340	1	4	14	0	28	2196	0	1	0
6341	1	8	1	0	28	2196	0	1	0
6342	1	9	15	0	28	2196	0	1	0
6343	1	6	12	0	28	2196	0	1	0
6345	1	7	4	0	20	1191	0	1	0
6349	1	1	3	0	28	2196	0	1	0
6359	1	8	1	0	28	2196	0	1	0
6360	1	4	14	0	28	2196	0	1	0
6362	1	9	15	0	28	2196	0	1	0
6363	1	10	13	0	28	2196	0	1	0
6366	1	5	2	0	28	2196	0	1	0
6372	1	1	3	0	26	1836	0	1	0
6374	1	3	11	0	22	1383	0	1	0
6375	1	10	13	0	28	2196	0	1	0
6376	1	8	1	0	28	2196	0	1	0
6380	1	4	14	0	28	2196	0	1	0
6381	1	6	12	0	28	2196	0	1	0
6382	1	10	13	0	28	2196	0	1	0
6385	1	8	1	0	28	2196	0	1	0
6386	1	1	3	0	28	2196	0	1	0
6390	1	9	15	0	28	2196	0	1	0
6391	1	10	13	0	28	2196	0	1	0
6393	1	4	14	0	28	2196	0	1	0
6397	1	2	16	0	28	2196	0	1	0
6398	1	4	14	0	28	2196	0	1	0
6399	1	10	13	0	28	2196	0	1	0
6405	1	5	2	0	28	2196	0	1	0
6409	1	1	3	0	28	2196	0	1	0
6410	1	10	13	0	28	2196	0	1	0
6411	1	7	4	0	24	1620	0	1	0
6414	1	3	11	0	26	1836	0	1	0
6417	1	5	2	0	28	2196	0	1	0
6418	1	1	3	0	28	2196	0	1	0
6421	1	6	12	0	28	2196	0	1	0
6422	1	7	4	0	28	2196	0	1	0
6423	1	5	2	0	28	2196	0	1	0
6425	1	2	16	0	28	2196	0	1	0
6427	1	1	3	0	28	2196	0	1	0
6428	1	5	2	0	28	2196	0	1	0
6432	1	9	15	0	28	2196	0	1	0
6433	1	10	13	0	28	2196	0	1	0
6434	1	5	2	0	28	2196	0	1	0
6435	1	2	16	0	28	2196	0	1	0
6437	1	6	12	0	28	2196	0	1	0
6438	1	8	1	0	28	2196	0	1	0
6440	1	7	4	0	28	2196	0	1	0
6444	1	9	15	0	28	2196	0	1	0
6448	1	3	11	0	28	2196	0	1	0
6459	1	6	12	0	28	2196	0	1	0
6462	1	1	3	0	28	2196	0	1	0
6464	1	3	11	0	18	967	0	1	0
6466	1	8	1	0	28	2196	0	1	0
6467	1	10	13	0	28	2196	0	1	0
6472	1	2	16	0	28	2196	0	1	0
6480	1	5	2	0	28	2196	0	1	0
6482	1	1	3	0	28	2196	0	1	0
6483	1	4	14	0	28	2196	0	1	0
6486	1	7	4	0	28	2196	0	1	0
6487	1	10	13	0	28	2196	0	1	0
6492	1	9	15	0	28	2196	0	1	0
6495	1	10	13	0	28	2196	0	1	0
6500	1	8	1	0	28	2196	0	1	0
6505	1	10	13	0	28	2196	0	1	0
6511	1	4	14	0	28	2196	0	1	0
6514	1	7	4	0	20	1191	0	1	0
6515	1	8	1	0	28	2196	0	1	0
6516	1	10	13	0	28	2196	0	1	0
6517	1	3	11	0	20	1191	0	1	0
6519	1	6	12	0	28	2196	0	1	0
6520	1	2	16	0	28	2196	0	1	0
6521	1	1	3	0	28	2196	0	1	0
6529	1	8	1	0	28	2196	0	1	0
6530	1	5	2	0	28	2196	0	1	0
6531	1	3	11	0	24	1479	0	1	0
6531	1	6	12	0	28	185	0	1	0
6532	1	7	4	0	28	2196	0	1	0
6533	1	2	16	0	28	2196	0	1	0
6534	1	10	13	0	28	2196	0	1	0
6536	1	7	4	0	28	2196	0	1	0
6538	1	1	3	0	28	2196	0	1	0
6540	1	4	14	0	28	2196	0	1	0
6541	1	7	4	0	28	185	0	1	0
6541	1	3	11	0	26	1692	0	1	0
6544	1	5	2	0	28	2196	0	1	0
6547	1	3	11	0	22	1383	0	1	0
6551	1	6	12	0	28	2196	0	1	0
6552	1	4	14	0	28	2196	0	1	0
6553	1	2	16	0	28	2196	0	1	0
6554	1	8	1	0	28	2196	0	1	0
6555	1	1	3	0	28	185	0	1	0
6555	1	7	4	0	28	2052	0	1	0
6556	1	10	13	0	28	2196	0	1	0
6560	1	4	14	0	28	2196	0	1	0
6562	1	9	15	0	28	2196	0	1	0
6563	1	7	4	0	22	1383	0	1	0
6564	1	4	14	0	28	2196	0	1	0
6566	1	5	2	0	28	2196	0	1	0
6572	1	3	11	0	20	1191	0	1	0
6575	1	5	2	0	28	2196	0	1	0
6576	1	2	16	0	28	2196	0	1	0
6577	1	4	14	0	28	2196	0	1	0
6578	1	10	13	0	28	2196	0	1	0
6579	1	3	11	0	20	1191	0	1	0
6580	1	5	2	0	28	2196	0	1	0
6581	1	8	1	0	28	2196	0	1	0
6583	1	6	12	0	28	2196	0	1	0
6585	1	4	14	0	28	2196	0	1	0
6587	1	7	4	0	28	2196	0	1	0
6589	1	1	3	0	28	2196	0	1	0
6590	1	5	2	0	28	2196	0	1	0
6591	1	8	1	0	28	2196	0	1	0
6593	1	2	16	0	28	2196	0	1	0
6594	1	3	11	0	24	1620	0	1	0
6599	1	2	16	0	28	2196	0	1	0
6600	1	6	12	0	28	2196	0	1	0
6602	1	1	3	0	28	2196	0	1	0
6606	1	9	15	0	28	2196	0	1	0
6611	1	9	15	0	28	2196	0	1	0
6612	1	7	4	0	24	1620	0	1	0
6614	1	5	2	0	28	2196	0	1	0
6618	1	1	3	0	28	2196	0	1	0
6619	1	5	2	0	28	2196	0	1	0
6623	1	7	4	0	28	2196	0	1	0
6626	1	6	12	0	28	2196	0	1	0
6627	1	9	15	0	28	2196	0	1	0
6628	1	10	13	0	28	2196	0	1	0
6633	1	4	14	0	28	2196	0	1	0
6634	1	6	12	0	28	2196	0	1	0
6635	1	7	4	0	28	2196	0	1	0
6639	1	1	3	0	28	2196	0	1	0
6642	1	5	2	0	28	2196	0	1	0
6643	1	3	11	0	24	1620	0	1	0
6647	1	2	16	0	28	2196	0	1	0
6648	1	3	11	0	28	1836	0	1	0
6648	1	9	15	0	28	373	0	1	0
6655	1	5	2	0	28	2196	0	1	0
6661	1	3	11	0	28	1692	0	1	0
6661	1	4	14	0	28	549	0	1	0
6663	1	8	1	0	28	2196	0	1	0
6664	1	7	4	0	24	1620	0	1	0
6667	1	3	11	0	20	1191	0	1	0
6672	1	9	15	0	28	2196	0	1	0
6674	1	1	3	0	28	2196	0	1	0
6677	1	8	1	0	28	2196	0	1	0
6680	1	10	13	0	28	2196	0	1	0
6681	1	9	15	0	28	2196	0	1	0
6682	1	3	11	0	28	2196	0	1	0
6683	1	8	1	0	28	2196	0	1	0
6685	1	3	11	0	28	2196	0	1	0
6687	1	6	12	0	28	2196	0	1	0
6688	1	7	4	0	28	2196	0	1	0
6692	1	8	1	0	28	2196	0	1	0
6696	1	2	16	0	28	2196	0	1	0
6699	1	6	12	0	28	2196	0	1	0
6700	1	9	15	0	28	2196	0	1	0
6705	1	4	14	0	28	2196	0	1	0
6707	1	5	2	0	28	185	0	1	0
6707	1	1	3	0	28	2052	0	1	0
6711	1	7	4	0	28	1836	0	1	0
6711	1	9	15	0	28	373	0	1	0
6712	1	3	11	0	20	1191	0	1	0
6720	1	6	12	0	28	2196	0	1	0
6722	1	10	13	0	28	2196	0	1	0
6723	1	7	4	0	24	1620	0	1	0
6726	1	1	3	0	28	2196	0	1	0
6729	1	8	1	0	28	2196	0	1	0
6733	1	3	11	0	6	309	0	1	0
6736	1	6	12	0	28	2196	0	1	0
6744	1	6	12	0	28	2196	0	1	0
6745	1	2	16	0	28	2196	0	1	0
6746	1	8	1	0	28	2196	0	1	0
6750	1	4	14	0	28	2196	0	1	0
6751	1	2	16	0	28	2196	0	1	0
6752	1	1	3	0	24	1620	0	1	0
6754	1	10	13	0	28	2196	0	1	0
6755	1	9	15	0	28	2196	0	1	0
6756	1	7	4	0	28	373	0	1	0
6756	1	3	11	0	28	1836	0	1	0
6758	1	5	2	0	28	2196	0	1	0
6761	1	1	3	0	28	2196	0	1	0
6762	1	7	4	0	26	1836	0	1	0
6764	1	2	16	0	28	2196	0	1	0
6765	1	3	11	0	28	1836	0	1	0
6765	1	6	12	0	28	373	0	1	0
6769	1	4	14	0	24	1620	0	1	0
6770	1	10	13	0	28	2196	0	1	0
6773	1	8	1	0	28	2196	0	1	0
6774	1	2	16	0	28	2196	0	1	0
6775	1	1	3	0	28	2196	0	1	0
6777	1	7	4	0	22	1383	0	1	0
6780	1	5	2	0	28	2196	0	1	0
6781	1	3	11	0	28	2052	0	1	0
6781	1	6	12	0	28	185	0	1	0
6782	1	9	15	0	28	2196	0	1	0
6783	1	1	3	0	28	2196	0	1	0
6786	1	3	11	0	22	1383	0	1	0
6788	1	7	4	0	22	1383	0	1	0
6790	1	10	13	0	28	2196	0	1	0
6792	1	4	14	0	28	2196	0	1	0
6795	1	5	2	0	28	2196	0	1	0
6799	1	8	1	0	28	2196	0	1	0
6800	1	1	3	0	28	2196	0	1	0
6802	1	3	11	0	26	1836	0	1	0
6803	1	4	14	0	28	2196	0	1	0
6804	1	6	12	0	28	2196	0	1	0
6805	1	8	1	0	28	2196	0	1	0
6807	1	5	2	0	28	2196	0	1	0
6808	1	10	13	0	28	2196	0	1	0
6809	1	3	11	0	26	1836	0	1	0
6810	1	7	4	0	24	1620	0	1	0
6814	1	2	16	0	28	2196	0	1	0
6817	1	9	15	0	28	2196	0	1	0
6818	1	4	14	0	28	2196	0	1	0
6819	1	8	1	0	28	2196	0	1	0
6820	1	10	13	0	28	2196	0	1	0
6821	1	6	12	0	28	2196	0	1	0
6822	1	3	11	0	18	967	0	1	0
6826	1	7	4	0	24	1620	0	1	0
6827	1	9	15	0	28	2196	0	1	0
6828	1	8	1	0	28	2196	0	1	0
6829	1	7	4	0	24	1620	0	1	0
6830	1	9	15	0	28	2196	0	1	0
6833	1	1	3	0	28	2196	0	1	0
6836	1	6	12	0	28	2196	0	1	0
6837	1	3	11	0	22	1383	0	1	0
6839	1	10	13	0	28	2196	0	1	0
6841	1	9	15	0	28	2196	0	1	0
6843	1	3	11	0	26	1836	0	1	0
6844	1	5	2	0	28	2196	0	1	0
6845	1	6	12	0	28	2196	0	1	0
6849	1	9	15	0	28	2196	0	1	0
6851	1	3	11	0	28	2196	0	1	0
6852	1	7	4	0	28	2196	0	1	0
6853	1	6	12	0	28	2196	0	1	0
6854	1	9	15	0	28	2196	0	1	0
6856	1	8	1	0	28	2196	0	1	0
6859	1	6	12	0	28	2196	0	1	0
6864	1	3	11	0	22	1383	0	1	0
6867	1	1	3	0	28	2196	0	1	0
6869	1	7	4	0	28	2196	0	1	0
6870	1	8	1	0	28	2196	0	1	0
6874	1	6	12	0	28	2196	0	1	0
6878	1	2	16	0	28	2196	0	1	0
6879	1	4	14	0	28	2196	0	1	0
6880	1	3	11	0	20	1191	0	1	0
6884	1	10	13	0	28	2196	0	1	0
6885	1	7	4	0	28	2196	0	1	0
6886	1	1	3	0	28	2196	0	1	0
6887	1	3	11	0	6	309	0	1	0
6891	1	3	11	0	16	903	0	1	0
6895	1	2	16	0	28	2196	0	1	0
6897	1	5	2	0	28	2196	0	1	0
6898	1	4	14	0	28	2196	0	1	0
6899	1	10	13	0	28	2196	0	1	0
6901	1	9	15	0	28	2196	0	1	0
6904	1	1	3	0	28	2196	0	1	0
6905	1	6	12	0	28	2196	0	1	0
6912	1	2	16	0	28	2196	0	1	0
6913	1	8	1	0	28	2196	0	1	0
6914	1	10	13	0	28	2196	0	1	0
6915	1	1	3	0	28	2196	0	1	0
6921	1	8	1	0	28	2196	0	1	0
6922	1	10	13	0	28	2196	0	1	0
6927	1	9	15	0	28	2196	0	1	0
6929	1	3	11	0	16	903	0	1	0
6932	1	4	14	0	28	2196	0	1	0
6933	1	5	2	0	28	2196	0	1	0
6936	1	9	15	0	28	2196	0	1	0
6938	1	8	1	0	28	2196	0	1	0
6939	1	10	13	0	28	2196	0	1	0
6942	1	2	16	0	28	2196	0	1	0
6943	1	4	14	0	28	2196	0	1	0
6944	1	5	2	0	28	2196	0	1	0
6946	1	9	15	0	28	2196	0	1	0
