% time	cellId	IMSI	RNTI	sinrLinear	componentCarrierId
0.041	1	5	1	993.839	0
0.042	1	8	2	1352.43	0
0.043	1	1	3	3299.27	0
0.044	1	6	4	10149.6	0
0.049	1	4	9	4041.3	0
0.05	1	7	10	21897.1	0
0.051	1	2	11	171.76	0
0.052	1	10	12	58.637	0
0.053	1	9	13	7961.28	0
0.054	1	3	14	597.979	0
0.081	1	5	1	300.287	0
0.082	1	8	2	1957.24	0
0.083	1	1	3	621.225	0
0.084	1	6	4	4555.91	0
0.089	1	4	9	1412.62	0
0.09	1	7	10	16027	0
0.091	1	2	11	82.1637	0
0.092	1	10	12	48.6877	0
0.093	1	9	13	14957.2	0
0.094	1	3	14	808.297	0
0.121	1	5	1	205.241	0
0.122	1	8	2	2464.8	0
0.123	1	1	3	730.395	0
0.124	1	6	4	3089.6	0
0.129	1	4	9	2691.42	0
0.13	1	7	10	8913.63	0
0.131	1	2	11	134.845	0
0.132	1	10	12	32.0218	0
0.133	1	9	13	12710	0
0.134	1	3	14	388.969	0
0.161	1	5	1	625.684	0
0.162	1	8	2	652.429	0
0.163	1	1	3	1418.33	0
0.164	1	6	4	5386.79	0
0.169	1	4	9	3747.82	0
0.17	1	7	10	8681.2	0
0.171	1	2	11	136.099	0
0.172	1	10	12	57.4782	0
0.173	1	9	13	4326.2	0
0.174	1	3	14	1091.85	0
0.201	1	5	1	892.142	0
0.202	1	8	2	748.397	0
0.203	1	1	3	1691.76	0
0.204	1	6	4	3113.45	0
0.209	1	4	9	999.615	0
0.21	1	7	10	15405.9	0
0.211	1	2	11	65.1774	0
0.212	1	10	12	129.042	0
0.213	1	9	13	10912.7	0
0.214	1	3	14	1558.94	0
0.241	1	5	1	390.49	0
0.242	1	8	2	464.945	0
0.243	1	1	3	2971.8	0
0.244	1	6	4	3291.83	0
0.249	1	4	9	738.621	0
0.25	1	7	10	8653.66	0
0.251	1	2	11	206.666	0
0.252	1	10	12	107.243	0
0.253	1	9	13	13129.2	0
0.254	1	3	14	925.522	0
0.281	1	5	1	511.813	0
0.282	1	8	2	1906.78	0
0.283	1	1	3	5678.44	0
0.284	1	6	4	4880.1	0
0.289	1	4	9	705.298	0
0.29	1	7	10	19279.6	0
0.291	1	2	11	156.141	0
0.292	1	10	12	62.4854	0
0.293	1	9	13	14076.6	0
0.294	1	3	14	1170.03	0
0.321	1	5	1	817.216	0
0.322	1	8	2	1055.91	0
0.323	1	1	3	11076.9	0
0.324	1	6	4	1835.52	0
0.329	1	4	9	820.029	0
0.33	1	7	10	16988	0
0.331	1	2	11	133.719	0
0.332	1	10	12	107.01	0
0.333	1	9	13	15369.8	0
0.334	1	3	14	1510.37	0
0.361	1	5	1	1146.98	0
0.362	1	8	2	1412.93	0
0.363	1	1	3	7288.79	0
0.364	1	6	4	5315.81	0
0.369	1	4	9	1363.73	0
0.37	1	7	10	23650.7	0
0.371	1	2	11	214.173	0
0.372	1	10	12	64.9384	0
0.373	1	9	13	11049.4	0
0.374	1	3	14	5223.81	0
0.401	1	5	1	695.318	0
0.402	1	8	2	3806.84	0
0.403	1	1	3	1295.26	0
0.404	1	6	4	5754.61	0
0.409	1	4	9	2614.08	0
0.41	1	7	10	33990.9	0
0.411	1	2	11	240.439	0
0.412	1	10	12	63.9803	0
0.413	1	9	13	13220	0
0.414	1	3	14	3340.54	0
0.441	1	5	1	620.761	0
0.442	1	8	2	1519.9	0
0.443	1	1	3	8099.11	0
0.444	1	6	4	3552.34	0
0.449	1	4	9	1902.36	0
0.45	1	7	10	14468.1	0
0.451	1	2	11	245.117	0
0.452	1	10	12	107.72	0
0.453	1	9	13	16418.3	0
0.454	1	3	14	2393.68	0
0.481	1	5	1	1011.07	0
0.482	1	8	2	4201.96	0
0.483	1	1	3	3096.09	0
0.484	1	6	4	6232.24	0
0.489	1	4	9	3458.84	0
0.49	1	7	10	49064.6	0
0.491	1	2	11	130.067	0
0.492	1	10	12	32.0532	0
0.493	1	9	13	11478	0
0.494	1	3	14	6710.77	0
0.521	1	5	1	266.081	0
0.522	1	8	2	2602.25	0
0.523	1	1	3	1220.8	0
0.524	1	6	4	2078.91	0
0.529	1	4	9	1310.99	0
0.53	1	7	10	26555.4	0
0.531	1	2	11	324.14	0
0.532	1	10	12	99.9433	0
0.533	1	9	13	5988.29	0
0.534	1	3	14	726.501	0
0.561	1	5	1	508	0
0.562	1	8	2	1874.14	0
0.563	1	1	3	3431.74	0
0.564	1	6	4	1394.43	0
0.569	1	4	9	3068.13	0
0.57	1	7	10	10865.4	0
0.571	1	2	11	207.205	0
0.572	1	10	12	49.1105	0
0.573	1	9	13	7970.64	0
0.574	1	3	14	1440.53	0
0.601	1	5	1	1090.14	0
0.602	1	8	2	2140.9	0
0.603	1	1	3	5674.31	0
0.604	1	6	4	904.729	0
0.609	1	4	9	2196.9	0
0.61	1	7	10	22443.1	0
0.611	1	2	11	140.316	0
0.612	1	10	12	43.602	0
0.613	1	9	13	4746.59	0
0.614	1	3	14	3177.68	0
0.641	1	5	1	1261.79	0
0.642	1	8	2	3437.57	0
0.643	1	1	3	13295.7	0
0.644	1	6	4	5214.51	0
0.649	1	4	9	668.508	0
0.65	1	7	10	23799.4	0
0.651	1	2	11	189.697	0
0.652	1	10	12	14.9676	0
0.653	1	9	13	8118.83	0
0.654	1	3	14	1493.86	0
0.681	1	5	1	5228.87	0
0.682	1	8	2	1788.32	0
0.683	1	1	3	6163.97	0
0.684	1	6	4	7951.33	0
0.689	1	4	9	1750.05	0
0.69	1	7	10	27810.8	0
0.691	1	2	11	269.292	0
0.692	1	10	12	13.9015	0
0.693	1	9	13	15830.8	0
0.694	1	3	14	1334.41	0
0.721	1	5	1	1710.28	0
0.722	1	8	2	2355.4	0
0.723	1	1	3	3964.83	0
0.724	1	6	4	4073.11	0
0.729	1	4	9	1180.95	0
0.73	1	7	10	84975.6	0
0.731	1	2	11	161.695	0
0.732	1	10	12	67.9609	0
0.733	1	9	13	18273.4	0
0.734	1	3	14	3484.29	0
0.761	1	5	1	1082.46	0
0.762	1	8	2	1685.86	0
0.763	1	1	3	2579.66	0
0.764	1	6	4	10323.4	0
0.769	1	4	9	1059.71	0
0.77	1	7	10	49761.3	0
0.771	1	2	11	263.836	0
0.772	1	10	12	232.559	0
0.773	1	9	13	13328.4	0
0.774	1	3	14	3759.65	0
0.801	1	5	1	4981.48	0
0.802	1	8	2	452.86	0
0.803	1	1	3	804.046	0
0.804	1	6	4	8134.54	0
0.809	1	4	9	1155.45	0
0.81	1	7	10	6537.38	0
0.811	1	2	11	198.554	0
0.812	1	10	12	117.773	0
0.813	1	9	13	7223.58	0
0.814	1	3	14	833.558	0
0.841	1	5	1	3321.89	0
0.842	1	8	2	1302.4	0
0.843	1	1	3	748.151	0
0.844	1	6	4	9217.07	0
0.849	1	4	9	438.765	0
0.85	1	7	10	28541.4	0
0.851	1	2	11	244.839	0
0.852	1	10	12	174.049	0
0.853	1	9	13	4493.85	0
0.854	1	3	14	2715.76	0
0.881	1	5	1	2729.69	0
0.882	1	8	2	1962.94	0
0.883	1	1	3	695.913	0
0.884	1	6	4	9864.79	0
0.889	1	4	9	967.481	0
0.89	1	7	10	11352.9	0
0.891	1	2	11	400.447	0
0.892	1	10	12	301.827	0
0.893	1	9	13	6362.45	0
0.894	1	3	14	6314.33	0
0.921	1	5	1	2911.44	0
0.922	1	8	2	1443.13	0
0.923	1	1	3	1099.63	0
0.924	1	6	4	4971.39	0
0.929	1	4	9	2252.79	0
0.93	1	7	10	8269.89	0
0.931	1	2	11	237.115	0
0.932	1	10	12	230.088	0
0.933	1	9	13	4905.2	0
0.934	1	3	14	856.158	0
0.961	1	5	1	1881.94	0
0.962	1	8	2	1732.13	0
0.963	1	1	3	8981.15	0
0.964	1	6	4	16309.5	0
0.969	1	4	9	2756.82	0
0.97	1	7	10	17449.5	0
0.971	1	2	11	180.034	0
0.972	1	10	12	443.433	0
0.973	1	9	13	4706.41	0
0.974	1	3	14	1625.33	0
1.001	1	5	1	877.311	0
1.002	1	8	2	866.324	0
1.003	1	1	3	6671.47	0
1.004	1	6	4	11148.4	0
1.009	1	4	9	934.232	0
1.01	1	7	10	19397.1	0
1.011	1	2	11	81.7808	0
1.012	1	10	12	33.2038	0
1.013	1	9	13	13587.2	0
1.014	1	3	14	3030.55	0
1.041	1	5	1	666.04	0
1.042	1	8	2	1524.59	0
1.043	1	1	3	8975.05	0
1.044	1	6	4	3397.61	0
1.049	1	4	9	668.282	0
1.05	1	7	10	6384.91	0
1.051	1	2	11	139.06	0
1.052	1	10	12	51.2857	0
1.053	1	9	13	11471.2	0
1.054	1	3	14	2389.23	0
1.081	1	5	1	1459.37	0
1.082	1	8	2	344.205	0
1.083	1	1	3	8760.06	0
1.084	1	6	4	12488	0
1.089	1	4	9	892.306	0
1.09	1	7	10	23826	0
1.091	1	2	11	141.004	0
1.092	1	10	12	54.2208	0
1.093	1	9	13	15487.5	0
1.094	1	3	14	1304.31	0
1.121	1	5	1	549.073	0
1.122	1	8	2	894.543	0
1.123	1	1	3	3097.47	0
1.124	1	6	4	6047.11	0
1.129	1	4	9	6827.74	0
1.13	1	7	10	19167	0
1.131	1	2	11	123.631	0
1.132	1	10	12	35.2683	0
1.133	1	9	13	10006.5	0
1.134	1	3	14	832.316	0
1.161	1	5	1	1369.78	0
1.162	1	8	2	722.965	0
1.163	1	1	3	1262.74	0
1.164	1	6	4	6950.08	0
1.169	1	4	9	11098.3	0
1.17	1	7	10	6034.65	0
1.171	1	2	11	114.21	0
1.172	1	10	12	39.4082	0
1.173	1	9	13	3753.96	0
1.174	1	3	14	2475.53	0
1.201	1	5	1	1344.03	0
1.202	1	8	2	144.24	0
1.203	1	1	3	876.882	0
1.204	1	6	4	3822.95	0
1.209	1	4	9	3760.77	0
1.21	1	7	10	15867.2	0
1.211	1	2	11	89.1498	0
1.212	1	10	12	148.726	0
1.213	1	9	13	6383.22	0
1.214	1	3	14	1956.66	0
1.241	1	5	1	2918.77	0
1.242	1	8	2	1117.34	0
1.243	1	1	3	4621.8	0
1.244	1	6	4	6700.19	0
1.249	1	4	9	4483.08	0
1.25	1	7	10	28682.6	0
1.251	1	2	11	106.931	0
1.252	1	10	12	77.165	0
1.253	1	9	13	6472.49	0
1.254	1	3	14	449.815	0
1.281	1	5	1	15434.4	0
1.282	1	8	2	869.321	0
1.283	1	1	3	6956.52	0
1.284	1	6	4	20976.4	0
1.289	1	4	9	1772.59	0
1.29	1	7	10	20684	0
1.291	1	2	11	199.463	0
1.292	1	10	12	60.9133	0
1.293	1	9	13	5674.98	0
1.294	1	3	14	965.055	0
1.321	1	5	1	1090.2	0
1.322	1	8	2	440.542	0
1.323	1	1	3	1991.32	0
1.324	1	6	4	11612.3	0
1.329	1	4	9	824.735	0
1.33	1	7	10	15273.7	0
1.331	1	2	11	156.603	0
1.332	1	10	12	372.179	0
1.333	1	9	13	5242.55	0
1.334	1	3	14	1904.06	0
1.361	1	5	1	1947.81	0
1.362	1	8	2	1877.92	0
1.363	1	1	3	1678.93	0
1.364	1	6	4	6437.01	0
1.369	1	4	9	5510.38	0
1.37	1	7	10	16956.9	0
1.371	1	2	11	123.094	0
1.372	1	10	12	652.356	0
1.373	1	9	13	4092.22	0
1.374	1	3	14	1304.45	0
1.401	1	5	1	2792.99	0
1.402	1	8	2	2311.1	0
1.403	1	1	3	2516.8	0
1.404	1	6	4	4774.37	0
1.409	1	4	9	5485.79	0
1.41	1	7	10	7915.76	0
1.411	1	2	11	139.78	0
1.412	1	10	12	144.477	0
1.413	1	9	13	4908.41	0
1.414	1	3	14	2070.89	0
1.441	1	5	1	615.051	0
1.442	1	8	2	3803.8	0
1.443	1	1	3	1776.9	0
1.444	1	6	4	6714.72	0
1.449	1	4	9	7828.01	0
1.45	1	7	10	15699.6	0
1.451	1	2	11	100.678	0
1.452	1	10	12	89.8848	0
1.453	1	9	13	9155.89	0
1.454	1	3	14	1021.95	0
1.481	1	5	1	829.413	0
1.482	1	8	2	738.11	0
1.483	1	1	3	834.793	0
1.484	1	6	4	12645.4	0
1.489	1	4	9	17800.6	0
1.49	1	7	10	19694.8	0
1.491	1	2	11	395.118	0
1.492	1	10	12	145.592	0
1.493	1	9	13	7188.49	0
1.494	1	3	14	844.391	0
1.521	1	5	1	545.009	0
1.522	1	8	2	572.276	0
1.523	1	1	3	1364.47	0
1.524	1	6	4	8150.67	0
1.529	1	4	9	7537.76	0
1.53	1	7	10	19197.4	0
1.531	1	2	11	161.66	0
1.532	1	10	12	71.2487	0
1.533	1	9	13	7521.84	0
1.534	1	3	14	3099.1	0
1.561	1	5	1	722.877	0
1.562	1	8	2	954.023	0
1.563	1	1	3	1054.01	0
1.564	1	6	4	5809.31	0
1.569	1	4	9	2771.49	0
1.57	1	7	10	18118.2	0
1.571	1	2	11	290.78	0
1.572	1	10	12	173.456	0
1.573	1	9	13	15421.9	0
1.574	1	3	14	7495.97	0
1.601	1	5	1	360.071	0
1.602	1	8	2	1733.05	0
1.603	1	1	3	3927.9	0
1.604	1	6	4	5735.37	0
1.609	1	4	9	3775.41	0
1.61	1	7	10	6153.74	0
1.611	1	2	11	417.043	0
1.612	1	10	12	255.663	0
1.613	1	9	13	18250.5	0
1.614	1	3	14	3529.88	0
1.641	1	5	1	686.398	0
1.642	1	8	2	998.993	0
1.643	1	1	3	1295.07	0
1.644	1	6	4	3449.57	0
1.649	1	4	9	5272.96	0
1.65	1	7	10	8329.41	0
1.651	1	2	11	192.264	0
1.652	1	10	12	149.13	0
1.653	1	9	13	16019.4	0
1.654	1	3	14	5649.83	0
1.681	1	5	1	358.242	0
1.682	1	8	2	719.526	0
1.683	1	1	3	3030.66	0
1.684	1	6	4	19233.5	0
1.689	1	4	9	2513.52	0
1.69	1	7	10	27725.5	0
1.691	1	2	11	162.409	0
1.692	1	10	12	87.2334	0
1.693	1	9	13	7828.13	0
1.694	1	3	14	2765.04	0
1.721	1	5	1	254.901	0
1.722	1	8	2	1759.43	0
1.723	1	1	3	4781.93	0
1.724	1	6	4	15054.6	0
1.729	1	4	9	12125.4	0
1.73	1	7	10	23004.1	0
1.731	1	2	11	279.766	0
1.732	1	10	12	73.4393	0
1.733	1	9	13	4318.78	0
1.734	1	3	14	7600.11	0
1.761	1	5	1	995.351	0
1.762	1	8	2	358.543	0
1.763	1	1	3	4499.68	0
1.764	1	6	4	6457.93	0
1.769	1	4	9	1432.76	0
1.77	1	7	10	14889.4	0
1.771	1	2	11	165.39	0
1.772	1	10	12	195.289	0
1.773	1	9	13	7935.6	0
1.774	1	3	14	6924.46	0
1.801	1	5	1	532.987	0
1.802	1	8	2	332.102	0
1.803	1	1	3	8234.43	0
1.804	1	6	4	5662.85	0
1.809	1	4	9	674.59	0
1.81	1	7	10	17655.5	0
1.811	1	2	11	249.163	0
1.812	1	10	12	313.703	0
1.813	1	9	13	3520.45	0
1.814	1	3	14	1119.53	0
1.841	1	5	1	191.374	0
1.842	1	8	2	317.781	0
1.843	1	1	3	5675.73	0
1.844	1	6	4	4952.82	0
1.849	1	4	9	2615.95	0
1.85	1	7	10	8983.16	0
1.851	1	2	11	218.382	0
1.852	1	10	12	224.179	0
1.853	1	9	13	1635.01	0
1.854	1	3	14	4335.17	0
1.881	1	5	1	871.137	0
1.882	1	8	2	1309.2	0
1.883	1	1	3	1182.15	0
1.884	1	6	4	12434.6	0
1.889	1	4	9	1746.79	0
1.89	1	7	10	13213.4	0
1.891	1	2	11	213.761	0
1.892	1	10	12	207.736	0
1.893	1	9	13	7608.06	0
1.894	1	3	14	4298.07	0
1.921	1	5	1	376.206	0
1.922	1	8	2	2184.32	0
1.923	1	1	3	7905.33	0
1.924	1	6	4	7261.3	0
1.929	1	4	9	2247.14	0
1.93	1	7	10	20858	0
1.931	1	2	11	400.365	0
1.932	1	10	12	513.522	0
1.933	1	9	13	3003.42	0
1.934	1	3	14	2719.81	0
1.961	1	5	1	1476.02	0
1.962	1	8	2	768.935	0
1.963	1	1	3	11303.6	0
1.964	1	6	4	3480.44	0
1.969	1	4	9	2653.15	0
1.97	1	7	10	10209.1	0
1.971	1	2	11	262.953	0
1.972	1	10	12	324.608	0
1.973	1	9	13	7022.5	0
1.974	1	3	14	1443.98	0
2.001	1	5	1	858.927	0
2.002	1	8	2	1296.45	0
2.003	1	1	3	618.066	0
2.004	1	6	4	8016.63	0
2.009	1	4	9	414.837	0
2.01	1	7	10	41165.2	0
2.011	1	2	11	140.486	0
2.012	1	10	12	53.0057	0
2.013	1	9	13	5707.61	0
2.014	1	3	14	8039.87	0
2.041	1	5	1	388.589	0
2.042	1	8	2	657.781	0
2.043	1	1	3	2677.13	0
2.044	1	6	4	5765.07	0
2.049	1	4	9	641.226	0
2.05	1	7	10	24954.2	0
2.051	1	2	11	203.835	0
2.052	1	10	12	23.7597	0
2.053	1	9	13	11575.3	0
2.054	1	3	14	8217.08	0
2.081	1	5	1	335.649	0
2.082	1	8	2	1680.77	0
2.083	1	1	3	12379.7	0
2.084	1	6	4	5347.57	0
2.089	1	4	9	361.441	0
2.09	1	7	10	30375.7	0
2.091	1	2	11	127.863	0
2.092	1	10	12	17.1022	0
2.093	1	9	13	9527.64	0
2.094	1	3	14	1834.75	0
2.121	1	5	1	293.857	0
2.122	1	8	2	5988.44	0
2.123	1	1	3	8054	0
2.124	1	6	4	12927.2	0
2.129	1	4	9	405.192	0
2.13	1	7	10	30145.4	0
2.131	1	2	11	139.441	0
2.132	1	10	12	81.4022	0
2.133	1	9	13	4870.45	0
2.134	1	3	14	1805.06	0
2.161	1	5	1	3081.58	0
2.162	1	8	2	1432.94	0
2.163	1	1	3	3260.66	0
2.164	1	6	4	7949.21	0
2.169	1	4	9	836.194	0
2.17	1	7	10	17309.3	0
2.171	1	2	11	114.709	0
2.172	1	10	12	42.8642	0
2.173	1	9	13	5556.57	0
2.174	1	3	14	1363.79	0
2.201	1	5	1	2142.39	0
2.202	1	8	2	1129.67	0
2.203	1	1	3	3823.27	0
2.204	1	6	4	4588.44	0
2.209	1	4	9	1221.6	0
2.21	1	7	10	13987.8	0
2.211	1	2	11	148.455	0
2.212	1	10	12	28.3323	0
2.213	1	9	13	2965.7	0
2.214	1	3	14	2283.83	0
2.241	1	5	1	1934.18	0
2.242	1	8	2	628.016	0
2.243	1	1	3	2832.64	0
2.244	1	6	4	5944.43	0
2.249	1	4	9	1295.26	0
2.25	1	7	10	5917.16	0
2.251	1	2	11	521.907	0
2.252	1	10	12	77.8754	0
2.253	1	9	13	1859.95	0
2.254	1	3	14	2181.94	0
2.281	1	5	1	539.62	0
2.282	1	8	2	2005.45	0
2.283	1	1	3	1996.75	0
2.284	1	6	4	2933.95	0
2.289	1	4	9	2900.54	0
2.29	1	7	10	13899.9	0
2.291	1	2	11	486.874	0
2.292	1	10	12	72.9535	0
2.293	1	9	13	9544.21	0
2.294	1	3	14	466.687	0
2.321	1	5	1	496.247	0
2.322	1	8	2	1385.69	0
2.323	1	1	3	1842.93	0
2.324	1	6	4	8810.65	0
2.329	1	4	9	2252.01	0
2.33	1	7	10	11661.1	0
2.331	1	2	11	181.898	0
2.332	1	10	12	811.142	0
2.333	1	9	13	24428	0
2.334	1	3	14	1321.21	0
2.361	1	5	1	3220.02	0
2.362	1	8	2	701.866	0
2.363	1	1	3	826.022	0
2.364	1	6	4	11963.8	0
2.369	1	4	9	852.153	0
2.37	1	7	10	5454.47	0
2.371	1	2	11	241.262	0
2.372	1	10	12	163.759	0
2.373	1	9	13	20847	0
2.374	1	3	14	4492.18	0
2.401	1	5	1	1149.39	0
2.402	1	8	2	3106.55	0
2.403	1	1	3	1135.49	0
2.404	1	6	4	7483.38	0
2.409	1	4	9	2278.21	0
2.41	1	7	10	14124.2	0
2.411	1	2	11	122.295	0
2.412	1	10	12	44.1871	0
2.413	1	9	13	12087.5	0
2.414	1	3	14	1021.38	0
2.441	1	5	1	928.471	0
2.442	1	8	2	1677.04	0
2.443	1	1	3	3653.39	0
2.444	1	6	4	10843.2	0
2.449	1	4	9	4304.4	0
2.45	1	7	10	15601.1	0
2.451	1	2	11	129.831	0
2.452	1	10	12	398.5	0
2.453	1	9	13	22403.8	0
2.454	1	3	14	587.924	0
2.481	1	5	1	3574.89	0
2.482	1	8	2	8226.41	0
2.483	1	1	3	3217.93	0
2.484	1	6	4	16212.2	0
2.489	1	4	9	2513.78	0
2.49	1	7	10	33631.1	0
2.491	1	2	11	457.954	0
2.492	1	10	12	67.4817	0
2.493	1	9	13	15692.1	0
2.494	1	3	14	1067.26	0
2.521	1	5	1	1257.31	0
2.522	1	8	2	1482.23	0
2.523	1	1	3	3893.61	0
2.524	1	6	4	3054.3	0
2.529	1	4	9	791.458	0
2.53	1	7	10	14707.7	0
2.531	1	2	11	277.551	0
2.532	1	10	12	101.406	0
2.533	1	9	13	6421.03	0
2.534	1	3	14	4163.77	0
2.561	1	5	1	1942.78	0
2.562	1	8	2	693.265	0
2.563	1	1	3	1761.6	0
2.564	1	6	4	4477.12	0
2.569	1	4	9	453.227	0
2.57	1	7	10	11788.4	0
2.571	1	2	11	92.364	0
2.572	1	10	12	301.169	0
2.573	1	9	13	5467.86	0
2.574	1	3	14	7403.6	0
2.601	1	5	1	1267.8	0
2.602	1	8	2	570.301	0
2.603	1	1	3	4825.69	0
2.604	1	6	4	5061.49	0
2.609	1	4	9	1310.46	0
2.61	1	7	10	14616.7	0
2.611	1	2	11	122.175	0
2.612	1	10	12	178.826	0
2.613	1	9	13	2203	0
2.614	1	3	14	4737.36	0
2.641	1	5	1	750.88	0
2.642	1	8	2	1285.41	0
2.643	1	1	3	12694.7	0
2.644	1	6	4	5191.3	0
2.649	1	4	9	2876.92	0
2.65	1	7	10	8839.04	0
2.651	1	2	11	146.991	0
2.652	1	10	12	730.133	0
2.653	1	9	13	1968.22	0
2.654	1	3	14	1548.24	0
2.681	1	5	1	1942.69	0
2.682	1	8	2	779.872	0
2.683	1	1	3	4206.81	0
2.684	1	6	4	3633.71	0
2.689	1	4	9	4863.6	0
2.69	1	7	10	5600.26	0
2.691	1	2	11	126.606	0
2.692	1	10	12	1251.71	0
2.693	1	9	13	2301.21	0
2.694	1	3	14	543.491	0
2.721	1	5	1	1352.53	0
2.722	1	8	2	1590.49	0
2.723	1	1	3	1290.91	0
2.724	1	6	4	4820.94	0
2.729	1	4	9	9342.43	0
2.73	1	7	10	8641.67	0
2.731	1	2	11	117.626	0
2.732	1	10	12	369.993	0
2.733	1	9	13	11460.3	0
2.734	1	3	14	437.406	0
2.761	1	5	1	816.529	0
2.762	1	8	2	2587.24	0
2.763	1	1	3	1956.53	0
2.764	1	6	4	8173.19	0
2.769	1	4	9	1008.25	0
2.77	1	7	10	9665.32	0
2.771	1	2	11	97.2183	0
2.772	1	10	12	142.464	0
2.773	1	9	13	7138.16	0
2.774	1	3	14	785.015	0
2.801	1	5	1	4267.51	0
2.802	1	8	2	2448.54	0
2.803	1	1	3	1269.11	0
2.804	1	6	4	4990.41	0
2.809	1	4	9	474.452	0
2.81	1	7	10	15895.9	0
2.811	1	2	11	90.0462	0
2.812	1	10	12	257.574	0
2.813	1	9	13	6090.07	0
2.814	1	3	14	3316.94	0
2.841	1	5	1	4024.73	0
2.842	1	8	2	1677.8	0
2.843	1	1	3	5890.81	0
2.844	1	6	4	3307.74	0
2.849	1	4	9	1205.12	0
2.85	1	7	10	23071	0
2.851	1	2	11	179.458	0
2.852	1	10	12	77.5641	0
2.853	1	9	13	16572.5	0
2.854	1	3	14	1287.33	0
2.881	1	5	1	2425.35	0
2.882	1	8	2	1988.66	0
2.883	1	1	3	8772.86	0
2.884	1	6	4	3423.28	0
2.889	1	4	9	703.956	0
2.89	1	7	10	27137.5	0
2.891	1	2	11	181.961	0
2.892	1	10	12	46.2563	0
2.893	1	9	13	8725.97	0
2.894	1	3	14	1564.69	0
2.921	1	5	1	1458.68	0
2.922	1	8	2	2344.09	0
2.923	1	1	3	6583.81	0
2.924	1	6	4	1458.6	0
2.929	1	4	9	663.196	0
2.93	1	7	10	38374.8	0
2.931	1	2	11	116.638	0
2.932	1	10	12	13.3846	0
2.933	1	9	13	14670.2	0
2.934	1	3	14	5851.9	0
2.961	1	5	1	1723.03	0
2.962	1	8	2	538.576	0
2.963	1	1	3	12007.3	0
2.964	1	6	4	2118.93	0
2.969	1	4	9	1859.59	0
2.97	1	7	10	29342.3	0
2.971	1	2	11	148.009	0
2.972	1	10	12	101.054	0
2.973	1	9	13	9784.18	0
2.974	1	3	14	8873.24	0
3.001	1	5	1	443.307	0
3.002	1	8	2	1635.4	0
3.003	1	1	3	4160.74	0
3.004	1	6	4	8051.74	0
3.009	1	4	9	1292.03	0
3.01	1	7	10	17494.3	0
3.011	1	2	11	62.7489	0
3.012	1	10	12	123.841	0
3.013	1	9	13	19694.4	0
3.014	1	3	14	1021.06	0
3.041	1	5	1	784.677	0
3.042	1	8	2	4202.34	0
3.043	1	1	3	4889.49	0
3.044	1	6	4	14923.6	0
3.049	1	4	9	4087.18	0
3.05	1	7	10	38757.4	0
3.051	1	2	11	87.6385	0
3.052	1	10	12	79.1936	0
3.053	1	9	13	12494.6	0
3.054	1	3	14	722.882	0
3.081	1	5	1	258.005	0
3.082	1	8	2	3296.23	0
3.083	1	1	3	2571.39	0
3.084	1	6	4	10895	0
3.089	1	4	9	1258.58	0
3.09	1	7	10	17114.2	0
3.091	1	2	11	104.45	0
3.092	1	10	12	214.932	0
3.093	1	9	13	11196.2	0
3.094	1	3	14	504.641	0
3.121	1	5	1	467.769	0
3.122	1	8	2	2232.53	0
3.123	1	1	3	3788.47	0
3.124	1	6	4	6522.84	0
3.129	1	4	9	596.52	0
3.13	1	7	10	16058.6	0
3.131	1	2	11	144.435	0
3.132	1	10	12	65.4548	0
3.133	1	9	13	13060	0
3.134	1	3	14	736.882	0
3.161	1	5	1	597.97	0
3.162	1	8	2	2492.39	0
3.163	1	1	3	5412.72	0
3.164	1	6	4	9071.44	0
3.169	1	4	9	2289	0
3.17	1	7	10	19180.4	0
3.171	1	2	11	239.904	0
3.172	1	10	12	828.591	0
3.173	1	9	13	12114.6	0
3.174	1	3	14	3395.52	0
3.201	1	5	1	791.201	0
3.202	1	8	2	394.718	0
3.203	1	1	3	3431.78	0
3.204	1	6	4	7612.67	0
3.209	1	4	9	522.952	0
3.21	1	7	10	7186.4	0
3.211	1	2	11	285.929	0
3.212	1	10	12	65.9069	0
3.213	1	9	13	15507.5	0
3.214	1	3	14	1556.82	0
3.241	1	5	1	2703.78	0
3.242	1	8	2	211.506	0
3.243	1	1	3	9705.07	0
3.244	1	6	4	10237.7	0
3.249	1	4	9	267.959	0
3.25	1	7	10	9464.88	0
3.251	1	2	11	388.533	0
3.252	1	10	12	24.8013	0
3.253	1	9	13	7477.47	0
3.254	1	3	14	1302.87	0
3.281	1	5	1	570.315	0
3.282	1	8	2	489.696	0
3.283	1	1	3	6197.82	0
3.284	1	6	4	7011.47	0
3.289	1	4	9	1369.94	0
3.29	1	7	10	6212.21	0
3.291	1	2	11	429.508	0
3.292	1	10	12	157.722	0
3.293	1	9	13	4077.02	0
3.294	1	3	14	3645.47	0
3.321	1	5	1	1048.98	0
3.322	1	8	2	612.411	0
3.323	1	1	3	2720.23	0
3.324	1	6	4	2510.68	0
3.329	1	4	9	6848.57	0
3.33	1	7	10	12329.8	0
3.331	1	2	11	145.593	0
3.332	1	10	12	79.9171	0
3.333	1	9	13	6780.44	0
3.334	1	3	14	1579.96	0
3.361	1	5	1	2699.95	0
3.362	1	8	2	686.57	0
3.363	1	1	3	4586.73	0
3.364	1	6	4	4173.88	0
3.369	1	4	9	11368.6	0
3.37	1	7	10	14812.9	0
3.371	1	2	11	111.924	0
3.372	1	10	12	190.548	0
3.373	1	9	13	6202.14	0
3.374	1	3	14	693.203	0
3.401	1	5	1	958.748	0
3.402	1	8	2	1725.75	0
3.403	1	1	3	9433	0
3.404	1	6	4	4348.13	0
3.409	1	4	9	5900.03	0
3.41	1	7	10	25037	0
3.411	1	2	11	297.377	0
3.412	1	10	12	27.3921	0
3.413	1	9	13	5583.89	0
3.414	1	3	14	3607.34	0
3.441	1	5	1	2284.77	0
3.442	1	8	2	2235.54	0
3.443	1	1	3	8450.2	0
3.444	1	6	4	3794.13	0
3.449	1	4	9	6392.34	0
3.45	1	7	10	39268.1	0
3.451	1	2	11	167.839	0
3.452	1	10	12	90.4358	0
3.453	1	9	13	5036.59	0
3.454	1	3	14	6523.44	0
3.481	1	5	1	1650.24	0
3.482	1	8	2	2641.61	0
3.483	1	1	3	3037.02	0
3.484	1	6	4	3514.51	0
3.489	1	4	9	4516.79	0
3.49	1	7	10	17898.1	0
3.491	1	2	11	73.3767	0
3.492	1	10	12	663.365	0
3.493	1	9	13	3858.38	0
3.494	1	3	14	2326.95	0
3.521	1	5	1	4339.52	0
3.522	1	8	2	2145.49	0
3.523	1	1	3	12386.3	0
3.524	1	6	4	5961.16	0
3.529	1	4	9	2100.72	0
3.53	1	7	10	9480.44	0
3.531	1	2	11	150.879	0
3.532	1	10	12	26.045	0
3.533	1	9	13	5060.12	0
3.534	1	3	14	254.67	0
3.561	1	5	1	266.621	0
3.562	1	8	2	1856.36	0
3.563	1	1	3	7744.33	0
3.564	1	6	4	8755.57	0
3.569	1	4	9	4098.22	0
3.57	1	7	10	15715.9	0
3.571	1	2	11	285.218	0
3.572	1	10	12	17.2166	0
3.573	1	9	13	4435.19	0
3.574	1	3	14	1601.84	0
3.601	1	5	1	755.699	0
3.602	1	8	2	1177.5	0
3.603	1	1	3	3459.68	0
3.604	1	6	4	1564.97	0
3.609	1	4	9	2109.5	0
3.61	1	7	10	47260.6	0
3.611	1	2	11	283.416	0
3.612	1	10	12	63.5593	0
3.613	1	9	13	5126.13	0
3.614	1	3	14	2260	0
3.641	1	5	1	1894.04	0
3.642	1	8	2	903.52	0
3.643	1	1	3	1926.45	0
3.644	1	6	4	5215.49	0
3.649	1	4	9	1932.76	0
3.65	1	7	10	40133.7	0
3.651	1	2	11	337.635	0
3.652	1	10	12	223.821	0
3.653	1	9	13	4787.06	0
3.654	1	3	14	532.197	0
3.681	1	5	1	1005.5	0
3.682	1	8	2	347.065	0
3.683	1	1	3	7130.13	0
3.684	1	6	4	5926.08	0
3.689	1	4	9	2500.82	0
3.69	1	7	10	15270.3	0
3.691	1	2	11	288.844	0
3.692	1	10	12	275.04	0
3.693	1	9	13	6144.91	0
3.694	1	3	14	3573.72	0
3.721	1	5	1	459.154	0
3.722	1	8	2	410.436	0
3.723	1	1	3	4777.01	0
3.724	1	6	4	8156.56	0
3.729	1	4	9	5777.44	0
3.73	1	7	10	21358	0
3.731	1	2	11	238.904	0
3.732	1	10	12	92.0761	0
3.733	1	9	13	9916.45	0
3.734	1	3	14	3732.29	0
3.761	1	5	1	491.024	0
3.762	1	8	2	1155.72	0
3.763	1	1	3	2054.75	0
3.764	1	6	4	7507.45	0
3.769	1	4	9	1979.1	0
3.77	1	7	10	9255.54	0
3.771	1	2	11	343.741	0
3.772	1	10	12	121.238	0
3.773	1	9	13	6386.57	0
3.774	1	3	14	2985.64	0
3.801	1	5	1	1424.64	0
3.802	1	8	2	409.328	0
3.803	1	1	3	11680	0
3.804	1	6	4	4407.85	0
3.809	1	4	9	1193.94	0
3.81	1	7	10	13385.3	0
3.811	1	2	11	318.582	0
3.812	1	10	12	186.313	0
3.813	1	9	13	5308.76	0
3.814	1	3	14	7255.18	0
3.841	1	5	1	1392.56	0
3.842	1	8	2	464.268	0
3.843	1	1	3	9595.31	0
3.844	1	6	4	5115.54	0
3.849	1	4	9	4132.28	0
3.85	1	7	10	40698.5	0
3.851	1	2	11	187.281	0
3.852	1	10	12	132.368	0
3.853	1	9	13	2141.82	0
3.854	1	3	14	2704.15	0
3.881	1	5	1	461.037	0
3.882	1	8	2	954.005	0
3.883	1	1	3	8823.7	0
3.884	1	6	4	2819.1	0
3.889	1	4	9	3170.01	0
3.89	1	7	10	28378.2	0
3.891	1	2	11	196.608	0
3.892	1	10	12	108.133	0
3.893	1	9	13	1917.65	0
3.894	1	3	14	655.506	0
3.921	1	5	1	713.798	0
3.922	1	8	2	2416.25	0
3.923	1	1	3	6750.24	0
3.924	1	6	4	2059.72	0
3.929	1	4	9	2416.27	0
3.93	1	7	10	27300.9	0
3.931	1	2	11	391.673	0
3.932	1	10	12	154.557	0
3.933	1	9	13	2572.21	0
3.934	1	3	14	2892.99	0
3.961	1	5	1	2434.66	0
3.962	1	8	2	2795.18	0
3.963	1	1	3	2916.88	0
3.964	1	6	4	3081.67	0
3.969	1	4	9	2328.29	0
3.97	1	7	10	32862.4	0
3.971	1	2	11	329.419	0
3.972	1	10	12	136.252	0
3.973	1	9	13	11807.9	0
3.974	1	3	14	568.683	0
4.001	1	5	1	707.629	0
4.002	1	8	2	7252.93	0
4.003	1	1	3	1258.66	0
4.004	1	6	4	4390.74	0
4.009	1	4	9	4855.02	0
4.01	1	7	10	29577.5	0
4.011	1	2	11	333.341	0
4.012	1	10	12	177.927	0
4.013	1	9	13	12294.7	0
4.014	1	3	14	2961.01	0
4.041	1	5	1	1413.15	0
4.042	1	8	2	4917.91	0
4.043	1	1	3	4726.76	0
4.044	1	6	4	3432.55	0
4.049	1	4	9	6417.5	0
4.05	1	7	10	15104.3	0
4.051	1	2	11	220.556	0
4.052	1	10	12	22.5638	0
4.053	1	9	13	5533.63	0
4.054	1	3	14	6703.93	0
4.081	1	5	1	957.157	0
4.082	1	8	2	1871	0
4.083	1	1	3	496.692	0
4.084	1	6	4	3169.49	0
4.089	1	4	9	2145.45	0
4.09	1	7	10	7527.78	0
4.091	1	2	11	291.115	0
4.092	1	10	12	158.235	0
4.093	1	9	13	9332.58	0
4.094	1	3	14	2204.42	0
4.121	1	5	1	365.606	0
4.122	1	8	2	2784.88	0
4.123	1	1	3	1063.22	0
4.124	1	6	4	1296.38	0
4.129	1	4	9	10818.4	0
4.13	1	7	10	12767.5	0
4.131	1	2	11	356.857	0
4.132	1	10	12	178.167	0
4.133	1	9	13	4840.03	0
4.134	1	3	14	2553.57	0
4.161	1	5	1	1094.21	0
4.162	1	8	2	1691.44	0
4.163	1	1	3	14175.5	0
4.164	1	6	4	2686.77	0
4.169	1	4	9	2012.66	0
4.17	1	7	10	11869	0
4.171	1	2	11	246.525	0
4.172	1	10	12	76.2956	0
4.173	1	9	13	6656.94	0
4.174	1	3	14	3296.43	0
4.201	1	5	1	415.69	0
4.202	1	8	2	3382.96	0
4.203	1	1	3	10699	0
4.204	1	6	4	11005.4	0
4.209	1	4	9	847.202	0
4.21	1	7	10	10629.2	0
4.211	1	2	11	161.767	0
4.212	1	10	12	86.0857	0
4.213	1	9	13	11040	0
4.214	1	3	14	608.764	0
4.241	1	5	1	316.291	0
4.242	1	8	2	2418.88	0
4.243	1	1	3	2885.31	0
4.244	1	6	4	17442.7	0
4.249	1	4	9	612.363	0
4.25	1	7	10	9646.63	0
4.251	1	2	11	296.434	0
4.252	1	10	12	73.8993	0
4.253	1	9	13	5503.73	0
4.254	1	3	14	1297.79	0
4.281	1	5	1	711.46	0
4.282	1	8	2	1338.19	0
4.283	1	1	3	4065.76	0
4.284	1	6	4	9637.3	0
4.289	1	4	9	975.518	0
4.29	1	7	10	7178.93	0
4.291	1	2	11	415.075	0
4.292	1	10	12	273.221	0
4.293	1	9	13	4752.63	0
4.294	1	3	14	1627.51	0
4.321	1	5	1	1040.74	0
4.322	1	8	2	3548.29	0
4.323	1	1	3	8460.83	0
4.324	1	6	4	10789.3	0
4.329	1	4	9	2124.33	0
4.33	1	7	10	6726.5	0
4.331	1	2	11	186.29	0
4.332	1	10	12	243.767	0
4.333	1	9	13	6161.35	0
4.334	1	3	14	1654.47	0
4.361	1	5	1	462.427	0
4.362	1	8	2	2343.24	0
4.363	1	1	3	3533.1	0
4.364	1	6	4	15039.9	0
4.369	1	4	9	1262.46	0
4.37	1	7	10	17872	0
4.371	1	2	11	166.7	0
4.372	1	10	12	56.0532	0
4.373	1	9	13	6342.77	0
4.374	1	3	14	2194.94	0
4.401	1	5	1	1189.89	0
4.402	1	8	2	1284.49	0
4.403	1	1	3	7829.13	0
4.404	1	6	4	7349.58	0
4.409	1	4	9	1353.09	0
4.41	1	7	10	12084.9	0
4.411	1	2	11	278.625	0
4.412	1	10	12	56.4838	0
4.413	1	9	13	5298.06	0
4.414	1	3	14	2559.47	0
4.441	1	5	1	624.858	0
4.442	1	8	2	1559.69	0
4.443	1	1	3	5058.99	0
4.444	1	6	4	8016.16	0
4.449	1	4	9	2250.84	0
4.45	1	7	10	11381.8	0
4.451	1	2	11	164.201	0
4.452	1	10	12	101.173	0
4.453	1	9	13	4739.51	0
4.454	1	3	14	6724.9	0
4.481	1	5	1	591.037	0
4.482	1	8	2	432.068	0
4.483	1	1	3	3483.66	0
4.484	1	6	4	8365.33	0
4.489	1	4	9	1608.83	0
4.49	1	7	10	11034	0
4.491	1	2	11	251.943	0
4.492	1	10	12	370.333	0
4.493	1	9	13	6949.52	0
4.494	1	3	14	2086.03	0
4.521	1	5	1	930.99	0
4.522	1	8	2	1677.18	0
4.523	1	1	3	1768.31	0
4.524	1	6	4	7321.94	0
4.529	1	4	9	4225.12	0
4.53	1	7	10	17184.3	0
4.531	1	2	11	338.528	0
4.532	1	10	12	191.244	0
4.533	1	9	13	7022.05	0
4.534	1	3	14	562.226	0
4.561	1	5	1	1446.99	0
4.562	1	8	2	1626.27	0
4.563	1	1	3	765.012	0
4.564	1	6	4	4936.67	0
4.569	1	4	9	5586.03	0
4.57	1	7	10	28805.5	0
4.571	1	2	11	212.273	0
4.572	1	10	12	98.7078	0
4.573	1	9	13	7594.68	0
4.574	1	3	14	279.044	0
4.601	1	5	1	3127.33	0
4.602	1	8	2	1643.55	0
4.603	1	1	3	1270.85	0
4.604	1	6	4	7258.11	0
4.609	1	4	9	5950.53	0
4.61	1	7	10	19728.2	0
4.611	1	2	11	81.8687	0
4.612	1	10	12	162.407	0
4.613	1	9	13	17157	0
4.614	1	3	14	266.482	0
4.641	1	5	1	1354.92	0
4.642	1	8	2	1153.14	0
4.643	1	1	3	3028.21	0
4.644	1	6	4	2799.65	0
4.649	1	4	9	4408.63	0
4.65	1	7	10	15549.1	0
4.651	1	2	11	140.23	0
4.652	1	10	12	299.821	0
4.653	1	9	13	17996.6	0
4.654	1	3	14	472.809	0
4.681	1	5	1	630.522	0
4.682	1	8	2	1567.59	0
4.683	1	1	3	841.637	0
4.684	1	6	4	3237.21	0
4.689	1	4	9	7922.87	0
4.69	1	7	10	16479.5	0
4.691	1	2	11	140.402	0
4.692	1	10	12	103.958	0
4.693	1	9	13	8287.07	0
4.694	1	3	14	1513.48	0
4.721	1	5	1	181.861	0
4.722	1	8	2	1638.96	0
4.723	1	1	3	1497.12	0
4.724	1	6	4	2308.47	0
4.729	1	4	9	5513.52	0
4.73	1	7	10	7682.24	0
4.731	1	2	11	123.419	0
4.732	1	10	12	91.4474	0
4.733	1	9	13	3851.63	0
4.734	1	3	14	1650.87	0
4.761	1	5	1	291.682	0
4.762	1	8	2	1654.64	0
4.763	1	1	3	1187.01	0
4.764	1	6	4	3835.97	0
4.769	1	4	9	1015.21	0
4.77	1	7	10	16734.3	0
4.771	1	2	11	113.808	0
4.772	1	10	12	75.2658	0
4.773	1	9	13	3934.15	0
4.774	1	3	14	4545.73	0
4.801	1	5	1	807.375	0
4.802	1	8	2	1617.56	0
4.803	1	1	3	4867.99	0
4.804	1	6	4	5269.41	0
4.809	1	4	9	1108.16	0
4.81	1	7	10	18994.8	0
4.811	1	2	11	88.5196	0
4.812	1	10	12	63.6998	0
4.813	1	9	13	6501.52	0
4.814	1	3	14	2493.76	0
4.841	1	5	1	262.886	0
4.842	1	8	2	1654.21	0
4.843	1	1	3	2110.99	0
4.844	1	6	4	7659.42	0
4.849	1	4	9	2416.91	0
4.85	1	7	10	8471.26	0
4.851	1	2	11	108.928	0
4.852	1	10	12	510.897	0
4.853	1	9	13	7703.91	0
4.854	1	3	14	2214.99	0
4.881	1	5	1	625.719	0
4.882	1	8	2	1647.78	0
4.883	1	1	3	503.63	0
4.884	1	6	4	13912.8	0
4.889	1	4	9	3135.84	0
4.89	1	7	10	10136.9	0
4.891	1	2	11	200.691	0
4.892	1	10	12	213.238	0
4.893	1	9	13	4530.15	0
4.894	1	3	14	2339.65	0
4.921	1	5	1	1014.58	0
4.922	1	8	2	1656.16	0
4.923	1	1	3	1209.61	0
4.924	1	6	4	7393.95	0
4.929	1	4	9	2476.66	0
4.93	1	7	10	11808.3	0
4.931	1	2	11	154.223	0
4.932	1	10	12	102.288	0
4.933	1	9	13	9388.48	0
4.934	1	3	14	901.52	0
4.961	1	5	1	974.301	0
4.962	1	8	2	1059.46	0
4.963	1	1	3	1286.38	0
4.964	1	6	4	7869.19	0
4.969	1	4	9	2093.25	0
4.97	1	7	10	11700.6	0
4.971	1	2	11	120.359	0
4.972	1	10	12	204.223	0
4.973	1	9	13	16542.7	0
4.974	1	3	14	3601.06	0
5.001	1	5	1	1216.7	0
5.002	1	8	2	1953.31	0
5.003	1	1	3	8511.42	0
5.004	1	6	4	9939.17	0
5.009	1	4	9	2865.27	0
5.01	1	7	10	36926.8	0
5.011	1	2	11	240.414	0
5.012	1	10	12	136.931	0
5.013	1	9	13	5531.81	0
5.014	1	3	14	414.411	0
5.041	1	5	1	1873.28	0
5.042	1	8	2	3370.88	0
5.043	1	1	3	3670.48	0
5.044	1	6	4	4199.74	0
5.049	1	4	9	2188.09	0
5.05	1	7	10	37076.3	0
5.051	1	2	11	182.832	0
5.052	1	10	12	209.397	0
5.053	1	9	13	4375.06	0
5.054	1	3	14	652.193	0
5.081	1	5	1	977.55	0
5.082	1	8	2	4062	0
5.083	1	1	3	2921.66	0
5.084	1	6	4	2779.77	0
5.089	1	4	9	887.182	0
5.09	1	7	10	7707.79	0
5.091	1	2	11	393.995	0
5.092	1	10	12	174.981	0
5.093	1	9	13	4044.84	0
5.094	1	3	14	2198.48	0
5.121	1	5	1	1993.5	0
5.122	1	8	2	5103.66	0
5.123	1	1	3	2301.11	0
5.124	1	6	4	6122.8	0
5.129	1	4	9	4019.19	0
5.13	1	7	10	34241	0
5.131	1	2	11	249.065	0
5.132	1	10	12	125.072	0
5.133	1	9	13	4523.64	0
5.134	1	3	14	492.64	0
5.161	1	5	1	2043.17	0
5.162	1	8	2	556.625	0
5.163	1	1	3	3328.13	0
5.164	1	6	4	6563.45	0
5.169	1	4	9	2386.87	0
5.17	1	7	10	19997.8	0
5.171	1	2	11	302.166	0
5.172	1	10	12	80.7143	0
5.173	1	9	13	8027.33	0
5.174	1	3	14	1494.63	0
5.201	1	5	1	2057.21	0
5.202	1	8	2	5106.42	0
5.203	1	1	3	6024.84	0
5.204	1	6	4	8836.65	0
5.209	1	4	9	2033.79	0
5.21	1	7	10	18234.6	0
5.211	1	2	11	722.711	0
5.212	1	10	12	78.599	0
5.213	1	9	13	9315.43	0
5.214	1	3	14	4341.54	0
5.241	1	5	1	1292.97	0
5.242	1	8	2	520.114	0
5.243	1	1	3	2201.16	0
5.244	1	6	4	5383.48	0
5.249	1	4	9	5384.37	0
5.25	1	7	10	13650.6	0
5.251	1	2	11	310.91	0
5.252	1	10	12	161.249	0
5.253	1	9	13	19853.3	0
5.254	1	3	14	2286.5	0
5.281	1	5	1	585.543	0
5.282	1	8	2	259.744	0
5.283	1	1	3	608.637	0
5.284	1	6	4	4796.14	0
5.289	1	4	9	2972.68	0
5.29	1	7	10	13898.5	0
5.291	1	2	11	290.145	0
5.292	1	10	12	226.083	0
5.293	1	9	13	14527.1	0
5.294	1	3	14	2817.7	0
5.321	1	5	1	240.228	0
5.322	1	8	2	1101.45	0
5.323	1	1	3	803.32	0
5.324	1	6	4	4285.78	0
5.329	1	4	9	6244.78	0
5.33	1	7	10	58005.7	0
5.331	1	2	11	493.085	0
5.332	1	10	12	182.026	0
5.333	1	9	13	8991.44	0
5.334	1	3	14	1118.03	0
5.361	1	5	1	644.367	0
5.362	1	8	2	1715.79	0
5.363	1	1	3	2205.59	0
5.364	1	6	4	1918.66	0
5.369	1	4	9	9470.04	0
5.37	1	7	10	37879.2	0
5.371	1	2	11	190.343	0
5.372	1	10	12	42.5363	0
5.373	1	9	13	21500	0
5.374	1	3	14	3233.15	0
5.401	1	5	1	1226.1	0
5.402	1	8	2	3445.7	0
5.403	1	1	3	1399.03	0
5.404	1	6	4	2679.7	0
5.409	1	4	9	2185.84	0
5.41	1	7	10	18229	0
5.411	1	2	11	169.713	0
5.412	1	10	12	79.0969	0
5.413	1	9	13	16874.9	0
5.414	1	3	14	5180.76	0
5.441	1	5	1	1087.2	0
5.442	1	8	2	948.266	0
5.443	1	1	3	2430.34	0
5.444	1	6	4	3193.74	0
5.449	1	4	9	4582.86	0
5.45	1	7	10	14894.9	0
5.451	1	2	11	38.338	0
5.452	1	10	12	76.8838	0
5.453	1	9	13	9974.23	0
5.454	1	3	14	1309.88	0
5.481	1	5	1	775.415	0
5.482	1	8	2	682.869	0
5.483	1	1	3	3694.92	0
5.484	1	6	4	4416.35	0
5.489	1	4	9	8784.68	0
5.49	1	7	10	16358	0
5.491	1	2	11	275.65	0
5.492	1	10	12	36.5822	0
5.493	1	9	13	17634.4	0
5.494	1	3	14	2547.09	0
5.521	1	5	1	1407.11	0
5.522	1	8	2	798.609	0
5.523	1	1	3	1768.74	0
5.524	1	6	4	4736.25	0
5.529	1	4	9	2548.3	0
5.53	1	7	10	13332	0
5.531	1	2	11	194.08	0
5.532	1	10	12	63.1783	0
5.533	1	9	13	8024.29	0
5.534	1	3	14	1193.43	0
5.561	1	5	1	1074.87	0
5.562	1	8	2	280.669	0
5.563	1	1	3	1489.3	0
5.564	1	6	4	3587.02	0
5.569	1	4	9	14275.4	0
5.57	1	7	10	9588.59	0
5.571	1	2	11	273.626	0
5.572	1	10	12	125.356	0
5.573	1	9	13	9869.85	0
5.574	1	3	14	1836.94	0
5.601	1	5	1	1592.22	0
5.602	1	8	2	1373.42	0
5.603	1	1	3	2645.15	0
5.604	1	6	4	2349.71	0
5.609	1	4	9	1188.66	0
5.61	1	7	10	9417.73	0
5.611	1	2	11	234.996	0
5.612	1	10	12	88.2044	0
5.613	1	9	13	20330.8	0
5.614	1	3	14	5697.4	0
5.641	1	5	1	1006.67	0
5.642	1	8	2	1875.18	0
5.643	1	1	3	2757.62	0
5.644	1	6	4	15519.4	0
5.649	1	4	9	1280.54	0
5.65	1	7	10	2521.89	0
5.651	1	2	11	144.025	0
5.652	1	10	12	90.3461	0
5.653	1	9	13	13457.3	0
5.654	1	3	14	1854.18	0
5.681	1	5	1	3158.12	0
5.682	1	8	2	626.33	0
5.683	1	1	3	4609.13	0
5.684	1	6	4	9559.05	0
5.689	1	4	9	3112.04	0
5.69	1	7	10	6786.57	0
5.691	1	2	11	165.748	0
5.692	1	10	12	131.929	0
5.693	1	9	13	9690.99	0
5.694	1	3	14	3314.23	0
5.721	1	5	1	582.349	0
5.722	1	8	2	991.887	0
5.723	1	1	3	7589.38	0
5.724	1	6	4	1357.31	0
5.729	1	4	9	1666.07	0
5.73	1	7	10	28993.3	0
5.731	1	2	11	61.1636	0
5.732	1	10	12	224.123	0
5.733	1	9	13	21940.5	0
5.734	1	3	14	11805.8	0
5.761	1	5	1	987.927	0
5.762	1	8	2	2138.69	0
5.763	1	1	3	4929.36	0
5.764	1	6	4	12101.5	0
5.769	1	4	9	1493.1	0
5.77	1	7	10	49927	0
5.771	1	2	11	70.0715	0
5.772	1	10	12	73.4663	0
5.773	1	9	13	16156.1	0
5.774	1	3	14	8034.19	0
5.801	1	5	1	3849.28	0
5.802	1	8	2	1145.82	0
5.803	1	1	3	3261.25	0
5.804	1	6	4	9676.29	0
5.809	1	4	9	570.847	0
5.81	1	7	10	29207.2	0
5.811	1	2	11	101.723	0
5.812	1	10	12	46.2269	0
5.813	1	9	13	15110.3	0
5.814	1	3	14	4003.14	0
5.841	1	5	1	522.286	0
5.842	1	8	2	5285.96	0
5.843	1	1	3	2046.16	0
5.844	1	6	4	3190.2	0
5.849	1	4	9	742.242	0
5.85	1	7	10	28971.2	0
5.851	1	2	11	117.299	0
5.852	1	10	12	109.748	0
5.853	1	9	13	17317.1	0
5.854	1	3	14	934.674	0
5.881	1	5	1	3195.71	0
5.882	1	8	2	9044.53	0
5.883	1	1	3	2731.59	0
5.884	1	6	4	4276.96	0
5.889	1	4	9	3087.2	0
5.89	1	7	10	43569	0
5.891	1	2	11	200.514	0
5.892	1	10	12	89.3811	0
5.893	1	9	13	9240.36	0
5.894	1	3	14	657.656	0
5.921	1	5	1	1687.37	0
5.922	1	8	2	4499.38	0
5.923	1	1	3	4188.55	0
5.924	1	6	4	2752.69	0
5.929	1	4	9	1865.96	0
5.93	1	7	10	22219.1	0
5.931	1	2	11	271.817	0
5.932	1	10	12	52.4012	0
5.933	1	9	13	4910.62	0
5.934	1	3	14	923.927	0
5.961	1	5	1	487.707	0
5.962	1	8	2	1789.38	0
5.963	1	1	3	3263.01	0
5.964	1	6	4	1502.81	0
5.969	1	4	9	893.205	0
5.97	1	7	10	22056.4	0
5.971	1	2	11	329.559	0
5.972	1	10	12	151.629	0
5.973	1	9	13	4495.55	0
5.974	1	3	14	774.321	0
6.001	1	5	1	652.398	0
6.002	1	8	2	2849.63	0
6.003	1	1	3	5260.1	0
6.004	1	6	4	3314.34	0
6.009	1	4	9	3988.35	0
6.01	1	7	10	14380	0
6.011	1	2	11	415.013	0
6.012	1	10	12	78.617	0
6.013	1	9	13	10348.5	0
6.014	1	3	14	1088.77	0
6.041	1	5	1	137.441	0
6.042	1	8	2	1846.79	0
6.043	1	1	3	2950.52	0
6.044	1	6	4	9598.89	0
6.049	1	4	9	4351.66	0
6.05	1	7	10	6675.21	0
6.051	1	2	11	422.33	0
6.052	1	10	12	134.917	0
6.053	1	9	13	7407.67	0
6.054	1	3	14	12820.3	0
6.081	1	5	1	584.209	0
6.082	1	8	2	1160.41	0
6.083	1	1	3	1281.99	0
6.084	1	6	4	12588.3	0
6.089	1	4	9	1913.01	0
6.09	1	7	10	18645.4	0
6.091	1	2	11	297.409	0
6.092	1	10	12	124.385	0
6.093	1	9	13	8368.07	0
6.094	1	3	14	917.331	0
6.121	1	5	1	193.428	0
6.122	1	8	2	939.522	0
6.123	1	1	3	1459.41	0
6.124	1	6	4	8903.54	0
6.129	1	4	9	2610.99	0
6.13	1	7	10	31781.3	0
6.131	1	2	11	392.589	0
6.132	1	10	12	168.343	0
6.133	1	9	13	4265.18	0
6.134	1	3	14	1849.01	0
6.161	1	5	1	358.487	0
6.162	1	8	2	661.44	0
6.163	1	1	3	1858.71	0
6.164	1	6	4	3401.02	0
6.169	1	4	9	1628.73	0
6.17	1	7	10	34563.5	0
6.171	1	2	11	261.362	0
6.172	1	10	12	148.86	0
6.173	1	9	13	14701.1	0
6.174	1	3	14	5412.74	0
6.201	1	5	1	1194.53	0
6.202	1	8	2	617.695	0
6.203	1	1	3	1379.96	0
6.204	1	6	4	2374.27	0
6.209	1	4	9	1112.07	0
6.21	1	7	10	26864.5	0
6.211	1	2	11	124.251	0
6.212	1	10	12	184.269	0
6.213	1	9	13	17294.6	0
6.214	1	3	14	2220.16	0
6.241	1	5	1	1980.65	0
6.242	1	8	2	1311.48	0
6.243	1	1	3	772.652	0
6.244	1	6	4	3558.09	0
6.249	1	4	9	1408.26	0
6.25	1	7	10	11025.4	0
6.251	1	2	11	94.3491	0
6.252	1	10	12	97.1994	0
6.253	1	9	13	9191.63	0
6.254	1	3	14	3645.27	0
6.281	1	5	1	13100.1	0
6.282	1	8	2	1272.54	0
6.283	1	1	3	1094.21	0
6.284	1	6	4	5359.41	0
6.289	1	4	9	2225.17	0
6.29	1	7	10	9822.96	0
6.291	1	2	11	111.217	0
6.292	1	10	12	56.2289	0
6.293	1	9	13	16440.4	0
6.294	1	3	14	4297.06	0
6.321	1	5	1	556.57	0
6.322	1	8	2	958.531	0
6.323	1	1	3	1242.51	0
6.324	1	6	4	3552.77	0
6.329	1	4	9	1571.86	0
6.33	1	7	10	15265.6	0
6.331	1	2	11	108.714	0
6.332	1	10	12	119.014	0
6.333	1	9	13	23994.1	0
6.334	1	3	14	7574.7	0
6.361	1	5	1	738.861	0
6.362	1	8	2	1029.15	0
6.363	1	1	3	774.68	0
6.364	1	6	4	4404.46	0
6.369	1	4	9	974.915	0
6.37	1	7	10	4913.09	0
6.371	1	2	11	205.212	0
6.372	1	10	12	290.71	0
6.373	1	9	13	10565.3	0
6.374	1	3	14	8833.17	0
6.401	1	5	1	13946.9	0
6.402	1	8	2	706.073	0
6.403	1	1	3	1697.9	0
6.404	1	6	4	9760.21	0
6.409	1	4	9	1110.12	0
6.41	1	7	10	10795.8	0
6.411	1	2	11	241.239	0
6.412	1	10	12	256.621	0
6.413	1	9	13	8902.9	0
6.414	1	3	14	2747.81	0
6.441	1	5	1	1039.13	0
6.442	1	8	2	887.727	0
6.443	1	1	3	4329.68	0
6.444	1	6	4	12101.5	0
6.449	1	4	9	743.003	0
6.45	1	7	10	12805.3	0
6.451	1	2	11	145.953	0
6.452	1	10	12	126.389	0
6.453	1	9	13	19589.8	0
6.454	1	3	14	2571.5	0
6.481	1	5	1	1041.59	0
6.482	1	8	2	897.882	0
6.483	1	1	3	5216.72	0
6.484	1	6	4	11105.5	0
6.489	1	4	9	2694.63	0
6.49	1	7	10	5269.66	0
6.491	1	2	11	130.049	0
6.492	1	10	12	133.141	0
6.493	1	9	13	11289.3	0
6.494	1	3	14	9723.77	0
6.521	1	5	1	3741.81	0
6.522	1	8	2	4668.97	0
6.523	1	1	3	3399.06	0
6.524	1	6	4	10768.4	0
6.529	1	4	9	1890.76	0
6.53	1	7	10	14112	0
6.531	1	2	11	183.985	0
6.532	1	10	12	225.285	0
6.533	1	9	13	7763.82	0
6.534	1	3	14	5857.72	0
6.561	1	5	1	845.587	0
6.562	1	8	2	2248.21	0
6.563	1	1	3	2745.11	0
6.564	1	6	4	13258.8	0
6.569	1	4	9	1991.07	0
6.57	1	7	10	22611.3	0
6.571	1	2	11	102.326	0
6.572	1	10	12	196.506	0
6.573	1	9	13	5750.47	0
6.574	1	3	14	2711.52	0
6.601	1	5	1	753.19	0
6.602	1	8	2	496.217	0
6.603	1	1	3	1620.53	0
6.604	1	6	4	8190	0
6.609	1	4	9	2245.32	0
6.61	1	7	10	17851.8	0
6.611	1	2	11	99.6574	0
6.612	1	10	12	104.994	0
6.613	1	9	13	9684.01	0
6.614	1	3	14	6269.89	0
6.641	1	5	1	123.878	0
6.642	1	8	2	906.598	0
6.643	1	1	3	2804.59	0
6.644	1	6	4	11751.6	0
6.649	1	4	9	1946.68	0
6.65	1	7	10	20371	0
6.651	1	2	11	176.855	0
6.652	1	10	12	97.0415	0
6.653	1	9	13	10786.1	0
6.654	1	3	14	3947.03	0
6.681	1	5	1	196.11	0
6.682	1	8	2	1263.08	0
6.683	1	1	3	856.419	0
6.684	1	6	4	8907.84	0
6.689	1	4	9	2082.5	0
6.69	1	7	10	34988	0
6.691	1	2	11	99.3412	0
6.692	1	10	12	76.253	0
6.693	1	9	13	11674.8	0
6.694	1	3	14	3358.39	0
6.721	1	5	1	622.365	0
6.722	1	8	2	1451	0
6.723	1	1	3	4882.92	0
6.724	1	6	4	5748.46	0
6.729	1	4	9	2237.63	0
6.73	1	7	10	21358.7	0
6.731	1	2	11	221.324	0
6.732	1	10	12	113.52	0
6.733	1	9	13	6026.33	0
6.734	1	3	14	1429.05	0
6.761	1	5	1	1359.11	0
6.762	1	8	2	2876.19	0
6.763	1	1	3	10005.8	0
6.764	1	6	4	3949.03	0
6.769	1	4	9	1989.94	0
6.77	1	7	10	15847.1	0
6.771	1	2	11	195.016	0
6.772	1	10	12	79.998	0
6.773	1	9	13	14391.3	0
6.774	1	3	14	330.165	0
6.801	1	5	1	1053.55	0
6.802	1	8	2	3234.21	0
6.803	1	1	3	1153.84	0
6.804	1	6	4	2362.34	0
6.809	1	4	9	2157.77	0
6.81	1	7	10	5492.25	0
6.811	1	2	11	271.503	0
6.812	1	10	12	36.3921	0
6.813	1	9	13	18102.5	0
6.814	1	3	14	766.488	0
6.841	1	5	1	2200.21	0
6.842	1	8	2	3669.89	0
6.843	1	1	3	1018.19	0
6.844	1	6	4	5487.95	0
6.849	1	4	9	1910.58	0
6.85	1	7	10	11347.7	0
6.851	1	2	11	390.204	0
6.852	1	10	12	69.1016	0
6.853	1	9	13	7017.29	0
6.854	1	3	14	1144.01	0
6.881	1	5	1	5031.02	0
6.882	1	8	2	3260.25	0
6.883	1	1	3	4074.62	0
6.884	1	6	4	3244.12	0
6.889	1	4	9	2066.51	0
6.89	1	7	10	21241	0
6.891	1	2	11	166.089	0
6.892	1	10	12	222.367	0
6.893	1	9	13	9020.54	0
6.894	1	3	14	1710.15	0
6.921	1	5	1	5471.36	0
6.922	1	8	2	4406.13	0
6.923	1	1	3	1883.19	0
6.924	1	6	4	5759.26	0
6.929	1	4	9	1929.54	0
6.93	1	7	10	9746.63	0
6.931	1	2	11	563.245	0
6.932	1	10	12	107.484	0
6.933	1	9	13	6075.23	0
6.934	1	3	14	3629.7	0
6.961	1	5	1	1538.77	0
6.962	1	8	2	1874.73	0
6.963	1	1	3	1436.54	0
6.964	1	6	4	6709.4	0
6.969	1	4	9	2024.32	0
6.97	1	7	10	25176.9	0
6.971	1	2	11	598.661	0
6.972	1	10	12	51.385	0
6.973	1	9	13	7228.07	0
6.974	1	3	14	3559.75	0
7.001	1	5	1	457.096	0
7.002	1	8	2	2007.28	0
7.003	1	1	3	2623.77	0
7.004	1	6	4	5572.12	0
7.009	1	4	9	6431.04	0
7.01	1	7	10	11107.8	0
7.011	1	2	11	214.077	0
7.012	1	10	12	93.5758	0
7.013	1	9	13	12762.4	0
7.014	1	3	14	1754.31	0
7.041	1	5	1	2114.79	0
7.042	1	8	2	546.123	0
7.043	1	1	3	3891.49	0
7.044	1	6	4	2875.2	0
7.049	1	4	9	4857.93	0
7.05	1	7	10	10159	0
7.051	1	2	11	110.236	0
7.052	1	10	12	22.4945	0
7.053	1	9	13	16232.7	0
7.054	1	3	14	1438.64	0
7.081	1	5	1	2543.82	0
7.082	1	8	2	1330.52	0
7.083	1	1	3	4803.26	0
7.084	1	6	4	3333.83	0
7.089	1	4	9	3804.04	0
7.09	1	7	10	8154.13	0
7.091	1	2	11	96.6215	0
7.092	1	10	12	27.4513	0
7.093	1	9	13	10829.8	0
7.094	1	3	14	910.263	0
7.121	1	5	1	1257.25	0
7.122	1	8	2	936.489	0
7.123	1	1	3	5017.11	0
7.124	1	6	4	5282.13	0
7.129	1	4	9	1016.89	0
7.13	1	7	10	3451.62	0
7.131	1	2	11	111.674	0
7.132	1	10	12	237.343	0
7.133	1	9	13	5245.06	0
7.134	1	3	14	2797.68	0
7.161	1	5	1	527.857	0
7.162	1	8	2	386.806	0
7.163	1	1	3	6899.45	0
7.164	1	6	4	3082.53	0
7.169	1	4	9	1843.64	0
7.17	1	7	10	9772.43	0
7.171	1	2	11	119.353	0
7.172	1	10	12	469.72	0
7.173	1	9	13	14370.6	0
7.174	1	3	14	1258.76	0
7.201	1	5	1	518.795	0
7.202	1	8	2	810.295	0
7.203	1	1	3	2589.36	0
7.204	1	6	4	7029.14	0
7.209	1	4	9	3401.99	0
7.21	1	7	10	36018.5	0
7.211	1	2	11	234.99	0
7.212	1	10	12	685.862	0
7.213	1	9	13	18728.2	0
7.214	1	3	14	676.877	0
7.241	1	5	1	3521.26	0
7.242	1	8	2	856.432	0
7.243	1	1	3	9638.26	0
7.244	1	6	4	5741.49	0
7.249	1	4	9	2100.05	0
7.25	1	7	10	48287.5	0
7.251	1	2	11	216.032	0
7.252	1	10	12	497.597	0
7.253	1	9	13	7321.27	0
7.254	1	3	14	1290.41	0
7.281	1	5	1	1043.32	0
7.282	1	8	2	581.146	0
7.283	1	1	3	11260.1	0
7.284	1	6	4	8908.6	0
7.289	1	4	9	5536.65	0
7.29	1	7	10	24625.6	0
7.291	1	2	11	139.133	0
7.292	1	10	12	228.936	0
7.293	1	9	13	8278.43	0
7.294	1	3	14	1152.06	0
7.321	1	5	1	541.162	0
7.322	1	8	2	923.695	0
7.323	1	1	3	3161.69	0
7.324	1	6	4	11494.9	0
7.329	1	4	9	5627.79	0
7.33	1	7	10	34431.7	0
7.331	1	2	11	115.652	0
7.332	1	10	12	59.8525	0
7.333	1	9	13	12560.6	0
7.334	1	3	14	1895.61	0
7.361	1	5	1	2116.86	0
7.362	1	8	2	695.038	0
7.363	1	1	3	1383.98	0
7.364	1	6	4	5178.73	0
7.369	1	4	9	6187.15	0
7.37	1	7	10	40586.4	0
7.371	1	2	11	46.66	0
7.372	1	10	12	52.0067	0
7.373	1	9	13	7436.28	0
7.374	1	3	14	1262.35	0
7.401	1	5	1	1630.38	0
7.402	1	8	2	674.039	0
7.403	1	1	3	1595.96	0
7.404	1	6	4	18378.5	0
7.409	1	4	9	7054.75	0
7.41	1	7	10	19056	0
7.411	1	2	11	41.7764	0
7.412	1	10	12	111.236	0
7.413	1	9	13	11915	0
7.414	1	3	14	5509.77	0
7.441	1	5	1	1671.04	0
7.442	1	8	2	2543.67	0
7.443	1	1	3	3615.39	0
7.444	1	6	4	17134.9	0
7.449	1	4	9	2355.75	0
7.45	1	7	10	24254.4	0
7.451	1	2	11	56.036	0
7.452	1	10	12	51.9384	0
7.453	1	9	13	9406.98	0
7.454	1	3	14	5696.64	0
7.481	1	5	1	369.162	0
7.482	1	8	2	3384.83	0
7.483	1	1	3	2211.23	0
7.484	1	6	4	5494.84	0
7.489	1	4	9	1287.7	0
7.49	1	7	10	22871.2	0
7.491	1	2	11	257.239	0
7.492	1	10	12	101.331	0
7.493	1	9	13	10734.4	0
7.494	1	3	14	1603.69	0
7.521	1	5	1	586.347	0
7.522	1	8	2	1877.66	0
7.523	1	1	3	2274.86	0
7.524	1	6	4	14795.2	0
7.529	1	4	9	1245.39	0
7.53	1	7	10	31155.1	0
7.531	1	2	11	287.032	0
7.532	1	10	12	108.676	0
7.533	1	9	13	11180.8	0
7.534	1	3	14	2104	0
7.561	1	5	1	367.288	0
7.562	1	8	2	2926.56	0
7.563	1	1	3	201.018	0
7.564	1	6	4	10757.4	0
7.569	1	4	9	1186.42	0
7.57	1	7	10	24893.7	0
7.571	1	2	11	318.596	0
7.572	1	10	12	573.803	0
7.573	1	9	13	8902.9	0
7.574	1	3	14	2192.93	0
7.601	1	5	1	509.607	0
7.602	1	8	2	2950.5	0
7.603	1	1	3	1210.99	0
7.604	1	6	4	3561.37	0
7.609	1	4	9	1699.42	0
7.61	1	7	10	14644.9	0
7.611	1	2	11	121.913	0
7.612	1	10	12	346.545	0
7.613	1	9	13	19589.8	0
7.614	1	3	14	3708.36	0
7.641	1	5	1	728.606	0
7.642	1	8	2	2077.51	0
7.643	1	1	3	3652.99	0
7.644	1	6	4	12526.9	0
7.649	1	4	9	3797.92	0
7.65	1	7	10	20762.8	0
7.651	1	2	11	103.405	0
7.652	1	10	12	61.8459	0
7.653	1	9	13	11289.3	0
7.654	1	3	14	1174.53	0
7.681	1	5	1	1318.25	0
7.682	1	8	2	5394.23	0
7.683	1	1	3	630.828	0
7.684	1	6	4	5881.18	0
7.689	1	4	9	2540.01	0
7.69	1	7	10	36427.5	0
7.691	1	2	11	149.668	0
7.692	1	10	12	129.205	0
7.693	1	9	13	3840.44	0
7.694	1	3	14	8086.59	0
7.721	1	5	1	3574.08	0
7.722	1	8	2	5045.41	0
7.723	1	1	3	3987.83	0
7.724	1	6	4	7040.83	0
7.729	1	4	9	2131.88	0
7.73	1	7	10	22643.3	0
7.731	1	2	11	130.509	0
7.732	1	10	12	78.3969	0
7.733	1	9	13	11551.4	0
7.734	1	3	14	3107.52	0
7.761	1	5	1	5585.65	0
7.762	1	8	2	2382.7	0
7.763	1	1	3	3879.41	0
7.764	1	6	4	3640.11	0
7.769	1	4	9	2374.55	0
7.77	1	7	10	11180.6	0
7.771	1	2	11	119.898	0
7.772	1	10	12	84.3688	0
7.773	1	9	13	13046.6	0
7.774	1	3	14	981.26	0
7.801	1	5	1	3144.79	0
7.802	1	8	2	579.491	0
7.803	1	1	3	22682.5	0
7.804	1	6	4	7101.38	0
7.809	1	4	9	3431.39	0
7.81	1	7	10	24209.6	0
7.811	1	2	11	104.396	0
7.812	1	10	12	100.724	0
7.813	1	9	13	14394.8	0
7.814	1	3	14	1614.3	0
7.841	1	5	1	1593.44	0
7.842	1	8	2	293.425	0
7.843	1	1	3	15737.4	0
7.844	1	6	4	21039.9	0
7.849	1	4	9	4479.96	0
7.85	1	7	10	16379.4	0
7.851	1	2	11	83.6179	0
7.852	1	10	12	77.0899	0
7.853	1	9	13	15078.6	0
7.854	1	3	14	1669.33	0
7.881	1	5	1	2192.69	0
7.882	1	8	2	932.944	0
7.883	1	1	3	1936.05	0
7.884	1	6	4	11292.8	0
7.889	1	4	9	2415.16	0
7.89	1	7	10	18821.5	0
7.891	1	2	11	154.002	0
7.892	1	10	12	427.02	0
7.893	1	9	13	10817.1	0
7.894	1	3	14	3119.19	0
7.921	1	5	1	1368.21	0
7.922	1	8	2	1041.45	0
7.923	1	1	3	2276.35	0
7.924	1	6	4	6449.84	0
7.929	1	4	9	1922.97	0
7.93	1	7	10	21851.7	0
7.931	1	2	11	199.067	0
7.932	1	10	12	277.328	0
7.933	1	9	13	13795.8	0
7.934	1	3	14	672.254	0
7.961	1	5	1	930.809	0
7.962	1	8	2	348.579	0
7.963	1	1	3	7521.28	0
7.964	1	6	4	4688.75	0
7.969	1	4	9	783.072	0
7.97	1	7	10	15574.9	0
7.971	1	2	11	121.384	0
7.972	1	10	12	47.865	0
7.973	1	9	13	16232.7	0
7.974	1	3	14	405.706	0
8.001	1	5	1	2987.29	0
8.002	1	8	2	1228.13	0
8.003	1	1	3	2985.37	0
8.004	1	6	4	6986.5	0
8.009	1	4	9	725.709	0
8.01	1	7	10	23973	0
8.011	1	2	11	161.66	0
8.012	1	10	12	111.985	0
8.013	1	9	13	17978.8	0
8.014	1	3	14	823.942	0
8.041	1	5	1	2953.54	0
8.042	1	8	2	609.857	0
8.043	1	1	3	2777.5	0
8.044	1	6	4	3169.84	0
8.049	1	4	9	517.278	0
8.05	1	7	10	25316.7	0
8.051	1	2	11	290.78	0
8.052	1	10	12	328.635	0
8.053	1	9	13	15121.2	0
8.054	1	3	14	358.321	0
8.081	1	5	1	3342.56	0
8.082	1	8	2	1153.68	0
8.083	1	1	3	5683	0
8.084	1	6	4	3419.08	0
8.089	1	4	9	774.326	0
8.09	1	7	10	29183.3	0
8.091	1	2	11	417.043	0
8.092	1	10	12	214	0
8.093	1	9	13	4376.88	0
8.094	1	3	14	9082.5	0
8.121	1	5	1	2244.48	0
8.122	1	8	2	740.521	0
8.123	1	1	3	1529.21	0
8.124	1	6	4	4132.94	0
8.129	1	4	9	4628.03	0
8.13	1	7	10	13457.1	0
8.131	1	2	11	192.264	0
8.132	1	10	12	228.016	0
8.133	1	9	13	11555.9	0
8.134	1	3	14	506.083	0
8.161	1	5	1	1169.07	0
8.162	1	8	2	1106.59	0
8.163	1	1	3	3458.97	0
8.164	1	6	4	4210.99	0
8.169	1	4	9	11332.4	0
8.17	1	7	10	45490.1	0
8.171	1	2	11	162.409	0
8.172	1	10	12	597.42	0
8.173	1	9	13	10263.1	0
8.174	1	3	14	1699.25	0
8.201	1	5	1	2093.85	0
8.202	1	8	2	1446.4	0
8.203	1	1	3	243.707	0
8.204	1	6	4	3315.71	0
8.209	1	4	9	2964.29	0
8.21	1	7	10	25014.7	0
8.211	1	2	11	279.766	0
8.212	1	10	12	448.432	0
8.213	1	9	13	8411.93	0
8.214	1	3	14	5049.04	0
8.241	1	5	1	2540.79	0
8.242	1	8	2	1156.75	0
8.243	1	1	3	2161.97	0
8.244	1	6	4	3368.68	0
8.249	1	4	9	4123.81	0
8.25	1	7	10	8568.9	0
8.251	1	2	11	165.39	0
8.252	1	10	12	312.499	0
8.253	1	9	13	12424.3	0
8.254	1	3	14	2444.35	0
8.281	1	5	1	6616.01	0
8.282	1	8	2	3158.81	0
8.283	1	1	3	14609.8	0
8.284	1	6	4	4795.05	0
8.289	1	4	9	11246.7	0
8.29	1	7	10	35580.3	0
8.291	1	2	11	249.163	0
8.292	1	10	12	511.577	0
8.293	1	9	13	7825.57	0
8.294	1	3	14	2674.98	0
8.321	1	5	1	8389.69	0
8.322	1	8	2	1908.69	0
8.323	1	1	3	652.94	0
8.324	1	6	4	5142.57	0
8.329	1	4	9	4130.98	0
8.33	1	7	10	14829.8	0
8.331	1	2	11	218.382	0
8.332	1	10	12	73.8462	0
8.333	1	9	13	15049.4	0
8.334	1	3	14	1074.62	0
8.361	1	5	1	2441.66	0
8.362	1	8	2	2985.37	0
8.363	1	1	3	2886.82	0
8.364	1	6	4	4908.63	0
8.369	1	4	9	3748.44	0
8.37	1	7	10	21129.9	0
8.371	1	2	11	213.761	0
8.372	1	10	12	45.64	0
8.373	1	9	13	16605.3	0
8.374	1	3	14	1816.89	0
8.401	1	5	1	430.279	0
8.402	1	8	2	2435.97	0
8.403	1	1	3	5748.89	0
8.404	1	6	4	3341.78	0
8.409	1	4	9	4519.33	0
8.41	1	7	10	7964.76	0
8.411	1	2	11	400.365	0
8.412	1	10	12	99.5649	0
8.413	1	9	13	9138.61	0
8.414	1	3	14	1536.82	0
8.441	1	5	1	879.467	0
8.442	1	8	2	1186.44	0
8.443	1	1	3	3992.96	0
8.444	1	6	4	6160.63	0
8.449	1	4	9	5643.68	0
8.45	1	7	10	26395.7	0
8.451	1	2	11	262.953	0
8.452	1	10	12	64.0613	0
8.453	1	9	13	7028.62	0
8.454	1	3	14	852.362	0
8.481	1	5	1	713.367	0
8.482	1	8	2	601.607	0
8.483	1	1	3	1651.23	0
8.484	1	6	4	7820.12	0
8.489	1	4	9	5042.69	0
8.49	1	7	10	59810.4	0
8.491	1	2	11	184.666	0
8.492	1	10	12	42.2555	0
8.493	1	9	13	1574.27	0
8.494	1	3	14	2997.6	0
8.521	1	5	1	2106.07	0
8.522	1	8	2	1942.67	0
8.523	1	1	3	1110.16	0
8.524	1	6	4	5142.33	0
8.529	1	4	9	2450.07	0
8.53	1	7	10	33792.2	0
8.531	1	2	11	149.087	0
8.532	1	10	12	643.352	0
8.533	1	9	13	22194.7	0
8.534	1	3	14	1126.06	0
8.561	1	5	1	587.38	0
8.562	1	8	2	3173.52	0
8.563	1	1	3	795.179	0
8.564	1	6	4	15984.5	0
8.569	1	4	9	3816.37	0
8.57	1	7	10	22470.3	0
8.571	1	2	11	128.79	0
8.572	1	10	12	351.976	0
8.573	1	9	13	12289.6	0
8.574	1	3	14	2546.09	0
8.601	1	5	1	3730.22	0
8.602	1	8	2	1690.41	0
8.603	1	1	3	3756.12	0
8.604	1	6	4	19360.3	0
8.609	1	4	9	955.629	0
8.61	1	7	10	8578.26	0
8.611	1	2	11	119.066	0
8.612	1	10	12	199.652	0
8.613	1	9	13	9546.29	0
8.614	1	3	14	688.684	0
8.641	1	5	1	3382.88	0
8.642	1	8	2	341.686	0
8.643	1	1	3	1230.91	0
8.644	1	6	4	5631.85	0
8.649	1	4	9	2378.38	0
8.65	1	7	10	12111.7	0
