% start	end	CellId	IMSI	RNTI	LCID	nTxPDUs	TxBytes	nRxPDUs	RxBytes	delay	stdDev	min	max	PduSize	stdDev	min	max
0	0.25	1	1	1	4	45	7852	45	7852	0.003	0	0.003	0.003	174.489	57.6327	78	314	
0	0.25	1	2	6	3	49	8482	49	8482	0.003	0	0.003	0.003	173.102	55.6527	78	314	
0	0.25	1	3	3	3	48	9108	48	9108	0.003	0	0.003	0.003	189.75	66.3432	81	314	
0	0.25	1	4	4	3	49	8794	48	8637	0.003	0	0.003	0.003	179.937	58.1906	81	314	
0	0.25	1	5	2	3	51	8486	50	8329	0.003	0	0.003	0.003	166.58	46.9838	81	314	
0.25	0.5	1	1	1	4	50	9106	50	9106	0.003	0	0.003	0.003	182.12	58.1415	157	314	
0.25	0.5	1	2	6	3	54	9734	54	9734	0.003	0	0.003	0.003	180.259	56.2975	157	314	
0.25	0.5	1	3	3	3	53	9891	53	9891	0.003	0	0.003	0.003	186.623	62.0146	157	314	
0.25	0.5	1	4	4	3	53	9734	53	9734	0.003	0	0.003	0.003	183.66	59.5124	157	314	
0.25	0.5	1	5	2	3	51	9263	51	9263	0.003	0	0.003	0.003	181.627	57.6645	157	314	
0.5	0.75	1	1	1	4	50	9262	50	9262	0.003	0	0.003	0.003	185.24	68.6067	157	470	
0.5	0.75	1	2	6	3	51	9891	51	9891	0.003	0	0.003	0.003	193.941	67.2593	157	314	
0.5	0.75	1	3	3	3	49	9106	48	8949	0.003	0	0.003	0.003	186.438	61.9275	157	314	
0.5	0.75	1	4	4	3	50	10048	50	10048	0.003	0	0.003	0.003	200.96	71.2085	157	314	
0.5	0.75	1	5	2	3	52	10048	53	10205	0.003	0	0.003	0.003	192.547	66.335	157	314	
0.75	1	1	1	1	4	52	9890	52	9890	0.003	0	0.003	0.003	190.192	71.7457	157	470	
0.75	1	1	2	6	3	54	10361	53	10047	0.003	0	0.003	0.003	189.566	71.1987	157	470	
0.75	1	1	3	3	3	52	9734	52	9734	0.003	0	0.003	0.003	187.192	62.4795	157	314	
0.75	1	1	4	4	3	50	9263	51	9420	0.003	0	0.003	0.003	184.706	60.4471	157	314	
0.75	1	1	5	2	3	52	9263	52	9263	0.003	0	0.003	0.003	178.135	54.1088	157	314	
1	1.25	1	1	1	4	53	9734	52	9577	0.003	0	0.003	0.003	184.173	59.9747	157	314	
1	1.25	1	2	6	3	53	9734	53	9891	0.003	0	0.003	0.003	186.623	62.0146	157	314	
1	1.25	1	3	3	3	51	10205	52	10362	0.003	0	0.003	0.003	199.269	70.3184	157	314	
1	1.25	1	4	4	3	53	9577	53	9577	0.003	0	0.003	0.003	180.698	56.7429	157	314	
1	1.25	1	5	2	3	54	9890	54	9890	0.003	0	0.003	0.003	183.148	66.3881	157	470	
1.25	1.5	1	1	1	4	52	9263	52	9263	0.003	0	0.003	0.003	178.135	54.1088	157	314	
1.25	1.5	1	2	6	3	57	10048	58	10205	0.003	0	0.003	0.003	175.948	51.592	157	314	
1.25	1.5	1	3	3	3	51	9420	50	9263	0.003	0	0.003	0.003	185.26	60.9298	157	314	
1.25	1.5	1	4	4	3	51	9106	51	9106	0.003	0	0.003	0.003	178.549	54.5638	157	314	
1.25	1.5	1	5	2	3	50	9577	50	9577	0.003	0	0.003	0.003	191.54	65.697	157	314	
1.5	1.75	1	1	1	4	50	9577	51	9734	0.003	0	0.003	0.003	190.863	65.2163	157	314	
1.5	1.75	1	2	6	3	53	9736	52	9579	0.003	0	0.003	0.003	184.212	60.1952	131	314	
1.5	1.75	1	3	3	3	53	9106	54	9263	0.003	0	0.003	0.003	171.537	45.9354	157	314	
1.5	1.75	1	4	4	3	51	10205	51	10205	0.003	0	0.003	0.003	200.098	70.7611	157	314	
1.5	1.75	1	5	2	3	52	9420	51	9263	0.003	0	0.003	0.003	181.627	57.6645	157	314	
1.75	2	1	1	1	4	53	9734	52	9577	0.003	0	0.003	0.003	184.173	59.9747	157	314	
1.75	2	1	2	6	3	53	8949	53	8949	0.003	0	0.003	0.003	168.849	41.8686	157	314	
1.75	2	1	3	3	3	52	9420	52	9420	0.003	0	0.003	0.003	181.154	57.1984	157	314	
1.75	2	1	4	4	3	54	9579	54	9579	0.003	0	0.003	0.003	177.389	53.4745	131	314	
1.75	2	1	5	2	3	52	9420	53	9577	0.003	0	0.003	0.003	180.698	56.7429	157	314	
2	2.25	1	1	1	4	54	9576	55	9733	0.003	0	0.003	0.003	176.964	60.7505	157	470	
2	2.25	1	2	6	3	55	10049	55	10049	0.003	0	0.003	0.003	182.709	66.0554	131	470	
2	2.25	1	3	3	3	53	9581	53	9581	0.003	0	0.003	0.003	180.774	57.2036	131	314	
2	2.25	1	4	4	3	51	9263	51	9263	0.003	0	0.003	0.003	181.627	57.6645	157	314	
2	2.25	1	5	2	3	50	9577	49	9420	0.003	0	0.003	0.003	192.245	66.1865	157	314	
2.25	2.5	1	1	1	4	53	9576	53	9576	0.003	0	0.003	0.003	180.679	64.472	157	470	
2.25	2.5	1	2	6	3	55	10362	54	10205	0.003	0	0.003	0.003	188.981	63.8257	157	314	
2.25	2.5	1	3	3	3	51	10519	51	10519	0.003	0	0.003	0.003	206.255	73.5739	157	314	
2.25	2.5	1	4	4	3	51	9891	50	9577	0.003	0	0.003	0.003	191.54	65.697	157	314	
2.25	2.5	1	5	2	3	51	9736	52	9893	0.003	0	0.003	0.003	190.25	64.9449	131	314	
2.5	2.75	1	1	1	4	56	10362	55	10205	0.003	0	0.003	0.003	185.545	61.1122	157	314	
2.5	2.75	1	2	6	3	51	9890	53	10204	0.003	0	0.003	0.003	192.528	73.0594	157	470	
2.5	2.75	1	3	3	3	53	9265	52	9108	0.003	0	0.003	0.003	175.154	50.9165	131	314	
2.5	2.75	1	4	4	3	50	9891	51	10205	0.003	0	0.003	0.003	200.098	70.7611	157	314	
2.5	2.75	1	5	2	3	49	9732	49	9732	0.003	0	0.003	0.003	198.612	83.2831	157	470	
2.75	3	1	1	1	4	55	10050	55	10050	0.003	0	0.003	0.003	182.727	58.8307	131	314	
2.75	3	1	2	6	3	54	10833	54	10833	0.003	0	0.003	0.003	200.611	70.9811	157	314	
2.75	3	1	3	3	3	52	10366	53	10523	0.003	0	0.003	0.003	198.547	70.2357	131	314	
2.75	3	1	4	4	3	50	10048	50	10048	0.00314	0.000989949	0.003	0.01	200.96	71.2085	157	314	
2.75	3	1	5	2	3	53	9263	52	9106	0.003	0	0.003	0.003	175.115	50.6486	157	314	
3	3.25	1	1	1	4	49	9106	49	8949	0.003	0	0.003	0.003	182.633	58.6297	157	314	
3	3.25	1	2	6	3	51	10048	51	10048	0.003	0	0.003	0.003	197.02	69.1024	157	314	
3	3.25	1	3	3	3	50	9577	50	9577	0.003	0	0.003	0.003	191.54	65.697	157	314	
3	3.25	1	4	4	3	49	8792	49	8792	0.003	0	0.003	0.003	179.429	55.5079	157	314	
3	3.25	1	5	2	3	50	9891	50	9891	0.003	0	0.003	0.003	197.82	69.5647	157	314	
3.25	3.5	1	1	1	4	52	9577	52	9577	0.003	0	0.003	0.003	184.173	59.9747	157	314	
3.25	3.5	1	2	6	3	52	9577	52	9577	0.003	0	0.003	0.003	184.173	59.9747	157	314	
3.25	3.5	1	3	3	3	52	10362	52	10362	0.003	0	0.003	0.003	199.269	70.3184	157	314	
3.25	3.5	1	4	4	3	51	9108	51	9108	0.003	0	0.003	0.003	178.588	54.5781	149	314	
3.25	3.5	1	5	2	3	53	9891	53	9891	0.003	0	0.003	0.003	186.623	62.0146	157	314	
3.5	3.75	1	1	1	4	52	9577	53	9891	0.003	0	0.003	0.003	186.623	62.0146	157	314	
3.5	3.75	1	2	6	3	52	8949	52	8949	0.003	0	0.003	0.003	172.096	46.7355	157	314	
3.5	3.75	1	3	3	3	52	9890	51	9733	0.003	0	0.003	0.003	190.843	72.3045	157	470	
3.5	3.75	1	4	4	3	52	9734	51	9420	0.003	0	0.003	0.003	184.706	60.4471	157	314	
3.5	3.75	1	5	2	3	53	9577	54	9734	0.003	0	0.003	0.003	180.259	56.2975	157	314	
3.75	4	1	1	1	4	50	10360	50	10360	0.003	0	0.003	0.003	207.2	86.393	157	470	
3.75	4	1	2	6	3	53	10988	53	10988	0.003	0	0.003	0.003	207.321	85.7287	157	470	
3.75	4	1	3	3	3	52	10205	52	10048	0.003	0	0.003	0.003	193.231	66.7934	157	314	
3.75	4	1	4	4	3	52	9734	52	9891	0.003	0	0.003	0.003	190.212	64.7442	157	314	
3.75	4	1	5	2	3	56	9579	56	9579	0.003	0	0.003	0.003	171.054	45.4562	131	314	
4	4.25	1	1	1	4	54	9893	53	9736	0.003	0	0.003	0.003	183.698	59.7307	131	314	
4	4.25	1	2	6	3	54	10050	53	9893	0.003	0	0.003	0.003	186.66	62.2223	131	314	
4	4.25	1	3	3	3	50	9890	51	10204	0.003	0	0.003	0.003	200.078	77.3452	157	470	
4	4.25	1	4	4	3	50	9577	51	9734	0.003	0	0.003	0.003	190.863	65.2163	157	314	
4	4.25	1	5	2	3	53	9893	53	9893	0.003	0	0.003	0.003	186.66	62.2223	131	314	
4.25	4.5	1	1	1	4	52	10048	52	9891	0.003	0	0.003	0.003	190.212	64.7442	157	314	
4.25	4.5	1	2	6	3	53	10048	53	10048	0.003	0	0.003	0.003	189.585	64.2808	157	314	
4.25	4.5	1	3	3	3	51	8792	51	8792	0.003	0	0.003	0.003	172.392	47.1513	157	314	
4.25	4.5	1	4	4	3	51	9734	51	9734	0.003	0	0.003	0.003	190.863	65.2163	157	314	
4.25	4.5	1	5	2	3	53	9420	53	9420	0.003	0	0.003	0.003	177.736	53.6646	157	314	
4.5	4.75	1	1	1	4	51	10364	51	10521	0.003	0	0.003	0.003	206.294	73.7453	131	314	
4.5	4.75	1	2	6	3	51	9420	52	9577	0.003	0	0.003	0.003	184.173	59.9747	157	314	
4.5	4.75	1	3	3	3	50	9891	50	9891	0.003	0	0.003	0.003	197.82	69.5647	157	314	
4.5	4.75	1	4	4	3	52	9422	51	9265	0.003	0	0.003	0.003	181.667	57.9001	131	314	
4.5	4.75	1	5	2	3	54	10205	54	10205	0.003	0	0.003	0.003	188.981	63.8257	157	314	
4.75	5	1	1	1	4	53	10204	53	10204	0.003	0	0.003	0.003	192.528	73.0594	157	470	
4.75	5	1	2	6	3	49	10205	49	10205	0.003	0	0.003	0.003	208.265	74.3872	157	314	
4.75	5	1	3	3	3	52	9577	52	9577	0.003	0	0.003	0.003	184.173	59.9747	157	314	
4.75	5	1	4	4	3	51	9734	51	9734	0.003	0	0.003	0.003	190.863	65.2163	157	314	
4.75	5	1	5	2	3	54	9891	54	9891	0.003	0	0.003	0.003	183.167	59.0599	157	314	
5	5.25	1	1	1	4	54	9110	55	9267	0.003	0	0.003	0.003	168.491	39.9281	131	314	
5	5.25	1	2	6	3	56	10207	55	10050	0.003	0	0.003	0.003	182.727	58.8307	131	314	
5	5.25	1	3	3	3	53	9420	53	9420	0.003	0	0.003	0.003	177.736	53.6646	157	314	
5	5.25	1	4	4	3	53	9577	54	9734	0.003	0	0.003	0.003	180.259	56.2975	157	314	
5	5.25	1	5	2	3	55	9893	54	9736	0.003	0	0.003	0.003	180.296	56.526	131	314	
