% time	cellId	IMSI	RNTI	sinrLinear	componentCarrierId
0.041	1	3	1	3557.42	0
0.042	1	4	2	617.874	0
0.043	1	1	3	9040.95	0
0.044	1	5	4	2985.45	0
0.045	1	2	5	8000.56	0
0.081	1	3	1	3557.42	0
0.082	1	4	2	617.874	0
0.083	1	1	3	9040.95	0
0.084	1	5	4	2985.45	0
0.085	1	2	5	8000.56	0
0.121	1	3	1	3557.42	0
0.122	1	4	2	617.874	0
0.123	1	1	3	9040.95	0
0.124	1	5	4	2985.45	0
0.125	1	2	5	8000.56	0
0.161	1	3	1	3557.42	0
0.162	1	4	2	617.874	0
0.163	1	1	3	9040.95	0
0.164	1	5	4	2985.45	0
0.165	1	2	5	8000.56	0
0.201	1	3	1	3557.42	0
0.202	1	4	2	617.874	0
0.203	1	1	3	9040.95	0
0.204	1	5	4	2985.45	0
0.205	1	2	5	8000.56	0
0.241	1	3	1	3557.42	0
0.242	1	4	2	617.874	0
0.243	1	1	3	9040.95	0
0.244	1	5	4	2985.45	0
0.245	1	2	5	8000.56	0
0.281	1	3	1	3557.42	0
0.282	1	4	2	617.874	0
0.283	1	1	3	9040.95	0
0.284	1	5	4	2985.45	0
0.285	1	2	5	8000.56	0
0.321	1	3	1	3557.42	0
0.322	1	4	2	617.874	0
0.323	1	1	3	9040.95	0
0.324	1	5	4	2985.45	0
0.325	1	2	5	8000.56	0
0.361	1	3	1	3557.42	0
0.362	1	4	2	617.874	0
0.363	1	1	3	9040.95	0
0.364	1	5	4	2985.45	0
0.365	1	2	5	8000.56	0
0.401	1	3	1	3557.42	0
0.402	1	4	2	617.874	0
0.403	1	1	3	9040.95	0
0.404	1	5	4	2985.45	0
0.405	1	2	5	8000.56	0
0.441	1	3	1	3557.42	0
0.442	1	4	2	617.874	0
0.443	1	1	3	9040.95	0
0.444	1	5	4	2985.45	0
0.445	1	2	5	8000.56	0
0.481	1	3	1	3557.42	0
0.482	1	4	2	617.874	0
0.483	1	1	3	9040.95	0
0.484	1	5	4	2985.45	0
0.485	1	2	5	8000.56	0
0.521	1	3	1	3557.42	0
0.522	1	4	2	617.874	0
0.523	1	1	3	9040.95	0
0.524	1	5	4	2985.45	0
0.525	1	2	5	8000.56	0
0.561	1	3	1	3557.42	0
0.562	1	4	2	617.874	0
0.563	1	1	3	9040.95	0
0.564	1	5	4	2985.45	0
0.565	1	2	5	8000.56	0
0.601	1	3	1	3557.42	0
0.602	1	4	2	617.874	0
0.603	1	1	3	9040.95	0
0.604	1	5	4	2985.45	0
0.605	1	2	5	8000.56	0
0.641	1	3	1	3557.42	0
0.642	1	4	2	617.874	0
0.643	1	1	3	9040.95	0
0.644	1	5	4	2985.45	0
0.645	1	2	5	8000.56	0
0.681	1	3	1	3557.42	0
0.682	1	4	2	617.874	0
0.683	1	1	3	9040.95	0
0.684	1	5	4	2985.45	0
0.685	1	2	5	8000.56	0
0.721	1	3	1	3557.42	0
0.722	1	4	2	617.874	0
0.723	1	1	3	9040.95	0
0.724	1	5	4	2985.45	0
0.725	1	2	5	8000.56	0
0.761	1	3	1	3557.42	0
0.762	1	4	2	617.874	0
0.763	1	1	3	9040.95	0
0.764	1	5	4	2985.45	0
0.765	1	2	5	8000.56	0
0.801	1	3	1	3557.42	0
0.802	1	4	2	617.874	0
0.803	1	1	3	9040.95	0
0.804	1	5	4	2985.45	0
0.805	1	2	5	8000.56	0
0.841	1	3	1	3557.42	0
0.842	1	4	2	617.874	0
0.843	1	1	3	9040.95	0
0.844	1	5	4	2985.45	0
0.845	1	2	5	8000.56	0
0.881	1	3	1	3557.42	0
0.882	1	4	2	617.874	0
0.883	1	1	3	9040.95	0
0.884	1	5	4	2985.45	0
0.885	1	2	5	8000.56	0
0.921	1	3	1	3557.42	0
0.922	1	4	2	617.874	0
0.923	1	1	3	9040.95	0
0.924	1	5	4	2985.45	0
0.925	1	2	5	8000.56	0
0.961	1	3	1	3557.42	0
0.962	1	4	2	617.874	0
0.963	1	1	3	9040.95	0
0.964	1	5	4	2985.45	0
0.965	1	2	5	8000.56	0
1.001	1	3	1	3557.42	0
1.002	1	4	2	617.874	0
1.003	1	1	3	9040.95	0
1.004	1	5	4	2985.45	0
1.005	1	2	5	8000.56	0
1.041	1	3	1	3557.42	0
1.042	1	4	2	617.874	0
1.043	1	1	3	9040.95	0
1.044	1	5	4	2985.45	0
1.045	1	2	5	8000.56	0
1.081	1	3	1	3557.42	0
1.082	1	4	2	617.874	0
1.083	1	1	3	9040.95	0
1.084	1	5	4	2985.45	0
1.085	1	2	5	8000.56	0
1.121	1	3	1	3557.42	0
1.122	1	4	2	617.874	0
1.123	1	1	3	9040.95	0
1.124	1	5	4	2985.45	0
1.125	1	2	5	8000.56	0
1.161	1	3	1	3557.42	0
1.162	1	4	2	617.874	0
1.163	1	1	3	9040.95	0
1.164	1	5	4	2985.45	0
1.165	1	2	5	8000.56	0
1.201	1	3	1	3557.42	0
1.202	1	4	2	617.874	0
1.203	1	1	3	9040.95	0
1.204	1	5	4	2985.45	0
1.205	1	2	5	8000.56	0
1.241	1	3	1	3557.42	0
1.242	1	4	2	617.874	0
1.243	1	1	3	9040.95	0
1.244	1	5	4	2985.45	0
1.245	1	2	5	8000.56	0
1.281	1	3	1	3557.42	0
1.282	1	4	2	617.874	0
1.283	1	1	3	9040.95	0
1.284	1	5	4	2985.45	0
1.285	1	2	5	8000.56	0
1.321	1	3	1	3557.42	0
1.322	1	4	2	617.874	0
1.323	1	1	3	9040.95	0
1.324	1	5	4	2985.45	0
1.325	1	2	5	8000.56	0
1.361	1	3	1	3557.42	0
1.362	1	4	2	617.874	0
1.363	1	1	3	9040.95	0
1.364	1	5	4	2985.45	0
1.365	1	2	5	8000.56	0
1.401	1	3	1	3557.42	0
1.402	1	4	2	617.874	0
1.403	1	1	3	9040.95	0
1.404	1	5	4	2985.45	0
1.405	1	2	5	8000.56	0
1.441	1	3	1	3557.42	0
1.442	1	4	2	617.874	0
1.443	1	1	3	9040.95	0
1.444	1	5	4	2985.45	0
1.445	1	2	5	8000.56	0
1.481	1	3	1	3557.42	0
1.482	1	4	2	617.874	0
1.483	1	1	3	9040.95	0
1.484	1	5	4	2985.45	0
1.485	1	2	5	8000.56	0
1.521	1	3	1	3557.42	0
1.522	1	4	2	617.874	0
1.523	1	1	3	9040.95	0
1.524	1	5	4	2985.45	0
1.525	1	2	5	8000.56	0
1.561	1	3	1	3557.42	0
1.562	1	4	2	617.874	0
1.563	1	1	3	9040.95	0
1.564	1	5	4	2985.45	0
1.565	1	2	5	8000.56	0
1.601	1	3	1	3557.42	0
1.602	1	4	2	617.874	0
1.603	1	1	3	9040.95	0
1.604	1	5	4	2985.45	0
1.605	1	2	5	8000.56	0
1.641	1	3	1	3557.42	0
1.642	1	4	2	617.874	0
1.643	1	1	3	9040.95	0
1.644	1	5	4	2985.45	0
1.645	1	2	5	8000.56	0
1.681	1	3	1	3557.42	0
1.682	1	4	2	617.874	0
1.683	1	1	3	9040.95	0
1.684	1	5	4	2985.45	0
1.685	1	2	5	8000.56	0
1.721	1	3	1	3557.42	0
1.722	1	4	2	617.874	0
1.723	1	1	3	9040.95	0
1.724	1	5	4	2985.45	0
1.725	1	2	5	8000.56	0
1.761	1	3	1	3557.42	0
1.762	1	4	2	617.874	0
1.763	1	1	3	9040.95	0
1.764	1	5	4	2985.45	0
1.765	1	2	5	8000.56	0
1.801	1	3	1	3557.42	0
1.802	1	4	2	617.874	0
1.803	1	1	3	9040.95	0
1.804	1	5	4	2985.45	0
1.805	1	2	5	8000.56	0
1.841	1	3	1	3557.42	0
1.842	1	4	2	617.874	0
1.843	1	1	3	9040.95	0
1.844	1	5	4	2985.45	0
1.845	1	2	5	8000.56	0
1.881	1	3	1	3557.42	0
1.882	1	4	2	617.874	0
1.883	1	1	3	9040.95	0
1.884	1	5	4	2985.45	0
1.885	1	2	5	8000.56	0
1.921	1	3	1	3557.42	0
1.922	1	4	2	617.874	0
1.923	1	1	3	9040.95	0
1.924	1	5	4	2985.45	0
1.925	1	2	5	8000.56	0
1.961	1	3	1	3557.42	0
1.962	1	4	2	617.874	0
1.963	1	1	3	9040.95	0
1.964	1	5	4	2985.45	0
1.965	1	2	5	8000.56	0
2.001	1	3	1	3557.42	0
2.002	1	4	2	617.874	0
2.003	1	1	3	9040.95	0
2.004	1	5	4	2985.45	0
2.005	1	2	5	8000.56	0
2.041	1	3	1	3557.42	0
2.042	1	4	2	617.874	0
2.043	1	1	3	9040.95	0
2.044	1	5	4	2985.45	0
2.045	1	2	5	8000.56	0
2.081	1	3	1	3557.42	0
2.082	1	4	2	617.874	0
2.083	1	1	3	9040.95	0
2.084	1	5	4	2985.45	0
2.085	1	2	5	8000.56	0
2.121	1	3	1	3557.42	0
2.122	1	4	2	617.874	0
2.123	1	1	3	9040.95	0
2.124	1	5	4	2985.45	0
2.125	1	2	5	8000.56	0
2.161	1	3	1	3557.42	0
2.162	1	4	2	617.874	0
2.163	1	1	3	9040.95	0
2.164	1	5	4	2985.45	0
2.165	1	2	5	8000.56	0
2.201	1	3	1	3557.42	0
2.202	1	4	2	617.874	0
2.203	1	1	3	9040.95	0
2.204	1	5	4	2985.45	0
2.205	1	2	5	8000.56	0
2.241	1	3	1	3557.42	0
2.242	1	4	2	617.874	0
2.243	1	1	3	9040.95	0
2.244	1	5	4	2985.45	0
2.245	1	2	5	8000.56	0
2.281	1	3	1	3557.42	0
2.282	1	4	2	617.874	0
2.283	1	1	3	9040.95	0
2.284	1	5	4	2985.45	0
2.285	1	2	5	8000.56	0
2.321	1	3	1	3557.42	0
2.322	1	4	2	617.874	0
2.323	1	1	3	9040.95	0
2.324	1	5	4	2985.45	0
2.325	1	2	5	8000.56	0
2.361	1	3	1	3557.42	0
2.362	1	4	2	617.874	0
2.363	1	1	3	9040.95	0
2.364	1	5	4	2985.45	0
2.365	1	2	5	8000.56	0
2.401	1	3	1	3557.42	0
2.402	1	4	2	617.874	0
2.403	1	1	3	9040.95	0
2.404	1	5	4	2985.45	0
2.405	1	2	5	8000.56	0
2.441	1	3	1	3557.42	0
2.442	1	4	2	617.874	0
2.443	1	1	3	9040.95	0
2.444	1	5	4	2985.45	0
2.445	1	2	5	8000.56	0
2.481	1	3	1	3557.42	0
2.482	1	4	2	617.874	0
2.483	1	1	3	9040.95	0
2.484	1	5	4	2985.45	0
2.485	1	2	5	8000.56	0
2.521	1	3	1	3557.42	0
2.522	1	4	2	617.874	0
2.523	1	1	3	9040.95	0
2.524	1	5	4	2985.45	0
2.525	1	2	5	8000.56	0
2.561	1	3	1	3557.42	0
2.562	1	4	2	617.874	0
2.563	1	1	3	9040.95	0
2.564	1	5	4	2985.45	0
2.565	1	2	5	8000.56	0
2.601	1	3	1	3557.42	0
2.602	1	4	2	617.874	0
2.603	1	1	3	9040.95	0
2.604	1	5	4	2985.45	0
2.605	1	2	5	8000.56	0
2.641	1	3	1	3557.42	0
2.642	1	4	2	617.874	0
2.643	1	1	3	9040.95	0
2.644	1	5	4	2985.45	0
2.645	1	2	5	8000.56	0
2.681	1	3	1	3557.42	0
2.682	1	4	2	617.874	0
2.683	1	1	3	9040.95	0
2.684	1	5	4	2985.45	0
2.685	1	2	5	8000.56	0
2.721	1	3	1	3557.42	0
2.722	1	4	2	617.874	0
2.723	1	1	3	9040.95	0
2.724	1	5	4	2985.45	0
2.725	1	2	5	8000.56	0
2.761	1	3	1	3557.42	0
2.762	1	4	2	617.874	0
2.763	1	1	3	9040.95	0
2.764	1	5	4	2985.45	0
2.765	1	2	5	8000.56	0
2.801	1	3	1	3557.42	0
2.802	1	4	2	617.874	0
2.803	1	1	3	9040.95	0
2.804	1	5	4	2985.45	0
2.805	1	2	5	8000.56	0
2.841	1	3	1	3557.42	0
2.842	1	4	2	617.874	0
2.843	1	1	3	9040.95	0
2.844	1	5	4	2985.45	0
2.845	1	2	5	8000.56	0
2.881	1	3	1	3557.42	0
2.882	1	4	2	617.874	0
2.883	1	1	3	9040.95	0
2.884	1	5	4	2985.45	0
2.885	1	2	5	8000.56	0
2.921	1	3	1	3557.42	0
2.922	1	4	2	617.874	0
2.923	1	1	3	9040.95	0
2.924	1	5	4	2985.45	0
2.925	1	2	5	8000.56	0
2.961	1	3	1	3557.42	0
2.962	1	4	2	617.874	0
2.963	1	1	3	9040.95	0
2.964	1	5	4	2985.45	0
2.965	1	2	5	8000.56	0
3.001	1	3	1	3557.42	0
3.002	1	4	2	617.874	0
3.003	1	1	3	9040.95	0
3.004	1	5	4	2985.45	0
3.005	1	2	5	8000.56	0
3.041	1	3	1	3557.42	0
3.042	1	4	2	617.874	0
3.043	1	1	3	9040.95	0
3.044	1	5	4	2985.45	0
3.045	1	2	5	8000.56	0
3.081	1	3	1	3557.42	0
3.082	1	4	2	617.874	0
3.083	1	1	3	9040.95	0
3.084	1	5	4	2985.45	0
3.085	1	2	5	8000.56	0
3.121	1	3	1	3557.42	0
3.122	1	4	2	617.874	0
3.123	1	1	3	9040.95	0
3.124	1	5	4	2985.45	0
3.125	1	2	5	8000.56	0
3.161	1	3	1	3557.42	0
3.162	1	4	2	617.874	0
3.163	1	1	3	9040.95	0
3.164	1	5	4	2985.45	0
3.165	1	2	5	8000.56	0
3.201	1	3	1	3557.42	0
3.202	1	4	2	617.874	0
3.203	1	1	3	9040.95	0
3.204	1	5	4	2985.45	0
3.205	1	2	5	8000.56	0
3.241	1	3	1	3557.42	0
3.242	1	4	2	617.874	0
3.243	1	1	3	9040.95	0
3.244	1	5	4	2985.45	0
3.245	1	2	5	8000.56	0
3.281	1	3	1	3557.42	0
3.282	1	4	2	617.874	0
3.283	1	1	3	9040.95	0
3.284	1	5	4	2985.45	0
3.285	1	2	5	8000.56	0
3.321	1	3	1	3557.42	0
3.322	1	4	2	617.874	0
3.323	1	1	3	9040.95	0
3.324	1	5	4	2985.45	0
3.325	1	2	5	8000.56	0
3.361	1	3	1	3557.42	0
3.362	1	4	2	617.874	0
3.363	1	1	3	9040.95	0
3.364	1	5	4	2985.45	0
3.365	1	2	5	8000.56	0
3.401	1	3	1	3557.42	0
3.402	1	4	2	617.874	0
3.403	1	1	3	9040.95	0
3.404	1	5	4	2985.45	0
3.405	1	2	5	8000.56	0
3.441	1	3	1	3557.42	0
3.442	1	4	2	617.874	0
3.443	1	1	3	9040.95	0
3.444	1	5	4	2985.45	0
3.445	1	2	5	8000.56	0
3.481	1	3	1	3557.42	0
3.482	1	4	2	617.874	0
3.483	1	1	3	9040.95	0
3.484	1	5	4	2985.45	0
3.485	1	2	5	8000.56	0
3.521	1	3	1	3557.42	0
3.522	1	4	2	617.874	0
3.523	1	1	3	9040.95	0
3.524	1	5	4	2985.45	0
3.525	1	2	5	8000.56	0
3.561	1	3	1	3557.42	0
3.562	1	4	2	617.874	0
3.563	1	1	3	9040.95	0
3.564	1	5	4	2985.45	0
3.565	1	2	5	8000.56	0
3.601	1	3	1	3557.42	0
3.602	1	4	2	617.874	0
3.603	1	1	3	9040.95	0
3.604	1	5	4	2985.45	0
3.605	1	2	5	8000.56	0
3.641	1	3	1	3557.42	0
3.642	1	4	2	617.874	0
3.643	1	1	3	9040.95	0
3.644	1	5	4	2985.45	0
3.645	1	2	5	8000.56	0
3.681	1	3	1	3557.42	0
3.682	1	4	2	617.874	0
3.683	1	1	3	9040.95	0
3.684	1	5	4	2985.45	0
3.685	1	2	5	8000.56	0
3.721	1	3	1	3557.42	0
3.722	1	4	2	617.874	0
3.723	1	1	3	9040.95	0
3.724	1	5	4	2985.45	0
3.725	1	2	5	8000.56	0
3.761	1	3	1	3557.42	0
3.762	1	4	2	617.874	0
3.763	1	1	3	9040.95	0
3.764	1	5	4	2985.45	0
3.765	1	2	5	8000.56	0
3.801	1	3	1	3557.42	0
3.802	1	4	2	617.874	0
3.803	1	1	3	9040.95	0
3.804	1	5	4	2985.45	0
3.805	1	2	5	8000.56	0
3.841	1	3	1	3557.42	0
3.842	1	4	2	617.874	0
3.843	1	1	3	9040.95	0
3.844	1	5	4	2985.45	0
3.845	1	2	5	8000.56	0
3.881	1	3	1	3557.42	0
3.882	1	4	2	617.874	0
3.883	1	1	3	9040.95	0
3.884	1	5	4	2985.45	0
3.885	1	2	5	8000.56	0
3.921	1	3	1	3557.42	0
3.922	1	4	2	617.874	0
3.923	1	1	3	9040.95	0
3.924	1	5	4	2985.45	0
3.925	1	2	5	8000.56	0
3.961	1	3	1	3557.42	0
3.962	1	4	2	617.874	0
3.963	1	1	3	9040.95	0
3.964	1	5	4	2985.45	0
3.965	1	2	5	8000.56	0
4.001	1	3	1	3557.42	0
4.002	1	4	2	617.874	0
4.003	1	1	3	9040.95	0
4.004	1	5	4	2985.45	0
4.005	1	2	5	8000.56	0
4.041	1	3	1	3557.42	0
4.042	1	4	2	617.874	0
4.043	1	1	3	9040.95	0
4.044	1	5	4	2985.45	0
4.045	1	2	5	8000.56	0
4.081	1	3	1	3557.42	0
4.082	1	4	2	617.874	0
4.083	1	1	3	9040.95	0
4.084	1	5	4	2985.45	0
4.085	1	2	5	8000.56	0
4.121	1	3	1	3557.42	0
4.122	1	4	2	617.874	0
4.123	1	1	3	9040.95	0
4.124	1	5	4	2985.45	0
4.125	1	2	5	8000.56	0
4.161	1	3	1	3557.42	0
4.162	1	4	2	617.874	0
4.163	1	1	3	9040.95	0
4.164	1	5	4	2985.45	0
4.165	1	2	5	8000.56	0
4.201	1	3	1	3557.42	0
4.202	1	4	2	617.874	0
4.203	1	1	3	9040.95	0
4.204	1	5	4	2985.45	0
4.205	1	2	5	8000.56	0
4.241	1	3	1	3557.42	0
4.242	1	4	2	617.874	0
4.243	1	1	3	9040.95	0
4.244	1	5	4	2985.45	0
4.245	1	2	5	8000.56	0
4.281	1	3	1	3557.42	0
4.282	1	4	2	617.874	0
4.283	1	1	3	9040.95	0
4.284	1	5	4	2985.45	0
4.285	1	2	5	8000.56	0
4.321	1	3	1	3557.42	0
4.322	1	4	2	617.874	0
4.323	1	1	3	9040.95	0
4.324	1	5	4	2985.45	0
4.325	1	2	5	8000.56	0
4.361	1	3	1	3557.42	0
4.362	1	4	2	617.874	0
4.363	1	1	3	9040.95	0
4.364	1	5	4	2985.45	0
4.365	1	2	5	8000.56	0
4.401	1	3	1	3557.42	0
4.402	1	4	2	617.874	0
4.403	1	1	3	9040.95	0
4.404	1	5	4	2985.45	0
4.405	1	2	5	8000.56	0
4.441	1	3	1	3557.42	0
4.442	1	4	2	617.874	0
4.443	1	1	3	9040.95	0
4.444	1	5	4	2985.45	0
4.445	1	2	5	8000.56	0
4.481	1	3	1	3557.42	0
4.482	1	4	2	617.874	0
4.483	1	1	3	9040.95	0
4.484	1	5	4	2985.45	0
4.485	1	2	5	8000.56	0
4.521	1	3	1	3557.42	0
4.522	1	4	2	617.874	0
4.523	1	1	3	9040.95	0
4.524	1	5	4	2985.45	0
4.525	1	2	5	8000.56	0
4.561	1	3	1	3557.42	0
4.562	1	4	2	617.874	0
4.563	1	1	3	9040.95	0
4.564	1	5	4	2985.45	0
4.565	1	2	5	8000.56	0
4.601	1	3	1	3557.42	0
4.602	1	4	2	617.874	0
4.603	1	1	3	9040.95	0
4.604	1	5	4	2985.45	0
4.605	1	2	5	8000.56	0
4.641	1	3	1	3557.42	0
4.642	1	4	2	617.874	0
4.643	1	1	3	9040.95	0
4.644	1	5	4	2985.45	0
4.645	1	2	5	8000.56	0
4.681	1	3	1	3557.42	0
4.682	1	4	2	617.874	0
4.683	1	1	3	9040.95	0
4.684	1	5	4	2985.45	0
4.685	1	2	5	8000.56	0
4.721	1	3	1	3557.42	0
4.722	1	4	2	617.874	0
4.723	1	1	3	9040.95	0
4.724	1	5	4	2985.45	0
4.725	1	2	5	8000.56	0
4.761	1	3	1	3557.42	0
4.762	1	4	2	617.874	0
4.763	1	1	3	9040.95	0
4.764	1	5	4	2985.45	0
4.765	1	2	5	8000.56	0
4.801	1	3	1	3557.42	0
4.802	1	4	2	617.874	0
4.803	1	1	3	9040.95	0
4.804	1	5	4	2985.45	0
4.805	1	2	5	8000.56	0
4.841	1	3	1	3557.42	0
4.842	1	4	2	617.874	0
4.843	1	1	3	9040.95	0
4.844	1	5	4	2985.45	0
4.845	1	2	5	8000.56	0
4.881	1	3	1	3557.42	0
4.882	1	4	2	617.874	0
4.883	1	1	3	9040.95	0
4.884	1	5	4	2985.45	0
4.885	1	2	5	8000.56	0
4.921	1	3	1	3557.42	0
4.922	1	4	2	617.874	0
4.923	1	1	3	9040.95	0
4.924	1	5	4	2985.45	0
4.925	1	2	5	8000.56	0
4.961	1	3	1	3557.42	0
4.962	1	4	2	617.874	0
4.963	1	1	3	9040.95	0
4.964	1	5	4	2985.45	0
4.965	1	2	5	8000.56	0
5.001	1	3	1	3557.42	0
5.002	1	4	2	617.874	0
5.003	1	1	3	9040.95	0
5.004	1	5	4	2985.45	0
5.005	1	2	5	8000.56	0
5.041	1	3	1	3557.42	0
5.042	1	4	2	617.874	0
5.043	1	1	3	9040.95	0
5.044	1	5	4	2985.45	0
5.045	1	2	5	8000.56	0
5.081	1	3	1	3557.42	0
5.082	1	4	2	617.874	0
5.083	1	1	3	9040.95	0
5.084	1	5	4	2985.45	0
5.085	1	2	5	8000.56	0
5.121	1	3	1	3557.42	0
5.122	1	4	2	617.874	0
5.123	1	1	3	9040.95	0
5.124	1	5	4	2985.45	0
5.125	1	2	5	8000.56	0
5.161	1	3	1	3557.42	0
5.162	1	4	2	617.874	0
5.163	1	1	3	9040.95	0
5.164	1	5	4	2985.45	0
5.165	1	2	5	8000.56	0
5.201	1	3	1	3557.42	0
5.202	1	4	2	617.874	0
5.203	1	1	3	9040.95	0
5.204	1	5	4	2985.45	0
5.205	1	2	5	8000.56	0
5.241	1	3	1	3557.42	0
5.242	1	4	2	617.874	0
5.243	1	1	3	9040.95	0
5.244	1	5	4	2985.45	0
5.245	1	2	5	8000.56	0
5.281	1	3	1	3557.42	0
5.282	1	4	2	617.874	0
5.283	1	1	3	9040.95	0
5.284	1	5	4	2985.45	0
5.285	1	2	5	8000.56	0
5.321	1	3	1	3557.42	0
5.322	1	4	2	617.874	0
5.323	1	1	3	9040.95	0
5.324	1	5	4	2985.45	0
5.325	1	2	5	8000.56	0
5.361	1	3	1	3557.42	0
5.362	1	4	2	617.874	0
5.363	1	1	3	9040.95	0
5.364	1	5	4	2985.45	0
5.365	1	2	5	8000.56	0
5.401	1	3	1	3557.42	0
5.402	1	4	2	617.874	0
5.403	1	1	3	9040.95	0
5.404	1	5	4	2985.45	0
5.405	1	2	5	8000.56	0
5.441	1	3	1	3557.42	0
5.442	1	4	2	617.874	0
5.443	1	1	3	9040.95	0
5.444	1	5	4	2985.45	0
5.445	1	2	5	8000.56	0
5.481	1	3	1	3557.42	0
5.482	1	4	2	617.874	0
5.483	1	1	3	9040.95	0
5.484	1	5	4	2985.45	0
5.485	1	2	5	8000.56	0
5.521	1	3	1	3557.42	0
5.522	1	4	2	617.874	0
5.523	1	1	3	9040.95	0
5.524	1	5	4	2985.45	0
5.525	1	2	5	8000.56	0
5.561	1	3	1	3557.42	0
5.562	1	4	2	617.874	0
5.563	1	1	3	9040.95	0
5.564	1	5	4	2985.45	0
5.565	1	2	5	8000.56	0
5.601	1	3	1	3557.42	0
5.602	1	4	2	617.874	0
5.603	1	1	3	9040.95	0
5.604	1	5	4	2985.45	0
5.605	1	2	5	8000.56	0
5.641	1	3	1	3557.42	0
5.642	1	4	2	617.874	0
5.643	1	1	3	9040.95	0
5.644	1	5	4	2985.45	0
5.645	1	2	5	8000.56	0
5.681	1	3	1	3557.42	0
5.682	1	4	2	617.874	0
5.683	1	1	3	9040.95	0
5.684	1	5	4	2985.45	0
5.685	1	2	5	8000.56	0
5.721	1	3	1	3557.42	0
5.722	1	4	2	617.874	0
5.723	1	1	3	9040.95	0
5.724	1	5	4	2985.45	0
5.725	1	2	5	8000.56	0
5.761	1	3	1	3557.42	0
5.762	1	4	2	617.874	0
5.763	1	1	3	9040.95	0
5.764	1	5	4	2985.45	0
5.765	1	2	5	8000.56	0
5.801	1	3	1	3557.42	0
5.802	1	4	2	617.874	0
5.803	1	1	3	9040.95	0
5.804	1	5	4	2985.45	0
5.805	1	2	5	8000.56	0
5.841	1	3	1	3557.42	0
5.842	1	4	2	617.874	0
5.843	1	1	3	9040.95	0
5.844	1	5	4	2985.45	0
5.845	1	2	5	8000.56	0
5.881	1	3	1	3557.42	0
5.882	1	4	2	617.874	0
5.883	1	1	3	9040.95	0
5.884	1	5	4	2985.45	0
5.885	1	2	5	8000.56	0
5.921	1	3	1	3557.42	0
5.922	1	4	2	617.874	0
5.923	1	1	3	9040.95	0
5.924	1	5	4	2985.45	0
5.925	1	2	5	8000.56	0
5.961	1	3	1	3557.42	0
5.962	1	4	2	617.874	0
5.963	1	1	3	9040.95	0
5.964	1	5	4	2985.45	0
5.965	1	2	5	8000.56	0
6.001	1	3	1	3557.42	0
6.002	1	4	2	617.874	0
6.003	1	1	3	9040.95	0
6.004	1	5	4	2985.45	0
6.005	1	2	5	8000.56	0
6.041	1	3	1	3557.42	0
6.042	1	4	2	617.874	0
6.043	1	1	3	9040.95	0
6.044	1	5	4	2985.45	0
6.045	1	2	5	8000.56	0
6.081	1	3	1	3557.42	0
6.082	1	4	2	617.874	0
6.083	1	1	3	9040.95	0
6.084	1	5	4	2985.45	0
6.085	1	2	5	8000.56	0
6.121	1	3	1	3557.42	0
6.122	1	4	2	617.874	0
6.123	1	1	3	9040.95	0
6.124	1	5	4	2985.45	0
6.125	1	2	5	8000.56	0
6.161	1	3	1	3557.42	0
6.162	1	4	2	617.874	0
6.163	1	1	3	9040.95	0
6.164	1	5	4	2985.45	0
6.165	1	2	5	8000.56	0
6.201	1	3	1	3557.42	0
6.202	1	4	2	617.874	0
6.203	1	1	3	9040.95	0
6.204	1	5	4	2985.45	0
6.205	1	2	5	8000.56	0
6.241	1	3	1	3557.42	0
6.242	1	4	2	617.874	0
6.243	1	1	3	9040.95	0
6.244	1	5	4	2985.45	0
6.245	1	2	5	8000.56	0
6.281	1	3	1	3557.42	0
6.282	1	4	2	617.874	0
6.283	1	1	3	9040.95	0
6.284	1	5	4	2985.45	0
6.285	1	2	5	8000.56	0
6.321	1	3	1	3557.42	0
6.322	1	4	2	617.874	0
6.323	1	1	3	9040.95	0
6.324	1	5	4	2985.45	0
6.325	1	2	5	8000.56	0
6.361	1	3	1	3557.42	0
6.362	1	4	2	617.874	0
6.363	1	1	3	9040.95	0
6.364	1	5	4	2985.45	0
6.365	1	2	5	8000.56	0
6.401	1	3	1	3557.42	0
6.402	1	4	2	617.874	0
6.403	1	1	3	9040.95	0
6.404	1	5	4	2985.45	0
6.405	1	2	5	8000.56	0
6.441	1	3	1	3557.42	0
6.442	1	4	2	617.874	0
6.443	1	1	3	9040.95	0
6.444	1	5	4	2985.45	0
6.445	1	2	5	8000.56	0
6.481	1	3	1	3557.42	0
6.482	1	4	2	617.874	0
6.483	1	1	3	9040.95	0
6.484	1	5	4	2985.45	0
6.485	1	2	5	8000.56	0
6.521	1	3	1	3557.42	0
6.522	1	4	2	617.874	0
6.523	1	1	3	9040.95	0
6.524	1	5	4	2985.45	0
6.525	1	2	5	8000.56	0
6.561	1	3	1	3557.42	0
6.562	1	4	2	617.874	0
6.563	1	1	3	9040.95	0
6.564	1	5	4	2985.45	0
6.565	1	2	5	8000.56	0
6.601	1	3	1	3557.42	0
6.602	1	4	2	617.874	0
6.603	1	1	3	9040.95	0
6.604	1	5	4	2985.45	0
6.605	1	2	5	8000.56	0
6.641	1	3	1	3557.42	0
6.642	1	4	2	617.874	0
6.643	1	1	3	9040.95	0
6.644	1	5	4	2985.45	0
6.645	1	2	5	8000.56	0
6.681	1	3	1	3557.42	0
6.682	1	4	2	617.874	0
6.683	1	1	3	9040.95	0
6.684	1	5	4	2985.45	0
6.685	1	2	5	8000.56	0
6.721	1	3	1	3557.42	0
6.722	1	4	2	617.874	0
6.723	1	1	3	9040.95	0
6.724	1	5	4	2985.45	0
6.725	1	2	5	8000.56	0
6.761	1	3	1	3557.42	0
6.762	1	4	2	617.874	0
6.763	1	1	3	9040.95	0
6.764	1	5	4	2985.45	0
6.765	1	2	5	8000.56	0
6.801	1	3	1	3557.42	0
6.802	1	4	2	617.874	0
6.803	1	1	3	9040.95	0
6.804	1	5	4	2985.45	0
6.805	1	2	5	8000.56	0
6.841	1	3	1	3557.42	0
6.842	1	4	2	617.874	0
6.843	1	1	3	9040.95	0
6.844	1	5	4	2985.45	0
6.845	1	2	5	8000.56	0
6.881	1	3	1	3557.42	0
6.882	1	4	2	617.874	0
6.883	1	1	3	9040.95	0
6.884	1	5	4	2985.45	0
6.885	1	2	5	8000.56	0
6.921	1	3	1	3557.42	0
6.922	1	4	2	617.874	0
6.923	1	1	3	9040.95	0
6.924	1	5	4	2985.45	0
6.925	1	2	5	8000.56	0
6.961	1	3	1	3557.42	0
6.962	1	4	2	617.874	0
6.963	1	1	3	9040.95	0
6.964	1	5	4	2985.45	0
6.965	1	2	5	8000.56	0
7.001	1	3	1	3557.42	0
7.002	1	4	2	617.874	0
7.003	1	1	3	9040.95	0
7.004	1	5	4	2985.45	0
7.005	1	2	5	8000.56	0
7.041	1	3	1	3557.42	0
7.042	1	4	2	617.874	0
7.043	1	1	3	9040.95	0
7.044	1	5	4	2985.45	0
7.045	1	2	5	8000.56	0
7.081	1	3	1	3557.42	0
7.082	1	4	2	617.874	0
7.083	1	1	3	9040.95	0
7.084	1	5	4	2985.45	0
7.085	1	2	5	8000.56	0
7.121	1	3	1	3557.42	0
7.122	1	4	2	617.874	0
7.123	1	1	3	9040.95	0
7.124	1	5	4	2985.45	0
7.125	1	2	5	8000.56	0
7.161	1	3	1	3557.42	0
7.162	1	4	2	617.874	0
7.163	1	1	3	9040.95	0
7.164	1	5	4	2985.45	0
7.165	1	2	5	8000.56	0
7.201	1	3	1	3557.42	0
7.202	1	4	2	617.874	0
7.203	1	1	3	9040.95	0
7.204	1	5	4	2985.45	0
7.205	1	2	5	8000.56	0
7.241	1	3	1	3557.42	0
7.242	1	4	2	617.874	0
7.243	1	1	3	9040.95	0
7.244	1	5	4	2985.45	0
7.245	1	2	5	8000.56	0
7.281	1	3	1	3557.42	0
7.282	1	4	2	617.874	0
7.283	1	1	3	9040.95	0
7.284	1	5	4	2985.45	0
7.285	1	2	5	8000.56	0
7.321	1	3	1	3557.42	0
7.322	1	4	2	617.874	0
7.323	1	1	3	9040.95	0
7.324	1	5	4	2985.45	0
7.325	1	2	5	8000.56	0
7.361	1	3	1	3557.42	0
7.362	1	4	2	617.874	0
7.363	1	1	3	9040.95	0
7.364	1	5	4	2985.45	0
7.365	1	2	5	8000.56	0
7.401	1	3	1	3557.42	0
7.402	1	4	2	617.874	0
7.403	1	1	3	9040.95	0
7.404	1	5	4	2985.45	0
7.405	1	2	5	8000.56	0
7.441	1	3	1	3557.42	0
7.442	1	4	2	617.874	0
7.443	1	1	3	9040.95	0
7.444	1	5	4	2985.45	0
7.445	1	2	5	8000.56	0
7.481	1	3	1	3557.42	0
7.482	1	4	2	617.874	0
7.483	1	1	3	9040.95	0
7.484	1	5	4	2985.45	0
7.485	1	2	5	8000.56	0
7.521	1	3	1	3557.42	0
7.522	1	4	2	617.874	0
7.523	1	1	3	9040.95	0
7.524	1	5	4	2985.45	0
7.525	1	2	5	8000.56	0
7.561	1	3	1	3557.42	0
7.562	1	4	2	617.874	0
7.563	1	1	3	9040.95	0
7.564	1	5	4	2985.45	0
7.565	1	2	5	8000.56	0
7.601	1	3	1	3557.42	0
7.602	1	4	2	617.874	0
7.603	1	1	3	9040.95	0
7.604	1	5	4	2985.45	0
7.605	1	2	5	8000.56	0
7.641	1	3	1	3557.42	0
7.642	1	4	2	617.874	0
7.643	1	1	3	9040.95	0
7.644	1	5	4	2985.45	0
7.645	1	2	5	8000.56	0
7.681	1	3	1	3557.42	0
7.682	1	4	2	617.874	0
7.683	1	1	3	9040.95	0
7.684	1	5	4	2985.45	0
7.685	1	2	5	8000.56	0
7.721	1	3	1	3557.42	0
7.722	1	4	2	617.874	0
7.723	1	1	3	9040.95	0
7.724	1	5	4	2985.45	0
7.725	1	2	5	8000.56	0
7.761	1	3	1	3557.42	0
7.762	1	4	2	617.874	0
7.763	1	1	3	9040.95	0
7.764	1	5	4	2985.45	0
7.765	1	2	5	8000.56	0
7.801	1	3	1	3557.42	0
7.802	1	4	2	617.874	0
7.803	1	1	3	9040.95	0
7.804	1	5	4	2985.45	0
7.805	1	2	5	8000.56	0
7.841	1	3	1	3557.42	0
7.842	1	4	2	617.874	0
7.843	1	1	3	9040.95	0
7.844	1	5	4	2985.45	0
7.845	1	2	5	8000.56	0
7.881	1	3	1	3557.42	0
7.882	1	4	2	617.874	0
7.883	1	1	3	9040.95	0
7.884	1	5	4	2985.45	0
7.885	1	2	5	8000.56	0
7.921	1	3	1	3557.42	0
7.922	1	4	2	617.874	0
7.923	1	1	3	9040.95	0
7.924	1	5	4	2985.45	0
7.925	1	2	5	8000.56	0
7.961	1	3	1	3557.42	0
7.962	1	4	2	617.874	0
7.963	1	1	3	9040.95	0
7.964	1	5	4	2985.45	0
7.965	1	2	5	8000.56	0
8.001	1	3	1	3557.42	0
8.002	1	4	2	617.874	0
8.003	1	1	3	9040.95	0
8.004	1	5	4	2985.45	0
8.005	1	2	5	8000.56	0
8.041	1	3	1	3557.42	0
8.042	1	4	2	617.874	0
8.043	1	1	3	9040.95	0
8.044	1	5	4	2985.45	0
8.045	1	2	5	8000.56	0
8.081	1	3	1	3557.42	0
8.082	1	4	2	617.874	0
8.083	1	1	3	9040.95	0
8.084	1	5	4	2985.45	0
8.085	1	2	5	8000.56	0
8.121	1	3	1	3557.42	0
8.122	1	4	2	617.874	0
8.123	1	1	3	9040.95	0
8.124	1	5	4	2985.45	0
8.125	1	2	5	8000.56	0
8.161	1	3	1	3557.42	0
8.162	1	4	2	617.874	0
8.163	1	1	3	9040.95	0
8.164	1	5	4	2985.45	0
8.165	1	2	5	8000.56	0
8.201	1	3	1	3557.42	0
8.202	1	4	2	617.874	0
8.203	1	1	3	9040.95	0
8.204	1	5	4	2985.45	0
8.205	1	2	5	8000.56	0
8.241	1	3	1	3557.42	0
8.242	1	4	2	617.874	0
8.243	1	1	3	9040.95	0
8.244	1	5	4	2985.45	0
8.245	1	2	5	8000.56	0
8.281	1	3	1	3557.42	0
8.282	1	4	2	617.874	0
8.283	1	1	3	9040.95	0
8.284	1	5	4	2985.45	0
8.285	1	2	5	8000.56	0
8.321	1	3	1	3557.42	0
8.322	1	4	2	617.874	0
8.323	1	1	3	9040.95	0
8.324	1	5	4	2985.45	0
8.325	1	2	5	8000.56	0
8.361	1	3	1	3557.42	0
8.362	1	4	2	617.874	0
8.363	1	1	3	9040.95	0
8.364	1	5	4	2985.45	0
8.365	1	2	5	8000.56	0
8.401	1	3	1	3557.42	0
8.402	1	4	2	617.874	0
8.403	1	1	3	9040.95	0
8.404	1	5	4	2985.45	0
8.405	1	2	5	8000.56	0
8.441	1	3	1	3557.42	0
8.442	1	4	2	617.874	0
8.443	1	1	3	9040.95	0
8.444	1	5	4	2985.45	0
8.445	1	2	5	8000.56	0
8.481	1	3	1	3557.42	0
8.482	1	4	2	617.874	0
8.483	1	1	3	9040.95	0
8.484	1	5	4	2985.45	0
8.485	1	2	5	8000.56	0
8.521	1	3	1	3557.42	0
8.522	1	4	2	617.874	0
8.523	1	1	3	9040.95	0
8.524	1	5	4	2985.45	0
8.525	1	2	5	8000.56	0
8.561	1	3	1	3557.42	0
8.562	1	4	2	617.874	0
8.563	1	1	3	9040.95	0
8.564	1	5	4	2985.45	0
8.565	1	2	5	8000.56	0
8.601	1	3	1	3557.42	0
8.602	1	4	2	617.874	0
8.603	1	1	3	9040.95	0
8.604	1	5	4	2985.45	0
8.605	1	2	5	8000.56	0
8.641	1	3	1	3557.42	0
8.642	1	4	2	617.874	0
8.643	1	1	3	9040.95	0
8.644	1	5	4	2985.45	0
8.645	1	2	5	8000.56	0
8.681	1	3	1	3557.42	0
8.682	1	4	2	617.874	0
8.683	1	1	3	9040.95	0
8.684	1	5	4	2985.45	0
8.685	1	2	5	8000.56	0
8.721	1	3	1	3557.42	0
8.722	1	4	2	617.874	0
8.723	1	1	3	9040.95	0
8.724	1	5	4	2985.45	0
8.725	1	2	5	8000.56	0
8.761	1	3	1	3557.42	0
8.762	1	4	2	617.874	0
8.763	1	1	3	9040.95	0
8.764	1	5	4	2985.45	0
8.765	1	2	5	8000.56	0
8.801	1	3	1	3557.42	0
8.802	1	4	2	617.874	0
8.803	1	1	3	9040.95	0
8.804	1	5	4	2985.45	0
8.805	1	2	5	8000.56	0
8.841	1	3	1	3557.42	0
8.842	1	4	2	617.874	0
8.843	1	1	3	9040.95	0
8.844	1	5	4	2985.45	0
8.845	1	2	5	8000.56	0
8.881	1	3	1	3557.42	0
8.882	1	4	2	617.874	0
8.883	1	1	3	9040.95	0
8.884	1	5	4	2985.45	0
8.885	1	2	5	8000.56	0
8.921	1	3	1	3557.42	0
8.922	1	4	2	617.874	0
8.923	1	1	3	9040.95	0
8.924	1	5	4	2985.45	0
8.925	1	2	5	8000.56	0
8.961	1	3	1	3557.42	0
8.962	1	4	2	617.874	0
8.963	1	1	3	9040.95	0
8.964	1	5	4	2985.45	0
8.965	1	2	5	8000.56	0
9.001	1	3	1	3557.42	0
9.002	1	4	2	617.874	0
9.003	1	1	3	9040.95	0
9.004	1	5	4	2985.45	0
9.005	1	2	5	8000.56	0
9.041	1	3	1	3557.42	0
9.042	1	4	2	617.874	0
9.043	1	1	3	9040.95	0
9.044	1	5	4	2985.45	0
9.045	1	2	5	8000.56	0
9.081	1	3	1	3557.42	0
9.082	1	4	2	617.874	0
9.083	1	1	3	9040.95	0
9.084	1	5	4	2985.45	0
9.085	1	2	5	8000.56	0
9.121	1	3	1	3557.42	0
9.122	1	4	2	617.874	0
9.123	1	1	3	9040.95	0
9.124	1	5	4	2985.45	0
9.125	1	2	5	8000.56	0
9.161	1	3	1	3557.42	0
9.162	1	4	2	617.874	0
9.163	1	1	3	9040.95	0
9.164	1	5	4	2985.45	0
9.165	1	2	5	8000.56	0
9.201	1	3	1	3557.42	0
9.202	1	4	2	617.874	0
9.203	1	1	3	9040.95	0
9.204	1	5	4	2985.45	0
9.205	1	2	5	8000.56	0
9.241	1	3	1	3557.42	0
9.242	1	4	2	617.874	0
9.243	1	1	3	9040.95	0
9.244	1	5	4	2985.45	0
9.245	1	2	5	8000.56	0
9.281	1	3	1	3557.42	0
9.282	1	4	2	617.874	0
9.283	1	1	3	9040.95	0
9.284	1	5	4	2985.45	0
9.285	1	2	5	8000.56	0
9.321	1	3	1	3557.42	0
9.322	1	4	2	617.874	0
9.323	1	1	3	9040.95	0
9.324	1	5	4	2985.45	0
9.325	1	2	5	8000.56	0
9.361	1	3	1	3557.42	0
9.362	1	4	2	617.874	0
9.363	1	1	3	9040.95	0
9.364	1	5	4	2985.45	0
9.365	1	2	5	8000.56	0
9.401	1	3	1	3557.42	0
9.402	1	4	2	617.874	0
9.403	1	1	3	9040.95	0
9.404	1	5	4	2985.45	0
9.405	1	2	5	8000.56	0
9.441	1	3	1	3557.42	0
9.442	1	4	2	617.874	0
9.443	1	1	3	9040.95	0
9.444	1	5	4	2985.45	0
9.445	1	2	5	8000.56	0
9.481	1	3	1	3557.42	0
9.482	1	4	2	617.874	0
9.483	1	1	3	9040.95	0
9.484	1	5	4	2985.45	0
9.485	1	2	5	8000.56	0
9.521	1	3	1	3557.42	0
9.522	1	4	2	617.874	0
9.523	1	1	3	9040.95	0
9.524	1	5	4	2985.45	0
9.525	1	2	5	8000.56	0
9.561	1	3	1	3557.42	0
9.562	1	4	2	617.874	0
9.563	1	1	3	9040.95	0
9.564	1	5	4	2985.45	0
9.565	1	2	5	8000.56	0
9.601	1	3	1	3557.42	0
9.602	1	4	2	617.874	0
9.603	1	1	3	9040.95	0
9.604	1	5	4	2985.45	0
9.605	1	2	5	8000.56	0
9.641	1	3	1	3557.42	0
9.642	1	4	2	617.874	0
9.643	1	1	3	9040.95	0
9.644	1	5	4	2985.45	0
9.645	1	2	5	8000.56	0
9.681	1	3	1	3557.42	0
9.682	1	4	2	617.874	0
9.683	1	1	3	9040.95	0
9.684	1	5	4	2985.45	0
9.685	1	2	5	8000.56	0
9.721	1	3	1	3557.42	0
9.722	1	4	2	617.874	0
9.723	1	1	3	9040.95	0
9.724	1	5	4	2985.45	0
9.725	1	2	5	8000.56	0
9.761	1	3	1	3557.42	0
9.762	1	4	2	617.874	0
9.763	1	1	3	9040.95	0
9.764	1	5	4	2985.45	0
9.765	1	2	5	8000.56	0
9.801	1	3	1	3557.42	0
9.802	1	4	2	617.874	0
9.803	1	1	3	9040.95	0
9.804	1	5	4	2985.45	0
9.805	1	2	5	8000.56	0
9.841	1	3	1	3557.42	0
9.842	1	4	2	617.874	0
9.843	1	1	3	9040.95	0
9.844	1	5	4	2985.45	0
9.845	1	2	5	8000.56	0
9.881	1	3	1	3557.42	0
9.882	1	4	2	617.874	0
9.883	1	1	3	9040.95	0
9.884	1	5	4	2985.45	0
9.885	1	2	5	8000.56	0
9.921	1	3	1	3557.42	0
9.922	1	4	2	617.874	0
9.923	1	1	3	9040.95	0
9.924	1	5	4	2985.45	0
9.925	1	2	5	8000.56	0
9.961	1	3	1	3557.42	0
9.962	1	4	2	617.874	0
9.963	1	1	3	9040.95	0
9.964	1	5	4	2985.45	0
9.965	1	2	5	8000.56	0
10.001	1	3	1	3557.42	0
10.002	1	4	2	617.874	0
10.003	1	1	3	9040.95	0
10.004	1	5	4	2985.45	0
10.005	1	2	5	8000.56	0
10.041	1	3	1	3557.42	0
10.042	1	4	2	617.874	0
10.043	1	1	3	9040.95	0
10.044	1	5	4	2985.45	0
10.045	1	2	5	8000.56	0
10.081	1	3	1	3557.42	0
10.082	1	4	2	617.874	0
10.083	1	1	3	9040.95	0
10.084	1	5	4	2985.45	0
10.085	1	2	5	8000.56	0
10.121	1	3	1	3557.42	0
10.122	1	4	2	617.874	0
10.123	1	1	3	9040.95	0
10.124	1	5	4	2985.45	0
10.125	1	2	5	8000.56	0
10.161	1	3	1	3557.42	0
10.162	1	4	2	617.874	0
10.163	1	1	3	9040.95	0
10.164	1	5	4	2985.45	0
10.165	1	2	5	8000.56	0
10.201	1	3	1	3557.42	0
10.202	1	4	2	617.874	0
10.203	1	1	3	9040.95	0
10.204	1	5	4	2985.45	0
10.205	1	2	5	8000.56	0
10.241	1	3	1	3557.42	0
10.242	1	4	2	617.874	0
10.243	1	1	3	9040.95	0
10.244	1	5	4	2985.45	0
10.245	1	2	5	8000.56	0
10.281	1	3	1	3557.42	0
10.282	1	4	2	617.874	0
10.283	1	1	3	9040.95	0
10.284	1	5	4	2985.45	0
10.285	1	2	5	8000.56	0
10.321	1	3	1	3557.42	0
10.322	1	4	2	617.874	0
10.323	1	1	3	9040.95	0
10.324	1	5	4	2985.45	0
10.325	1	2	5	8000.56	0
10.361	1	3	1	3557.42	0
10.362	1	4	2	617.874	0
10.363	1	1	3	9040.95	0
10.364	1	5	4	2985.45	0
10.365	1	2	5	8000.56	0
10.401	1	3	1	3557.42	0
10.402	1	4	2	617.874	0
10.403	1	1	3	9040.95	0
10.404	1	5	4	2985.45	0
10.405	1	2	5	8000.56	0
10.441	1	3	1	3557.42	0
10.442	1	4	2	617.874	0
10.443	1	1	3	9040.95	0
10.444	1	5	4	2985.45	0
10.445	1	2	5	8000.56	0
10.481	1	3	1	3557.42	0
10.482	1	4	2	617.874	0
10.483	1	1	3	9040.95	0
10.484	1	5	4	2985.45	0
10.485	1	2	5	8000.56	0
10.521	1	3	1	3557.42	0
10.522	1	4	2	617.874	0
10.523	1	1	3	9040.95	0
10.524	1	5	4	2985.45	0
10.525	1	2	5	8000.56	0
10.561	1	3	1	3557.42	0
10.562	1	4	2	617.874	0
10.563	1	1	3	9040.95	0
10.564	1	5	4	2985.45	0
10.565	1	2	5	8000.56	0
10.601	1	3	1	3557.42	0
10.602	1	4	2	617.874	0
10.603	1	1	3	9040.95	0
10.604	1	5	4	2985.45	0
10.605	1	2	5	8000.56	0
10.641	1	3	1	3557.42	0
10.642	1	4	2	617.874	0
10.643	1	1	3	9040.95	0
10.644	1	5	4	2985.45	0
10.645	1	2	5	8000.56	0
10.681	1	3	1	3557.42	0
10.682	1	4	2	617.874	0
10.683	1	1	3	9040.95	0
10.684	1	5	4	2985.45	0
10.685	1	2	5	8000.56	0
10.721	1	3	1	3557.42	0
10.722	1	4	2	617.874	0
10.723	1	1	3	9040.95	0
10.724	1	5	4	2985.45	0
10.725	1	2	5	8000.56	0
10.761	1	3	1	3557.42	0
10.762	1	4	2	617.874	0
10.763	1	1	3	9040.95	0
10.764	1	5	4	2985.45	0
10.765	1	2	5	8000.56	0
10.801	1	3	1	3557.42	0
10.802	1	4	2	617.874	0
10.803	1	1	3	9040.95	0
10.804	1	5	4	2985.45	0
10.805	1	2	5	8000.56	0
10.841	1	3	1	3557.42	0
10.842	1	4	2	617.874	0
10.843	1	1	3	9040.95	0
10.844	1	5	4	2985.45	0
10.845	1	2	5	8000.56	0
10.881	1	3	1	3557.42	0
10.882	1	4	2	617.874	0
10.883	1	1	3	9040.95	0
10.884	1	5	4	2985.45	0
10.885	1	2	5	8000.56	0
10.921	1	3	1	3557.42	0
10.922	1	4	2	617.874	0
10.923	1	1	3	9040.95	0
10.924	1	5	4	2985.45	0
10.925	1	2	5	8000.56	0
10.961	1	3	1	3557.42	0
10.962	1	4	2	617.874	0
10.963	1	1	3	9040.95	0
10.964	1	5	4	2985.45	0
10.965	1	2	5	8000.56	0
11.001	1	3	1	3557.42	0
11.002	1	4	2	617.874	0
11.003	1	1	3	9040.95	0
11.004	1	5	4	2985.45	0
11.005	1	2	5	8000.56	0
11.041	1	3	1	3557.42	0
11.042	1	4	2	617.874	0
11.043	1	1	3	9040.95	0
