% time	cellId	IMSI	RNTI	sinrLinear	componentCarrierId
0.041	1	8	1	8491.05	0
0.042	1	5	2	104.935	0
0.043	1	3	3	2326.33	0
0.044	1	6	4	3346.73	0
0.049	1	2	9	68.6698	0
0.05	1	10	10	2055.91	0
0.051	1	4	11	682.412	0
0.052	1	9	12	17358.2	0
0.055	1	1	15	237228	0
0.056	1	7	16	3001.42	0
0.081	1	8	1	6734.49	0
0.082	1	5	2	454.369	0
0.083	1	3	3	1333.98	0
0.084	1	6	4	1160.03	0
0.089	1	2	9	48.4074	0
0.09	1	10	10	7943.12	0
0.091	1	4	11	612.92	0
0.092	1	9	12	6636.26	0
0.095	1	1	15	396505	0
0.096	1	7	16	6931.22	0
0.121	1	8	1	6667.88	0
0.122	1	5	2	1340.26	0
0.123	1	3	3	1378.15	0
0.124	1	6	4	933.988	0
0.129	1	2	9	79.1754	0
0.13	1	10	10	5704.3	0
0.131	1	4	11	476.372	0
0.132	1	9	12	3581.29	0
0.135	1	1	15	233672	0
0.136	1	7	16	7786.47	0
0.161	1	8	1	5746.79	0
0.162	1	5	2	2227.55	0
0.163	1	3	3	2022.08	0
0.164	1	6	4	2081.75	0
0.169	1	2	9	104.546	0
0.17	1	10	10	2927.18	0
0.171	1	4	11	1260.55	0
0.172	1	9	12	7420.07	0
0.175	1	1	15	358535	0
0.176	1	7	16	5795.1	0
0.201	1	8	1	5256	0
0.202	1	5	2	1609.39	0
0.203	1	3	3	1015.36	0
0.204	1	6	4	1243	0
0.209	1	2	9	56.2384	0
0.21	1	10	10	10039.3	0
0.211	1	4	11	830.673	0
0.212	1	9	12	13897	0
0.215	1	1	15	305977	0
0.216	1	7	16	1837.87	0
0.241	1	8	1	14609.5	0
0.242	1	5	2	1520.77	0
0.243	1	3	3	1040.76	0
0.244	1	6	4	771.983	0
0.249	1	2	9	57.3047	0
0.25	1	10	10	4215.97	0
0.251	1	4	11	336.89	0
0.252	1	9	12	16437.8	0
0.255	1	1	15	310880	0
0.256	1	7	16	1031.89	0
0.281	1	8	1	6192.86	0
0.282	1	5	2	3026.16	0
0.283	1	3	3	1126.94	0
0.284	1	6	4	488.846	0
0.289	1	2	9	47.4496	0
0.29	1	10	10	4823.49	0
0.291	1	4	11	981.573	0
0.292	1	9	12	9807.54	0
0.295	1	1	15	571118	0
0.296	1	7	16	3501.06	0
0.321	1	8	1	2282.55	0
0.322	1	5	2	1617	0
0.323	1	3	3	1110.37	0
0.324	1	6	4	424.612	0
0.329	1	2	9	56.7039	0
0.33	1	10	10	10183.3	0
0.331	1	4	11	1308.98	0
0.332	1	9	12	7432.73	0
0.335	1	1	15	367494	0
0.336	1	7	16	4036.83	0
0.361	1	8	1	1502	0
0.362	1	5	2	732.634	0
0.363	1	3	3	1347.52	0
0.364	1	6	4	82.2318	0
0.369	1	2	9	55.4299	0
0.37	1	10	10	2057.18	0
0.371	1	4	11	941.313	0
0.372	1	9	12	5758.51	0
0.375	1	1	15	262102	0
0.376	1	7	16	4156.54	0
0.401	1	8	1	3250.24	0
0.402	1	5	2	928.565	0
0.403	1	3	3	581.992	0
0.404	1	6	4	89.662	0
0.409	1	2	9	23.7024	0
0.41	1	10	10	3127.55	0
0.411	1	4	11	362.363	0
0.412	1	9	12	10695.5	0
0.415	1	1	15	105276	0
0.416	1	7	16	6973.98	0
0.441	1	8	1	6585.33	0
0.442	1	5	2	1264.22	0
0.443	1	3	3	384.737	0
0.444	1	6	4	1171.45	0
0.449	1	2	9	15.565	0
0.45	1	10	10	1366.48	0
0.451	1	4	11	245.52	0
0.452	1	9	12	63293.8	0
0.455	1	1	15	157079	0
0.456	1	7	16	21558.2	0
0.481	1	8	1	5118.19	0
0.482	1	5	2	1302.9	0
0.483	1	3	3	606.107	0
0.484	1	6	4	1276.57	0
0.489	1	2	9	33.9576	0
0.49	1	10	10	6187.9	0
0.491	1	4	11	364.634	0
0.492	1	9	12	63722.1	0
0.495	1	1	15	432269	0
0.496	1	7	16	12183.7	0
0.521	1	8	1	4596.68	0
0.522	1	5	2	895.88	0
0.523	1	3	3	861.675	0
0.524	1	6	4	580.932	0
0.529	1	2	9	54.3361	0
0.53	1	10	10	1167.78	0
0.531	1	4	11	665.753	0
0.532	1	9	12	12529.4	0
0.535	1	1	15	228855	0
0.536	1	7	16	2227.49	0
0.561	1	8	1	1963.1	0
0.562	1	5	2	418.17	0
0.563	1	3	3	1438.27	0
0.564	1	6	4	937.254	0
0.569	1	2	9	61.8467	0
0.57	1	10	10	1459.56	0
0.571	1	4	11	524.291	0
0.572	1	9	12	16978.4	0
0.575	1	1	15	139293	0
0.576	1	7	16	3368.15	0
0.601	1	8	1	5638.34	0
0.602	1	5	2	653.632	0
0.603	1	3	3	910.404	0
0.604	1	6	4	1166.97	0
0.609	1	2	9	36.2533	0
0.61	1	10	10	2493.78	0
0.611	1	4	11	635.101	0
0.612	1	9	12	11424.9	0
0.615	1	1	15	139858	0
0.616	1	7	16	3011.7	0
0.641	1	8	1	6430.57	0
0.642	1	5	2	2420.94	0
0.643	1	3	3	1542.54	0
0.644	1	6	4	796.778	0
0.649	1	2	9	46.8386	0
0.65	1	10	10	5062.43	0
0.651	1	4	11	1321.85	0
0.652	1	9	12	16105.6	0
0.655	1	1	15	314277	0
0.656	1	7	16	7714.06	0
0.681	1	8	1	4209.46	0
0.682	1	5	2	656.676	0
0.683	1	3	3	759.365	0
0.684	1	6	4	1038.4	0
0.689	1	2	9	33.5072	0
0.69	1	10	10	5302.96	0
0.691	1	4	11	587.759	0
0.692	1	9	12	48544.4	0
0.695	1	1	15	176416	0
0.696	1	7	16	2272.99	0
0.721	1	8	1	4557.06	0
0.722	1	5	2	868.369	0
0.723	1	3	3	1349.1	0
0.724	1	6	4	1289.58	0
0.729	1	2	9	39.1934	0
0.73	1	10	10	7871.31	0
0.731	1	4	11	446.809	0
0.732	1	9	12	20589.5	0
0.735	1	1	15	234672	0
0.736	1	7	16	2318.32	0
0.761	1	8	1	6729.02	0
0.762	1	5	2	868.152	0
0.763	1	3	3	2050.9	0
0.764	1	6	4	1428.35	0
0.769	1	2	9	77.4384	0
0.77	1	10	10	4424.88	0
0.771	1	4	11	1128.77	0
0.772	1	9	12	12857.5	0
0.775	1	1	15	311335	0
0.776	1	7	16	1909.02	0
0.801	1	8	1	24680	0
0.802	1	5	2	1192.01	0
0.803	1	3	3	395.697	0
0.804	1	6	4	1277.82	0
0.809	1	2	9	26.9513	0
0.81	1	10	10	2656.65	0
0.811	1	4	11	1278.08	0
0.812	1	9	12	25168.6	0
0.815	1	1	15	366642	0
0.816	1	7	16	1195.57	0
0.841	1	8	1	1278.19	0
0.842	1	5	2	2745.82	0
0.843	1	3	3	1394.59	0
0.844	1	6	4	930.046	0
0.849	1	2	9	10.6923	0
0.85	1	10	10	1893.16	0
0.851	1	4	11	777.381	0
0.852	1	9	12	24037.1	0
0.855	1	1	15	290766	0
0.856	1	7	16	1269.59	0
0.881	1	8	1	2388.68	0
0.882	1	5	2	1659.41	0
0.883	1	3	3	1177.85	0
0.884	1	6	4	2130.27	0
0.889	1	2	9	20.8507	0
0.89	1	10	10	5653.44	0
0.891	1	4	11	289.617	0
0.892	1	9	12	44530.7	0
0.895	1	1	15	222346	0
0.896	1	7	16	833.694	0
0.921	1	8	1	3811.15	0
0.922	1	5	2	1383.59	0
0.923	1	3	3	727.694	0
0.924	1	6	4	3464.47	0
0.929	1	2	9	47.4205	0
0.93	1	10	10	8202.03	0
0.931	1	4	11	261.437	0
0.932	1	9	12	22675.8	0
0.935	1	1	15	583751	0
0.936	1	7	16	3215.34	0
0.961	1	8	1	3986.29	0
0.962	1	5	2	1213.52	0
0.963	1	3	3	829.191	0
0.964	1	6	4	535.305	0
0.969	1	2	9	19.8022	0
0.97	1	10	10	3250.36	0
0.971	1	4	11	420.238	0
0.972	1	9	12	17570.8	0
0.975	1	1	15	411459	0
0.976	1	7	16	21079.1	0
1.001	1	8	1	8223.6	0
1.002	1	5	2	417.806	0
1.003	1	3	3	1038.05	0
1.004	1	6	4	711.737	0
1.009	1	2	9	41.1245	0
1.01	1	10	10	661.024	0
1.011	1	4	11	500.642	0
1.012	1	9	12	46840.6	0
1.015	1	1	15	895148	0
1.016	1	7	16	4673.67	0
1.041	1	8	1	12107.9	0
1.042	1	5	2	342.548	0
1.043	1	3	3	669.647	0
1.044	1	6	4	998.527	0
1.049	1	2	9	16.9086	0
1.05	1	10	10	685.792	0
1.051	1	4	11	268.803	0
1.052	1	9	12	32805	0
1.055	1	1	15	700658	0
1.056	1	7	16	3202.08	0
1.081	1	8	1	5348.15	0
1.082	1	5	2	149.669	0
1.083	1	3	3	1101.94	0
1.084	1	6	4	3048.25	0
1.089	1	2	9	44.6539	0
1.09	1	10	10	2094.01	0
1.091	1	4	11	318.821	0
1.092	1	9	12	7746.85	0
1.095	1	1	15	300560	0
1.096	1	7	16	10723.7	0
1.121	1	8	1	3232.51	0
1.122	1	5	2	425.12	0
1.123	1	3	3	749.312	0
1.124	1	6	4	1172.88	0
1.129	1	2	9	17.9507	0
1.13	1	10	10	3399.99	0
1.131	1	4	11	254.406	0
1.132	1	9	12	16505.1	0
1.135	1	1	15	263556	0
1.136	1	7	16	4811.71	0
1.161	1	8	1	2073.6	0
1.162	1	5	2	512.241	0
1.163	1	3	3	1114.12	0
1.164	1	6	4	975.875	0
1.169	1	2	9	15.8718	0
1.17	1	10	10	5413.39	0
1.171	1	4	11	539.833	0
1.172	1	9	12	16281.3	0
1.175	1	1	15	230510	0
1.176	1	7	16	3932.2	0
1.201	1	8	1	1977.15	0
1.202	1	5	2	452.553	0
1.203	1	3	3	1593.2	0
1.204	1	6	4	2037.17	0
1.209	1	2	9	49.4988	0
1.21	1	10	10	6847.91	0
1.211	1	4	11	567.21	0
1.212	1	9	12	11655.8	0
1.215	1	1	15	578720	0
1.216	1	7	16	2063.46	0
1.241	1	8	1	6392.33	0
1.242	1	5	2	1339.07	0
1.243	1	3	3	892.849	0
1.244	1	6	4	2049.94	0
1.249	1	2	9	15.5576	0
1.25	1	10	10	5638.2	0
1.251	1	4	11	1228	0
1.252	1	9	12	47234.9	0
1.255	1	1	15	337950	0
1.256	1	7	16	1106.11	0
1.281	1	8	1	4853.72	0
1.282	1	5	2	532.826	0
1.283	1	3	3	704.818	0
1.284	1	6	4	2419.59	0
1.289	1	2	9	10.7092	0
1.29	1	10	10	1394.87	0
1.291	1	4	11	1216.9	0
1.292	1	9	12	9187.32	0
1.295	1	1	15	161984	0
1.296	1	7	16	1466.95	0
1.321	1	8	1	1838.89	0
1.322	1	5	2	322.85	0
1.323	1	3	3	174.389	0
1.324	1	6	4	2179.57	0
1.329	1	2	9	24.5629	0
1.33	1	10	10	481.889	0
1.331	1	4	11	543.245	0
1.332	1	9	12	5555.78	0
1.335	1	1	15	460920	0
1.336	1	7	16	3153.77	0
1.361	1	8	1	8517.45	0
1.362	1	5	2	899.399	0
1.363	1	3	3	732.04	0
1.364	1	6	4	1703.52	0
1.369	1	2	9	47.4099	0
1.37	1	10	10	343.875	0
1.371	1	4	11	1339.84	0
1.372	1	9	12	12914	0
1.375	1	1	15	584378	0
1.376	1	7	16	1853.89	0
1.401	1	8	1	16014	0
1.402	1	5	2	197.18	0
1.403	1	3	3	1122.7	0
1.404	1	6	4	1975.6	0
1.409	1	2	9	68.5766	0
1.41	1	10	10	4534.34	0
1.411	1	4	11	1325.18	0
1.412	1	9	12	2864.09	0
1.415	1	1	15	399920	0
1.416	1	7	16	1341.96	0
1.441	1	8	1	13173.6	0
1.442	1	5	2	306.477	0
1.443	1	3	3	448.133	0
1.444	1	6	4	2395.97	0
1.449	1	2	9	61.4643	0
1.45	1	10	10	5047.54	0
1.451	1	4	11	949.238	0
1.452	1	9	12	2644.34	0
1.455	1	1	15	150792	0
1.456	1	7	16	3368.34	0
1.481	1	8	1	9559.81	0
1.482	1	5	2	264.303	0
1.483	1	3	3	1308.21	0
1.484	1	6	4	1437.33	0
1.489	1	2	9	24.715	0
1.49	1	10	10	2224.71	0
1.491	1	4	11	1248.38	0
1.492	1	9	12	4900.23	0
1.495	1	1	15	111689	0
1.496	1	7	16	638.309	0
1.521	1	8	1	4014.16	0
1.522	1	5	2	446.062	0
1.523	1	3	3	2054.96	0
1.524	1	6	4	464.313	0
1.529	1	2	9	58.4497	0
1.53	1	10	10	8947.79	0
1.531	1	4	11	577.22	0
1.532	1	9	12	39576.7	0
1.535	1	1	15	199803	0
1.536	1	7	16	2316.7	0
1.561	1	8	1	8105.24	0
1.562	1	5	2	335.237	0
1.563	1	3	3	863.977	0
1.564	1	6	4	338.034	0
1.569	1	2	9	63.2412	0
1.57	1	10	10	4954.12	0
1.571	1	4	11	1428.45	0
1.572	1	9	12	20981.4	0
1.575	1	1	15	175635	0
1.576	1	7	16	5206.72	0
1.601	1	8	1	7964.8	0
1.602	1	5	2	521.906	0
1.603	1	3	3	687.715	0
1.604	1	6	4	1957.68	0
1.609	1	2	9	26.9547	0
1.61	1	10	10	1998.74	0
1.611	1	4	11	1175.99	0
1.612	1	9	12	9671.66	0
1.615	1	1	15	161958	0
1.616	1	7	16	7653.35	0
1.641	1	8	1	6814.63	0
1.642	1	5	2	593.437	0
1.643	1	3	3	206.336	0
1.644	1	6	4	3871.28	0
1.649	1	2	9	99.7826	0
1.65	1	10	10	7145.61	0
1.651	1	4	11	486.226	0
1.652	1	9	12	12744.5	0
1.655	1	1	15	125970	0
1.656	1	7	16	1376.36	0
1.681	1	8	1	1285.04	0
1.682	1	5	2	1005.57	0
1.683	1	3	3	916.131	0
1.684	1	6	4	1031.74	0
1.689	1	2	9	130.892	0
1.69	1	10	10	1499.39	0
1.691	1	4	11	425.919	0
1.692	1	9	12	15769.4	0
1.695	1	1	15	155013	0
1.696	1	7	16	1354.97	0
1.721	1	8	1	1605.36	0
1.722	1	5	2	347.31	0
1.723	1	3	3	2208.67	0
1.724	1	6	4	1063.18	0
1.729	1	2	9	59.4957	0
1.73	1	10	10	812.09	0
1.731	1	4	11	169.755	0
1.732	1	9	12	18923.4	0
1.735	1	1	15	285599	0
1.736	1	7	16	1547.38	0
1.761	1	8	1	1380.13	0
1.762	1	5	2	105.911	0
1.763	1	3	3	516.212	0
1.764	1	6	4	1132.85	0
1.769	1	2	9	53.9758	0
1.77	1	10	10	819.776	0
1.771	1	4	11	1508.91	0
1.772	1	9	12	8278.02	0
1.775	1	1	15	219472	0
1.776	1	7	16	348.189	0
1.801	1	8	1	1093.73	0
1.802	1	5	2	299.461	0
1.803	1	3	3	640.545	0
1.804	1	6	4	660.697	0
1.809	1	2	9	32.4747	0
1.81	1	10	10	318.978	0
1.811	1	4	11	1158.88	0
1.812	1	9	12	8944.51	0
1.815	1	1	15	176663	0
1.816	1	7	16	881.525	0
1.841	1	8	1	2104	0
1.842	1	5	2	839.878	0
1.843	1	3	3	1791.37	0
1.844	1	6	4	1621.02	0
1.849	1	2	9	120.557	0
1.85	1	10	10	647.402	0
1.851	1	4	11	102.509	0
1.852	1	9	12	15580.7	0
1.855	1	1	15	196973	0
1.856	1	7	16	8908.81	0
1.881	1	8	1	1805.24	0
1.882	1	5	2	309.576	0
1.883	1	3	3	823.85	0
1.884	1	6	4	1689.16	0
1.889	1	2	9	144.044	0
1.89	1	10	10	2662.89	0
1.891	1	4	11	1165.99	0
1.892	1	9	12	14380.2	0
1.895	1	1	15	146518	0
1.896	1	7	16	8464.44	0
1.921	1	8	1	2992.06	0
1.922	1	5	2	992.23	0
1.923	1	3	3	445.347	0
1.924	1	6	4	1983.42	0
1.929	1	2	9	59.1187	0
1.93	1	10	10	603.042	0
1.931	1	4	11	1102.08	0
1.932	1	9	12	30975.6	0
1.935	1	1	15	576708	0
1.936	1	7	16	2668.99	0
1.961	1	8	1	10365.9	0
1.962	1	5	2	222.958	0
1.963	1	3	3	546.641	0
1.964	1	6	4	2309.54	0
1.969	1	2	9	185.5	0
1.97	1	10	10	2944.66	0
1.971	1	4	11	349.013	0
1.972	1	9	12	22062.9	0
1.975	1	1	15	813473	0
1.976	1	7	16	8800.36	0
2.001	1	8	1	11349.7	0
2.002	1	5	2	743.005	0
2.003	1	3	3	1455.58	0
2.004	1	6	4	508.728	0
2.009	1	2	9	33.426	0
2.01	1	10	10	2187.31	0
2.011	1	4	11	241.136	0
2.012	1	9	12	23749.3	0
2.015	1	1	15	472280	0
2.016	1	7	16	9780.56	0
2.041	1	8	1	6010.25	0
2.042	1	5	2	404.863	0
2.043	1	3	3	1030.72	0
2.044	1	6	4	877.224	0
2.049	1	2	9	16.2286	0
2.05	1	10	10	902.094	0
2.051	1	4	11	143.204	0
2.052	1	9	12	8347.82	0
2.055	1	1	15	151744	0
2.056	1	7	16	7088.88	0
2.081	1	8	1	5134.18	0
2.082	1	5	2	340.805	0
2.083	1	3	3	656.528	0
2.084	1	6	4	1423.25	0
2.089	1	2	9	6.86294	0
2.09	1	10	10	1694.11	0
2.091	1	4	11	94.6354	0
2.092	1	9	12	36443.8	0
2.095	1	1	15	197567	0
2.096	1	7	16	6936.59	0
2.121	1	8	1	5497.47	0
2.122	1	5	2	1657.42	0
2.123	1	3	3	1159.31	0
2.124	1	6	4	2101.44	0
2.129	1	2	9	46.7265	0
2.13	1	10	10	1513.87	0
2.131	1	4	11	466.224	0
2.132	1	9	12	31383.5	0
2.135	1	1	15	133768	0
2.136	1	7	16	4134.23	0
2.161	1	8	1	2249.13	0
2.162	1	5	2	742.17	0
2.163	1	3	3	1699.63	0
2.164	1	6	4	2010.37	0
2.169	1	2	9	26.4834	0
2.17	1	10	10	3158.9	0
2.171	1	4	11	860.424	0
2.172	1	9	12	65279	0
2.175	1	1	15	70194.1	0
2.176	1	7	16	10630	0
2.201	1	8	1	10365	0
2.202	1	5	2	89.4675	0
2.203	1	3	3	806.526	0
2.204	1	6	4	3683	0
2.209	1	2	9	5.64031	0
2.21	1	10	10	4838.24	0
2.211	1	4	11	416.413	0
2.212	1	9	12	117980	0
2.215	1	1	15	81313.2	0
2.216	1	7	16	16628.8	0
2.241	1	8	1	5121.16	0
2.242	1	5	2	183.296	0
2.243	1	3	3	642.626	0
2.244	1	6	4	2936.9	0
2.249	1	2	9	38.6914	0
2.25	1	10	10	3210.51	0
2.251	1	4	11	1013.27	0
2.252	1	9	12	25078.9	0
2.255	1	1	15	167192	0
2.256	1	7	16	6241.4	0
2.281	1	8	1	2066.24	0
2.282	1	5	2	185.948	0
2.283	1	3	3	1140.51	0
2.284	1	6	4	1053.14	0
2.289	1	2	9	36.2967	0
2.29	1	10	10	7202.58	0
2.291	1	4	11	904.709	0
2.292	1	9	12	6360.51	0
2.295	1	1	15	331826	0
2.296	1	7	16	4076.7	0
2.321	1	8	1	6123.2	0
2.322	1	5	2	168.152	0
2.323	1	3	3	677.655	0
2.324	1	6	4	2467.14	0
2.329	1	2	9	32.2841	0
2.33	1	10	10	4396.35	0
2.331	1	4	11	890.004	0
2.332	1	9	12	13574.6	0
2.335	1	1	15	277321	0
2.336	1	7	16	3054.55	0
2.361	1	8	1	4606.19	0
2.362	1	5	2	195.73	0
2.363	1	3	3	1000.2	0
2.364	1	6	4	2770.25	0
2.369	1	2	9	34.3765	0
2.37	1	10	10	3282.4	0
2.371	1	4	11	1100.2	0
2.372	1	9	12	2070.97	0
2.375	1	1	15	131063	0
2.376	1	7	16	5240.42	0
2.401	1	8	1	5288.64	0
2.402	1	5	2	219.17	0
2.403	1	3	3	901.435	0
2.404	1	6	4	849.827	0
2.409	1	2	9	159.581	0
2.41	1	10	10	4962.26	0
2.411	1	4	11	472.498	0
2.412	1	9	12	4931.65	0
2.415	1	1	15	173306	0
2.416	1	7	16	10522.6	0
2.441	1	8	1	2983.32	0
2.442	1	5	2	716.518	0
2.443	1	3	3	849.604	0
2.444	1	6	4	1010.62	0
2.449	1	2	9	6.3236	0
2.45	1	10	10	2008.42	0
2.451	1	4	11	1615.86	0
2.452	1	9	12	28660.2	0
2.455	1	1	15	210494	0
2.456	1	7	16	13361	0
2.481	1	8	1	4392.48	0
2.482	1	5	2	620.22	0
2.483	1	3	3	1622.97	0
2.484	1	6	4	2096.39	0
2.489	1	2	9	4.80799	0
2.49	1	10	10	3593.46	0
2.491	1	4	11	994.477	0
2.492	1	9	12	17358.1	0
2.495	1	1	15	255696	0
2.496	1	7	16	3005.09	0
2.521	1	8	1	15805.3	0
2.522	1	5	2	674.13	0
2.523	1	3	3	252.74	0
2.524	1	6	4	2496.82	0
2.529	1	2	9	92.3162	0
2.53	1	10	10	1982.85	0
2.531	1	4	11	1201.3	0
2.532	1	9	12	29746.2	0
2.535	1	1	15	407145	0
2.536	1	7	16	3173.47	0
2.561	1	8	1	15103.9	0
2.562	1	5	2	538.718	0
2.563	1	3	3	1845.14	0
2.564	1	6	4	330.547	0
2.569	1	2	9	33.0309	0
2.57	1	10	10	5339.71	0
2.571	1	4	11	463.14	0
2.572	1	9	12	10528.6	0
2.575	1	1	15	372674	0
2.576	1	7	16	2372.89	0
2.601	1	8	1	8329.92	0
2.602	1	5	2	416.803	0
2.603	1	3	3	2582.82	0
2.604	1	6	4	1037.35	0
2.609	1	2	9	130.133	0
2.61	1	10	10	5955.63	0
2.611	1	4	11	638.244	0
2.612	1	9	12	14564.3	0
2.615	1	1	15	482157	0
2.616	1	7	16	3979.22	0
2.641	1	8	1	5309.83	0
2.642	1	5	2	462.547	0
2.643	1	3	3	1019.16	0
2.644	1	6	4	983.926	0
2.649	1	2	9	41.883	0
2.65	1	10	10	11306.4	0
2.651	1	4	11	390.119	0
2.652	1	9	12	42394.8	0
2.655	1	1	15	239188	0
2.656	1	7	16	5393.8	0
2.681	1	8	1	11334.9	0
2.682	1	5	2	277.1	0
2.683	1	3	3	858.206	0
2.684	1	6	4	1405.15	0
2.689	1	2	9	65.6506	0
2.69	1	10	10	4734.67	0
2.691	1	4	11	555.091	0
2.692	1	9	12	23393.6	0
2.695	1	1	15	124641	0
2.696	1	7	16	1852.69	0
2.721	1	8	1	15186	0
2.722	1	5	2	400.162	0
2.723	1	3	3	527.289	0
2.724	1	6	4	1744.99	0
2.729	1	2	9	71.5861	0
2.73	1	10	10	2173.39	0
2.731	1	4	11	1260.09	0
2.732	1	9	12	47960.3	0
2.735	1	1	15	209383	0
2.736	1	7	16	7576.85	0
2.761	1	8	1	2388.4	0
2.762	1	5	2	117.613	0
2.763	1	3	3	1365.51	0
2.764	1	6	4	565.091	0
2.769	1	2	9	48.2672	0
2.77	1	10	10	3131.46	0
2.771	1	4	11	959.412	0
2.772	1	9	12	49419.6	0
2.775	1	1	15	193113	0
2.776	1	7	16	15367.1	0
2.801	1	8	1	1544.19	0
2.802	1	5	2	1151.27	0
2.803	1	3	3	1400.24	0
2.804	1	6	4	1900.65	0
2.809	1	2	9	205.982	0
2.81	1	10	10	1144	0
2.811	1	4	11	840.576	0
2.812	1	9	12	20560.8	0
2.815	1	1	15	173352	0
2.816	1	7	16	5108.66	0
2.841	1	8	1	2926.7	0
2.842	1	5	2	3736.59	0
2.843	1	3	3	410.964	0
2.844	1	6	4	1641.88	0
2.849	1	2	9	159.461	0
2.85	1	10	10	834.174	0
2.851	1	4	11	1571	0
2.852	1	9	12	11128.2	0
2.855	1	1	15	156909	0
2.856	1	7	16	5300.33	0
2.881	1	8	1	7515.57	0
2.882	1	5	2	1611.66	0
2.883	1	3	3	1003.08	0
2.884	1	6	4	948.904	0
2.889	1	2	9	90.229	0
2.89	1	10	10	1061.58	0
2.891	1	4	11	1359.8	0
2.892	1	9	12	7062.4	0
2.895	1	1	15	120075	0
2.896	1	7	16	2964.09	0
2.921	1	8	1	6219.59	0
2.922	1	5	2	1099.03	0
2.923	1	3	3	1650.53	0
2.924	1	6	4	1212.26	0
2.929	1	2	9	51.1457	0
2.93	1	10	10	324.036	0
2.931	1	4	11	475.636	0
2.932	1	9	12	5157.7	0
2.935	1	1	15	181341	0
2.936	1	7	16	9526.73	0
2.961	1	8	1	12261.5	0
2.962	1	5	2	546.726	0
2.963	1	3	3	1408.45	0
2.964	1	6	4	1219.09	0
2.969	1	2	9	47.3852	0
2.97	1	10	10	1822.43	0
2.971	1	4	11	1011.9	0
2.972	1	9	12	6116.11	0
2.975	1	1	15	292137	0
2.976	1	7	16	12049.7	0
3.001	1	8	1	6031.74	0
3.002	1	5	2	179.419	0
3.003	1	3	3	958.226	0
3.004	1	6	4	948.027	0
3.009	1	2	9	20.6733	0
3.01	1	10	10	5319.16	0
3.011	1	4	11	424.216	0
3.012	1	9	12	6932.01	0
3.015	1	1	15	107439	0
3.016	1	7	16	11369.4	0
3.041	1	8	1	5313.39	0
3.042	1	5	2	285.938	0
3.043	1	3	3	1153.56	0
3.044	1	6	4	3018.88	0
3.049	1	2	9	66.322	0
3.05	1	10	10	5246.18	0
3.051	1	4	11	240.489	0
3.052	1	9	12	10475.5	0
3.055	1	1	15	146532	0
3.056	1	7	16	2227.28	0
3.081	1	8	1	13070.5	0
3.082	1	5	2	53.7874	0
3.083	1	3	3	1547.79	0
3.084	1	6	4	3092.32	0
3.089	1	2	9	15.5656	0
3.09	1	10	10	3250.98	0
3.091	1	4	11	335.893	0
3.092	1	9	12	17102.3	0
3.095	1	1	15	240354	0
3.096	1	7	16	3626.03	0
3.121	1	8	1	9467.66	0
3.122	1	5	2	84.1681	0
3.123	1	3	3	1773.01	0
3.124	1	6	4	675.727	0
3.129	1	2	9	25.2243	0
3.13	1	10	10	2819.47	0
3.131	1	4	11	543.271	0
3.132	1	9	12	38566.9	0
3.135	1	1	15	192825	0
3.136	1	7	16	12837	0
3.161	1	8	1	12254.1	0
3.162	1	5	2	1012.15	0
3.163	1	3	3	649.213	0
3.164	1	6	4	2855.85	0
3.169	1	2	9	25.3928	0
3.17	1	10	10	5001.51	0
3.171	1	4	11	416.363	0
3.172	1	9	12	24247.8	0
3.175	1	1	15	165275	0
3.176	1	7	16	1573.72	0
3.201	1	8	1	10312.6	0
3.202	1	5	2	837.416	0
3.203	1	3	3	415.866	0
3.204	1	6	4	1667.9	0
3.209	1	2	9	121.752	0
3.21	1	10	10	7219.65	0
3.211	1	4	11	385.502	0
3.212	1	9	12	10560	0
3.215	1	1	15	403594	0
3.216	1	7	16	8356.74	0
3.241	1	8	1	5578.32	0
3.242	1	5	2	376.838	0
3.243	1	3	3	1197.47	0
3.244	1	6	4	1025.02	0
3.249	1	2	9	189.74	0
3.25	1	10	10	4051.58	0
3.251	1	4	11	928.111	0
3.252	1	9	12	12653.9	0
3.255	1	1	15	553112	0
3.256	1	7	16	12532.6	0
3.281	1	8	1	1943.94	0
3.282	1	5	2	1345.35	0
3.283	1	3	3	724.316	0
3.284	1	6	4	1070.06	0
3.289	1	2	9	73.333	0
3.29	1	10	10	3759.08	0
3.291	1	4	11	1241.4	0
3.292	1	9	12	12073.3	0
3.295	1	1	15	543817	0
3.296	1	7	16	7312.4	0
3.321	1	8	1	726.796	0
3.322	1	5	2	1694.99	0
3.323	1	3	3	288.259	0
3.324	1	6	4	521.595	0
3.329	1	2	9	164.126	0
3.33	1	10	10	3107.86	0
3.331	1	4	11	1203.23	0
3.332	1	9	12	8852.55	0
3.335	1	1	15	339129	0
3.336	1	7	16	9547.88	0
3.361	1	8	1	3561.34	0
3.362	1	5	2	4130.78	0
3.363	1	3	3	904.072	0
3.364	1	6	4	2707.23	0
3.369	1	2	9	170.807	0
3.37	1	10	10	6619.01	0
3.371	1	4	11	725.689	0
3.372	1	9	12	6651.66	0
3.375	1	1	15	132391	0
3.376	1	7	16	2897.14	0
3.401	1	8	1	2923.19	0
3.402	1	5	2	397.503	0
3.403	1	3	3	1337.93	0
3.404	1	6	4	2187.23	0
3.409	1	2	9	62.5009	0
3.41	1	10	10	5821.66	0
3.411	1	4	11	290.11	0
3.412	1	9	12	2059.77	0
3.415	1	1	15	211504	0
3.416	1	7	16	14507.6	0
3.441	1	8	1	1256.92	0
3.442	1	5	2	328.68	0
3.443	1	3	3	850.726	0
3.444	1	6	4	355.005	0
3.449	1	2	9	69.8131	0
3.45	1	10	10	5051.98	0
3.451	1	4	11	486.644	0
3.452	1	9	12	5476.32	0
3.455	1	1	15	216475	0
3.456	1	7	16	5249.98	0
3.481	1	8	1	4342.05	0
3.482	1	5	2	4367.66	0
3.483	1	3	3	751.357	0
3.484	1	6	4	524.895	0
3.489	1	2	9	29.6385	0
3.49	1	10	10	2885.43	0
3.491	1	4	11	467.915	0
3.492	1	9	12	12782.5	0
3.495	1	1	15	108491	0
3.496	1	7	16	2034.88	0
3.521	1	8	1	2257.84	0
3.522	1	5	2	173.756	0
3.523	1	3	3	1535.47	0
3.524	1	6	4	353.972	0
3.529	1	2	9	75.1976	0
3.53	1	10	10	9886.4	0
3.531	1	4	11	651.188	0
3.532	1	9	12	47456.3	0
3.535	1	1	15	265377	0
3.536	1	7	16	1763.53	0
3.561	1	8	1	1477.77	0
3.562	1	5	2	168.956	0
3.563	1	3	3	2302.19	0
3.564	1	6	4	894.807	0
3.569	1	2	9	407.158	0
3.57	1	10	10	1804.71	0
3.571	1	4	11	743.08	0
3.572	1	9	12	33017.8	0
3.575	1	1	15	706008	0
3.576	1	7	16	418.218	0
3.601	1	8	1	2545.6	0
3.602	1	5	2	123.846	0
3.603	1	3	3	1231.45	0
3.604	1	6	4	1029.95	0
3.609	1	2	9	279.31	0
3.61	1	10	10	1530.36	0
3.611	1	4	11	1276.27	0
3.612	1	9	12	22878.6	0
3.615	1	1	15	423096	0
3.616	1	7	16	1571.69	0
3.641	1	8	1	1782.59	0
3.642	1	5	2	343.363	0
3.643	1	3	3	1490.48	0
3.644	1	6	4	453.351	0
3.649	1	2	9	59.7567	0
3.65	1	10	10	2318.56	0
3.651	1	4	11	779.112	0
3.652	1	9	12	5534.9	0
3.655	1	1	15	225753	0
3.656	1	7	16	9064.5	0
3.681	1	8	1	607.522	0
3.682	1	5	2	556.651	0
3.683	1	3	3	1968.64	0
3.684	1	6	4	1463.3	0
3.689	1	2	9	39.7909	0
3.69	1	10	10	1701.27	0
3.691	1	4	11	578.06	0
3.692	1	9	12	11894.9	0
3.695	1	1	15	140846	0
3.696	1	7	16	24677.2	0
3.721	1	8	1	2103.48	0
3.722	1	5	2	366.407	0
3.723	1	3	3	942.36	0
3.724	1	6	4	1181.48	0
3.729	1	2	9	73.232	0
3.73	1	10	10	4594.32	0
3.731	1	4	11	200.343	0
3.732	1	9	12	13795.1	0
3.735	1	1	15	153575	0
3.736	1	7	16	11724.9	0
3.761	1	8	1	2456.77	0
3.762	1	5	2	282.168	0
3.763	1	3	3	1088.48	0
3.764	1	6	4	939.407	0
3.769	1	2	9	59.7504	0
3.77	1	10	10	1233.93	0
3.771	1	4	11	413.937	0
3.772	1	9	12	4504.66	0
3.775	1	1	15	756289	0
3.776	1	7	16	12162.3	0
3.801	1	8	1	1568.81	0
3.802	1	5	2	152.175	0
3.803	1	3	3	1096.13	0
3.804	1	6	4	1545.3	0
3.809	1	2	9	40.8219	0
3.81	1	10	10	925.852	0
3.811	1	4	11	951.164	0
3.812	1	9	12	9183.17	0
3.815	1	1	15	369480	0
3.816	1	7	16	9928.22	0
3.841	1	8	1	3032.41	0
3.842	1	5	2	180.095	0
3.843	1	3	3	1154.36	0
3.844	1	6	4	1177.31	0
3.849	1	2	9	44.9905	0
3.85	1	10	10	4281.46	0
3.851	1	4	11	355.532	0
3.852	1	9	12	7956.51	0
3.855	1	1	15	92936.3	0
3.856	1	7	16	8292.54	0
3.881	1	8	1	3752.68	0
3.882	1	5	2	191.126	0
3.883	1	3	3	1307.19	0
3.884	1	6	4	1043.33	0
3.889	1	2	9	33.5747	0
3.89	1	10	10	1657.23	0
3.891	1	4	11	918.388	0
3.892	1	9	12	69968.2	0
3.895	1	1	15	594821	0
3.896	1	7	16	5394.01	0
3.921	1	8	1	32718	0
3.922	1	5	2	425.93	0
3.923	1	3	3	511.22	0
3.924	1	6	4	397.286	0
3.929	1	2	9	86.9637	0
3.93	1	10	10	1382.85	0
3.931	1	4	11	778.983	0
3.932	1	9	12	66836.8	0
3.935	1	1	15	405585	0
3.936	1	7	16	2718.52	0
3.961	1	8	1	2818.25	0
3.962	1	5	2	1187.05	0
3.963	1	3	3	412.838	0
3.964	1	6	4	924.538	0
3.969	1	2	9	29.0486	0
3.97	1	10	10	2697.95	0
3.971	1	4	11	1248.61	0
3.972	1	9	12	16023.3	0
3.975	1	1	15	145522	0
3.976	1	7	16	3160.8	0
4.001	1	8	1	1656.34	0
4.002	1	5	2	285.029	0
4.003	1	3	3	427.292	0
4.004	1	6	4	597.234	0
4.009	1	2	9	64.1484	0
4.01	1	10	10	7764.56	0
4.011	1	4	11	1162.42	0
4.012	1	9	12	12425.6	0
4.015	1	1	15	348914	0
4.016	1	7	16	6490.1	0
4.041	1	8	1	2074.27	0
4.042	1	5	2	944.159	0
4.043	1	3	3	1059.51	0
4.044	1	6	4	552.54	0
4.049	1	2	9	19.6479	0
4.05	1	10	10	5202.88	0
4.051	1	4	11	1161.48	0
4.052	1	9	12	7660.43	0
4.055	1	1	15	151203	0
4.056	1	7	16	14637.4	0
4.081	1	8	1	2845.34	0
4.082	1	5	2	737.853	0
4.083	1	3	3	1150.07	0
4.084	1	6	4	807.588	0
4.089	1	2	9	42.8245	0
4.09	1	10	10	3773.94	0
4.091	1	4	11	410.664	0
4.092	1	9	12	3930.97	0
4.095	1	1	15	218668	0
4.096	1	7	16	4886.55	0
4.121	1	8	1	434.798	0
4.122	1	5	2	476.323	0
4.123	1	3	3	1295.54	0
4.124	1	6	4	1351.5	0
4.129	1	2	9	13.2091	0
4.13	1	10	10	4674.31	0
4.131	1	4	11	721.75	0
4.132	1	9	12	9674.77	0
4.135	1	1	15	664870	0
4.136	1	7	16	5597.1	0
4.161	1	8	1	831.401	0
4.162	1	5	2	1822.38	0
4.163	1	3	3	1309.79	0
4.164	1	6	4	2322.88	0
4.169	1	2	9	321.061	0
4.17	1	10	10	1867.98	0
4.171	1	4	11	780.239	0
4.172	1	9	12	955.286	0
4.175	1	1	15	463600	0
4.176	1	7	16	19649.1	0
4.201	1	8	1	2580.7	0
4.202	1	5	2	2374.83	0
4.203	1	3	3	948.111	0
4.204	1	6	4	2194.2	0
4.209	1	2	9	69.087	0
4.21	1	10	10	2775.23	0
4.211	1	4	11	538.046	0
4.212	1	9	12	2576.03	0
4.215	1	1	15	446000	0
4.216	1	7	16	10657.8	0
4.241	1	8	1	1531.97	0
4.242	1	5	2	1084.11	0
4.243	1	3	3	1258.31	0
4.244	1	6	4	396.614	0
4.249	1	2	9	11.0796	0
4.25	1	10	10	2310.89	0
4.251	1	4	11	867.366	0
4.252	1	9	12	25453.6	0
4.255	1	1	15	536856	0
4.256	1	7	16	9323.59	0
4.281	1	8	1	3891.15	0
4.282	1	5	2	1558.73	0
4.283	1	3	3	1419.2	0
4.284	1	6	4	1340.63	0
4.289	1	2	9	124.279	0
4.29	1	10	10	1738.58	0
4.291	1	4	11	565.345	0
4.292	1	9	12	5264.13	0
4.295	1	1	15	309250	0
4.296	1	7	16	12126.7	0
4.321	1	8	1	8490.54	0
4.322	1	5	2	809.194	0
4.323	1	3	3	916.828	0
4.324	1	6	4	615.042	0
4.329	1	2	9	75.4374	0
4.33	1	10	10	3506.53	0
4.331	1	4	11	928.615	0
4.332	1	9	12	11838.5	0
4.335	1	1	15	249952	0
4.336	1	7	16	8204.1	0
4.361	1	8	1	19334.3	0
4.362	1	5	2	717.58	0
4.363	1	3	3	675.484	0
4.364	1	6	4	334.393	0
4.369	1	2	9	20.8692	0
4.37	1	10	10	1231.72	0
4.371	1	4	11	1220.78	0
4.372	1	9	12	32935.8	0
4.375	1	1	15	111077	0
4.376	1	7	16	2977.91	0
4.401	1	8	1	15452.9	0
4.402	1	5	2	925.495	0
4.403	1	3	3	1339.09	0
4.404	1	6	4	1229.06	0
4.409	1	2	9	31.4813	0
4.41	1	10	10	1635.85	0
4.411	1	4	11	671.602	0
4.412	1	9	12	17499	0
4.415	1	1	15	188236	0
4.416	1	7	16	2327.34	0
4.441	1	8	1	716.507	0
4.442	1	5	2	361.502	0
4.443	1	3	3	1617.1	0
4.444	1	6	4	1575.06	0
4.449	1	2	9	47.253	0
4.45	1	10	10	3150.97	0
4.451	1	4	11	533.987	0
4.452	1	9	12	9557.36	0
4.455	1	1	15	225243	0
4.456	1	7	16	2570.83	0
4.481	1	8	1	3007.57	0
4.482	1	5	2	1001.54	0
4.483	1	3	3	627.484	0
4.484	1	6	4	2095.88	0
4.489	1	2	9	22.9872	0
4.49	1	10	10	2469.59	0
4.491	1	4	11	119.318	0
4.492	1	9	12	10947.3	0
4.495	1	1	15	159158	0
4.496	1	7	16	3931.43	0
4.521	1	8	1	1728.93	0
4.522	1	5	2	2473.76	0
4.523	1	3	3	2735.61	0
4.524	1	6	4	1488.72	0
4.529	1	2	9	282.459	0
4.53	1	10	10	2561.43	0
4.531	1	4	11	1762.08	0
4.532	1	9	12	5219.17	0
4.535	1	1	15	77649.7	0
4.536	1	7	16	5096.75	0
4.561	1	8	1	2146.39	0
4.562	1	5	2	1076.17	0
4.563	1	3	3	1173.12	0
4.564	1	6	4	1865.36	0
4.569	1	2	9	175.68	0
4.57	1	10	10	3588.62	0
4.571	1	4	11	3153.66	0
4.572	1	9	12	11550.4	0
4.575	1	1	15	270550	0
4.576	1	7	16	31599.8	0
4.601	1	8	1	3036.04	0
4.602	1	5	2	520.219	0
4.603	1	3	3	867.605	0
4.604	1	6	4	122.25	0
4.609	1	2	9	67.48	0
4.61	1	10	10	2346.75	0
4.611	1	4	11	901.917	0
4.612	1	9	12	12056.9	0
4.615	1	1	15	279675	0
4.616	1	7	16	5638.83	0
4.641	1	8	1	9924.73	0
4.642	1	5	2	618.199	0
4.643	1	3	3	543.413	0
4.644	1	6	4	556.89	0
4.649	1	2	9	64.5466	0
4.65	1	10	10	2995.83	0
4.651	1	4	11	486.472	0
4.652	1	9	12	16954.6	0
4.655	1	1	15	402705	0
4.656	1	7	16	3228.47	0
4.681	1	8	1	8052.15	0
4.682	1	5	2	317.421	0
4.683	1	3	3	1189.67	0
4.684	1	6	4	1618.27	0
4.689	1	2	9	66.0063	0
4.69	1	10	10	3701.69	0
4.691	1	4	11	992.462	0
4.692	1	9	12	16981.8	0
4.695	1	1	15	308468	0
4.696	1	7	16	15895	0
4.721	1	8	1	1513.25	0
4.722	1	5	2	324.069	0
4.723	1	3	3	1546.8	0
4.724	1	6	4	186.695	0
4.729	1	2	9	126.201	0
4.73	1	10	10	3034.43	0
4.731	1	4	11	191.328	0
4.732	1	9	12	17123.8	0
4.735	1	1	15	207673	0
4.736	1	7	16	6424.01	0
4.761	1	8	1	4275.28	0
4.762	1	5	2	336.328	0
4.763	1	3	3	469.746	0
4.764	1	6	4	598.099	0
4.769	1	2	9	68.691	0
4.77	1	10	10	2645.03	0
4.771	1	4	11	487.127	0
4.772	1	9	12	9783.1	0
4.775	1	1	15	229230	0
4.776	1	7	16	3637.08	0
4.801	1	8	1	3642.38	0
4.802	1	5	2	1296.84	0
4.803	1	3	3	857.297	0
4.804	1	6	4	2332.8	0
4.809	1	2	9	26.6135	0
4.81	1	10	10	1563.22	0
4.811	1	4	11	619.505	0
4.812	1	9	12	22949.8	0
4.815	1	1	15	108751	0
4.816	1	7	16	2571.24	0
4.841	1	8	1	3088.88	0
4.842	1	5	2	1337.59	0
4.843	1	3	3	1607.62	0
4.844	1	6	4	1890.95	0
4.849	1	2	9	100.494	0
4.85	1	10	10	2257.83	0
4.851	1	4	11	806.611	0
4.852	1	9	12	21758.2	0
4.855	1	1	15	106927	0
4.856	1	7	16	1407.02	0
4.881	1	8	1	4420.46	0
4.882	1	5	2	523.606	0
4.883	1	3	3	1499.17	0
4.884	1	6	4	1243.92	0
4.889	1	2	9	135.206	0
4.89	1	10	10	1557.7	0
4.891	1	4	11	830.872	0
4.892	1	9	12	7486.38	0
4.895	1	1	15	146184	0
4.896	1	7	16	4387.42	0
4.921	1	8	1	4489.11	0
4.922	1	5	2	873.164	0
4.923	1	3	3	728.33	0
4.924	1	6	4	460.174	0
4.929	1	2	9	49.4205	0
4.93	1	10	10	2625.31	0
4.931	1	4	11	467.026	0
4.932	1	9	12	19069.2	0
4.935	1	1	15	175842	0
4.936	1	7	16	1801.97	0
4.961	1	8	1	13842.3	0
4.962	1	5	2	502.16	0
4.963	1	3	3	314.329	0
4.964	1	6	4	443.891	0
4.969	1	2	9	25.0206	0
4.97	1	10	10	2386.23	0
4.971	1	4	11	532.633	0
4.972	1	9	12	47581.5	0
4.975	1	1	15	303204	0
4.976	1	7	16	1428.56	0
