% time	cellId	IMSI	frame	sframe	RNTI	mcsTb1	sizeTb1	mcsTb2	sizeTb2	ccId
0.029	1	1	3	10	12	0	81	0	0	0
0.03	1	2	4	1	4	28	2196	0	0	0
0.031	1	1	4	2	12	28	2196	0	0	0
0.033	1	6	4	4	3	24	1620	0	0	0
0.034	1	1	4	5	12	28	2196	0	0	0
0.036	1	9	4	7	1	28	1692	0	0	0
0.036	1	3	4	7	14	28	549	0	0	0
0.037	1	4	4	8	11	28	2052	0	0	0
0.037	1	8	4	8	18	28	185	0	0	0
0.041	1	7	5	2	2	24	1620	0	0	0
0.042	1	6	5	3	3	22	1383	0	0	0
0.043	1	1	5	4	12	28	2196	0	0	0
0.045	1	10	5	6	13	28	2196	0	0	0
0.046	1	7	5	7	2	24	1620	0	0	0
0.049	1	3	5	10	14	28	2196	0	0	0
0.05	1	2	6	1	4	28	2196	0	0	0
0.057	1	9	6	8	1	16	903	0	0	0
0.059	1	5	6	10	17	28	2196	0	0	0
0.06	1	6	7	1	3	28	2196	0	0	0
0.062	1	1	7	3	12	28	2196	0	0	0
0.065	1	3	7	6	14	28	2196	0	0	0
0.068	1	4	7	9	11	28	2196	0	0	0
0.069	1	5	7	10	17	28	2196	0	0	0
0.077	1	2	8	8	4	28	2196	0	0	0
0.078	1	5	8	9	17	28	2196	0	0	0
0.08	1	10	9	1	13	28	2196	0	0	0
0.081	1	3	9	2	14	28	2196	0	0	0
0.082	1	6	9	3	3	28	2196	0	0	0
0.084	1	7	9	5	2	28	2196	0	0	0
0.087	1	7	9	8	2	28	2196	0	0	0
0.089	1	9	9	10	1	18	967	0	0	0
0.09	1	3	10	1	14	28	2196	0	0	0
0.091	1	1	10	2	12	28	2196	0	0	0
0.095	1	8	10	6	18	28	2196	0	0	0
0.096	1	5	10	7	17	28	2196	0	0	0
0.097	1	6	10	8	3	26	1836	0	0	0
0.098	1	10	10	9	13	28	2196	0	0	0
0.1	1	6	11	1	3	28	2196	0	0	0
0.103	1	3	11	4	14	28	2196	0	0	0
0.107	1	1	11	8	12	28	2196	0	0	0
0.11	1	6	12	1	3	28	2196	0	0	0
0.111	1	4	12	2	11	28	2196	0	0	0
0.112	1	10	12	3	13	28	2196	0	0	0
0.114	1	8	12	5	18	28	2196	0	0	0
0.115	1	9	12	6	1	24	1620	0	0	0
0.116	1	10	12	7	13	28	2196	0	0	0
0.12	1	9	13	1	1	24	1620	0	0	0
0.121	1	1	13	2	12	28	2196	0	0	0
0.122	1	2	13	3	4	28	2196	0	0	0
0.124	1	9	13	5	1	22	1383	0	0	0
0.125	1	10	13	6	13	28	2196	0	0	0
0.131	1	2	14	2	4	28	2196	0	0	0
0.132	1	5	14	3	17	28	2196	0	0	0
0.133	1	3	14	4	14	28	2196	0	0	0
0.134	1	1	14	5	12	28	2196	0	0	0
0.136	1	8	14	7	18	28	2196	0	0	0
0.138	1	4	14	9	11	28	2196	0	0	0
0.145	1	7	15	6	2	20	1191	0	0	0
0.146	1	10	15	7	13	28	2196	0	0	0
0.148	1	2	15	9	4	28	2196	0	0	0
0.149	1	1	15	10	12	28	2196	0	0	0
0.153	1	3	16	4	14	28	2196	0	0	0
0.154	1	8	16	5	18	28	2196	0	0	0
0.155	1	1	16	6	12	28	2196	0	0	0
0.158	1	5	16	9	17	28	2196	0	0	0
0.159	1	6	16	10	3	28	2196	0	0	0
0.16	1	2	17	1	4	28	2196	0	0	0
0.161	1	4	17	2	11	24	1620	0	0	0
0.162	1	6	17	3	3	28	2196	0	0	0
0.163	1	7	17	4	2	26	1836	0	0	0
0.164	1	10	17	5	13	28	2196	0	0	0
0.166	1	8	17	7	18	28	2196	0	0	0
0.168	1	9	17	9	1	22	1383	0	0	0
0.169	1	1	17	10	12	28	2196	0	0	0
0.171	1	5	18	2	17	28	2196	0	0	0
0.172	1	8	18	3	18	28	2196	0	0	0
0.175	1	3	18	6	14	28	2196	0	0	0
0.178	1	7	18	9	2	28	2196	0	0	0
0.181	1	3	19	2	14	28	2196	0	0	0
0.182	1	10	19	3	13	28	2196	0	0	0
0.183	1	4	19	4	11	26	1836	0	0	0
0.184	1	10	19	5	13	28	2196	0	0	0
0.188	1	7	19	9	2	28	2052	0	0	0
0.188	1	1	19	9	12	28	185	0	0	0
0.189	1	5	19	10	17	28	2196	0	0	0
0.191	1	2	20	2	4	28	2196	0	0	0
0.192	1	1	20	3	12	20	1191	0	0	0
0.196	1	7	20	7	2	28	2052	0	0	0
0.196	1	3	20	7	14	28	185	0	0	0
0.204	1	4	21	5	11	18	967	0	0	0
0.205	1	1	21	6	12	28	2196	0	0	0
0.207	1	3	21	8	14	28	2196	0	0	0
0.208	1	7	21	9	2	28	2196	0	0	0
0.209	1	9	21	10	1	22	935	0	0	0
0.209	1	2	21	10	4	28	749	0	0	0
0.21	1	10	22	1	13	28	2196	0	0	0
0.211	1	8	22	2	18	28	2196	0	0	0
0.213	1	6	22	4	3	26	1836	0	0	0
0.215	1	5	22	6	17	28	2196	0	0	0
0.216	1	6	22	7	3	28	2196	0	0	0
0.217	1	10	22	8	13	28	2196	0	0	0
0.223	1	2	23	4	4	28	2196	0	0	0
0.224	1	6	23	5	3	28	2196	0	0	0
0.228	1	8	23	9	18	28	2196	0	0	0
0.229	1	3	23	10	14	28	2196	0	0	0
0.233	1	10	24	4	13	28	2196	0	0	0
0.235	1	4	24	6	11	28	2196	0	0	0
0.236	1	7	24	7	2	20	1191	0	0	0
0.24	1	3	25	1	14	28	2196	0	0	0
0.241	1	2	25	2	4	28	2196	0	0	0
0.242	1	9	25	3	1	22	1383	0	0	0
0.248	1	5	25	9	17	28	2196	0	0	0
0.252	1	2	26	3	4	28	2196	0	0	0
0.253	1	1	26	4	12	28	2196	0	0	0
0.254	1	8	26	5	18	28	2196	0	0	0
0.255	1	9	26	6	1	24	1620	0	0	0
0.257	1	7	26	8	2	18	967	0	0	0
0.26	1	3	27	1	14	28	2196	0	0	0
0.262	1	2	27	3	4	28	2196	0	0	0
0.264	1	4	27	5	11	28	2196	0	0	0
0.267	1	5	27	8	17	28	2196	0	0	0
0.268	1	1	27	9	12	28	2196	0	0	0
0.273	1	4	28	4	11	28	2196	0	0	0
0.275	1	8	28	6	18	28	2196	0	0	0
0.278	1	2	28	9	4	28	2196	0	0	0
0.279	1	7	28	10	2	24	1620	0	0	0
0.28	1	9	29	1	1	22	1383	0	0	0
0.281	1	6	29	2	3	28	2196	0	0	0
0.283	1	3	29	4	14	28	2196	0	0	0
0.286	1	8	29	7	18	28	2196	0	0	0
0.29	1	5	30	1	17	28	2196	0	0	0
0.291	1	1	30	2	12	28	2196	0	0	0
0.292	1	6	30	3	3	28	2196	0	0	0
0.293	1	8	30	4	18	28	2196	0	0	0
0.296	1	3	30	7	14	28	2196	0	0	0
0.297	1	9	30	8	1	12	597	0	0	0
0.3	1	2	31	1	4	28	2196	0	0	0
0.308	1	5	31	9	17	28	2196	0	0	0
0.31	1	7	32	1	2	22	1383	0	0	0
0.317	1	6	32	8	3	28	1836	0	0	0
0.317	1	1	32	8	12	28	373	0	0	0
0.318	1	9	32	9	1	14	775	0	0	0
0.32	1	10	33	1	13	28	2196	0	0	0
0.321	1	8	33	2	18	28	2196	0	0	0
0.324	1	3	33	5	14	28	2196	0	0	0
0.326	1	5	33	7	17	28	2196	0	0	0
0.329	1	6	33	10	3	24	1620	0	0	0
0.331	1	4	34	2	11	28	2196	0	0	0
0.332	1	8	34	3	18	28	2196	0	0	0
0.333	1	4	34	4	11	24	1620	0	0	0
0.334	1	1	34	5	12	28	2196	0	0	0
0.339	1	8	34	10	18	28	2196	0	0	0
0.341	1	3	35	2	14	28	2196	0	0	0
0.344	1	7	35	5	2	28	2196	0	0	0
0.346	1	4	35	7	11	26	1836	0	0	0
0.348	1	8	35	9	18	28	2196	0	0	0
0.351	1	9	36	2	1	20	1095	0	0	0
0.351	1	2	36	2	4	28	185	0	0	0
0.352	1	1	36	3	12	28	2196	0	0	0
0.353	1	4	36	4	11	22	1383	0	0	0
0.364	1	6	37	5	3	28	2196	0	0	0
0.365	1	3	37	6	14	28	2196	0	0	0
0.366	1	8	37	7	18	28	2196	0	0	0
0.367	1	1	37	8	12	28	2196	0	0	0
0.373	1	10	38	4	13	28	2196	0	0	0
0.374	1	9	38	5	1	14	775	0	0	0
0.375	1	8	38	6	18	28	2196	0	0	0
0.376	1	2	38	7	4	28	2196	0	0	0
0.377	1	5	38	8	17	28	2196	0	0	0
0.38	1	3	39	1	14	28	2196	0	0	0
0.382	1	4	39	3	11	28	2196	0	0	0
0.388	1	6	39	9	3	24	1620	0	0	0
0.394	1	7	40	5	2	28	2196	0	0	0
0.395	1	10	40	6	13	28	2196	0	0	0
0.396	1	3	40	7	14	28	2196	0	0	0
0.4	1	7	41	1	2	24	1620	0	0	0
0.402	1	8	41	3	18	28	2196	0	0	0
0.406	1	7	41	7	2	22	1383	0	0	0
0.407	1	9	41	8	1	20	999	0	0	0
0.407	1	10	41	8	13	28	373	0	0	0
0.408	1	3	41	9	14	28	2196	0	0	0
0.409	1	6	41	10	3	28	2196	0	0	0
0.41	1	4	42	1	11	28	2196	0	0	0
0.411	1	8	42	2	18	28	2196	0	0	0
0.412	1	9	42	3	1	16	903	0	0	0
0.413	1	5	42	4	17	28	2196	0	0	0
0.416	1	1	42	7	12	28	2196	0	0	0
0.417	1	4	42	8	11	28	2196	0	0	0
0.423	1	7	43	4	2	24	1479	0	0	0
0.423	1	3	43	4	14	28	185	0	0	0
0.427	1	4	43	8	11	28	2196	0	0	0
0.428	1	8	43	9	18	22	1383	0	0	0
0.43	1	9	44	1	1	20	1191	0	0	0
0.431	1	7	44	2	2	24	1620	0	0	0
0.433	1	6	44	4	3	28	2196	0	0	0
0.436	1	4	44	7	11	28	2196	0	0	0
0.438	1	8	44	9	18	28	2196	0	0	0
0.441	1	10	45	2	13	28	2196	0	0	0
0.442	1	8	45	3	18	28	2196	0	0	0
0.446	1	2	45	7	4	28	2196	0	0	0
0.447	1	5	45	8	17	28	2196	0	0	0
0.449	1	1	45	10	12	28	2196	0	0	0
0.453	1	10	46	4	13	24	1620	0	0	0
0.456	1	3	46	7	14	28	2196	0	0	0
0.457	1	5	46	8	17	28	2196	0	0	0
0.462	1	8	47	3	18	28	2196	0	0	0
0.463	1	7	47	4	2	20	1191	0	0	0
0.466	1	3	47	7	14	28	2196	0	0	0
0.467	1	9	47	8	1	28	1836	0	0	0
0.467	1	2	47	8	4	28	373	0	0	0
0.469	1	4	47	10	11	26	1836	0	0	0
0.47	1	8	48	1	18	28	2196	0	0	0
0.471	1	6	48	2	3	28	2196	0	0	0
0.473	1	10	48	4	13	28	2196	0	0	0
0.474	1	7	48	5	2	20	1191	0	0	0
0.475	1	6	48	6	3	28	2196	0	0	0
0.477	1	9	48	8	1	20	1191	0	0	0
0.479	1	5	48	10	17	28	2196	0	0	0
0.483	1	1	49	4	12	28	2196	0	0	0
0.484	1	2	49	5	4	28	2196	0	0	0
0.485	1	4	49	6	11	24	1620	0	0	0
0.486	1	9	49	7	1	22	1143	0	0	0
0.486	1	3	49	7	14	28	373	0	0	0
0.487	1	5	49	8	17	28	2196	0	0	0
0.488	1	1	49	9	12	28	2196	0	0	0
0.49	1	7	50	1	2	20	1191	0	0	0
0.496	1	8	50	7	18	28	2196	0	0	0
0.497	1	5	50	8	17	28	2196	0	0	0
0.499	1	1	50	10	12	28	2196	0	0	0
0.503	1	4	51	4	11	28	2196	0	0	0
0.505	1	2	51	6	4	28	2196	0	0	0
0.509	1	9	51	10	1	20	1191	0	0	0
0.511	1	10	52	2	13	28	2196	0	0	0
0.515	1	3	52	6	14	28	2196	0	0	0
0.517	1	7	52	8	2	28	2196	0	0	0
0.518	1	4	52	9	11	28	1836	0	0	0
0.518	1	8	52	9	18	28	373	0	0	0
0.519	1	6	52	10	3	28	2196	0	0	0
0.527	1	7	53	8	2	28	2196	0	0	0
0.528	1	1	53	9	12	28	2196	0	0	0
0.531	1	2	54	2	4	28	2196	0	0	0
0.535	1	10	54	6	13	28	2196	0	0	0
0.536	1	6	54	7	3	28	1836	0	0	0
0.536	1	1	54	7	12	28	373	0	0	0
0.538	1	7	54	9	2	28	2196	0	0	0
0.539	1	4	54	10	11	28	1836	0	0	0
0.539	1	8	54	10	18	28	373	0	0	0
0.544	1	9	55	5	1	24	1479	0	0	0
0.544	1	2	55	5	4	28	185	0	0	0
0.545	1	10	55	6	13	28	2196	0	0	0
0.548	1	4	55	9	11	24	1620	0	0	0
0.55	1	8	56	1	18	28	2196	0	0	0
0.553	1	3	56	4	14	28	2196	0	0	0
0.554	1	6	56	5	3	28	2196	0	0	0
0.555	1	7	56	6	2	26	1836	0	0	0
0.557	1	3	56	8	14	28	2196	0	0	0
0.558	1	5	56	9	17	28	2196	0	0	0
0.559	1	1	56	10	12	28	2196	0	0	0
0.562	1	5	57	3	17	28	2196	0	0	0
0.563	1	3	57	4	14	28	2196	0	0	0
0.567	1	4	57	8	11	28	2196	0	0	0
0.569	1	10	57	10	13	26	1836	0	0	0
0.571	1	3	58	2	14	28	2196	0	0	0
0.572	1	2	58	3	4	28	2196	0	0	0
0.574	1	8	58	5	18	28	2196	0	0	0
0.575	1	9	58	6	1	12	597	0	0	0
0.578	1	5	58	9	17	28	2196	0	0	0
0.579	1	7	58	10	2	24	1620	0	0	0
0.58	1	6	59	1	3	28	2052	0	0	0
0.58	1	8	59	1	18	28	185	0	0	0
0.581	1	3	59	2	14	28	2196	0	0	0
0.583	1	2	59	4	4	28	2196	0	0	0
0.584	1	6	59	5	3	14	775	0	0	0
0.586	1	1	59	7	12	28	2196	0	0	0
0.587	1	9	59	8	1	20	903	0	0	0
0.587	1	5	59	8	17	28	549	0	0	0
0.589	1	10	59	10	13	28	2196	0	0	0
0.591	1	6	60	2	3	24	1620	0	0	0
0.595	1	7	60	6	2	28	2196	0	0	0
0.596	1	8	60	7	18	28	2196	0	0	0
0.598	1	6	60	9	3	28	2196	0	0	0
0.599	1	9	60	10	1	22	935	0	0	0
0.599	1	4	60	10	11	28	749	0	0	0
0.6	1	10	61	1	13	28	2196	0	0	0
0.601	1	3	61	2	14	28	2196	0	0	0
0.604	1	5	61	5	17	28	2196	0	0	0
0.61	1	6	62	1	3	28	2196	0	0	0
0.612	1	9	62	3	1	20	1191	0	0	0
0.614	1	7	62	5	2	24	1620	0	0	0
0.617	1	4	62	8	11	20	1191	0	0	0
0.619	1	5	62	10	17	28	2196	0	0	0
0.62	1	1	63	1	12	28	2196	0	0	0
0.621	1	9	63	2	1	22	1383	0	0	0
0.623	1	8	63	4	18	28	2196	0	0	0
0.629	1	8	63	10	18	28	2196	0	0	0
0.63	1	6	64	1	3	28	2196	0	0	0
0.633	1	1	64	4	12	28	2196	0	0	0
0.634	1	5	64	5	17	28	2196	0	0	0
0.637	1	2	64	8	4	28	2196	0	0	0
0.638	1	10	64	9	13	28	2196	0	0	0
0.641	1	3	65	2	14	28	2196	0	0	0
0.645	1	5	65	6	17	28	2196	0	0	0
0.647	1	6	65	8	3	24	1620	0	0	0
0.654	1	4	66	5	11	28	2196	0	0	0
0.655	1	9	66	6	1	22	935	0	0	0
0.655	1	10	66	6	13	28	749	0	0	0
0.656	1	7	66	7	2	28	2196	0	0	0
0.665	1	8	67	6	18	28	2196	0	0	0
0.666	1	5	67	7	17	28	2196	0	0	0
0.671	1	2	68	2	4	28	2196	0	0	0
0.672	1	7	68	3	2	28	2196	0	0	0
0.674	1	4	68	5	11	28	2196	0	0	0
0.675	1	10	68	6	13	28	2196	0	0	0
0.676	1	9	68	7	1	16	903	0	0	0
0.678	1	1	68	9	12	28	2196	0	0	0
0.679	1	3	68	10	14	28	2196	0	0	0
0.688	1	1	69	9	12	28	2196	0	0	0
0.69	1	4	70	1	11	28	2196	0	0	0
0.691	1	7	70	2	2	28	2196	0	0	0
0.692	1	8	70	3	18	28	2196	0	0	0
0.693	1	3	70	4	14	28	2196	0	0	0
0.695	1	4	70	6	11	28	2196	0	0	0
0.696	1	7	70	7	2	28	2196	0	0	0
0.697	1	6	70	8	3	22	1383	0	0	0
0.703	1	8	71	4	18	28	2196	0	0	0
0.704	1	1	71	5	12	28	2196	0	0	0
0.706	1	2	71	7	4	28	2196	0	0	0
0.707	1	10	71	8	13	28	2196	0	0	0
0.712	1	9	72	3	1	22	1383	0	0	0
0.713	1	7	72	4	2	26	1836	0	0	0
0.714	1	10	72	5	13	28	2196	0	0	0
0.72	1	10	73	1	13	28	2196	0	0	0
0.721	1	8	73	2	18	28	2196	0	0	0
0.722	1	7	73	3	2	28	935	0	0	0
0.722	1	6	73	3	3	28	1287	0	0	0
0.726	1	4	73	7	11	28	2196	0	0	0
0.728	1	3	73	9	14	28	2196	0	0	0
0.729	1	9	73	10	1	12	597	0	0	0
0.73	1	2	74	1	4	28	2196	0	0	0
0.731	1	5	74	2	17	28	2196	0	0	0
0.734	1	4	74	5	11	28	2196	0	0	0
0.737	1	3	74	8	14	28	2196	0	0	0
0.738	1	9	74	9	1	6	309	0	0	0
0.739	1	1	74	10	12	28	2196	0	0	0
0.741	1	7	75	2	2	26	1836	0	0	0
0.748	1	6	75	9	3	28	2196	0	0	0
0.75	1	4	76	1	11	18	967	0	0	0
0.753	1	3	76	4	14	28	2196	0	0	0
0.756	1	1	76	7	12	28	2196	0	0	0
0.759	1	4	76	10	11	24	1620	0	0	0
0.761	1	6	77	2	3	28	2196	0	0	0
0.767	1	5	77	8	17	28	2196	0	0	0
0.769	1	3	77	10	14	28	2196	0	0	0
0.77	1	8	78	1	18	28	2196	0	0	0
0.771	1	9	78	2	1	18	967	0	0	0
0.772	1	1	78	3	12	28	2196	0	0	0
0.774	1	4	78	5	11	28	2196	0	0	0
0.775	1	5	78	6	17	28	2196	0	0	0
0.776	1	7	78	7	2	28	2196	0	0	0
0.777	1	1	78	8	12	28	2196	0	0	0
0.778	1	4	78	9	11	28	2196	0	0	0
0.779	1	5	78	10	17	28	2196	0	0	0
0.78	1	10	79	1	13	28	2196	0	0	0
0.781	1	3	79	2	14	28	2196	0	0	0
0.783	1	2	79	4	4	28	2196	0	0	0
0.788	1	8	79	9	18	28	2196	0	0	0
0.789	1	2	79	10	4	28	2196	0	0	0
0.79	1	7	80	1	2	20	1191	0	0	0
0.793	1	1	80	4	12	28	2196	0	0	0
0.794	1	4	80	5	11	28	2196	0	0	0
0.799	1	10	80	10	13	28	2196	0	0	0
0.8	1	7	81	1	2	18	967	0	0	0
0.802	1	1	81	3	12	28	2196	0	0	0
0.806	1	8	81	7	18	28	2196	0	0	0
0.807	1	5	81	8	17	28	2196	0	0	0
0.808	1	4	81	9	11	28	2196	0	0	0
0.809	1	2	81	10	4	28	2196	0	0	0
0.813	1	10	82	4	13	28	2196	0	0	0
0.814	1	5	82	5	17	28	2196	0	0	0
0.815	1	10	82	6	13	28	2196	0	0	0
0.816	1	6	82	7	3	24	1620	0	0	0
0.822	1	9	83	3	1	12	597	0	0	0
0.825	1	5	83	6	17	28	2196	0	0	0
0.829	1	3	83	10	14	28	2196	0	0	0
0.83	1	8	84	1	18	28	2196	0	0	0
0.837	1	7	84	8	2	28	2196	0	0	0
0.838	1	6	84	9	3	28	2196	0	0	0
0.839	1	3	84	10	14	28	2196	0	0	0
0.842	1	9	85	3	1	12	597	0	0	0
0.843	1	10	85	4	13	28	2196	0	0	0
0.845	1	4	85	6	11	24	1620	0	0	0
0.846	1	6	85	7	3	22	1383	0	0	0
0.85	1	2	86	1	4	28	2196	0	0	0
0.853	1	8	86	4	18	28	2196	0	0	0
0.854	1	5	86	5	17	28	2196	0	0	0
0.855	1	1	86	6	12	28	2196	0	0	0
0.858	1	3	86	9	14	28	2196	0	0	0
0.86	1	7	87	1	2	28	2196	0	0	0
0.861	1	8	87	2	18	24	1620	0	0	0
0.862	1	3	87	3	14	28	2196	0	0	0
0.868	1	1	87	9	12	28	2196	0	0	0
0.872	1	2	88	3	4	28	2196	0	0	0
0.873	1	3	88	4	14	28	2196	0	0	0
0.876	1	4	88	7	11	24	1620	0	0	0
0.878	1	9	88	9	1	12	597	0	0	0
0.881	1	10	89	2	13	28	2196	0	0	0
0.882	1	1	89	3	12	28	2196	0	0	0
0.883	1	4	89	4	11	28	2196	0	0	0
0.886	1	6	89	7	3	28	2196	0	0	0
0.888	1	8	89	9	18	28	2196	0	0	0
0.891	1	1	90	2	12	28	2196	0	0	0
0.893	1	7	90	4	2	24	1479	0	0	0
0.893	1	8	90	4	18	28	185	0	0	0
0.895	1	6	90	6	3	28	2196	0	0	0
0.896	1	3	90	7	14	28	2196	0	0	0
0.897	1	1	90	8	12	28	2196	0	0	0
0.9	1	5	91	1	17	28	2196	0	0	0
0.901	1	7	91	2	2	28	1692	0	0	0
0.901	1	6	91	2	3	28	549	0	0	0
0.902	1	9	91	3	1	20	1191	0	0	0
0.905	1	9	91	6	1	20	1191	0	0	0
0.907	1	10	91	8	13	28	2196	0	0	0
0.911	1	5	92	2	17	28	2196	0	0	0
0.914	1	2	92	5	4	28	2196	0	0	0
0.915	1	4	92	6	11	20	1191	0	0	0
0.916	1	9	92	7	1	20	1191	0	0	0
0.917	1	3	92	8	14	28	185	0	0	0
0.917	1	8	92	8	18	28	2052	0	0	0
0.921	1	2	93	2	4	28	2196	0	0	0
0.922	1	6	93	3	3	28	2196	0	0	0
0.923	1	10	93	4	13	28	2196	0	0	0
0.924	1	5	93	5	17	28	2196	0	0	0
0.928	1	2	93	9	4	28	2196	0	0	0
0.929	1	1	93	10	12	28	2196	0	0	0
0.932	1	5	94	3	17	28	2196	0	0	0
0.936	1	9	94	7	1	14	775	0	0	0
0.938	1	7	94	9	2	20	1191	0	0	0
0.939	1	2	94	10	4	28	2196	0	0	0
0.946	1	10	95	7	13	28	2196	0	0	0
0.949	1	9	95	10	1	12	597	0	0	0
0.951	1	5	96	2	17	28	2196	0	0	0
0.952	1	1	96	3	12	28	2196	0	0	0
0.954	1	6	96	5	3	28	2196	0	0	0
0.958	1	2	96	9	4	28	2196	0	0	0
0.96	1	1	97	1	12	28	2196	0	0	0
0.961	1	3	97	2	14	28	2196	0	0	0
0.964	1	10	97	5	13	28	2196	0	0	0
0.966	1	1	97	7	12	28	2196	0	0	0
0.978	1	4	98	9	11	28	2196	0	0	0
0.979	1	8	98	10	18	28	2196	0	0	0
0.981	1	2	99	2	4	28	2196	0	0	0
0.986	1	7	99	7	2	14	775	0	0	0
0.987	1	1	99	8	12	28	2196	0	0	0
0.988	1	6	99	9	3	28	2196	0	0	0
0.99	1	5	100	1	17	28	2196	0	0	0
0.991	1	9	100	2	1	18	807	0	0	0
0.991	1	6	100	2	3	28	373	0	0	0
0.992	1	8	100	3	18	28	2196	0	0	0
0.993	1	3	100	4	14	28	2196	0	0	0
0.994	1	1	100	5	12	28	2196	0	0	0
0.995	1	5	100	6	17	28	2196	0	0	0
1	1	9	101	1	1	24	669	0	0	0
1	1	7	101	1	2	28	1287	0	0	0
1.001	1	10	101	2	13	28	2196	0	0	0
1.003	1	2	101	4	4	28	2196	0	0	0
1.011	1	9	102	2	1	20	1191	0	0	0
1.026	1	4	103	7	11	28	2196	0	0	0
1.027	1	8	103	8	18	28	2196	0	0	0
1.028	1	3	103	9	14	28	2196	0	0	0
1.029	1	10	103	10	13	28	2196	0	0	0
1.03	1	2	104	1	4	28	2196	0	0	0
1.031	1	1	104	2	12	28	2196	0	0	0
1.033	1	7	104	4	2	28	2196	0	0	0
1.034	1	5	104	5	17	28	2196	0	0	0
1.036	1	9	104	7	1	22	1383	0	0	0
1.043	1	7	105	4	2	28	2196	0	0	0
1.044	1	6	105	5	3	28	2196	0	0	0
1.045	1	10	105	6	13	28	2196	0	0	0
1.049	1	4	105	10	11	28	2196	0	0	0
1.051	1	8	106	2	18	28	2196	0	0	0
1.052	1	9	106	3	1	20	1191	0	0	0
1.058	1	5	106	9	17	28	2196	0	0	0
1.066	1	4	107	7	11	28	2196	0	0	0
1.067	1	6	107	8	3	28	2196	0	0	0
1.068	1	7	107	9	2	28	2196	0	0	0
1.069	1	10	107	10	13	28	2196	0	0	0
1.07	1	4	108	1	11	28	2196	0	0	0
1.071	1	1	108	2	12	28	2196	0	0	0
1.075	1	3	108	6	14	28	2196	0	0	0
1.078	1	2	108	9	4	26	1836	0	0	0
1.079	1	7	108	10	2	14	775	0	0	0
1.088	1	8	109	9	18	28	2196	0	0	0
1.092	1	7	110	3	2	20	1191	0	0	0
1.093	1	4	110	4	11	28	2196	0	0	0
1.094	1	3	110	5	14	28	2196	0	0	0
1.096	1	10	110	7	13	28	2196	0	0	0
1.097	1	9	110	8	1	4	217	0	0	0
1.099	1	8	110	10	18	28	2196	0	0	0
1.102	1	2	111	3	4	26	1836	0	0	0
1.105	1	4	111	6	11	28	2196	0	0	0
1.107	1	1	111	8	12	28	2196	0	0	0
1.108	1	9	111	9	1	18	967	0	0	0
1.11	1	6	112	1	3	28	2052	0	0	0
1.11	1	5	112	1	17	28	185	0	0	0
1.113	1	10	112	4	13	28	2196	0	0	0
1.114	1	6	112	5	3	28	2196	0	0	0
1.116	1	9	112	7	1	24	1335	0	0	0
1.116	1	3	112	7	14	28	373	0	0	0
1.117	1	2	112	8	4	28	2196	0	0	0
1.118	1	1	112	9	12	28	2196	0	0	0
1.122	1	5	113	3	17	28	2196	0	0	0
1.129	1	9	113	10	1	22	1287	0	0	0
1.129	1	4	113	10	11	28	185	0	0	0
1.131	1	3	114	2	14	28	2196	0	0	0
1.132	1	8	114	3	18	28	2196	0	0	0
1.133	1	2	114	4	4	28	2196	0	0	0
1.134	1	7	114	5	2	28	2196	0	0	0
1.135	1	9	114	6	1	20	1191	0	0	0
1.136	1	4	114	7	11	28	2196	0	0	0
1.139	1	5	114	10	17	28	2196	0	0	0
1.144	1	10	115	5	13	28	2196	0	0	0
1.145	1	2	115	6	4	28	2052	0	0	0
1.145	1	4	115	6	11	28	185	0	0	0
1.151	1	4	116	2	11	28	2196	0	0	0
1.155	1	3	116	6	14	28	2196	0	0	0
1.156	1	8	116	7	18	28	2196	0	0	0
1.16	1	3	117	1	14	28	2196	0	0	0
1.163	1	4	117	4	11	20	1191	0	0	0
1.166	1	10	117	7	13	28	2196	0	0	0
1.167	1	9	117	8	1	14	775	0	0	0
1.168	1	1	117	9	12	28	2196	0	0	0
1.17	1	6	118	1	3	28	2196	0	0	0
1.174	1	7	118	5	2	28	2196	0	0	0
1.18	1	9	119	1	1	6	309	0	0	0
1.182	1	4	119	3	11	22	1383	0	0	0
1.186	1	6	119	7	3	28	2196	0	0	0
1.187	1	2	119	8	4	28	2196	0	0	0
1.188	1	3	119	9	14	28	2196	0	0	0
1.189	1	9	119	10	1	14	775	0	0	0
1.19	1	8	120	1	18	28	2196	0	0	0
1.193	1	1	120	4	12	28	2196	0	0	0
1.197	1	7	120	8	2	28	2196	0	0	0
1.198	1	9	120	9	1	18	967	0	0	0
1.199	1	5	120	10	17	28	2196	0	0	0
1.2	1	4	121	1	11	28	2196	0	0	0
1.203	1	1	121	4	12	28	2196	0	0	0
1.204	1	8	121	5	18	28	2196	0	0	0
1.206	1	6	121	7	3	28	2196	0	0	0
1.209	1	4	121	10	11	28	2196	0	0	0
1.213	1	5	122	4	17	28	2196	0	0	0
1.214	1	2	122	5	4	28	2196	0	0	0
1.215	1	8	122	6	18	28	2196	0	0	0
1.216	1	9	122	7	1	22	935	0	0	0
1.216	1	1	122	7	12	28	749	0	0	0
1.217	1	3	122	8	14	28	2196	0	0	0
1.218	1	8	122	9	18	28	2196	0	0	0
1.219	1	10	122	10	13	28	2196	0	0	0
1.22	1	1	123	1	12	28	2196	0	0	0
1.221	1	7	123	2	2	22	1383	0	0	0
1.222	1	8	123	3	18	28	2196	0	0	0
1.225	1	10	123	6	13	28	2196	0	0	0
1.228	1	8	123	9	18	28	2196	0	0	0
1.231	1	4	124	2	11	28	2196	0	0	0
1.233	1	5	124	4	17	28	2196	0	0	0
1.234	1	10	124	5	13	28	2196	0	0	0
1.235	1	3	124	6	14	28	2196	0	0	0
1.236	1	9	124	7	1	16	903	0	0	0
1.246	1	1	125	7	12	28	2196	0	0	0
1.248	1	7	125	9	2	28	2196	0	0	0
1.249	1	6	125	10	3	28	2196	0	0	0
1.25	1	5	126	1	17	28	2196	0	0	0
1.251	1	3	126	2	14	28	2196	0	0	0
1.253	1	10	126	4	13	28	2196	0	0	0
1.255	1	8	126	6	18	28	2196	0	0	0
1.256	1	2	126	7	4	26	1836	0	0	0
1.259	1	4	126	10	11	24	1620	0	0	0
1.26	1	5	127	1	17	28	2196	0	0	0
1.261	1	1	127	2	12	28	2196	0	0	0
1.268	1	2	127	9	4	28	2196	0	0	0
1.27	1	6	128	1	3	22	1383	0	0	0
1.273	1	3	128	4	14	28	2196	0	0	0
1.275	1	9	128	6	1	16	903	0	0	0
1.279	1	1	128	10	12	28	2196	0	0	0
1.285	1	5	129	6	17	28	2196	0	0	0
1.287	1	7	129	8	2	28	2196	0	0	0
1.29	1	3	130	1	14	28	2196	0	0	0
1.291	1	1	130	2	12	28	2196	0	0	0
1.292	1	9	130	3	1	14	775	0	0	0
1.294	1	8	130	5	18	22	1383	0	0	0
1.295	1	6	130	6	3	22	1383	0	0	0
1.302	1	5	131	3	17	28	2196	0	0	0
1.303	1	7	131	4	2	28	2196	0	0	0
1.304	1	9	131	5	1	24	669	0	0	0
1.304	1	10	131	5	13	28	1287	0	0	0
1.305	1	8	131	6	18	28	2196	0	0	0
1.306	1	1	131	7	12	28	2196	0	0	0
1.312	1	7	132	3	2	14	775	0	0	0
1.315	1	9	132	6	1	14	775	0	0	0
1.316	1	8	132	7	18	28	2196	0	0	0
1.317	1	2	132	8	4	26	1836	0	0	0
1.319	1	7	132	10	2	18	967	0	0	0
1.321	1	9	133	2	1	10	469	0	0	0
1.323	1	10	133	4	13	28	2196	0	0	0
1.326	1	4	133	7	11	26	1836	0	0	0
1.332	1	3	134	3	14	28	2196	0	0	0
1.335	1	2	134	6	4	28	2196	0	0	0
1.336	1	5	134	7	17	28	2196	0	0	0
1.337	1	8	134	8	18	28	2196	0	0	0
1.341	1	1	135	2	12	28	2196	0	0	0
1.342	1	6	135	3	3	24	1620	0	0	0
1.346	1	1	135	7	12	28	2196	0	0	0
1.348	1	7	135	9	2	28	2196	0	0	0
1.349	1	6	135	10	3	24	1620	0	0	0
1.35	1	2	136	1	4	28	2196	0	0	0
1.355	1	5	136	6	17	28	2196	0	0	0
1.358	1	8	136	9	18	28	2196	0	0	0
1.359	1	5	136	10	17	28	2196	0	0	0
1.361	1	1	137	2	12	28	2196	0	0	0
1.364	1	10	137	5	13	28	2196	0	0	0
1.366	1	4	137	7	11	28	2196	0	0	0
1.369	1	9	137	10	1	20	693	0	0	0
1.369	1	2	137	10	4	28	935	0	0	0
1.37	1	1	138	1	12	28	2196	0	0	0
1.372	1	5	138	3	17	28	2196	0	0	0
1.374	1	3	138	5	14	28	2196	0	0	0
1.379	1	6	138	10	3	28	2196	0	0	0
1.38	1	8	139	1	18	28	2196	0	0	0
1.382	1	7	139	3	2	20	1191	0	0	0
1.385	1	5	139	6	17	28	2196	0	0	0
1.386	1	8	139	7	18	28	2196	0	0	0
1.39	1	8	140	1	18	28	2196	0	0	0
1.394	1	1	140	5	12	24	1620	0	0	0
1.395	1	3	140	6	14	28	2196	0	0	0
1.396	1	2	140	7	4	28	2196	0	0	0
1.4	1	7	141	1	2	22	1383	0	0	0
1.405	1	6	141	6	3	24	1620	0	0	0
1.408	1	8	141	9	18	28	2196	0	0	0
1.411	1	4	142	2	11	28	2196	0	0	0
1.412	1	2	142	3	4	28	2196	0	0	0
1.413	1	1	142	4	12	28	2196	0	0	0
1.414	1	9	142	5	1	14	775	0	0	0
1.415	1	7	142	6	2	22	1383	0	0	0
1.416	1	5	142	7	17	28	2196	0	0	0
1.423	1	2	143	4	4	28	2196	0	0	0
1.424	1	7	143	5	2	28	2196	0	0	0
1.425	1	6	143	6	3	28	2196	0	0	0
1.427	1	3	143	8	14	28	2196	0	0	0
1.428	1	8	143	9	18	28	2196	0	0	0
1.431	1	10	144	2	13	28	2196	0	0	0
1.432	1	4	144	3	11	26	1836	0	0	0
1.437	1	9	144	8	1	20	1191	0	0	0
1.44	1	4	145	1	11	26	1836	0	0	0
1.442	1	6	145	3	3	28	2196	0	0	0
1.443	1	3	145	4	14	28	2196	0	0	0
1.444	1	9	145	5	1	22	1383	0	0	0
1.445	1	7	145	6	2	28	2196	0	0	0
1.446	1	2	145	7	4	28	2196	0	0	0
1.447	1	7	145	8	2	28	2196	0	0	0
1.448	1	5	145	9	17	28	2196	0	0	0
1.455	1	6	146	6	3	28	2196	0	0	0
1.456	1	2	146	7	4	28	2196	0	0	0
1.458	1	8	146	9	18	28	2196	0	0	0
1.46	1	10	147	1	13	28	2196	0	0	0
1.463	1	2	147	4	4	24	1620	0	0	0
1.465	1	9	147	6	1	24	1620	0	0	0
1.469	1	7	147	10	2	28	2196	0	0	0
1.47	1	5	148	1	17	28	2196	0	0	0
1.471	1	8	148	2	18	24	1620	0	0	0
1.472	1	1	148	3	12	28	2196	0	0	0
1.474	1	3	148	5	14	28	2196	0	0	0
1.477	1	2	148	8	4	28	2196	0	0	0
1.482	1	9	149	3	1	24	1620	0	0	0
1.487	1	3	149	8	14	28	2196	0	0	0
1.49	1	6	150	1	3	28	2196	0	0	0
1.491	1	7	150	2	2	28	2196	0	0	0
1.492	1	8	150	3	18	28	2196	0	0	0
1.499	1	6	150	10	3	28	2196	0	0	0
1.5	1	8	151	1	18	28	2196	0	0	0
1.501	1	2	151	2	4	28	2196	0	0	0
1.503	1	10	151	4	13	28	2196	0	0	0
1.504	1	9	151	5	1	18	967	0	0	0
1.505	1	7	151	6	2	24	1620	0	0	0
1.506	1	3	151	7	14	28	2196	0	0	0
1.508	1	2	151	9	4	28	2196	0	0	0
1.511	1	4	152	2	11	22	1383	0	0	0
1.512	1	8	152	3	18	28	2196	0	0	0
1.516	1	4	152	7	11	22	1383	0	0	0
1.517	1	5	152	8	17	28	2196	0	0	0
1.518	1	6	152	9	3	28	2196	0	0	0
1.519	1	3	152	10	14	28	2196	0	0	0
1.524	1	1	153	5	12	28	2196	0	0	0
1.525	1	10	153	6	13	28	2196	0	0	0
1.529	1	5	153	10	17	28	2196	0	0	0
1.533	1	10	154	4	13	28	2196	0	0	0
1.534	1	9	154	5	1	14	775	0	0	0
1.541	1	1	155	2	12	28	2196	0	0	0
1.542	1	7	155	3	2	28	2196	0	0	0
1.543	1	10	155	4	13	28	2196	0	0	0
1.544	1	9	155	5	1	28	373	0	0	0
1.544	1	4	155	5	11	28	1836	0	0	0
1.545	1	3	155	6	14	28	2196	0	0	0
1.546	1	8	155	7	18	28	2196	0	0	0
1.547	1	2	155	8	4	28	2196	0	0	0
1.551	1	5	156	2	17	28	2196	0	0	0
1.553	1	8	156	4	18	28	2196	0	0	0
1.555	1	9	156	6	1	6	309	0	0	0
1.556	1	1	156	7	12	28	2196	0	0	0
1.557	1	3	156	8	14	28	2196	0	0	0
1.56	1	4	157	1	11	24	1620	0	0	0
1.563	1	10	157	4	13	28	2196	0	0	0
1.565	1	2	157	6	4	28	2196	0	0	0
1.568	1	4	157	9	11	24	1620	0	0	0
1.569	1	9	157	10	1	12	597	0	0	0
1.57	1	7	158	1	2	28	2196	0	0	0
1.571	1	10	158	2	13	28	2196	0	0	0
1.574	1	6	158	5	3	28	2196	0	0	0
1.575	1	1	158	6	12	28	2196	0	0	0
1.576	1	10	158	7	13	28	2196	0	0	0
1.578	1	3	158	9	14	28	2196	0	0	0
1.579	1	7	158	10	2	26	1836	0	0	0
1.586	1	9	159	7	1	18	903	0	0	0
1.586	1	8	159	7	18	28	185	0	0	0
1.589	1	8	159	10	18	28	2196	0	0	0
1.59	1	10	160	1	13	28	2196	0	0	0
1.592	1	7	160	3	2	28	2196	0	0	0
1.596	1	5	160	7	17	28	2196	0	0	0
1.601	1	3	161	2	14	28	2196	0	0	0
1.603	1	4	161	4	11	28	2052	0	0	0
1.603	1	5	161	4	17	28	185	0	0	0
1.604	1	10	161	5	13	28	2196	0	0	0
1.61	1	2	162	1	4	28	2196	0	0	0
1.611	1	9	162	2	1	22	935	0	0	0
1.611	1	1	162	2	12	28	749	0	0	0
1.612	1	6	162	3	3	28	2196	0	0	0
1.613	1	8	162	4	18	28	2196	0	0	0
1.614	1	3	162	5	14	28	2196	0	0	0
1.615	1	4	162	6	11	28	2196	0	0	0
1.619	1	5	162	10	17	28	2196	0	0	0
1.62	1	9	163	1	1	14	775	0	0	0
1.622	1	7	163	3	2	26	1836	0	0	0
1.624	1	8	163	5	18	28	2196	0	0	0
1.626	1	5	163	7	17	28	2196	0	0	0
1.627	1	4	163	8	11	28	2196	0	0	0
1.63	1	6	164	1	3	22	1383	0	0	0
1.633	1	1	164	4	12	28	2196	0	0	0
1.635	1	9	164	6	1	16	903	0	0	0
1.636	1	8	164	7	18	28	2196	0	0	0
1.637	1	2	164	8	4	22	1383	0	0	0
1.639	1	5	164	10	17	28	2196	0	0	0
1.641	1	9	165	2	1	12	597	0	0	0
1.643	1	2	165	4	4	28	2196	0	0	0
1.646	1	1	165	7	12	28	2196	0	0	0
1.647	1	9	165	8	1	22	1287	0	0	0
1.647	1	8	165	8	18	28	185	0	0	0
1.65	1	6	166	1	3	28	2196	0	0	0
1.655	1	7	166	6	2	24	1620	0	0	0
1.657	1	3	166	8	14	28	2196	0	0	0
1.658	1	2	166	9	4	28	2196	0	0	0
1.659	1	10	166	10	13	28	2196	0	0	0
1.661	1	4	167	2	11	28	2196	0	0	0
1.662	1	5	167	3	17	28	2196	0	0	0
1.663	1	1	167	4	12	28	2196	0	0	0
1.667	1	6	167	8	3	28	2196	0	0	0
1.668	1	1	167	9	12	28	2196	0	0	0
1.674	1	3	168	5	14	28	2196	0	0	0
1.676	1	6	168	7	3	28	2052	0	0	0
1.676	1	5	168	7	17	28	185	0	0	0
1.677	1	2	168	8	4	28	2196	0	0	0
1.679	1	9	168	10	1	22	1031	0	0	0
1.679	1	1	168	10	12	28	549	0	0	0
1.68	1	7	169	1	2	20	1191	0	0	0
1.683	1	5	169	4	17	28	2196	0	0	0
1.684	1	6	169	5	3	28	2196	0	0	0
1.686	1	8	169	7	18	28	2196	0	0	0
1.69	1	4	170	1	11	24	1620	0	0	0
1.693	1	9	170	4	1	20	1095	0	0	0
1.693	1	2	170	4	4	28	185	0	0	0
1.694	1	7	170	5	2	28	2196	0	0	0
1.695	1	8	170	6	18	28	2196	0	0	0
1.696	1	6	170	7	3	26	1836	0	0	0
1.698	1	9	170	9	1	18	967	0	0	0
1.702	1	10	171	3	13	28	2196	0	0	0
1.703	1	1	171	4	12	28	2196	0	0	0
1.704	1	5	171	5	17	28	2196	0	0	0
1.706	1	2	171	7	4	28	2196	0	0	0
1.708	1	10	171	9	13	28	2196	0	0	0
1.709	1	1	171	10	12	28	2196	0	0	0
1.71	1	8	172	1	18	28	2196	0	0	0
1.714	1	7	172	5	2	28	2196	0	0	0
1.716	1	8	172	7	18	28	2196	0	0	0
1.719	1	6	172	10	3	28	2196	0	0	0
1.725	1	10	173	6	13	28	2196	0	0	0
1.726	1	9	173	7	1	20	1191	0	0	0
1.727	1	6	173	8	3	28	2196	0	0	0
1.729	1	8	173	10	18	28	2196	0	0	0
1.73	1	6	174	1	3	28	2196	0	0	0
1.731	1	3	174	2	14	28	2196	0	0	0
1.733	1	1	174	4	12	28	2196	0	0	0
1.739	1	9	174	10	1	20	1191	0	0	0
1.74	1	10	175	1	13	28	2196	0	0	0
1.744	1	4	175	5	11	28	2052	0	0	0
1.744	1	3	175	5	14	28	185	0	0	0
1.75	1	4	176	1	11	20	1191	0	0	0
1.751	1	5	176	2	17	28	2196	0	0	0
1.752	1	8	176	3	18	28	2196	0	0	0
1.753	1	1	176	4	12	28	2196	0	0	0
1.755	1	6	176	6	3	28	2196	0	0	0
1.759	1	9	176	10	1	12	597	0	0	0
1.764	1	1	177	5	12	28	2196	0	0	0
1.767	1	7	177	8	2	28	2052	0	0	0
1.767	1	2	177	8	4	28	185	0	0	0
1.769	1	4	177	10	11	28	2052	0	0	0
1.769	1	10	177	10	13	28	185	0	0	0
1.771	1	6	178	2	3	28	2196	0	0	0
1.775	1	8	178	6	18	28	2196	0	0	0
1.777	1	7	178	8	2	28	2196	0	0	0
1.778	1	4	178	9	11	28	2196	0	0	0
1.779	1	5	178	10	17	28	2196	0	0	0
1.783	1	10	179	4	13	28	2196	0	0	0
1.785	1	3	179	6	14	28	2196	0	0	0
1.786	1	1	179	7	12	28	2196	0	0	0
1.791	1	10	180	2	13	28	2196	0	0	0
1.795	1	9	180	6	1	24	935	0	0	0
1.795	1	3	180	6	14	28	935	0	0	0
1.801	1	3	181	2	14	28	2196	0	0	0
1.802	1	4	181	3	11	28	2196	0	0	0
1.803	1	10	181	4	13	28	2196	0	0	0
1.807	1	1	181	8	12	28	2196	0	0	0
1.808	1	6	181	9	3	28	2196	0	0	0
1.809	1	5	181	10	17	28	2196	0	0	0
1.81	1	4	182	1	11	20	1191	0	0	0
1.814	1	6	182	5	3	28	185	0	0	0
1.814	1	4	182	5	11	28	2052	0	0	0
1.815	1	10	182	6	13	28	2196	0	0	0
1.82	1	7	183	1	2	28	2196	0	0	0
1.821	1	9	183	2	1	20	1095	0	0	0
1.821	1	5	183	2	17	28	185	0	0	0
1.823	1	3	183	4	14	28	2196	0	0	0
1.826	1	5	183	7	17	28	2196	0	0	0
1.829	1	8	183	10	18	28	2196	0	0	0
1.831	1	5	184	2	17	28	2196	0	0	0
1.832	1	2	184	3	4	28	2196	0	0	0
1.833	1	3	184	4	14	28	2196	0	0	0
1.835	1	6	184	6	3	26	1836	0	0	0
1.838	1	4	184	9	11	28	2196	0	0	0
1.839	1	2	184	10	4	28	2196	0	0	0
1.842	1	8	185	3	18	28	2196	0	0	0
1.845	1	1	185	6	12	28	2196	0	0	0
1.846	1	10	185	7	13	28	2196	0	0	0
1.854	1	9	186	5	1	24	1620	0	0	0
1.855	1	3	186	6	14	28	2196	0	0	0
1.858	1	6	186	9	3	24	1620	0	0	0
1.861	1	5	187	2	17	28	2196	0	0	0
1.862	1	8	187	3	18	28	2196	0	0	0
1.867	1	7	187	8	2	22	1383	0	0	0
1.869	1	8	187	10	18	28	2196	0	0	0
1.87	1	5	188	1	17	28	2196	0	0	0
1.872	1	6	188	3	3	24	1620	0	0	0
1.874	1	2	188	5	4	28	2196	0	0	0
1.877	1	4	188	8	11	20	1191	0	0	0
1.878	1	3	188	9	14	28	2196	0	0	0
1.879	1	5	188	10	17	28	2196	0	0	0
1.881	1	2	189	2	4	28	2196	0	0	0
1.883	1	10	189	4	13	28	2196	0	0	0
1.884	1	4	189	5	11	28	1836	0	0	0
1.884	1	8	189	5	18	28	373	0	0	0
1.886	1	6	189	7	3	28	2196	0	0	0
1.887	1	9	189	8	1	20	1191	0	0	0
1.89	1	1	190	1	12	28	2196	0	0	0
1.891	1	10	190	2	13	28	2196	0	0	0
1.895	1	9	190	6	1	18	967	0	0	0
1.898	1	4	190	9	11	28	2196	0	0	0
1.901	1	9	191	2	1	18	967	0	0	0
1.903	1	5	191	4	17	28	2196	0	0	0
1.906	1	7	191	7	2	28	2196	0	0	0
1.907	1	6	191	8	3	28	2196	0	0	0
1.909	1	3	191	10	14	28	2196	0	0	0
1.91	1	4	192	1	11	20	1191	0	0	0
1.912	1	1	192	3	12	28	2196	0	0	0
1.915	1	10	192	6	13	28	2196	0	0	0
1.92	1	2	193	1	4	28	2196	0	0	0
1.922	1	3	193	3	14	28	2196	0	0	0
1.924	1	1	193	5	12	28	2196	0	0	0
1.925	1	9	193	6	1	4	217	0	0	0
1.926	1	7	193	7	2	20	1191	0	0	0
1.927	1	8	193	8	18	28	2196	0	0	0
1.928	1	2	193	9	4	28	2196	0	0	0
1.929	1	5	193	10	17	28	2196	0	0	0
1.93	1	10	194	1	13	28	2196	0	0	0
1.933	1	9	194	4	1	6	309	0	0	0
1.937	1	10	194	8	13	28	2196	0	0	0
1.94	1	6	195	1	3	28	2196	0	0	0
1.941	1	3	195	2	14	28	2196	0	0	0
1.944	1	8	195	5	18	28	2196	0	0	0
1.945	1	7	195	6	2	24	1620	0	0	0
1.946	1	2	195	7	4	28	2196	0	0	0
1.948	1	7	195	9	2	28	2196	0	0	0
1.952	1	5	196	3	17	28	2196	0	0	0
1.953	1	10	196	4	13	28	2196	0	0	0
1.958	1	3	196	9	14	28	2196	0	0	0
1.959	1	6	196	10	3	18	967	0	0	0
1.96	1	2	197	1	4	28	2196	0	0	0
1.963	1	4	197	4	11	22	1383	0	0	0
1.967	1	5	197	8	17	28	2196	0	0	0
1.972	1	8	198	3	18	28	2196	0	0	0
1.975	1	4	198	6	11	20	1191	0	0	0
1.976	1	1	198	7	12	28	2196	0	0	0
1.978	1	5	198	9	17	28	2196	0	0	0
1.979	1	7	198	10	2	28	1836	0	0	0
1.979	1	4	198	10	11	28	373	0	0	0
1.98	1	10	199	1	13	28	2196	0	0	0
1.981	1	6	199	2	3	22	1383	0	0	0
1.983	1	1	199	4	12	28	2196	0	0	0
1.985	1	2	199	6	4	20	1191	0	0	0
1.986	1	9	199	7	1	14	775	0	0	0
1.988	1	10	199	9	13	28	2196	0	0	0
1.989	1	9	199	10	1	20	1095	0	0	0
1.989	1	7	199	10	2	28	185	0	0	0
1.996	1	6	200	7	3	28	2196	0	0	0
1.997	1	1	200	8	12	28	2196	0	0	0
2.002	1	6	201	3	3	28	1836	0	0	0
2.002	1	1	201	3	12	28	373	0	0	0
2.007	1	7	201	8	2	28	2196	0	0	0
2.015	1	5	202	6	17	28	2196	0	0	0
2.017	1	4	202	8	11	20	1191	0	0	0
2.018	1	2	202	9	4	28	2196	0	0	0
2.019	1	7	202	10	2	28	2196	0	0	0
2.02	1	6	203	1	3	28	2196	0	0	0
2.021	1	3	203	2	14	28	2196	0	0	0
2.027	1	3	203	8	14	28	2196	0	0	0
2.028	1	6	203	9	3	28	2196	0	0	0
2.029	1	8	203	10	18	28	2196	0	0	0
2.03	1	5	204	1	17	28	2196	0	0	0
2.034	1	3	204	5	14	28	2196	0	0	0
2.035	1	5	204	6	17	28	2196	0	0	0
2.038	1	10	204	9	13	28	2196	0	0	0
2.041	1	9	205	2	1	18	967	0	0	0
2.042	1	1	205	3	12	28	2196	0	0	0
2.043	1	7	205	4	2	28	185	0	0	0
2.043	1	4	205	4	11	28	2052	0	0	0
2.045	1	8	205	6	18	28	2196	0	0	0
2.049	1	2	205	10	4	28	2196	0	0	0
2.051	1	3	206	2	14	28	2196	0	0	0
2.052	1	6	206	3	3	24	1620	0	0	0
2.053	1	7	206	4	2	24	1620	0	0	0
2.058	1	9	206	9	1	18	903	0	0	0
2.058	1	6	206	9	3	28	185	0	0	0
2.062	1	5	207	3	17	28	2196	0	0	0
2.068	1	8	207	9	18	28	2196	0	0	0
2.069	1	7	207	10	2	26	1836	0	0	0
2.07	1	3	208	1	14	28	2196	0	0	0
2.071	1	2	208	2	4	28	2196	0	0	0
2.072	1	6	208	3	3	24	1620	0	0	0
2.073	1	4	208	4	11	28	2196	0	0	0
2.077	1	5	208	8	17	28	2196	0	0	0
2.078	1	9	208	9	1	10	469	0	0	0
2.079	1	3	208	10	14	28	2196	0	0	0
2.08	1	1	209	1	12	28	2196	0	0	0
2.082	1	10	209	3	13	28	2196	0	0	0
2.084	1	7	209	5	2	20	1191	0	0	0
2.089	1	1	209	10	12	28	2196	0	0	0
2.09	1	7	210	1	2	28	2052	0	0	0
2.09	1	5	210	1	17	28	185	0	0	0
2.094	1	2	210	5	4	28	2196	0	0	0
2.095	1	9	210	6	1	16	903	0	0	0
2.096	1	4	210	7	11	28	2196	0	0	0
2.097	1	3	210	8	14	28	2196	0	0	0
2.1	1	10	211	1	13	28	2196	0	0	0
2.101	1	8	211	2	18	28	2196	0	0	0
2.103	1	5	211	4	17	28	2196	0	0	0
2.105	1	3	211	6	14	28	2196	0	0	0
2.109	1	6	211	10	3	28	1836	0	0	0
2.109	1	2	211	10	4	28	373	0	0	0
2.116	1	10	212	7	13	28	2196	0	0	0
2.117	1	7	212	8	2	28	2196	0	0	0
2.118	1	6	212	9	3	28	2196	0	0	0
2.122	1	2	213	3	4	28	2196	0	0	0
2.123	1	1	213	4	12	28	2196	0	0	0
2.124	1	4	213	5	11	24	1620	0	0	0
2.127	1	1	213	8	12	28	2196	0	0	0
2.128	1	9	213	9	1	20	501	0	0	0
2.128	1	8	213	9	18	28	1287	0	0	0
2.129	1	2	213	10	4	28	2196	0	0	0
2.132	1	8	214	3	18	28	2196	0	0	0
2.133	1	6	214	4	3	28	2196	0	0	0
2.138	1	10	214	9	13	28	2196	0	0	0
2.139	1	7	214	10	2	28	2196	0	0	0
2.14	1	2	215	1	4	28	2196	0	0	0
2.145	1	9	215	6	1	6	309	0	0	0
2.149	1	1	215	10	12	28	2196	0	0	0
2.15	1	4	216	1	11	28	2196	0	0	0
2.151	1	5	216	2	17	28	2196	0	0	0
2.152	1	10	216	3	13	28	2196	0	0	0
2.153	1	6	216	4	3	20	1191	0	0	0
2.162	1	7	217	3	2	28	2196	0	0	0
2.163	1	6	217	4	3	28	2196	0	0	0
2.164	1	1	217	5	12	28	2196	0	0	0
2.165	1	8	217	6	18	28	2196	0	0	0
2.166	1	5	217	7	17	28	2196	0	0	0
2.172	1	2	218	3	4	28	2196	0	0	0
2.176	1	10	218	7	13	28	2196	0	0	0
2.178	1	9	218	9	1	14	717	0	0	0
2.178	1	1	218	9	12	28	185	0	0	0
2.183	1	3	219	4	14	28	2196	0	0	0
2.186	1	4	219	7	11	24	1620	0	0	0
2.188	1	5	219	9	17	28	2196	0	0	0
2.192	1	3	220	3	14	28	2196	0	0	0
2.195	1	2	220	6	4	28	2196	0	0	0
2.196	1	8	220	7	18	28	2196	0	0	0
2.197	1	1	220	8	12	28	2196	0	0	0
2.202	1	2	221	3	4	28	2196	0	0	0
2.204	1	6	221	5	3	28	2196	0	0	0
2.205	1	1	221	6	12	28	2196	0	0	0
2.206	1	7	221	7	2	28	2196	0	0	0
2.207	1	8	221	8	18	28	2196	0	0	0
2.208	1	5	221	9	17	28	2196	0	0	0
2.209	1	1	221	10	12	28	2196	0	0	0
2.211	1	9	222	2	1	8	421	0	0	0
2.212	1	10	222	3	13	28	2196	0	0	0
2.213	1	6	222	4	3	28	2196	0	0	0
2.214	1	4	222	5	11	28	2052	0	0	0
2.214	1	8	222	5	18	28	185	0	0	0
2.22	1	4	223	1	11	28	2196	0	0	0
2.221	1	10	223	2	13	28	2196	0	0	0
2.222	1	8	223	3	18	28	2196	0	0	0
2.225	1	3	223	6	14	28	2196	0	0	0
2.233	1	5	224	4	17	28	2196	0	0	0
2.234	1	7	224	5	2	22	1383	0	0	0
2.235	1	6	224	6	3	28	2196	0	0	0
2.237	1	1	224	8	12	28	2196	0	0	0
2.239	1	2	224	10	4	28	2196	0	0	0
2.241	1	7	225	2	2	18	967	0	0	0
2.242	1	8	225	3	18	28	2196	0	0	0
2.243	1	10	225	4	13	28	2196	0	0	0
2.244	1	3	225	5	14	28	2196	0	0	0
2.246	1	9	225	7	1	16	903	0	0	0
2.249	1	2	225	10	4	28	2196	0	0	0
2.252	1	7	226	3	2	14	775	0	0	0
2.253	1	5	226	4	17	28	2196	0	0	0
2.256	1	9	226	7	1	20	1191	0	0	0
2.257	1	6	226	8	3	28	2196	0	0	0
2.266	1	2	227	7	4	28	2196	0	0	0
2.268	1	10	227	9	13	28	2196	0	0	0
2.269	1	1	227	10	12	28	2196	0	0	0
2.273	1	2	228	4	4	28	2196	0	0	0
2.274	1	7	228	5	2	28	2196	0	0	0
2.276	1	9	228	7	1	18	807	0	0	0
2.276	1	10	228	7	13	28	373	0	0	0
2.277	1	1	228	8	12	28	2196	0	0	0
2.278	1	8	228	9	18	28	2196	0	0	0
2.281	1	10	229	2	13	28	2196	0	0	0
2.282	1	3	229	3	14	28	2196	0	0	0
2.283	1	6	229	4	3	28	2196	0	0	0
2.285	1	4	229	6	11	28	2196	0	0	0
2.288	1	8	229	9	18	28	2196	0	0	0
2.291	1	6	230	2	3	28	2196	0	0	0
2.292	1	4	230	3	11	28	2196	0	0	0
2.293	1	10	230	4	13	28	2196	0	0	0
2.295	1	4	230	6	11	28	2196	0	0	0
2.296	1	2	230	7	4	24	1620	0	0	0
2.297	1	3	230	8	14	28	2196	0	0	0
2.298	1	1	230	9	12	28	2196	0	0	0
2.3	1	9	231	1	1	18	967	0	0	0
2.306	1	2	231	7	4	24	1620	0	0	0
2.31	1	3	232	1	14	28	2196	0	0	0
2.311	1	8	232	2	18	24	1620	0	0	0
2.316	1	7	232	7	2	28	2196	0	0	0
2.317	1	9	232	8	1	18	967	0	0	0
2.319	1	8	232	10	18	28	2196	0	0	0
2.32	1	6	233	1	3	28	2196	0	0	0
2.323	1	4	233	4	11	28	2052	0	0	0
2.323	1	10	233	4	13	28	185	0	0	0
2.324	1	5	233	5	17	28	2196	0	0	0
2.329	1	6	233	10	3	28	2196	0	0	0
2.331	1	5	234	2	17	28	2196	0	0	0
2.334	1	7	234	5	2	28	2196	0	0	0
2.335	1	2	234	6	4	28	2196	0	0	0
2.336	1	1	234	7	12	28	2196	0	0	0
2.345	1	5	235	6	17	28	2196	0	0	0
2.35	1	10	236	1	13	28	2196	0	0	0
2.353	1	7	236	4	2	28	2052	0	0	0
2.353	1	1	236	4	12	28	185	0	0	0
2.355	1	9	236	6	1	20	1191	0	0	0
2.362	1	3	237	3	14	28	2196	0	0	0
2.363	1	8	237	4	18	28	2196	0	0	0
2.365	1	10	237	6	13	28	2196	0	0	0
2.367	1	4	237	8	11	28	2196	0	0	0
2.369	1	6	237	10	3	20	1191	0	0	0
2.374	1	9	238	5	1	16	903	0	0	0
2.379	1	8	238	10	18	28	2196	0	0	0
2.382	1	6	239	3	3	28	2196	0	0	0
2.383	1	1	239	4	12	28	2196	0	0	0
2.384	1	7	239	5	2	28	2052	0	0	0
2.384	1	3	239	5	14	28	185	0	0	0
2.387	1	9	239	8	1	6	309	0	0	0
2.391	1	9	240	2	1	14	775	0	0	0
2.396	1	5	240	7	17	28	2196	0	0	0
2.397	1	2	240	8	4	28	2196	0	0	0
2.398	1	7	240	9	2	28	185	0	0	0
2.398	1	4	240	9	11	28	2052	0	0	0
2.399	1	8	240	10	18	28	2196	0	0	0
2.402	1	9	241	3	1	12	597	0	0	0
2.406	1	4	241	7	11	24	1620	0	0	0
2.411	1	5	242	2	17	28	2196	0	0	0
2.413	1	1	242	4	12	28	2196	0	0	0
2.414	1	9	242	5	1	22	1383	0	0	0
2.416	1	4	242	7	11	28	2196	0	0	0
2.417	1	6	242	8	3	26	1836	0	0	0
2.419	1	8	242	10	18	28	2196	0	0	0
2.421	1	9	243	2	1	22	1383	0	0	0
2.422	1	2	243	3	4	24	1620	0	0	0
2.425	1	6	243	6	3	26	1836	0	0	0
2.428	1	1	243	9	12	28	2196	0	0	0
2.432	1	3	244	3	14	28	2196	0	0	0
2.433	1	9	244	4	1	22	1383	0	0	0
2.435	1	5	244	6	17	28	2196	0	0	0
2.436	1	10	244	7	13	28	2196	0	0	0
2.437	1	7	244	8	2	20	1191	0	0	0
2.439	1	4	244	10	11	28	2196	0	0	0
2.441	1	1	245	2	12	28	2196	0	0	0
2.442	1	2	245	3	4	28	2196	0	0	0
2.445	1	8	245	6	18	28	2196	0	0	0
2.449	1	3	245	10	14	28	2196	0	0	0
2.454	1	4	246	5	11	28	2196	0	0	0
2.455	1	8	246	6	18	28	2196	0	0	0
2.459	1	6	246	10	3	24	1620	0	0	0
2.461	1	5	247	2	17	28	2196	0	0	0
2.462	1	7	247	3	2	28	2196	0	0	0
2.463	1	2	247	4	4	28	2196	0	0	0
2.464	1	1	247	5	12	28	2196	0	0	0
2.465	1	2	247	6	4	28	2196	0	0	0
2.466	1	3	247	7	14	28	2196	0	0	0
2.467	1	5	247	8	17	28	2196	0	0	0
2.468	1	10	247	9	13	28	2196	0	0	0
2.469	1	4	247	10	11	28	2196	0	0	0
2.47	1	6	248	1	3	26	1836	0	0	0
2.471	1	8	248	2	18	28	2196	0	0	0
2.473	1	9	248	4	1	12	597	0	0	0
2.477	1	7	248	8	2	28	2052	0	0	0
2.477	1	6	248	8	3	28	185	0	0	0
2.478	1	4	248	9	11	24	1620	0	0	0
2.48	1	8	249	1	18	28	2196	0	0	0
2.481	1	3	249	2	14	28	2196	0	0	0
2.482	1	1	249	3	12	28	2196	0	0	0
2.483	1	2	249	4	4	24	1620	0	0	0
2.489	1	9	249	10	1	14	775	0	0	0
2.493	1	10	250	4	13	28	2196	0	0	0
2.494	1	7	250	5	2	28	2196	0	0	0
2.495	1	5	250	6	17	28	2196	0	0	0
2.498	1	8	250	9	18	28	2196	0	0	0
2.501	1	1	251	2	12	28	2196	0	0	0
2.503	1	9	251	4	1	12	597	0	0	0
2.504	1	3	251	5	14	28	2196	0	0	0
2.505	1	2	251	6	4	28	2196	0	0	0
2.506	1	8	251	7	18	28	2196	0	0	0
2.51	1	10	252	1	13	28	2196	0	0	0
2.511	1	6	252	2	3	28	2196	0	0	0
2.512	1	5	252	3	17	28	2196	0	0	0
2.513	1	1	252	4	12	28	2196	0	0	0
2.516	1	9	252	7	1	20	1191	0	0	0
2.519	1	3	252	10	14	28	2196	0	0	0
2.528	1	7	253	9	2	28	2196	0	0	0
2.529	1	5	253	10	17	28	2196	0	0	0
2.532	1	4	254	3	11	28	2196	0	0	0
2.533	1	2	254	4	4	28	2196	0	0	0
2.534	1	8	254	5	18	28	2196	0	0	0
2.535	1	1	254	6	12	28	2196	0	0	0
2.536	1	6	254	7	3	28	2196	0	0	0
2.537	1	10	254	8	13	28	2196	0	0	0
2.538	1	9	254	9	1	20	1095	0	0	0
2.538	1	4	254	9	11	28	185	0	0	0
2.539	1	2	254	10	4	28	2196	0	0	0
2.542	1	7	255	3	2	28	2196	0	0	0
2.543	1	3	255	4	14	28	2196	0	0	0
2.549	1	2	255	10	4	28	2196	0	0	0
2.55	1	6	256	1	3	22	1383	0	0	0
2.551	1	10	256	2	13	28	2196	0	0	0
2.552	1	4	256	3	11	28	2196	0	0	0
2.553	1	7	256	4	2	28	2196	0	0	0
2.554	1	8	256	5	18	28	2196	0	0	0
2.56	1	3	257	1	14	28	2196	0	0	0
2.561	1	6	257	2	3	24	1620	0	0	0
2.562	1	4	257	3	11	28	2196	0	0	0
2.563	1	9	257	4	1	24	807	0	0	0
2.563	1	5	257	4	17	28	1095	0	0	0
2.564	1	8	257	5	18	28	2196	0	0	0
2.567	1	7	257	8	2	28	2196	0	0	0
2.568	1	10	257	9	13	28	2196	0	0	0
2.569	1	2	257	10	4	28	2196	0	0	0
2.57	1	3	258	1	14	28	2196	0	0	0
2.571	1	1	258	2	12	28	2196	0	0	0
2.572	1	4	258	3	11	28	2196	0	0	0
2.576	1	1	258	7	12	28	2196	0	0	0
2.577	1	3	258	8	14	28	2196	0	0	0
2.579	1	5	258	10	17	28	2196	0	0	0
2.582	1	1	259	3	12	28	2196	0	0	0
2.583	1	9	259	4	1	18	967	0	0	0
2.584	1	10	259	5	13	28	2196	0	0	0
2.585	1	8	259	6	18	28	2196	0	0	0
2.591	1	6	260	2	3	28	2196	0	0	0
2.6	1	5	261	1	17	28	2196	0	0	0
2.601	1	9	261	2	1	20	1095	0	0	0
2.601	1	10	261	2	13	28	185	0	0	0
2.602	1	4	261	3	11	28	2052	0	0	0
2.602	1	3	261	3	14	28	185	0	0	0
2.603	1	7	261	4	2	28	2196	0	0	0
2.605	1	9	261	6	1	24	1335	0	0	0
2.605	1	10	261	6	13	28	373	0	0	0
2.608	1	8	261	9	18	28	2196	0	0	0
2.61	1	6	262	1	3	28	2052	0	0	0
2.61	1	1	262	1	12	28	185	0	0	0
2.611	1	2	262	2	4	24	1620	0	0	0
2.616	1	7	262	7	2	28	1836	0	0	0
2.616	1	3	262	7	14	28	373	0	0	0
2.623	1	3	263	4	14	28	2196	0	0	0
2.624	1	8	263	5	18	28	2196	0	0	0
2.625	1	4	263	6	11	24	1620	0	0	0
2.629	1	9	263	10	1	20	1191	0	0	0
2.631	1	10	264	2	13	28	2196	0	0	0
2.635	1	3	264	6	14	28	2196	0	0	0
2.638	1	7	264	9	2	28	2196	0	0	0
2.639	1	8	264	10	18	28	2196	0	0	0
2.643	1	9	265	4	1	24	1191	0	0	0
2.643	1	4	265	4	11	28	549	0	0	0
2.649	1	5	265	10	17	28	2196	0	0	0
2.654	1	1	266	5	12	28	2196	0	0	0
2.663	1	4	267	4	11	28	2196	0	0	0
2.669	1	7	267	10	2	28	2196	0	0	0
2.67	1	6	268	1	3	28	2196	0	0	0
2.673	1	10	268	4	13	28	2196	0	0	0
2.674	1	8	268	5	18	22	1383	0	0	0
2.677	1	1	268	8	12	28	2196	0	0	0
2.678	1	4	268	9	11	28	2196	0	0	0
2.679	1	2	268	10	4	28	2196	0	0	0
2.68	1	9	269	1	1	28	185	0	0	0
2.68	1	5	269	1	17	28	2052	0	0	0
2.681	1	3	269	2	14	28	2196	0	0	0
2.682	1	8	269	3	18	26	1836	0	0	0
2.687	1	8	269	8	18	28	2196	0	0	0
2.693	1	1	270	4	12	28	2196	0	0	0
2.697	1	5	270	8	17	28	2196	0	0	0
2.699	1	6	270	10	3	28	2052	0	0	0
2.699	1	10	270	10	13	28	185	0	0	0
2.7	1	3	271	1	14	28	2196	0	0	0
2.704	1	4	271	5	11	28	2196	0	0	0
2.705	1	7	271	6	2	24	1620	0	0	0
2.711	1	9	272	2	1	22	1143	0	0	0
2.711	1	5	272	2	17	28	373	0	0	0
2.712	1	8	272	3	18	28	2196	0	0	0
2.714	1	3	272	5	14	28	2196	0	0	0
2.717	1	2	272	8	4	28	2196	0	0	0
2.72	1	6	273	1	3	14	775	0	0	0
2.723	1	2	273	4	4	28	2196	0	0	0
2.724	1	3	273	5	14	28	2196	0	0	0
2.726	1	1	273	7	12	28	2196	0	0	0
2.728	1	10	273	9	13	28	2196	0	0	0
2.729	1	5	273	10	17	28	2196	0	0	0
2.73	1	4	274	1	11	28	2196	0	0	0
2.732	1	7	274	3	2	24	1620	0	0	0
2.735	1	6	274	6	3	22	1383	0	0	0
2.736	1	9	274	7	1	18	967	0	0	0
2.738	1	8	274	9	18	28	2196	0	0	0
2.745	1	6	275	6	3	24	1620	0	0	0
2.746	1	10	275	7	13	28	2196	0	0	0
2.747	1	3	275	8	14	28	2196	0	0	0
2.752	1	7	276	3	2	28	2196	0	0	0
2.753	1	5	276	4	17	28	2196	0	0	0
2.757	1	2	276	8	4	28	2196	0	0	0
2.759	1	3	276	10	14	28	2196	0	0	0
2.76	1	4	277	1	11	28	2196	0	0	0
2.761	1	8	277	2	18	28	2196	0	0	0
2.765	1	10	277	6	13	28	2196	0	0	0
2.766	1	5	277	7	17	28	2196	0	0	0
2.767	1	1	277	8	12	28	2196	0	0	0
2.768	1	8	277	9	18	28	2196	0	0	0
2.769	1	6	277	10	3	22	1383	0	0	0
2.774	1	7	278	5	2	26	1836	0	0	0
2.775	1	2	278	6	4	28	2196	0	0	0
2.776	1	5	278	7	17	28	2196	0	0	0
2.78	1	5	279	1	17	28	2196	0	0	0
2.781	1	8	279	2	18	28	2196	0	0	0
2.783	1	9	279	4	1	20	1191	0	0	0
2.785	1	6	279	6	3	28	2196	0	0	0
2.786	1	10	279	7	13	28	2196	0	0	0
2.787	1	2	279	8	4	28	2196	0	0	0
2.788	1	7	279	9	2	28	2196	0	0	0
2.789	1	5	279	10	17	28	2196	0	0	0
2.79	1	8	280	1	18	28	2196	0	0	0
2.791	1	1	280	2	12	28	2196	0	0	0
2.792	1	4	280	3	11	28	2196	0	0	0
2.793	1	3	280	4	14	28	2196	0	0	0
2.794	1	8	280	5	18	28	2196	0	0	0
2.797	1	4	280	8	11	28	2196	0	0	0
2.8	1	6	281	1	3	24	1620	0	0	0
2.802	1	2	281	3	4	28	2196	0	0	0
2.803	1	5	281	4	17	28	2196	0	0	0
2.805	1	8	281	6	18	28	2196	0	0	0
2.809	1	5	281	10	17	28	2196	0	0	0
2.81	1	7	282	1	2	28	2196	0	0	0
2.811	1	3	282	2	14	28	2196	0	0	0
2.814	1	9	282	5	1	18	967	0	0	0
2.818	1	10	282	9	13	24	1620	0	0	0
2.82	1	6	283	1	3	24	1620	0	0	0
2.825	1	4	283	6	11	24	1479	0	0	0
2.825	1	8	283	6	18	28	185	0	0	0
2.826	1	1	283	7	12	28	2196	0	0	0
2.827	1	2	283	8	4	28	2196	0	0	0
2.828	1	4	283	9	11	20	1191	0	0	0
2.833	1	3	284	4	14	28	2196	0	0	0
2.838	1	7	284	9	2	28	2196	0	0	0
2.839	1	2	284	10	4	28	2196	0	0	0
2.84	1	9	285	1	1	18	967	0	0	0
2.846	1	10	285	7	13	28	2196	0	0	0
2.847	1	1	285	8	12	28	2196	0	0	0
2.848	1	3	285	9	14	28	2196	0	0	0
2.851	1	8	286	2	18	28	2196	0	0	0
2.853	1	4	286	4	11	28	2196	0	0	0
2.856	1	5	286	7	17	28	2196	0	0	0
2.857	1	2	286	8	4	28	2196	0	0	0
2.858	1	8	286	9	18	28	2196	0	0	0
2.861	1	9	287	2	1	14	775	0	0	0
2.863	1	10	287	4	13	28	2196	0	0	0
2.864	1	5	287	5	17	28	2196	0	0	0
2.868	1	9	287	9	1	14	775	0	0	0
2.87	1	1	288	1	12	28	2196	0	0	0
2.871	1	6	288	2	3	28	2196	0	0	0
2.874	1	2	288	5	4	28	2196	0	0	0
2.878	1	7	288	9	2	28	2196	0	0	0
2.879	1	10	288	10	13	28	2196	0	0	0
2.884	1	3	289	5	14	28	2196	0	0	0
2.885	1	8	289	6	18	28	2196	0	0	0
2.888	1	2	289	9	4	28	2196	0	0	0
2.889	1	5	289	10	17	28	2196	0	0	0
2.89	1	6	290	1	3	28	2196	0	0	0
2.895	1	4	290	6	11	24	1620	0	0	0
2.896	1	10	290	7	13	28	2196	0	0	0
2.897	1	8	290	8	18	28	2196	0	0	0
2.898	1	5	290	9	17	28	2196	0	0	0
2.899	1	9	290	10	1	12	597	0	0	0
2.902	1	1	291	3	12	28	2196	0	0	0
2.903	1	7	291	4	2	28	2196	0	0	0
2.904	1	6	291	5	3	24	1620	0	0	0
2.906	1	1	291	7	12	28	2196	0	0	0
2.91	1	5	292	1	17	28	2196	0	0	0
2.912	1	9	292	3	1	18	967	0	0	0
2.916	1	7	292	7	2	28	2196	0	0	0
2.922	1	2	293	3	4	28	2196	0	0	0
2.925	1	8	293	6	18	28	2196	0	0	0
2.927	1	9	293	8	1	14	775	0	0	0
2.928	1	3	293	9	14	28	2196	0	0	0
2.929	1	5	293	10	17	28	2196	0	0	0
2.93	1	4	294	1	11	28	2196	0	0	0
2.931	1	1	294	2	12	28	2196	0	0	0
2.932	1	6	294	3	3	28	2196	0	0	0
2.934	1	2	294	5	4	28	2196	0	0	0
2.939	1	10	294	10	13	28	2196	0	0	0
2.94	1	6	295	1	3	24	1620	0	0	0
2.941	1	7	295	2	2	26	1836	0	0	0
2.942	1	5	295	3	17	28	2196	0	0	0
2.945	1	9	295	6	1	14	775	0	0	0
2.946	1	4	295	7	11	18	967	0	0	0
2.949	1	6	295	10	3	22	1383	0	0	0
2.951	1	7	296	2	2	18	967	0	0	0
2.955	1	8	296	6	18	28	2196	0	0	0
2.957	1	10	296	8	13	28	2196	0	0	0
2.958	1	4	296	9	11	22	1383	0	0	0
2.962	1	1	297	3	12	28	2196	0	0	0
2.963	1	5	297	4	17	28	2196	0	0	0
2.965	1	7	297	6	2	22	1383	0	0	0
2.966	1	3	297	7	14	28	2196	0	0	0
2.967	1	6	297	8	3	20	1191	0	0	0
2.969	1	2	297	10	4	28	2196	0	0	0
2.97	1	9	298	1	1	18	967	0	0	0
2.972	1	10	298	3	13	28	2196	0	0	0
2.973	1	5	298	4	17	28	2196	0	0	0
2.976	1	7	298	7	2	22	1383	0	0	0
2.977	1	8	298	8	18	28	2196	0	0	0
2.98	1	5	299	1	17	28	2196	0	0	0
2.982	1	10	299	3	13	28	2196	0	0	0
2.984	1	8	299	5	18	28	2196	0	0	0
2.985	1	2	299	6	4	24	1620	0	0	0
2.986	1	7	299	7	2	28	373	0	0	0
2.986	1	4	299	7	11	22	1143	0	0	0
2.988	1	6	299	9	3	26	1836	0	0	0
2.99	1	1	300	1	12	28	2196	0	0	0
2.993	1	9	300	4	1	18	967	0	0	0
3	1	5	301	1	17	28	2196	0	0	0
3.001	1	9	301	2	1	18	967	0	0	0
3.003	1	4	301	4	11	26	1836	0	0	0
3.004	1	1	301	5	12	28	2196	0	0	0
3.006	1	6	301	7	3	28	2196	0	0	0
3.008	1	10	301	9	13	28	2196	0	0	0
3.009	1	2	301	10	4	28	2196	0	0	0
3.013	1	5	302	4	17	28	2196	0	0	0
3.014	1	3	302	5	14	28	2196	0	0	0
3.016	1	6	302	7	3	28	2196	0	0	0
3.019	1	10	302	10	13	28	2196	0	0	0
3.021	1	7	303	2	2	28	2196	0	0	0
3.026	1	8	303	7	18	28	2196	0	0	0
3.027	1	10	303	8	13	28	2196	0	0	0
3.028	1	5	303	9	17	28	2196	0	0	0
3.04	1	2	305	1	4	28	2196	0	0	0
3.042	1	7	305	3	2	28	2196	0	0	0
3.043	1	3	305	4	14	28	2196	0	0	0
3.046	1	1	305	7	12	28	2196	0	0	0
3.047	1	8	305	8	18	28	2196	0	0	0
3.048	1	9	305	9	1	14	775	0	0	0
3.049	1	4	305	10	11	28	2196	0	0	0
3.05	1	5	306	1	17	28	2196	0	0	0
3.052	1	3	306	3	14	28	2196	0	0	0
3.055	1	1	306	6	12	28	2196	0	0	0
3.056	1	4	306	7	11	28	2196	0	0	0
3.058	1	6	306	9	3	28	2196	0	0	0
3.059	1	7	306	10	2	28	2196	0	0	0
3.06	1	9	307	1	1	20	1191	0	0	0
3.061	1	8	307	2	18	28	2196	0	0	0
3.063	1	7	307	4	2	28	2196	0	0	0
3.069	1	2	307	10	4	28	2196	0	0	0
3.07	1	5	308	1	17	28	2196	0	0	0
3.071	1	8	308	2	18	28	2196	0	0	0
3.072	1	1	308	3	12	28	2196	0	0	0
3.074	1	3	308	5	14	28	2196	0	0	0
3.076	1	4	308	7	11	28	2196	0	0	0
3.077	1	2	308	8	4	28	2196	0	0	0
3.078	1	7	308	9	2	24	1620	0	0	0
3.082	1	10	309	3	13	28	2196	0	0	0
3.088	1	2	309	9	4	28	2196	0	0	0
3.089	1	3	309	10	14	28	2196	0	0	0
3.09	1	4	310	1	11	26	1836	0	0	0
3.091	1	8	310	2	18	28	2196	0	0	0
3.092	1	7	310	3	2	28	2196	0	0	0
3.093	1	5	310	4	17	28	2196	0	0	0
3.095	1	6	310	6	3	28	2196	0	0	0
3.099	1	9	310	10	1	24	1620	0	0	0
3.103	1	6	311	4	3	28	2196	0	0	0
3.106	1	4	311	7	11	24	1620	0	0	0
3.112	1	10	312	3	13	28	2196	0	0	0
3.113	1	6	312	4	3	28	2196	0	0	0
3.114	1	4	312	5	11	26	1836	0	0	0
3.116	1	3	312	7	14	28	2196	0	0	0
3.117	1	5	312	8	17	28	2196	0	0	0
3.119	1	7	312	10	2	28	2196	0	0	0
3.122	1	9	313	3	1	20	1191	0	0	0
3.123	1	6	313	4	3	26	1836	0	0	0
3.128	1	1	313	9	12	28	2196	0	0	0
3.129	1	4	313	10	11	28	2196	0	0	0
3.13	1	5	314	1	17	28	2196	0	0	0
3.132	1	6	314	3	3	20	1191	0	0	0
3.134	1	1	314	5	12	28	2196	0	0	0
3.137	1	7	314	8	2	28	2196	0	0	0
3.144	1	9	315	5	1	12	597	0	0	0
3.146	1	6	315	7	3	24	1620	0	0	0
3.149	1	5	315	10	17	28	2196	0	0	0
3.152	1	3	316	3	14	28	2196	0	0	0
3.155	1	5	316	6	17	28	2196	0	0	0
3.157	1	4	316	8	11	22	1383	0	0	0
3.159	1	5	316	10	17	28	185	0	0	0
3.159	1	8	316	10	18	22	1287	0	0	0
3.16	1	4	317	1	11	20	1191	0	0	0
3.162	1	6	317	3	3	22	1383	0	0	0
3.163	1	3	317	4	14	28	2196	0	0	0
3.165	1	2	317	6	4	28	2196	0	0	0
3.176	1	10	318	7	13	28	2196	0	0	0
3.177	1	3	318	8	14	28	2196	0	0	0
3.178	1	4	318	9	11	24	1620	0	0	0
3.179	1	1	318	10	12	28	2196	0	0	0
3.18	1	9	319	1	1	20	999	0	0	0
3.18	1	7	319	1	2	28	185	0	0	0
3.18	1	5	319	1	17	28	185	0	0	0
3.181	1	2	319	2	4	28	2196	0	0	0
3.186	1	2	319	7	4	28	2196	0	0	0
3.189	1	6	319	10	3	22	1383	0	0	0
3.19	1	5	320	1	17	28	2196	0	0	0
3.191	1	10	320	2	13	28	2196	0	0	0
3.192	1	4	320	3	11	28	2196	0	0	0
3.193	1	8	320	4	18	24	1620	0	0	0
3.2	1	8	321	1	18	24	1620	0	0	0
3.201	1	1	321	2	12	28	2196	0	0	0
3.202	1	5	321	3	17	28	2196	0	0	0
3.204	1	6	321	5	3	26	1836	0	0	0
3.209	1	3	321	10	14	28	2196	0	0	0
3.21	1	2	322	1	4	28	2196	0	0	0
3.212	1	8	322	3	18	24	1620	0	0	0
3.214	1	7	322	5	2	28	2196	0	0	0
3.217	1	5	322	8	17	28	2196	0	0	0
3.218	1	7	322	9	2	28	2196	0	0	0
3.219	1	9	322	10	1	14	717	0	0	0
3.219	1	4	322	10	11	28	185	0	0	0
3.221	1	3	323	2	14	28	2196	0	0	0
3.223	1	10	323	4	13	24	1620	0	0	0
3.226	1	8	323	7	18	28	2196	0	0	0
3.227	1	6	323	8	3	28	2196	0	0	0
3.228	1	4	323	9	11	28	2196	0	0	0
3.233	1	2	324	4	4	28	2196	0	0	0
3.234	1	1	324	5	12	28	2196	0	0	0
3.235	1	4	324	6	11	28	2196	0	0	0
3.236	1	9	324	7	1	10	469	0	0	0
3.238	1	10	324	9	13	28	2196	0	0	0
3.24	1	8	325	1	18	28	2196	0	0	0
3.241	1	5	325	2	17	28	2196	0	0	0
3.245	1	9	325	6	1	10	469	0	0	0
3.247	1	4	325	8	11	28	2196	0	0	0
3.248	1	2	325	9	4	28	2196	0	0	0
3.251	1	10	326	2	13	22	1383	0	0	0
3.252	1	1	326	3	12	28	2196	0	0	0
3.253	1	3	326	4	14	28	2196	0	0	0
3.254	1	9	326	5	1	16	775	0	0	0
3.254	1	6	326	5	3	28	373	0	0	0
3.255	1	5	326	6	17	28	2196	0	0	0
3.257	1	4	326	8	11	26	1836	0	0	0
3.258	1	1	326	9	12	28	2196	0	0	0
3.261	1	6	327	2	3	28	373	0	0	0
3.261	1	10	327	2	13	28	1836	0	0	0
3.262	1	8	327	3	18	28	2196	0	0	0
3.267	1	7	327	8	2	26	1836	0	0	0
3.268	1	10	327	9	13	28	2196	0	0	0
3.277	1	4	328	8	11	28	2196	0	0	0
3.278	1	6	328	9	3	28	2196	0	0	0
3.279	1	3	328	10	14	28	2196	0	0	0
3.28	1	1	329	1	12	28	2196	0	0	0
3.281	1	5	329	2	17	28	2196	0	0	0
3.284	1	9	329	5	1	14	775	0	0	0
3.287	1	4	329	8	11	28	2196	0	0	0
3.288	1	3	329	9	14	28	2196	0	0	0
3.29	1	10	330	1	13	28	2196	0	0	0
3.293	1	4	330	4	11	28	2196	0	0	0
3.297	1	4	330	8	11	28	2196	0	0	0
3.298	1	7	330	9	2	28	2196	0	0	0
3.299	1	8	330	10	18	28	2196	0	0	0
3.302	1	2	331	3	4	28	2196	0	0	0
3.307	1	4	331	8	11	20	1191	0	0	0
3.311	1	6	332	2	3	20	1191	0	0	0
3.312	1	7	332	3	2	28	2196	0	0	0
3.313	1	4	332	4	11	24	1620	0	0	0
3.318	1	9	332	9	1	14	775	0	0	0
3.32	1	6	333	1	3	22	1383	0	0	0
3.321	1	1	333	2	12	28	2196	0	0	0
3.323	1	5	333	4	17	28	2196	0	0	0
3.324	1	8	333	5	18	28	2196	0	0	0
3.332	1	9	334	3	1	22	1383	0	0	0
3.333	1	2	334	4	4	28	2196	0	0	0
3.334	1	7	334	5	2	28	2196	0	0	0
3.335	1	10	334	6	13	28	2196	0	0	0
3.336	1	5	334	7	17	28	2196	0	0	0
3.337	1	4	334	8	11	26	1836	0	0	0
3.34	1	8	335	1	18	28	2196	0	0	0
3.341	1	10	335	2	13	28	2196	0	0	0
3.342	1	6	335	3	3	28	2196	0	0	0
3.344	1	7	335	5	2	28	2196	0	0	0
3.345	1	9	335	6	1	22	1383	0	0	0
3.346	1	2	335	7	4	28	2196	0	0	0
3.347	1	8	335	8	18	28	2196	0	0	0
3.348	1	1	335	9	12	28	2196	0	0	0
3.35	1	6	336	1	3	26	1836	0	0	0
3.352	1	2	336	3	4	22	1383	0	0	0
3.353	1	8	336	4	18	28	2196	0	0	0
3.356	1	3	336	7	14	28	2196	0	0	0
3.358	1	1	336	9	12	28	2196	0	0	0
3.359	1	6	336	10	3	24	1620	0	0	0
3.362	1	8	337	3	18	28	2196	0	0	0
3.364	1	10	337	5	13	28	2196	0	0	0
3.365	1	5	337	6	17	28	2196	0	0	0
3.366	1	4	337	7	11	28	2196	0	0	0
3.367	1	8	337	8	18	28	2196	0	0	0
3.368	1	2	337	9	4	28	2196	0	0	0
3.382	1	2	339	3	4	28	2196	0	0	0
3.383	1	9	339	4	1	24	1620	0	0	0
3.384	1	1	339	5	12	28	2196	0	0	0
3.386	1	3	339	7	14	28	2196	0	0	0
3.389	1	4	339	10	11	28	2196	0	0	0
3.39	1	7	340	1	2	28	2196	0	0	0
3.391	1	8	340	2	18	28	2196	0	0	0
3.399	1	2	340	10	4	28	2196	0	0	0
3.4	1	6	341	1	3	24	1620	0	0	0
3.401	1	5	341	2	17	28	2196	0	0	0
3.405	1	5	341	6	17	28	2196	0	0	0
3.407	1	2	341	8	4	28	185	0	0	0
3.407	1	4	341	8	11	28	2052	0	0	0
3.412	1	6	342	3	3	20	1191	0	0	0
3.413	1	1	342	4	12	28	2196	0	0	0
3.415	1	9	342	6	1	18	967	0	0	0
3.42	1	4	343	1	11	28	2196	0	0	0
3.427	1	7	343	8	2	20	1191	0	0	0
3.428	1	9	343	9	1	18	967	0	0	0
3.429	1	2	343	10	4	28	2196	0	0	0
3.43	1	4	344	1	11	24	1620	0	0	0
3.431	1	10	344	2	13	28	2196	0	0	0
3.432	1	6	344	3	3	20	1191	0	0	0
3.433	1	1	344	4	12	28	2196	0	0	0
3.436	1	7	344	7	2	24	1620	0	0	0
3.439	1	5	344	10	17	28	2196	0	0	0
3.44	1	7	345	1	2	28	2196	0	0	0
3.442	1	1	345	3	12	28	2196	0	0	0
3.445	1	3	345	6	14	28	2196	0	0	0
3.446	1	4	345	7	11	26	1836	0	0	0
3.448	1	8	345	9	18	28	2196	0	0	0
3.45	1	10	346	1	13	28	2196	0	0	0
3.451	1	6	346	2	3	24	1620	0	0	0
3.452	1	8	346	3	18	28	2196	0	0	0
3.456	1	9	346	7	1	26	1836	0	0	0
3.457	1	3	346	8	14	28	2196	0	0	0
3.458	1	9	346	9	1	24	1620	0	0	0
3.462	1	1	347	3	12	28	2196	0	0	0
3.464	1	2	347	5	4	28	2196	0	0	0
3.465	1	7	347	6	2	28	2196	0	0	0
3.466	1	4	347	7	11	24	1620	0	0	0
3.467	1	6	347	8	3	20	1191	0	0	0
3.474	1	6	348	5	3	24	1620	0	0	0
3.475	1	5	348	6	17	28	2196	0	0	0
3.478	1	9	348	9	1	24	1479	0	0	0
3.478	1	8	348	9	18	28	185	0	0	0
3.479	1	3	348	10	14	28	2196	0	0	0
3.482	1	10	349	3	13	28	2196	0	0	0
3.483	1	2	349	4	4	24	1620	0	0	0
3.486	1	6	349	7	3	28	2196	0	0	0
3.488	1	7	349	9	2	28	2196	0	0	0
3.493	1	3	350	4	14	28	2196	0	0	0
3.494	1	9	350	5	1	20	1191	0	0	0
3.495	1	1	350	6	12	28	2196	0	0	0
3.497	1	10	350	8	13	28	2196	0	0	0
3.498	1	7	350	9	2	28	2196	0	0	0
3.5	1	9	351	1	1	28	1479	0	0	0
3.5	1	2	351	1	4	28	749	0	0	0
3.501	1	8	351	2	18	28	2196	0	0	0
3.502	1	6	351	3	3	28	185	0	0	0
3.502	1	4	351	3	11	28	2052	0	0	0
3.51	1	1	352	1	12	28	2196	0	0	0
3.511	1	4	352	2	11	28	2196	0	0	0
3.518	1	1	352	9	12	28	2196	0	0	0
3.52	1	2	353	1	4	28	2196	0	0	0
3.522	1	5	353	3	17	28	2196	0	0	0
3.523	1	7	353	4	2	24	1620	0	0	0
3.529	1	9	353	10	1	20	1191	0	0	0
3.537	1	5	354	8	17	28	2196	0	0	0
3.538	1	6	354	9	3	28	2196	0	0	0
3.539	1	4	354	10	11	24	1620	0	0	0
3.541	1	3	355	2	14	28	2196	0	0	0
3.542	1	9	355	3	1	20	1191	0	0	0
3.547	1	7	355	8	2	28	2196	0	0	0
3.548	1	6	355	9	3	22	1383	0	0	0
3.551	1	8	356	2	18	28	2196	0	0	0
3.552	1	2	356	3	4	28	2052	0	0	0
3.552	1	4	356	3	11	28	185	0	0	0
3.553	1	9	356	4	1	18	967	0	0	0
3.561	1	6	357	2	3	28	2196	0	0	0
3.563	1	9	357	4	1	24	533	0	0	0
3.563	1	7	357	4	2	24	1063	0	0	0
3.564	1	2	357	5	4	28	2196	0	0	0
3.566	1	5	357	7	17	28	2196	0	0	0
3.569	1	8	357	10	18	28	2196	0	0	0
3.573	1	5	358	4	17	28	2196	0	0	0
3.578	1	10	358	9	13	28	2196	0	0	0
3.58	1	8	359	1	18	22	1383	0	0	0
3.582	1	3	359	3	14	28	2196	0	0	0
3.583	1	4	359	4	11	20	1191	0	0	0
3.585	1	2	359	6	4	28	2196	0	0	0
3.586	1	3	359	7	14	28	2196	0	0	0
3.588	1	1	359	9	12	28	2196	0	0	0
3.591	1	2	360	2	4	28	2196	0	0	0
3.592	1	7	360	3	2	20	1191	0	0	0
3.596	1	10	360	7	13	28	2196	0	0	0
3.598	1	9	360	9	1	26	1063	0	0	0
3.598	1	4	360	9	11	28	935	0	0	0
3.6	1	2	361	1	4	28	2196	0	0	0
3.601	1	9	361	2	1	14	775	0	0	0
3.602	1	5	361	3	17	28	2196	0	0	0
3.605	1	10	361	6	13	28	2196	0	0	0
3.606	1	4	361	7	11	28	2196	0	0	0
3.61	1	7	362	1	2	28	2196	0	0	0
3.611	1	9	362	2	1	28	1095	0	0	0
3.611	1	8	362	2	18	28	1095	0	0	0
3.613	1	6	362	4	3	28	2196	0	0	0
3.614	1	3	362	5	14	28	2196	0	0	0
3.616	1	1	362	7	12	28	2196	0	0	0
3.617	1	2	362	8	4	28	2196	0	0	0
3.618	1	9	362	9	1	18	967	0	0	0
3.619	1	3	362	10	14	28	2196	0	0	0
3.623	1	6	363	4	3	28	2196	0	0	0
3.626	1	3	363	7	14	28	2196	0	0	0
3.627	1	7	363	8	2	24	1620	0	0	0
3.628	1	8	363	9	18	28	2196	0	0	0
3.629	1	5	363	10	17	28	2196	0	0	0
3.634	1	2	364	5	4	28	2196	0	0	0
3.635	1	10	364	6	13	28	2196	0	0	0
3.636	1	4	364	7	11	28	2196	0	0	0
3.637	1	1	364	8	12	28	2196	0	0	0
3.638	1	3	364	9	14	28	2196	0	0	0
3.64	1	9	365	1	1	26	1239	0	0	0
3.64	1	4	365	1	11	28	749	0	0	0
3.641	1	6	365	2	3	28	2196	0	0	0
3.644	1	5	365	5	17	28	2196	0	0	0
3.645	1	1	365	6	12	28	2196	0	0	0
3.648	1	8	365	9	18	28	2196	0	0	0
3.653	1	2	366	4	4	28	2196	0	0	0
3.656	1	3	366	7	14	28	2196	0	0	0
3.657	1	7	366	8	2	22	1383	0	0	0
3.66	1	10	367	1	13	28	2196	0	0	0
3.664	1	9	367	5	1	12	597	0	0	0
3.666	1	10	367	7	13	28	2196	0	0	0
3.669	1	8	367	10	18	28	2196	0	0	0
3.67	1	7	368	1	2	24	1620	0	0	0
3.671	1	5	368	2	17	28	2196	0	0	0
3.672	1	4	368	3	11	24	1620	0	0	0
3.674	1	9	368	5	1	26	1063	0	0	0
3.674	1	1	368	5	12	28	935	0	0	0
3.676	1	6	368	7	3	28	2196	0	0	0
3.678	1	8	368	9	18	28	2196	0	0	0
3.681	1	7	369	2	2	28	2196	0	0	0
3.682	1	1	369	3	12	28	2196	0	0	0
3.683	1	4	369	4	11	28	1836	0	0	0
3.683	1	10	369	4	13	28	373	0	0	0
3.684	1	2	369	5	4	28	2196	0	0	0
3.686	1	8	369	7	18	28	2196	0	0	0
3.69	1	6	370	1	3	28	2196	0	0	0
3.691	1	2	370	2	4	28	2196	0	0	0
3.696	1	10	370	7	13	28	2196	0	0	0
3.697	1	7	370	8	2	28	2196	0	0	0
3.698	1	1	370	9	12	28	2196	0	0	0
3.699	1	8	370	10	18	28	2196	0	0	0
3.7	1	2	371	1	4	28	2196	0	0	0
3.706	1	5	371	7	17	28	2196	0	0	0
3.707	1	8	371	8	18	28	2196	0	0	0
3.708	1	2	371	9	4	28	185	0	0	0
3.708	1	4	371	9	11	24	1479	0	0	0
3.71	1	3	372	1	14	28	2196	0	0	0
3.711	1	6	372	2	3	24	1620	0	0	0
3.714	1	9	372	5	1	6	309	0	0	0
3.716	1	10	372	7	13	28	2196	0	0	0
3.718	1	4	372	9	11	28	2196	0	0	0
3.721	1	9	373	2	1	14	775	0	0	0
3.726	1	5	373	7	17	28	2196	0	0	0
3.727	1	7	373	8	2	28	2196	0	0	0
3.728	1	9	373	9	1	20	1095	0	0	0
3.728	1	2	373	9	4	28	185	0	0	0
3.729	1	10	373	10	13	28	2196	0	0	0
3.733	1	6	374	4	3	22	1383	0	0	0
3.737	1	6	374	8	3	28	185	0	0	0
3.737	1	4	374	8	11	28	2052	0	0	0
3.738	1	3	374	9	14	28	2196	0	0	0
3.742	1	6	375	3	3	28	2052	0	0	0
3.742	1	8	375	3	18	28	185	0	0	0
3.744	1	7	375	5	2	20	1191	0	0	0
3.746	1	9	375	7	1	26	1527	0	0	0
3.746	1	1	375	7	12	28	373	0	0	0
3.747	1	5	375	8	17	28	2196	0	0	0
3.748	1	10	375	9	13	28	2196	0	0	0
3.749	1	3	375	10	14	28	2196	0	0	0
3.751	1	6	376	2	3	28	2196	0	0	0
3.759	1	2	376	10	4	28	2196	0	0	0
3.761	1	8	377	2	18	28	2196	0	0	0
3.764	1	7	377	5	2	28	2196	0	0	0
3.765	1	5	377	6	17	28	2196	0	0	0
3.766	1	3	377	7	14	28	2196	0	0	0
3.767	1	9	377	8	1	22	1143	0	0	0
3.767	1	2	377	8	4	28	373	0	0	0
3.768	1	6	377	9	3	28	2196	0	0	0
3.772	1	8	378	3	18	28	2196	0	0	0
3.773	1	1	378	4	12	28	2196	0	0	0
3.777	1	5	378	8	17	28	2196	0	0	0
