% time	cellId	IMSI	RNTI	layer	mcs	size	rv	ndi	ccId
31	1	1	12	0	0	81	0	1	0
32	1	2	4	0	28	2196	0	1	0
33	1	1	12	0	28	2196	0	1	0
35	1	6	3	0	24	1620	0	1	0
36	1	1	12	0	28	2196	0	1	0
38	1	9	1	0	28	1692	0	1	0
38	1	3	14	0	28	549	0	1	0
39	1	4	11	0	28	2052	0	1	0
39	1	8	18	0	28	185	0	1	0
43	1	7	2	0	24	1620	0	1	0
44	1	6	3	0	22	1383	0	1	0
45	1	1	12	0	28	2196	0	1	0
47	1	10	13	0	28	2196	0	1	0
48	1	7	2	0	24	1620	0	1	0
51	1	3	14	0	28	2196	0	1	0
52	1	2	4	0	28	2196	0	1	0
59	1	9	1	0	16	903	0	1	0
61	1	5	17	0	28	2196	0	1	0
62	1	6	3	0	28	2196	0	1	0
64	1	1	12	0	28	2196	0	1	0
67	1	3	14	0	28	2196	0	1	0
70	1	4	11	0	28	2196	0	1	0
71	1	5	17	0	28	2196	0	1	0
79	1	2	4	0	28	2196	0	1	0
80	1	5	17	0	28	2196	0	1	0
82	1	10	13	0	28	2196	0	1	0
83	1	3	14	0	28	2196	0	1	0
84	1	6	3	0	28	2196	0	1	0
86	1	7	2	0	28	2196	0	1	0
89	1	7	2	0	28	2196	0	1	0
91	1	9	1	0	18	967	0	1	0
92	1	3	14	0	28	2196	0	1	0
93	1	1	12	0	28	2196	0	1	0
97	1	8	18	0	28	2196	0	1	0
98	1	5	17	0	28	2196	0	1	0
99	1	6	3	0	26	1836	0	1	0
100	1	10	13	0	28	2196	0	1	0
102	1	6	3	0	28	2196	0	1	0
105	1	3	14	0	28	2196	0	1	0
109	1	1	12	0	28	2196	0	1	0
112	1	6	3	0	28	2196	0	1	0
113	1	4	11	0	28	2196	0	1	0
114	1	10	13	0	28	2196	0	1	0
116	1	8	18	0	28	2196	0	1	0
117	1	9	1	0	24	1620	0	1	0
118	1	10	13	0	28	2196	0	1	0
122	1	9	1	0	24	1620	0	1	0
123	1	1	12	0	28	2196	0	1	0
124	1	2	4	0	28	2196	0	1	0
126	1	9	1	0	22	1383	0	1	0
127	1	10	13	0	28	2196	0	1	0
133	1	2	4	0	28	2196	0	1	0
134	1	5	17	0	28	2196	0	1	0
135	1	3	14	0	28	2196	0	1	0
136	1	1	12	0	28	2196	0	1	0
138	1	8	18	0	28	2196	0	1	0
140	1	4	11	0	28	2196	0	1	0
147	1	7	2	0	20	1191	0	1	0
148	1	10	13	0	28	2196	0	1	0
150	1	2	4	0	28	2196	0	1	0
151	1	1	12	0	28	2196	0	1	0
155	1	3	14	0	28	2196	0	1	0
156	1	8	18	0	28	2196	0	1	0
157	1	1	12	0	28	2196	0	1	0
160	1	5	17	0	28	2196	0	1	0
161	1	6	3	0	28	2196	0	1	0
162	1	2	4	0	28	2196	0	1	0
163	1	4	11	0	24	1620	0	1	0
164	1	6	3	0	28	2196	0	1	0
165	1	7	2	0	26	1836	0	1	0
166	1	10	13	0	28	2196	0	1	0
168	1	8	18	0	28	2196	0	1	0
170	1	9	1	0	22	1383	0	1	0
171	1	1	12	0	28	2196	0	1	0
173	1	5	17	0	28	2196	0	1	0
174	1	8	18	0	28	2196	0	1	0
177	1	3	14	0	28	2196	0	1	0
180	1	7	2	0	28	2196	0	1	0
183	1	3	14	0	28	2196	0	1	0
184	1	10	13	0	28	2196	0	1	0
185	1	4	11	0	26	1836	0	1	0
186	1	10	13	0	28	2196	0	1	0
190	1	7	2	0	28	2052	0	1	0
190	1	1	12	0	28	185	0	1	0
191	1	5	17	0	28	2196	0	1	0
193	1	2	4	0	28	2196	0	1	0
194	1	1	12	0	20	1191	0	1	0
198	1	7	2	0	28	2052	0	1	0
198	1	3	14	0	28	185	0	1	0
206	1	4	11	0	18	967	0	1	0
207	1	1	12	0	28	2196	0	1	0
209	1	3	14	0	28	2196	0	1	0
210	1	7	2	0	28	2196	0	1	0
211	1	9	1	0	22	935	0	1	0
211	1	2	4	0	28	749	0	1	0
212	1	10	13	0	28	2196	0	1	0
213	1	8	18	0	28	2196	0	1	0
215	1	6	3	0	26	1836	0	1	0
217	1	5	17	0	28	2196	0	1	0
218	1	6	3	0	28	2196	0	1	0
219	1	10	13	0	28	2196	0	1	0
225	1	2	4	0	28	2196	0	1	0
226	1	6	3	0	28	2196	0	1	0
230	1	8	18	0	28	2196	0	1	0
231	1	3	14	0	28	2196	0	1	0
235	1	10	13	0	28	2196	0	1	0
237	1	4	11	0	28	2196	0	1	0
238	1	7	2	0	20	1191	0	1	0
242	1	3	14	0	28	2196	0	1	0
243	1	2	4	0	28	2196	0	1	0
244	1	9	1	0	22	1383	0	1	0
250	1	5	17	0	28	2196	0	1	0
254	1	2	4	0	28	2196	0	1	0
255	1	1	12	0	28	2196	0	1	0
256	1	8	18	0	28	2196	0	1	0
257	1	9	1	0	24	1620	0	1	0
259	1	7	2	0	18	967	0	1	0
262	1	3	14	0	28	2196	0	1	0
264	1	2	4	0	28	2196	0	1	0
266	1	4	11	0	28	2196	0	1	0
269	1	5	17	0	28	2196	0	1	0
270	1	1	12	0	28	2196	0	1	0
275	1	4	11	0	28	2196	0	1	0
277	1	8	18	0	28	2196	0	1	0
280	1	2	4	0	28	2196	0	1	0
281	1	7	2	0	24	1620	0	1	0
282	1	9	1	0	22	1383	0	1	0
283	1	6	3	0	28	2196	0	1	0
285	1	3	14	0	28	2196	0	1	0
288	1	8	18	0	28	2196	0	1	0
292	1	5	17	0	28	2196	0	1	0
293	1	1	12	0	28	2196	0	1	0
294	1	6	3	0	28	2196	0	1	0
295	1	8	18	0	28	2196	0	1	0
298	1	3	14	0	28	2196	0	1	0
299	1	9	1	0	12	597	0	1	0
302	1	2	4	0	28	2196	0	1	0
310	1	5	17	0	28	2196	0	1	0
312	1	7	2	0	22	1383	0	1	0
319	1	6	3	0	28	1836	0	1	0
319	1	1	12	0	28	373	0	1	0
320	1	9	1	0	14	775	0	1	0
322	1	10	13	0	28	2196	0	1	0
323	1	8	18	0	28	2196	0	1	0
326	1	3	14	0	28	2196	0	1	0
328	1	5	17	0	28	2196	0	1	0
331	1	6	3	0	24	1620	0	1	0
333	1	4	11	0	28	2196	0	1	0
334	1	8	18	0	28	2196	0	1	0
335	1	4	11	0	24	1620	0	1	0
336	1	1	12	0	28	2196	0	1	0
341	1	8	18	0	28	2196	0	1	0
343	1	3	14	0	28	2196	0	1	0
346	1	7	2	0	28	2196	0	1	0
348	1	4	11	0	26	1836	0	1	0
350	1	8	18	0	28	2196	0	1	0
353	1	9	1	0	20	1095	0	1	0
353	1	2	4	0	28	185	0	1	0
354	1	1	12	0	28	2196	0	1	0
355	1	4	11	0	22	1383	0	1	0
366	1	6	3	0	28	2196	0	1	0
367	1	3	14	0	28	2196	0	1	0
368	1	8	18	0	28	2196	0	1	0
369	1	1	12	0	28	2196	0	1	0
375	1	10	13	0	28	2196	0	1	0
376	1	9	1	0	14	775	0	1	0
377	1	8	18	0	28	2196	0	1	0
378	1	2	4	0	28	2196	0	1	0
379	1	5	17	0	28	2196	0	1	0
382	1	3	14	0	28	2196	0	1	0
384	1	4	11	0	28	2196	0	1	0
390	1	6	3	0	24	1620	0	1	0
396	1	7	2	0	28	2196	0	1	0
397	1	10	13	0	28	2196	0	1	0
398	1	3	14	0	28	2196	0	1	0
402	1	7	2	0	24	1620	0	1	0
404	1	8	18	0	28	2196	0	1	0
408	1	7	2	0	22	1383	0	1	0
409	1	9	1	0	20	999	0	1	0
409	1	10	13	0	28	373	0	1	0
410	1	3	14	0	28	2196	0	1	0
411	1	6	3	0	28	2196	0	1	0
412	1	4	11	0	28	2196	0	1	0
413	1	8	18	0	28	2196	0	1	0
414	1	9	1	0	16	903	0	1	0
415	1	5	17	0	28	2196	0	1	0
418	1	1	12	0	28	2196	0	1	0
419	1	4	11	0	28	2196	0	1	0
425	1	7	2	0	24	1479	0	1	0
425	1	3	14	0	28	185	0	1	0
429	1	4	11	0	28	2196	0	1	0
430	1	8	18	0	22	1383	0	1	0
432	1	9	1	0	20	1191	0	1	0
433	1	7	2	0	24	1620	0	1	0
435	1	6	3	0	28	2196	0	1	0
438	1	4	11	0	28	2196	0	1	0
440	1	8	18	0	28	2196	0	1	0
443	1	10	13	0	28	2196	0	1	0
444	1	8	18	0	28	2196	0	1	0
448	1	2	4	0	28	2196	0	1	0
449	1	5	17	0	28	2196	0	1	0
451	1	1	12	0	28	2196	0	1	0
455	1	10	13	0	24	1620	0	1	0
458	1	3	14	0	28	2196	0	1	0
459	1	5	17	0	28	2196	0	1	0
464	1	8	18	0	28	2196	0	1	0
465	1	7	2	0	20	1191	0	1	0
468	1	3	14	0	28	2196	0	1	0
469	1	9	1	0	28	1836	0	1	0
469	1	2	4	0	28	373	0	1	0
471	1	4	11	0	26	1836	0	1	0
472	1	8	18	0	28	2196	0	1	0
473	1	6	3	0	28	2196	0	1	0
475	1	10	13	0	28	2196	0	1	0
476	1	7	2	0	20	1191	0	1	0
477	1	6	3	0	28	2196	0	1	0
479	1	9	1	0	20	1191	0	1	0
481	1	5	17	0	28	2196	0	1	0
485	1	1	12	0	28	2196	0	1	0
486	1	2	4	0	28	2196	0	1	0
487	1	4	11	0	24	1620	0	1	0
488	1	9	1	0	22	1143	0	1	0
488	1	3	14	0	28	373	0	1	0
489	1	5	17	0	28	2196	0	1	0
490	1	1	12	0	28	2196	0	1	0
492	1	7	2	0	20	1191	0	1	0
498	1	8	18	0	28	2196	0	1	0
499	1	5	17	0	28	2196	0	1	0
501	1	1	12	0	28	2196	0	1	0
505	1	4	11	0	28	2196	0	1	0
507	1	2	4	0	28	2196	0	1	0
511	1	9	1	0	20	1191	0	1	0
513	1	10	13	0	28	2196	0	1	0
517	1	3	14	0	28	2196	0	1	0
519	1	7	2	0	28	2196	0	1	0
520	1	4	11	0	28	1836	0	1	0
520	1	8	18	0	28	373	0	1	0
521	1	6	3	0	28	2196	0	1	0
529	1	7	2	0	28	2196	0	1	0
530	1	1	12	0	28	2196	0	1	0
533	1	2	4	0	28	2196	0	1	0
537	1	10	13	0	28	2196	0	1	0
538	1	6	3	0	28	1836	0	1	0
538	1	1	12	0	28	373	0	1	0
540	1	7	2	0	28	2196	0	1	0
541	1	4	11	0	28	1836	0	1	0
541	1	8	18	0	28	373	0	1	0
546	1	9	1	0	24	1479	0	1	0
546	1	2	4	0	28	185	0	1	0
547	1	10	13	0	28	2196	0	1	0
550	1	4	11	0	24	1620	0	1	0
552	1	8	18	0	28	2196	0	1	0
555	1	3	14	0	28	2196	0	1	0
556	1	6	3	0	28	2196	0	1	0
557	1	7	2	0	26	1836	0	1	0
559	1	3	14	0	28	2196	0	1	0
560	1	5	17	0	28	2196	0	1	0
561	1	1	12	0	28	2196	0	1	0
564	1	5	17	0	28	2196	0	1	0
565	1	3	14	0	28	2196	0	1	0
569	1	4	11	0	28	2196	0	1	0
571	1	10	13	0	26	1836	0	1	0
573	1	3	14	0	28	2196	0	1	0
574	1	2	4	0	28	2196	0	1	0
576	1	8	18	0	28	2196	0	1	0
577	1	9	1	0	12	597	0	1	0
580	1	5	17	0	28	2196	0	1	0
581	1	7	2	0	24	1620	0	1	0
582	1	6	3	0	28	2052	0	1	0
582	1	8	18	0	28	185	0	1	0
583	1	3	14	0	28	2196	0	1	0
585	1	2	4	0	28	2196	0	1	0
586	1	6	3	0	14	775	0	1	0
588	1	1	12	0	28	2196	0	1	0
589	1	9	1	0	20	903	0	1	0
589	1	5	17	0	28	549	0	1	0
591	1	10	13	0	28	2196	0	1	0
593	1	6	3	0	24	1620	0	1	0
597	1	7	2	0	28	2196	0	1	0
598	1	8	18	0	28	2196	0	1	0
600	1	6	3	0	28	2196	0	1	0
601	1	9	1	0	22	935	0	1	0
601	1	4	11	0	28	749	0	1	0
602	1	10	13	0	28	2196	0	1	0
603	1	3	14	0	28	2196	0	1	0
606	1	5	17	0	28	2196	0	1	0
612	1	6	3	0	28	2196	0	1	0
614	1	9	1	0	20	1191	0	1	0
616	1	7	2	0	24	1620	0	1	0
619	1	4	11	0	20	1191	0	1	0
621	1	5	17	0	28	2196	0	1	0
622	1	1	12	0	28	2196	0	1	0
623	1	9	1	0	22	1383	0	1	0
625	1	8	18	0	28	2196	0	1	0
631	1	8	18	0	28	2196	0	1	0
632	1	6	3	0	28	2196	0	1	0
635	1	1	12	0	28	2196	0	1	0
636	1	5	17	0	28	2196	0	1	0
639	1	2	4	0	28	2196	0	1	0
640	1	10	13	0	28	2196	0	1	0
643	1	3	14	0	28	2196	0	1	0
647	1	5	17	0	28	2196	0	1	0
649	1	6	3	0	24	1620	0	1	0
656	1	4	11	0	28	2196	0	1	0
657	1	9	1	0	22	935	0	1	0
657	1	10	13	0	28	749	0	1	0
658	1	7	2	0	28	2196	0	1	0
667	1	8	18	0	28	2196	0	1	0
668	1	5	17	0	28	2196	0	1	0
673	1	2	4	0	28	2196	0	1	0
674	1	7	2	0	28	2196	0	1	0
676	1	4	11	0	28	2196	0	1	0
677	1	10	13	0	28	2196	0	1	0
678	1	9	1	0	16	903	0	1	0
680	1	1	12	0	28	2196	0	1	0
681	1	3	14	0	28	2196	0	1	0
690	1	1	12	0	28	2196	0	1	0
692	1	4	11	0	28	2196	0	1	0
693	1	7	2	0	28	2196	0	1	0
694	1	8	18	0	28	2196	0	1	0
695	1	3	14	0	28	2196	0	1	0
697	1	4	11	0	28	2196	0	1	0
698	1	7	2	0	28	2196	0	1	0
699	1	6	3	0	22	1383	0	1	0
705	1	8	18	0	28	2196	0	1	0
706	1	1	12	0	28	2196	0	1	0
708	1	2	4	0	28	2196	0	1	0
709	1	10	13	0	28	2196	0	1	0
714	1	9	1	0	22	1383	0	1	0
715	1	7	2	0	26	1836	0	1	0
716	1	10	13	0	28	2196	0	1	0
722	1	10	13	0	28	2196	0	1	0
723	1	8	18	0	28	2196	0	1	0
724	1	7	2	0	28	935	0	1	0
724	1	6	3	0	28	1287	0	1	0
728	1	4	11	0	28	2196	0	1	0
730	1	3	14	0	28	2196	0	1	0
731	1	9	1	0	12	597	0	1	0
732	1	2	4	0	28	2196	0	1	0
733	1	5	17	0	28	2196	0	1	0
736	1	4	11	0	28	2196	0	1	0
739	1	3	14	0	28	2196	0	1	0
740	1	9	1	0	6	309	0	1	0
741	1	1	12	0	28	2196	0	1	0
743	1	7	2	0	26	1836	0	1	0
750	1	6	3	0	28	2196	0	1	0
752	1	4	11	0	18	967	0	1	0
755	1	3	14	0	28	2196	0	1	0
758	1	1	12	0	28	2196	0	1	0
761	1	4	11	0	24	1620	0	1	0
763	1	6	3	0	28	2196	0	1	0
769	1	5	17	0	28	2196	0	1	0
771	1	3	14	0	28	2196	0	1	0
772	1	8	18	0	28	2196	0	1	0
773	1	9	1	0	18	967	0	1	0
774	1	1	12	0	28	2196	0	1	0
776	1	4	11	0	28	2196	0	1	0
777	1	5	17	0	28	2196	0	1	0
778	1	7	2	0	28	2196	0	1	0
779	1	1	12	0	28	2196	0	1	0
780	1	4	11	0	28	2196	0	1	0
781	1	5	17	0	28	2196	0	1	0
782	1	10	13	0	28	2196	0	1	0
783	1	3	14	0	28	2196	0	1	0
785	1	2	4	0	28	2196	0	1	0
790	1	8	18	0	28	2196	0	1	0
791	1	2	4	0	28	2196	0	1	0
792	1	7	2	0	20	1191	0	1	0
795	1	1	12	0	28	2196	0	1	0
796	1	4	11	0	28	2196	0	1	0
801	1	10	13	0	28	2196	0	1	0
802	1	7	2	0	18	967	0	1	0
804	1	1	12	0	28	2196	0	1	0
808	1	8	18	0	28	2196	0	1	0
809	1	5	17	0	28	2196	0	1	0
810	1	4	11	0	28	2196	0	1	0
811	1	2	4	0	28	2196	0	1	0
815	1	10	13	0	28	2196	0	1	0
816	1	5	17	0	28	2196	0	1	0
817	1	10	13	0	28	2196	0	1	0
818	1	6	3	0	24	1620	0	1	0
824	1	9	1	0	12	597	0	1	0
827	1	5	17	0	28	2196	0	1	0
831	1	3	14	0	28	2196	0	1	0
832	1	8	18	0	28	2196	0	1	0
839	1	7	2	0	28	2196	0	1	0
840	1	6	3	0	28	2196	0	1	0
841	1	3	14	0	28	2196	0	1	0
844	1	9	1	0	12	597	0	1	0
845	1	10	13	0	28	2196	0	1	0
847	1	4	11	0	24	1620	0	1	0
848	1	6	3	0	22	1383	0	1	0
852	1	2	4	0	28	2196	0	1	0
855	1	8	18	0	28	2196	0	1	0
856	1	5	17	0	28	2196	0	1	0
857	1	1	12	0	28	2196	0	1	0
860	1	3	14	0	28	2196	0	1	0
862	1	7	2	0	28	2196	0	1	0
863	1	8	18	0	24	1620	0	1	0
864	1	3	14	0	28	2196	0	1	0
870	1	1	12	0	28	2196	0	1	0
874	1	2	4	0	28	2196	0	1	0
875	1	3	14	0	28	2196	0	1	0
878	1	4	11	0	24	1620	0	1	0
880	1	9	1	0	12	597	0	1	0
883	1	10	13	0	28	2196	0	1	0
884	1	1	12	0	28	2196	0	1	0
885	1	4	11	0	28	2196	0	1	0
888	1	6	3	0	28	2196	0	1	0
890	1	8	18	0	28	2196	0	1	0
893	1	1	12	0	28	2196	0	1	0
895	1	7	2	0	24	1479	0	1	0
895	1	8	18	0	28	185	0	1	0
897	1	6	3	0	28	2196	0	1	0
898	1	3	14	0	28	2196	0	1	0
899	1	1	12	0	28	2196	0	1	0
902	1	5	17	0	28	2196	0	1	0
903	1	7	2	0	28	1692	0	1	0
903	1	6	3	0	28	549	0	1	0
904	1	9	1	0	20	1191	0	1	0
907	1	9	1	0	20	1191	0	1	0
909	1	10	13	0	28	2196	0	1	0
913	1	5	17	0	28	2196	0	1	0
916	1	2	4	0	28	2196	0	1	0
917	1	4	11	0	20	1191	0	1	0
918	1	9	1	0	20	1191	0	1	0
919	1	3	14	0	28	185	0	1	0
919	1	8	18	0	28	2052	0	1	0
923	1	2	4	0	28	2196	0	1	0
924	1	6	3	0	28	2196	0	1	0
925	1	10	13	0	28	2196	0	1	0
926	1	5	17	0	28	2196	0	1	0
930	1	2	4	0	28	2196	0	1	0
931	1	1	12	0	28	2196	0	1	0
934	1	5	17	0	28	2196	0	1	0
938	1	9	1	0	14	775	0	1	0
940	1	7	2	0	20	1191	0	1	0
941	1	2	4	0	28	2196	0	1	0
948	1	10	13	0	28	2196	0	1	0
951	1	9	1	0	12	597	0	1	0
953	1	5	17	0	28	2196	0	1	0
954	1	1	12	0	28	2196	0	1	0
956	1	6	3	0	28	2196	0	1	0
960	1	2	4	0	28	2196	0	1	0
962	1	1	12	0	28	2196	0	1	0
963	1	3	14	0	28	2196	0	1	0
966	1	10	13	0	28	2196	0	1	0
968	1	1	12	0	28	2196	0	1	0
980	1	4	11	0	28	2196	0	1	0
981	1	8	18	0	28	2196	0	1	0
983	1	2	4	0	28	2196	0	1	0
988	1	7	2	0	14	775	0	1	0
989	1	1	12	0	28	2196	0	1	0
990	1	6	3	0	28	2196	0	1	0
992	1	5	17	0	28	2196	0	1	0
993	1	9	1	0	18	807	0	1	0
993	1	6	3	0	28	373	0	1	0
994	1	8	18	0	28	2196	0	1	0
995	1	3	14	0	28	2196	0	1	0
996	1	1	12	0	28	2196	0	1	0
997	1	5	17	0	28	2196	0	1	0
1002	1	9	1	0	24	669	0	1	0
1002	1	7	2	0	28	1287	0	1	0
1003	1	10	13	0	28	2196	0	1	0
1005	1	2	4	0	28	2196	0	1	0
1013	1	9	1	0	20	1191	0	1	0
1028	1	4	11	0	28	2196	0	1	0
1029	1	8	18	0	28	2196	0	1	0
1030	1	3	14	0	28	2196	0	1	0
1031	1	10	13	0	28	2196	0	1	0
1032	1	2	4	0	28	2196	0	1	0
1033	1	1	12	0	28	2196	0	1	0
1035	1	7	2	0	28	2196	0	1	0
1036	1	5	17	0	28	2196	0	1	0
1038	1	9	1	0	22	1383	0	1	0
1045	1	7	2	0	28	2196	0	1	0
1046	1	6	3	0	28	2196	0	1	0
1047	1	10	13	0	28	2196	0	1	0
1051	1	4	11	0	28	2196	0	1	0
1053	1	8	18	0	28	2196	0	1	0
1054	1	9	1	0	20	1191	0	1	0
1060	1	5	17	0	28	2196	0	1	0
1068	1	4	11	0	28	2196	0	1	0
1069	1	6	3	0	28	2196	0	1	0
1070	1	7	2	0	28	2196	0	1	0
1071	1	10	13	0	28	2196	0	1	0
1072	1	4	11	0	28	2196	0	1	0
1073	1	1	12	0	28	2196	0	1	0
1077	1	3	14	0	28	2196	0	1	0
1080	1	2	4	0	26	1836	0	1	0
1081	1	7	2	0	14	775	0	1	0
1090	1	8	18	0	28	2196	0	1	0
1094	1	7	2	0	20	1191	0	1	0
1095	1	4	11	0	28	2196	0	1	0
1096	1	3	14	0	28	2196	0	1	0
1098	1	10	13	0	28	2196	0	1	0
1099	1	9	1	0	4	217	0	1	0
1101	1	8	18	0	28	2196	0	1	0
1104	1	2	4	0	26	1836	0	1	0
1107	1	4	11	0	28	2196	0	1	0
1109	1	1	12	0	28	2196	0	1	0
1110	1	9	1	0	18	967	0	1	0
1112	1	6	3	0	28	2052	0	1	0
1112	1	5	17	0	28	185	0	1	0
1115	1	10	13	0	28	2196	0	1	0
1116	1	6	3	0	28	2196	0	1	0
1118	1	9	1	0	24	1335	0	1	0
1118	1	3	14	0	28	373	0	1	0
1119	1	2	4	0	28	2196	0	1	0
1120	1	1	12	0	28	2196	0	1	0
1124	1	5	17	0	28	2196	0	1	0
1131	1	9	1	0	22	1287	0	1	0
1131	1	4	11	0	28	185	0	1	0
1133	1	3	14	0	28	2196	0	1	0
1134	1	8	18	0	28	2196	0	1	0
1135	1	2	4	0	28	2196	0	1	0
1136	1	7	2	0	28	2196	0	1	0
1137	1	9	1	0	20	1191	0	1	0
1138	1	4	11	0	28	2196	0	1	0
1141	1	5	17	0	28	2196	0	1	0
1146	1	10	13	0	28	2196	0	1	0
1147	1	2	4	0	28	2052	0	1	0
1147	1	4	11	0	28	185	0	1	0
1153	1	4	11	0	28	2196	0	1	0
1157	1	3	14	0	28	2196	0	1	0
1158	1	8	18	0	28	2196	0	1	0
1162	1	3	14	0	28	2196	0	1	0
1165	1	4	11	0	20	1191	0	1	0
1168	1	10	13	0	28	2196	0	1	0
1169	1	9	1	0	14	775	0	1	0
1170	1	1	12	0	28	2196	0	1	0
1172	1	6	3	0	28	2196	0	1	0
1176	1	7	2	0	28	2196	0	1	0
1182	1	9	1	0	6	309	0	1	0
1184	1	4	11	0	22	1383	0	1	0
1188	1	6	3	0	28	2196	0	1	0
1189	1	2	4	0	28	2196	0	1	0
1190	1	3	14	0	28	2196	0	1	0
1191	1	9	1	0	14	775	0	1	0
1192	1	8	18	0	28	2196	0	1	0
1195	1	1	12	0	28	2196	0	1	0
1199	1	7	2	0	28	2196	0	1	0
1200	1	9	1	0	18	967	0	1	0
1201	1	5	17	0	28	2196	0	1	0
1202	1	4	11	0	28	2196	0	1	0
1205	1	1	12	0	28	2196	0	1	0
1206	1	8	18	0	28	2196	0	1	0
1208	1	6	3	0	28	2196	0	1	0
1211	1	4	11	0	28	2196	0	1	0
1215	1	5	17	0	28	2196	0	1	0
1216	1	2	4	0	28	2196	0	1	0
1217	1	8	18	0	28	2196	0	1	0
1218	1	9	1	0	22	935	0	1	0
1218	1	1	12	0	28	749	0	1	0
1219	1	3	14	0	28	2196	0	1	0
1220	1	8	18	0	28	2196	0	1	0
1221	1	10	13	0	28	2196	0	1	0
1222	1	1	12	0	28	2196	0	1	0
1223	1	7	2	0	22	1383	0	1	0
1224	1	8	18	0	28	2196	0	1	0
1227	1	10	13	0	28	2196	0	1	0
1230	1	8	18	0	28	2196	0	1	0
1233	1	4	11	0	28	2196	0	1	0
1235	1	5	17	0	28	2196	0	1	0
1236	1	10	13	0	28	2196	0	1	0
1237	1	3	14	0	28	2196	0	1	0
1238	1	9	1	0	16	903	0	1	0
1248	1	1	12	0	28	2196	0	1	0
1250	1	7	2	0	28	2196	0	1	0
1251	1	6	3	0	28	2196	0	1	0
1252	1	5	17	0	28	2196	0	1	0
1253	1	3	14	0	28	2196	0	1	0
1255	1	10	13	0	28	2196	0	1	0
1257	1	8	18	0	28	2196	0	1	0
1258	1	2	4	0	26	1836	0	1	0
1261	1	4	11	0	24	1620	0	1	0
1262	1	5	17	0	28	2196	0	1	0
1263	1	1	12	0	28	2196	0	1	0
1270	1	2	4	0	28	2196	0	1	0
1272	1	6	3	0	22	1383	0	1	0
1275	1	3	14	0	28	2196	0	1	0
1277	1	9	1	0	16	903	0	1	0
1281	1	1	12	0	28	2196	0	1	0
1287	1	5	17	0	28	2196	0	1	0
1289	1	7	2	0	28	2196	0	1	0
1292	1	3	14	0	28	2196	0	1	0
1293	1	1	12	0	28	2196	0	1	0
1294	1	9	1	0	14	775	0	1	0
1296	1	8	18	0	22	1383	0	1	0
1297	1	6	3	0	22	1383	0	1	0
1304	1	5	17	0	28	2196	0	1	0
1305	1	7	2	0	28	2196	0	1	0
1306	1	9	1	0	24	669	0	1	0
1306	1	10	13	0	28	1287	0	1	0
1307	1	8	18	0	28	2196	0	1	0
1308	1	1	12	0	28	2196	0	1	0
1314	1	7	2	0	14	775	0	1	0
1317	1	9	1	0	14	775	0	1	0
1318	1	8	18	0	28	2196	0	1	0
1319	1	2	4	0	26	1836	0	1	0
1321	1	7	2	0	18	967	0	1	0
1323	1	9	1	0	10	469	0	1	0
1325	1	10	13	0	28	2196	0	1	0
1328	1	4	11	0	26	1836	0	1	0
1334	1	3	14	0	28	2196	0	1	0
1337	1	2	4	0	28	2196	0	1	0
1338	1	5	17	0	28	2196	0	1	0
1339	1	8	18	0	28	2196	0	1	0
1343	1	1	12	0	28	2196	0	1	0
1344	1	6	3	0	24	1620	0	1	0
1348	1	1	12	0	28	2196	0	1	0
1350	1	7	2	0	28	2196	0	1	0
1351	1	6	3	0	24	1620	0	1	0
1352	1	2	4	0	28	2196	0	1	0
1357	1	5	17	0	28	2196	0	1	0
1360	1	8	18	0	28	2196	0	1	0
1361	1	5	17	0	28	2196	0	1	0
1363	1	1	12	0	28	2196	0	1	0
1366	1	10	13	0	28	2196	0	1	0
1368	1	4	11	0	28	2196	0	1	0
1371	1	9	1	0	20	693	0	1	0
1371	1	2	4	0	28	935	0	1	0
1372	1	1	12	0	28	2196	0	1	0
1374	1	5	17	0	28	2196	0	1	0
1376	1	3	14	0	28	2196	0	1	0
1381	1	6	3	0	28	2196	0	1	0
1382	1	8	18	0	28	2196	0	1	0
1384	1	7	2	0	20	1191	0	1	0
1387	1	5	17	0	28	2196	0	1	0
1388	1	8	18	0	28	2196	0	1	0
1392	1	8	18	0	28	2196	0	1	0
1396	1	1	12	0	24	1620	0	1	0
1397	1	3	14	0	28	2196	0	1	0
1398	1	2	4	0	28	2196	0	1	0
1402	1	7	2	0	22	1383	0	1	0
1407	1	6	3	0	24	1620	0	1	0
1410	1	8	18	0	28	2196	0	1	0
1413	1	4	11	0	28	2196	0	1	0
1414	1	2	4	0	28	2196	0	1	0
1415	1	1	12	0	28	2196	0	1	0
1416	1	9	1	0	14	775	0	1	0
1417	1	7	2	0	22	1383	0	1	0
1418	1	5	17	0	28	2196	0	1	0
1425	1	2	4	0	28	2196	0	1	0
1426	1	7	2	0	28	2196	0	1	0
1427	1	6	3	0	28	2196	0	1	0
1429	1	3	14	0	28	2196	0	1	0
1430	1	8	18	0	28	2196	0	1	0
1433	1	10	13	0	28	2196	0	1	0
1434	1	4	11	0	26	1836	0	1	0
1439	1	9	1	0	20	1191	0	1	0
1442	1	4	11	0	26	1836	0	1	0
1444	1	6	3	0	28	2196	0	1	0
1445	1	3	14	0	28	2196	0	1	0
1446	1	9	1	0	22	1383	0	1	0
1447	1	7	2	0	28	2196	0	1	0
1448	1	2	4	0	28	2196	0	1	0
1449	1	7	2	0	28	2196	0	1	0
1450	1	5	17	0	28	2196	0	1	0
1457	1	6	3	0	28	2196	0	1	0
1458	1	2	4	0	28	2196	0	1	0
1460	1	8	18	0	28	2196	0	1	0
1462	1	10	13	0	28	2196	0	1	0
1465	1	2	4	0	24	1620	0	1	0
1467	1	9	1	0	24	1620	0	1	0
1471	1	7	2	0	28	2196	0	1	0
1472	1	5	17	0	28	2196	0	1	0
1473	1	8	18	0	24	1620	0	1	0
1474	1	1	12	0	28	2196	0	1	0
1476	1	3	14	0	28	2196	0	1	0
1479	1	2	4	0	28	2196	0	1	0
1484	1	9	1	0	24	1620	0	1	0
1489	1	3	14	0	28	2196	0	1	0
1492	1	6	3	0	28	2196	0	1	0
1493	1	7	2	0	28	2196	0	1	0
1494	1	8	18	0	28	2196	0	1	0
1501	1	6	3	0	28	2196	0	1	0
1502	1	8	18	0	28	2196	0	1	0
1503	1	2	4	0	28	2196	0	1	0
1505	1	10	13	0	28	2196	0	1	0
1506	1	9	1	0	18	967	0	1	0
1507	1	7	2	0	24	1620	0	1	0
1508	1	3	14	0	28	2196	0	1	0
1510	1	2	4	0	28	2196	0	1	0
1513	1	4	11	0	22	1383	0	1	0
1514	1	8	18	0	28	2196	0	1	0
1518	1	4	11	0	22	1383	0	1	0
1519	1	5	17	0	28	2196	0	1	0
1520	1	6	3	0	28	2196	0	1	0
1521	1	3	14	0	28	2196	0	1	0
1526	1	1	12	0	28	2196	0	1	0
1527	1	10	13	0	28	2196	0	1	0
1531	1	5	17	0	28	2196	0	1	0
1535	1	10	13	0	28	2196	0	1	0
1536	1	9	1	0	14	775	0	1	0
1543	1	1	12	0	28	2196	0	1	0
1544	1	7	2	0	28	2196	0	1	0
1545	1	10	13	0	28	2196	0	1	0
1546	1	9	1	0	28	373	0	1	0
1546	1	4	11	0	28	1836	0	1	0
1547	1	3	14	0	28	2196	0	1	0
1548	1	8	18	0	28	2196	0	1	0
1549	1	2	4	0	28	2196	0	1	0
1553	1	5	17	0	28	2196	0	1	0
1555	1	8	18	0	28	2196	0	1	0
1557	1	9	1	0	6	309	0	1	0
1558	1	1	12	0	28	2196	0	1	0
1559	1	3	14	0	28	2196	0	1	0
1562	1	4	11	0	24	1620	0	1	0
1565	1	10	13	0	28	2196	0	1	0
1567	1	2	4	0	28	2196	0	1	0
1570	1	4	11	0	24	1620	0	1	0
1571	1	9	1	0	12	597	0	1	0
1572	1	7	2	0	28	2196	0	1	0
1573	1	10	13	0	28	2196	0	1	0
1576	1	6	3	0	28	2196	0	1	0
1577	1	1	12	0	28	2196	0	1	0
1578	1	10	13	0	28	2196	0	1	0
1580	1	3	14	0	28	2196	0	1	0
1581	1	7	2	0	26	1836	0	1	0
1588	1	9	1	0	18	903	0	1	0
1588	1	8	18	0	28	185	0	1	0
1591	1	8	18	0	28	2196	0	1	0
1592	1	10	13	0	28	2196	0	1	0
1594	1	7	2	0	28	2196	0	1	0
1598	1	5	17	0	28	2196	0	1	0
1603	1	3	14	0	28	2196	0	1	0
1605	1	4	11	0	28	2052	0	1	0
1605	1	5	17	0	28	185	0	1	0
1606	1	10	13	0	28	2196	0	1	0
1612	1	2	4	0	28	2196	0	1	0
1613	1	9	1	0	22	935	0	1	0
1613	1	1	12	0	28	749	0	1	0
1614	1	6	3	0	28	2196	0	1	0
1615	1	8	18	0	28	2196	0	1	0
1616	1	3	14	0	28	2196	0	1	0
1617	1	4	11	0	28	2196	0	1	0
1621	1	5	17	0	28	2196	0	1	0
1622	1	9	1	0	14	775	0	1	0
1624	1	7	2	0	26	1836	0	1	0
1626	1	8	18	0	28	2196	0	1	0
1628	1	5	17	0	28	2196	0	1	0
1629	1	4	11	0	28	2196	0	1	0
1632	1	6	3	0	22	1383	0	1	0
1635	1	1	12	0	28	2196	0	1	0
1637	1	9	1	0	16	903	0	1	0
1638	1	8	18	0	28	2196	0	1	0
1639	1	2	4	0	22	1383	0	1	0
1641	1	5	17	0	28	2196	0	1	0
1643	1	9	1	0	12	597	0	1	0
1645	1	2	4	0	28	2196	0	1	0
1648	1	1	12	0	28	2196	0	1	0
1649	1	9	1	0	22	1287	0	1	0
1649	1	8	18	0	28	185	0	1	0
1652	1	6	3	0	28	2196	0	1	0
1657	1	7	2	0	24	1620	0	1	0
1659	1	3	14	0	28	2196	0	1	0
1660	1	2	4	0	28	2196	0	1	0
1661	1	10	13	0	28	2196	0	1	0
1663	1	4	11	0	28	2196	0	1	0
1664	1	5	17	0	28	2196	0	1	0
1665	1	1	12	0	28	2196	0	1	0
1669	1	6	3	0	28	2196	0	1	0
1670	1	1	12	0	28	2196	0	1	0
1676	1	3	14	0	28	2196	0	1	0
1678	1	6	3	0	28	2052	0	1	0
1678	1	5	17	0	28	185	0	1	0
1679	1	2	4	0	28	2196	0	1	0
1681	1	9	1	0	22	1031	0	1	0
1681	1	1	12	0	28	549	0	1	0
1682	1	7	2	0	20	1191	0	1	0
1685	1	5	17	0	28	2196	0	1	0
1686	1	6	3	0	28	2196	0	1	0
1688	1	8	18	0	28	2196	0	1	0
1692	1	4	11	0	24	1620	0	1	0
1695	1	9	1	0	20	1095	0	1	0
1695	1	2	4	0	28	185	0	1	0
1696	1	7	2	0	28	2196	0	1	0
1697	1	8	18	0	28	2196	0	1	0
1698	1	6	3	0	26	1836	0	1	0
1700	1	9	1	0	18	967	0	1	0
1704	1	10	13	0	28	2196	0	1	0
1705	1	1	12	0	28	2196	0	1	0
1706	1	5	17	0	28	2196	0	1	0
1708	1	2	4	0	28	2196	0	1	0
1710	1	10	13	0	28	2196	0	1	0
1711	1	1	12	0	28	2196	0	1	0
1712	1	8	18	0	28	2196	0	1	0
1716	1	7	2	0	28	2196	0	1	0
1718	1	8	18	0	28	2196	0	1	0
1721	1	6	3	0	28	2196	0	1	0
1727	1	10	13	0	28	2196	0	1	0
1728	1	9	1	0	20	1191	0	1	0
1729	1	6	3	0	28	2196	0	1	0
1731	1	8	18	0	28	2196	0	1	0
1732	1	6	3	0	28	2196	0	1	0
1733	1	3	14	0	28	2196	0	1	0
1735	1	1	12	0	28	2196	0	1	0
1741	1	9	1	0	20	1191	0	1	0
1742	1	10	13	0	28	2196	0	1	0
1746	1	4	11	0	28	2052	0	1	0
1746	1	3	14	0	28	185	0	1	0
1752	1	4	11	0	20	1191	0	1	0
1753	1	5	17	0	28	2196	0	1	0
1754	1	8	18	0	28	2196	0	1	0
1755	1	1	12	0	28	2196	0	1	0
1757	1	6	3	0	28	2196	0	1	0
1761	1	9	1	0	12	597	0	1	0
1766	1	1	12	0	28	2196	0	1	0
1769	1	7	2	0	28	2052	0	1	0
1769	1	2	4	0	28	185	0	1	0
1771	1	4	11	0	28	2052	0	1	0
1771	1	10	13	0	28	185	0	1	0
1773	1	6	3	0	28	2196	0	1	0
1777	1	8	18	0	28	2196	0	1	0
1779	1	7	2	0	28	2196	0	1	0
1780	1	4	11	0	28	2196	0	1	0
1781	1	5	17	0	28	2196	0	1	0
1785	1	10	13	0	28	2196	0	1	0
1787	1	3	14	0	28	2196	0	1	0
1788	1	1	12	0	28	2196	0	1	0
1793	1	10	13	0	28	2196	0	1	0
1797	1	9	1	0	24	935	0	1	0
1797	1	3	14	0	28	935	0	1	0
1803	1	3	14	0	28	2196	0	1	0
1804	1	4	11	0	28	2196	0	1	0
1805	1	10	13	0	28	2196	0	1	0
1809	1	1	12	0	28	2196	0	1	0
1810	1	6	3	0	28	2196	0	1	0
1811	1	5	17	0	28	2196	0	1	0
1812	1	4	11	0	20	1191	0	1	0
1816	1	6	3	0	28	185	0	1	0
1816	1	4	11	0	28	2052	0	1	0
1817	1	10	13	0	28	2196	0	1	0
1822	1	7	2	0	28	2196	0	1	0
1823	1	9	1	0	20	1095	0	1	0
1823	1	5	17	0	28	185	0	1	0
1825	1	3	14	0	28	2196	0	1	0
1828	1	5	17	0	28	2196	0	1	0
1831	1	8	18	0	28	2196	0	1	0
1833	1	5	17	0	28	2196	0	1	0
1834	1	2	4	0	28	2196	0	1	0
1835	1	3	14	0	28	2196	0	1	0
1837	1	6	3	0	26	1836	0	1	0
1840	1	4	11	0	28	2196	0	1	0
1841	1	2	4	0	28	2196	0	1	0
1844	1	8	18	0	28	2196	0	1	0
1847	1	1	12	0	28	2196	0	1	0
1848	1	10	13	0	28	2196	0	1	0
1856	1	9	1	0	24	1620	0	1	0
1857	1	3	14	0	28	2196	0	1	0
1860	1	6	3	0	24	1620	0	1	0
1863	1	5	17	0	28	2196	0	1	0
1864	1	8	18	0	28	2196	0	1	0
1869	1	7	2	0	22	1383	0	1	0
1871	1	8	18	0	28	2196	0	1	0
1872	1	5	17	0	28	2196	0	1	0
1874	1	6	3	0	24	1620	0	1	0
1876	1	2	4	0	28	2196	0	1	0
1879	1	4	11	0	20	1191	0	1	0
1880	1	3	14	0	28	2196	0	1	0
1881	1	5	17	0	28	2196	0	1	0
1883	1	2	4	0	28	2196	0	1	0
1885	1	10	13	0	28	2196	0	1	0
1886	1	4	11	0	28	1836	0	1	0
1886	1	8	18	0	28	373	0	1	0
1888	1	6	3	0	28	2196	0	1	0
1889	1	9	1	0	20	1191	0	1	0
1892	1	1	12	0	28	2196	0	1	0
1893	1	10	13	0	28	2196	0	1	0
1897	1	9	1	0	18	967	0	1	0
1900	1	4	11	0	28	2196	0	1	0
1903	1	9	1	0	18	967	0	1	0
1905	1	5	17	0	28	2196	0	1	0
1908	1	7	2	0	28	2196	0	1	0
1909	1	6	3	0	28	2196	0	1	0
1911	1	3	14	0	28	2196	0	1	0
1912	1	4	11	0	20	1191	0	1	0
1914	1	1	12	0	28	2196	0	1	0
1917	1	10	13	0	28	2196	0	1	0
1922	1	2	4	0	28	2196	0	1	0
1924	1	3	14	0	28	2196	0	1	0
1926	1	1	12	0	28	2196	0	1	0
1927	1	9	1	0	4	217	0	1	0
1928	1	7	2	0	20	1191	0	1	0
1929	1	8	18	0	28	2196	0	1	0
1930	1	2	4	0	28	2196	0	1	0
1931	1	5	17	0	28	2196	0	1	0
1932	1	10	13	0	28	2196	0	1	0
1935	1	9	1	0	6	309	0	1	0
1939	1	10	13	0	28	2196	0	1	0
1942	1	6	3	0	28	2196	0	1	0
1943	1	3	14	0	28	2196	0	1	0
1946	1	8	18	0	28	2196	0	1	0
1947	1	7	2	0	24	1620	0	1	0
1948	1	2	4	0	28	2196	0	1	0
1950	1	7	2	0	28	2196	0	1	0
1954	1	5	17	0	28	2196	0	1	0
1955	1	10	13	0	28	2196	0	1	0
1960	1	3	14	0	28	2196	0	1	0
1961	1	6	3	0	18	967	0	1	0
1962	1	2	4	0	28	2196	0	1	0
1965	1	4	11	0	22	1383	0	1	0
1969	1	5	17	0	28	2196	0	1	0
1974	1	8	18	0	28	2196	0	1	0
1977	1	4	11	0	20	1191	0	1	0
1978	1	1	12	0	28	2196	0	1	0
1980	1	5	17	0	28	2196	0	1	0
1981	1	7	2	0	28	1836	0	1	0
1981	1	4	11	0	28	373	0	1	0
1982	1	10	13	0	28	2196	0	1	0
1983	1	6	3	0	22	1383	0	1	0
1985	1	1	12	0	28	2196	0	1	0
1987	1	2	4	0	20	1191	0	1	0
1988	1	9	1	0	14	775	0	1	0
1990	1	10	13	0	28	2196	0	1	0
1991	1	9	1	0	20	1095	0	1	0
1991	1	7	2	0	28	185	0	1	0
1998	1	6	3	0	28	2196	0	1	0
1999	1	1	12	0	28	2196	0	1	0
2004	1	6	3	0	28	1836	0	1	0
2004	1	1	12	0	28	373	0	1	0
2009	1	7	2	0	28	2196	0	1	0
2017	1	5	17	0	28	2196	0	1	0
2019	1	4	11	0	20	1191	0	1	0
2020	1	2	4	0	28	2196	0	1	0
2021	1	7	2	0	28	2196	0	1	0
2022	1	6	3	0	28	2196	0	1	0
2023	1	3	14	0	28	2196	0	1	0
2029	1	3	14	0	28	2196	0	1	0
2030	1	6	3	0	28	2196	0	1	0
2031	1	8	18	0	28	2196	0	1	0
2032	1	5	17	0	28	2196	0	1	0
2036	1	3	14	0	28	2196	0	1	0
2037	1	5	17	0	28	2196	0	1	0
2040	1	10	13	0	28	2196	0	1	0
2043	1	9	1	0	18	967	0	1	0
2044	1	1	12	0	28	2196	0	1	0
2045	1	7	2	0	28	185	0	1	0
2045	1	4	11	0	28	2052	0	1	0
2047	1	8	18	0	28	2196	0	1	0
2051	1	2	4	0	28	2196	0	1	0
2053	1	3	14	0	28	2196	0	1	0
2054	1	6	3	0	24	1620	0	1	0
2055	1	7	2	0	24	1620	0	1	0
2060	1	9	1	0	18	903	0	1	0
2060	1	6	3	0	28	185	0	1	0
2064	1	5	17	0	28	2196	0	1	0
2070	1	8	18	0	28	2196	0	1	0
2071	1	7	2	0	26	1836	0	1	0
2072	1	3	14	0	28	2196	0	1	0
2073	1	2	4	0	28	2196	0	1	0
2074	1	6	3	0	24	1620	0	1	0
2075	1	4	11	0	28	2196	0	1	0
2079	1	5	17	0	28	2196	0	1	0
2080	1	9	1	0	10	469	0	1	0
2081	1	3	14	0	28	2196	0	1	0
2082	1	1	12	0	28	2196	0	1	0
2084	1	10	13	0	28	2196	0	1	0
2086	1	7	2	0	20	1191	0	1	0
2091	1	1	12	0	28	2196	0	1	0
2092	1	7	2	0	28	2052	0	1	0
2092	1	5	17	0	28	185	0	1	0
2096	1	2	4	0	28	2196	0	1	0
2097	1	9	1	0	16	903	0	1	0
2098	1	4	11	0	28	2196	0	1	0
2099	1	3	14	0	28	2196	0	1	0
2102	1	10	13	0	28	2196	0	1	0
2103	1	8	18	0	28	2196	0	1	0
2105	1	5	17	0	28	2196	0	1	0
2107	1	3	14	0	28	2196	0	1	0
2111	1	6	3	0	28	1836	0	1	0
2111	1	2	4	0	28	373	0	1	0
2118	1	10	13	0	28	2196	0	1	0
2119	1	7	2	0	28	2196	0	1	0
2120	1	6	3	0	28	2196	0	1	0
2124	1	2	4	0	28	2196	0	1	0
2125	1	1	12	0	28	2196	0	1	0
2126	1	4	11	0	24	1620	0	1	0
2129	1	1	12	0	28	2196	0	1	0
2130	1	9	1	0	20	501	0	1	0
2130	1	8	18	0	28	1287	0	1	0
2131	1	2	4	0	28	2196	0	1	0
2134	1	8	18	0	28	2196	0	1	0
2135	1	6	3	0	28	2196	0	1	0
2140	1	10	13	0	28	2196	0	1	0
2141	1	7	2	0	28	2196	0	1	0
2142	1	2	4	0	28	2196	0	1	0
2147	1	9	1	0	6	309	0	1	0
2151	1	1	12	0	28	2196	0	1	0
2152	1	4	11	0	28	2196	0	1	0
2153	1	5	17	0	28	2196	0	1	0
2154	1	10	13	0	28	2196	0	1	0
2155	1	6	3	0	20	1191	0	1	0
2164	1	7	2	0	28	2196	0	1	0
2165	1	6	3	0	28	2196	0	1	0
2166	1	1	12	0	28	2196	0	1	0
2167	1	8	18	0	28	2196	0	1	0
2168	1	5	17	0	28	2196	0	1	0
2174	1	2	4	0	28	2196	0	1	0
2178	1	10	13	0	28	2196	0	1	0
2180	1	9	1	0	14	717	0	1	0
2180	1	1	12	0	28	185	0	1	0
2185	1	3	14	0	28	2196	0	1	0
2188	1	4	11	0	24	1620	0	1	0
2190	1	5	17	0	28	2196	0	1	0
2194	1	3	14	0	28	2196	0	1	0
2197	1	2	4	0	28	2196	0	1	0
2198	1	8	18	0	28	2196	0	1	0
2199	1	1	12	0	28	2196	0	1	0
2204	1	2	4	0	28	2196	0	1	0
2206	1	6	3	0	28	2196	0	1	0
2207	1	1	12	0	28	2196	0	1	0
2208	1	7	2	0	28	2196	0	1	0
2209	1	8	18	0	28	2196	0	1	0
2210	1	5	17	0	28	2196	0	1	0
2211	1	1	12	0	28	2196	0	1	0
2213	1	9	1	0	8	421	0	1	0
2214	1	10	13	0	28	2196	0	1	0
2215	1	6	3	0	28	2196	0	1	0
2216	1	4	11	0	28	2052	0	1	0
2216	1	8	18	0	28	185	0	1	0
2222	1	4	11	0	28	2196	0	1	0
2223	1	10	13	0	28	2196	0	1	0
2224	1	8	18	0	28	2196	0	1	0
2227	1	3	14	0	28	2196	0	1	0
2235	1	5	17	0	28	2196	0	1	0
2236	1	7	2	0	22	1383	0	1	0
2237	1	6	3	0	28	2196	0	1	0
2239	1	1	12	0	28	2196	0	1	0
2241	1	2	4	0	28	2196	0	1	0
2243	1	7	2	0	18	967	0	1	0
2244	1	8	18	0	28	2196	0	1	0
2245	1	10	13	0	28	2196	0	1	0
2246	1	3	14	0	28	2196	0	1	0
2248	1	9	1	0	16	903	0	1	0
2251	1	2	4	0	28	2196	0	1	0
2254	1	7	2	0	14	775	0	1	0
2255	1	5	17	0	28	2196	0	1	0
2258	1	9	1	0	20	1191	0	1	0
2259	1	6	3	0	28	2196	0	1	0
2268	1	2	4	0	28	2196	0	1	0
2270	1	10	13	0	28	2196	0	1	0
2271	1	1	12	0	28	2196	0	1	0
2275	1	2	4	0	28	2196	0	1	0
2276	1	7	2	0	28	2196	0	1	0
2278	1	9	1	0	18	807	0	1	0
2278	1	10	13	0	28	373	0	1	0
2279	1	1	12	0	28	2196	0	1	0
2280	1	8	18	0	28	2196	0	1	0
2283	1	10	13	0	28	2196	0	1	0
2284	1	3	14	0	28	2196	0	1	0
2285	1	6	3	0	28	2196	0	1	0
2287	1	4	11	0	28	2196	0	1	0
2290	1	8	18	0	28	2196	0	1	0
2293	1	6	3	0	28	2196	0	1	0
2294	1	4	11	0	28	2196	0	1	0
2295	1	10	13	0	28	2196	0	1	0
2297	1	4	11	0	28	2196	0	1	0
2298	1	2	4	0	24	1620	0	1	0
2299	1	3	14	0	28	2196	0	1	0
2300	1	1	12	0	28	2196	0	1	0
2302	1	9	1	0	18	967	0	1	0
2308	1	2	4	0	24	1620	0	1	0
2312	1	3	14	0	28	2196	0	1	0
2313	1	8	18	0	24	1620	0	1	0
2318	1	7	2	0	28	2196	0	1	0
2319	1	9	1	0	18	967	0	1	0
2321	1	8	18	0	28	2196	0	1	0
2322	1	6	3	0	28	2196	0	1	0
2325	1	4	11	0	28	2052	0	1	0
2325	1	10	13	0	28	185	0	1	0
2326	1	5	17	0	28	2196	0	1	0
2331	1	6	3	0	28	2196	0	1	0
2333	1	5	17	0	28	2196	0	1	0
2336	1	7	2	0	28	2196	0	1	0
2337	1	2	4	0	28	2196	0	1	0
2338	1	1	12	0	28	2196	0	1	0
2347	1	5	17	0	28	2196	0	1	0
2352	1	10	13	0	28	2196	0	1	0
2355	1	7	2	0	28	2052	0	1	0
2355	1	1	12	0	28	185	0	1	0
2357	1	9	1	0	20	1191	0	1	0
2364	1	3	14	0	28	2196	0	1	0
2365	1	8	18	0	28	2196	0	1	0
2367	1	10	13	0	28	2196	0	1	0
2369	1	4	11	0	28	2196	0	1	0
2371	1	6	3	0	20	1191	0	1	0
2376	1	9	1	0	16	903	0	1	0
2381	1	8	18	0	28	2196	0	1	0
2384	1	6	3	0	28	2196	0	1	0
2385	1	1	12	0	28	2196	0	1	0
2386	1	7	2	0	28	2052	0	1	0
2386	1	3	14	0	28	185	0	1	0
2389	1	9	1	0	6	309	0	1	0
2393	1	9	1	0	14	775	0	1	0
2398	1	5	17	0	28	2196	0	1	0
2399	1	2	4	0	28	2196	0	1	0
2400	1	7	2	0	28	185	0	1	0
2400	1	4	11	0	28	2052	0	1	0
2401	1	8	18	0	28	2196	0	1	0
2404	1	9	1	0	12	597	0	1	0
2408	1	4	11	0	24	1620	0	1	0
2413	1	5	17	0	28	2196	0	1	0
2415	1	1	12	0	28	2196	0	1	0
2416	1	9	1	0	22	1383	0	1	0
2418	1	4	11	0	28	2196	0	1	0
2419	1	6	3	0	26	1836	0	1	0
2421	1	8	18	0	28	2196	0	1	0
2423	1	9	1	0	22	1383	0	1	0
2424	1	2	4	0	24	1620	0	1	0
2427	1	6	3	0	26	1836	0	1	0
2430	1	1	12	0	28	2196	0	1	0
2434	1	3	14	0	28	2196	0	1	0
2435	1	9	1	0	22	1383	0	1	0
2437	1	5	17	0	28	2196	0	1	0
2438	1	10	13	0	28	2196	0	1	0
2439	1	7	2	0	20	1191	0	1	0
2441	1	4	11	0	28	2196	0	1	0
2443	1	1	12	0	28	2196	0	1	0
2444	1	2	4	0	28	2196	0	1	0
2447	1	8	18	0	28	2196	0	1	0
2451	1	3	14	0	28	2196	0	1	0
2456	1	4	11	0	28	2196	0	1	0
2457	1	8	18	0	28	2196	0	1	0
2461	1	6	3	0	24	1620	0	1	0
2463	1	5	17	0	28	2196	0	1	0
2464	1	7	2	0	28	2196	0	1	0
2465	1	2	4	0	28	2196	0	1	0
2466	1	1	12	0	28	2196	0	1	0
2467	1	2	4	0	28	2196	0	1	0
2468	1	3	14	0	28	2196	0	1	0
2469	1	5	17	0	28	2196	0	1	0
2470	1	10	13	0	28	2196	0	1	0
2471	1	4	11	0	28	2196	0	1	0
2472	1	6	3	0	26	1836	0	1	0
2473	1	8	18	0	28	2196	0	1	0
2475	1	9	1	0	12	597	0	1	0
2479	1	7	2	0	28	2052	0	1	0
2479	1	6	3	0	28	185	0	1	0
2480	1	4	11	0	24	1620	0	1	0
2482	1	8	18	0	28	2196	0	1	0
2483	1	3	14	0	28	2196	0	1	0
2484	1	1	12	0	28	2196	0	1	0
2485	1	2	4	0	24	1620	0	1	0
2491	1	9	1	0	14	775	0	1	0
2495	1	10	13	0	28	2196	0	1	0
2496	1	7	2	0	28	2196	0	1	0
2497	1	5	17	0	28	2196	0	1	0
2500	1	8	18	0	28	2196	0	1	0
2503	1	1	12	0	28	2196	0	1	0
2505	1	9	1	0	12	597	0	1	0
2506	1	3	14	0	28	2196	0	1	0
2507	1	2	4	0	28	2196	0	1	0
2508	1	8	18	0	28	2196	0	1	0
2512	1	10	13	0	28	2196	0	1	0
2513	1	6	3	0	28	2196	0	1	0
2514	1	5	17	0	28	2196	0	1	0
2515	1	1	12	0	28	2196	0	1	0
2518	1	9	1	0	20	1191	0	1	0
2521	1	3	14	0	28	2196	0	1	0
2530	1	7	2	0	28	2196	0	1	0
2531	1	5	17	0	28	2196	0	1	0
2534	1	4	11	0	28	2196	0	1	0
2535	1	2	4	0	28	2196	0	1	0
2536	1	8	18	0	28	2196	0	1	0
2537	1	1	12	0	28	2196	0	1	0
2538	1	6	3	0	28	2196	0	1	0
2539	1	10	13	0	28	2196	0	1	0
2540	1	9	1	0	20	1095	0	1	0
2540	1	4	11	0	28	185	0	1	0
2541	1	2	4	0	28	2196	0	1	0
2544	1	7	2	0	28	2196	0	1	0
2545	1	3	14	0	28	2196	0	1	0
2551	1	2	4	0	28	2196	0	1	0
2552	1	6	3	0	22	1383	0	1	0
2553	1	10	13	0	28	2196	0	1	0
2554	1	4	11	0	28	2196	0	1	0
2555	1	7	2	0	28	2196	0	1	0
2556	1	8	18	0	28	2196	0	1	0
2562	1	3	14	0	28	2196	0	1	0
2563	1	6	3	0	24	1620	0	1	0
2564	1	4	11	0	28	2196	0	1	0
2565	1	9	1	0	24	807	0	1	0
2565	1	5	17	0	28	1095	0	1	0
2566	1	8	18	0	28	2196	0	1	0
2569	1	7	2	0	28	2196	0	1	0
2570	1	10	13	0	28	2196	0	1	0
2571	1	2	4	0	28	2196	0	1	0
2572	1	3	14	0	28	2196	0	1	0
2573	1	1	12	0	28	2196	0	1	0
2574	1	4	11	0	28	2196	0	1	0
2578	1	1	12	0	28	2196	0	1	0
2579	1	3	14	0	28	2196	0	1	0
2581	1	5	17	0	28	2196	0	1	0
2584	1	1	12	0	28	2196	0	1	0
2585	1	9	1	0	18	967	0	1	0
2586	1	10	13	0	28	2196	0	1	0
2587	1	8	18	0	28	2196	0	1	0
2593	1	6	3	0	28	2196	0	1	0
2602	1	5	17	0	28	2196	0	1	0
2603	1	9	1	0	20	1095	0	1	0
2603	1	10	13	0	28	185	0	1	0
2604	1	4	11	0	28	2052	0	1	0
2604	1	3	14	0	28	185	0	1	0
2605	1	7	2	0	28	2196	0	1	0
2607	1	9	1	0	24	1335	0	1	0
2607	1	10	13	0	28	373	0	1	0
2610	1	8	18	0	28	2196	0	1	0
2612	1	6	3	0	28	2052	0	1	0
2612	1	1	12	0	28	185	0	1	0
2613	1	2	4	0	24	1620	0	1	0
2618	1	7	2	0	28	1836	0	1	0
2618	1	3	14	0	28	373	0	1	0
2625	1	3	14	0	28	2196	0	1	0
2626	1	8	18	0	28	2196	0	1	0
2627	1	4	11	0	24	1620	0	1	0
2631	1	9	1	0	20	1191	0	1	0
2633	1	10	13	0	28	2196	0	1	0
2637	1	3	14	0	28	2196	0	1	0
2640	1	7	2	0	28	2196	0	1	0
2641	1	8	18	0	28	2196	0	1	0
2645	1	9	1	0	24	1191	0	1	0
2645	1	4	11	0	28	549	0	1	0
2651	1	5	17	0	28	2196	0	1	0
2656	1	1	12	0	28	2196	0	1	0
2665	1	4	11	0	28	2196	0	1	0
2671	1	7	2	0	28	2196	0	1	0
2672	1	6	3	0	28	2196	0	1	0
2675	1	10	13	0	28	2196	0	1	0
2676	1	8	18	0	22	1383	0	1	0
2679	1	1	12	0	28	2196	0	1	0
2680	1	4	11	0	28	2196	0	1	0
2681	1	2	4	0	28	2196	0	1	0
2682	1	9	1	0	28	185	0	1	0
2682	1	5	17	0	28	2052	0	1	0
2683	1	3	14	0	28	2196	0	1	0
2684	1	8	18	0	26	1836	0	1	0
2689	1	8	18	0	28	2196	0	1	0
2695	1	1	12	0	28	2196	0	1	0
2699	1	5	17	0	28	2196	0	1	0
2701	1	6	3	0	28	2052	0	1	0
2701	1	10	13	0	28	185	0	1	0
2702	1	3	14	0	28	2196	0	1	0
2706	1	4	11	0	28	2196	0	1	0
2707	1	7	2	0	24	1620	0	1	0
2713	1	9	1	0	22	1143	0	1	0
2713	1	5	17	0	28	373	0	1	0
2714	1	8	18	0	28	2196	0	1	0
2716	1	3	14	0	28	2196	0	1	0
2719	1	2	4	0	28	2196	0	1	0
2722	1	6	3	0	14	775	0	1	0
2725	1	2	4	0	28	2196	0	1	0
2726	1	3	14	0	28	2196	0	1	0
2728	1	1	12	0	28	2196	0	1	0
2730	1	10	13	0	28	2196	0	1	0
2731	1	5	17	0	28	2196	0	1	0
2732	1	4	11	0	28	2196	0	1	0
2734	1	7	2	0	24	1620	0	1	0
2737	1	6	3	0	22	1383	0	1	0
2738	1	9	1	0	18	967	0	1	0
2740	1	8	18	0	28	2196	0	1	0
2747	1	6	3	0	24	1620	0	1	0
2748	1	10	13	0	28	2196	0	1	0
2749	1	3	14	0	28	2196	0	1	0
2754	1	7	2	0	28	2196	0	1	0
2755	1	5	17	0	28	2196	0	1	0
2759	1	2	4	0	28	2196	0	1	0
2761	1	3	14	0	28	2196	0	1	0
2762	1	4	11	0	28	2196	0	1	0
2763	1	8	18	0	28	2196	0	1	0
2767	1	10	13	0	28	2196	0	1	0
2768	1	5	17	0	28	2196	0	1	0
2769	1	1	12	0	28	2196	0	1	0
2770	1	8	18	0	28	2196	0	1	0
2771	1	6	3	0	22	1383	0	1	0
2776	1	7	2	0	26	1836	0	1	0
2777	1	2	4	0	28	2196	0	1	0
2778	1	5	17	0	28	2196	0	1	0
2782	1	5	17	0	28	2196	0	1	0
2783	1	8	18	0	28	2196	0	1	0
2785	1	9	1	0	20	1191	0	1	0
2787	1	6	3	0	28	2196	0	1	0
2788	1	10	13	0	28	2196	0	1	0
2789	1	2	4	0	28	2196	0	1	0
2790	1	7	2	0	28	2196	0	1	0
2791	1	5	17	0	28	2196	0	1	0
2792	1	8	18	0	28	2196	0	1	0
2793	1	1	12	0	28	2196	0	1	0
2794	1	4	11	0	28	2196	0	1	0
2795	1	3	14	0	28	2196	0	1	0
2796	1	8	18	0	28	2196	0	1	0
2799	1	4	11	0	28	2196	0	1	0
2802	1	6	3	0	24	1620	0	1	0
2804	1	2	4	0	28	2196	0	1	0
2805	1	5	17	0	28	2196	0	1	0
2807	1	8	18	0	28	2196	0	1	0
2811	1	5	17	0	28	2196	0	1	0
2812	1	7	2	0	28	2196	0	1	0
2813	1	3	14	0	28	2196	0	1	0
2816	1	9	1	0	18	967	0	1	0
2820	1	10	13	0	24	1620	0	1	0
2822	1	6	3	0	24	1620	0	1	0
2827	1	4	11	0	24	1479	0	1	0
2827	1	8	18	0	28	185	0	1	0
2828	1	1	12	0	28	2196	0	1	0
2829	1	2	4	0	28	2196	0	1	0
2830	1	4	11	0	20	1191	0	1	0
2835	1	3	14	0	28	2196	0	1	0
2840	1	7	2	0	28	2196	0	1	0
2841	1	2	4	0	28	2196	0	1	0
2842	1	9	1	0	18	967	0	1	0
2848	1	10	13	0	28	2196	0	1	0
2849	1	1	12	0	28	2196	0	1	0
2850	1	3	14	0	28	2196	0	1	0
2853	1	8	18	0	28	2196	0	1	0
2855	1	4	11	0	28	2196	0	1	0
2858	1	5	17	0	28	2196	0	1	0
2859	1	2	4	0	28	2196	0	1	0
2860	1	8	18	0	28	2196	0	1	0
2863	1	9	1	0	14	775	0	1	0
2865	1	10	13	0	28	2196	0	1	0
2866	1	5	17	0	28	2196	0	1	0
2870	1	9	1	0	14	775	0	1	0
2872	1	1	12	0	28	2196	0	1	0
2873	1	6	3	0	28	2196	0	1	0
2876	1	2	4	0	28	2196	0	1	0
2880	1	7	2	0	28	2196	0	1	0
2881	1	10	13	0	28	2196	0	1	0
2886	1	3	14	0	28	2196	0	1	0
2887	1	8	18	0	28	2196	0	1	0
2890	1	2	4	0	28	2196	0	1	0
2891	1	5	17	0	28	2196	0	1	0
2892	1	6	3	0	28	2196	0	1	0
2897	1	4	11	0	24	1620	0	1	0
2898	1	10	13	0	28	2196	0	1	0
2899	1	8	18	0	28	2196	0	1	0
2900	1	5	17	0	28	2196	0	1	0
2901	1	9	1	0	12	597	0	1	0
2904	1	1	12	0	28	2196	0	1	0
2905	1	7	2	0	28	2196	0	1	0
2906	1	6	3	0	24	1620	0	1	0
2908	1	1	12	0	28	2196	0	1	0
2912	1	5	17	0	28	2196	0	1	0
2914	1	9	1	0	18	967	0	1	0
2918	1	7	2	0	28	2196	0	1	0
2924	1	2	4	0	28	2196	0	1	0
2927	1	8	18	0	28	2196	0	1	0
2929	1	9	1	0	14	775	0	1	0
2930	1	3	14	0	28	2196	0	1	0
2931	1	5	17	0	28	2196	0	1	0
2932	1	4	11	0	28	2196	0	1	0
2933	1	1	12	0	28	2196	0	1	0
2934	1	6	3	0	28	2196	0	1	0
2936	1	2	4	0	28	2196	0	1	0
2941	1	10	13	0	28	2196	0	1	0
2942	1	6	3	0	24	1620	0	1	0
2943	1	7	2	0	26	1836	0	1	0
2944	1	5	17	0	28	2196	0	1	0
2947	1	9	1	0	14	775	0	1	0
2948	1	4	11	0	18	967	0	1	0
2951	1	6	3	0	22	1383	0	1	0
2953	1	7	2	0	18	967	0	1	0
2957	1	8	18	0	28	2196	0	1	0
2959	1	10	13	0	28	2196	0	1	0
2960	1	4	11	0	22	1383	0	1	0
2964	1	1	12	0	28	2196	0	1	0
2965	1	5	17	0	28	2196	0	1	0
2967	1	7	2	0	22	1383	0	1	0
2968	1	3	14	0	28	2196	0	1	0
2969	1	6	3	0	20	1191	0	1	0
2971	1	2	4	0	28	2196	0	1	0
2972	1	9	1	0	18	967	0	1	0
2974	1	10	13	0	28	2196	0	1	0
2975	1	5	17	0	28	2196	0	1	0
2978	1	7	2	0	22	1383	0	1	0
2979	1	8	18	0	28	2196	0	1	0
2982	1	5	17	0	28	2196	0	1	0
2984	1	10	13	0	28	2196	0	1	0
2986	1	8	18	0	28	2196	0	1	0
2987	1	2	4	0	24	1620	0	1	0
2988	1	7	2	0	28	373	0	1	0
2988	1	4	11	0	22	1143	0	1	0
2990	1	6	3	0	26	1836	0	1	0
2992	1	1	12	0	28	2196	0	1	0
2995	1	9	1	0	18	967	0	1	0
3002	1	5	17	0	28	2196	0	1	0
3003	1	9	1	0	18	967	0	1	0
3005	1	4	11	0	26	1836	0	1	0
3006	1	1	12	0	28	2196	0	1	0
3008	1	6	3	0	28	2196	0	1	0
3010	1	10	13	0	28	2196	0	1	0
3011	1	2	4	0	28	2196	0	1	0
3015	1	5	17	0	28	2196	0	1	0
3016	1	3	14	0	28	2196	0	1	0
3018	1	6	3	0	28	2196	0	1	0
3021	1	10	13	0	28	2196	0	1	0
3023	1	7	2	0	28	2196	0	1	0
3028	1	8	18	0	28	2196	0	1	0
3029	1	10	13	0	28	2196	0	1	0
3030	1	5	17	0	28	2196	0	1	0
3042	1	2	4	0	28	2196	0	1	0
3044	1	7	2	0	28	2196	0	1	0
3045	1	3	14	0	28	2196	0	1	0
3048	1	1	12	0	28	2196	0	1	0
3049	1	8	18	0	28	2196	0	1	0
3050	1	9	1	0	14	775	0	1	0
3051	1	4	11	0	28	2196	0	1	0
3052	1	5	17	0	28	2196	0	1	0
3054	1	3	14	0	28	2196	0	1	0
3057	1	1	12	0	28	2196	0	1	0
3058	1	4	11	0	28	2196	0	1	0
3060	1	6	3	0	28	2196	0	1	0
3061	1	7	2	0	28	2196	0	1	0
3062	1	9	1	0	20	1191	0	1	0
3063	1	8	18	0	28	2196	0	1	0
3065	1	7	2	0	28	2196	0	1	0
3071	1	2	4	0	28	2196	0	1	0
3072	1	5	17	0	28	2196	0	1	0
3073	1	8	18	0	28	2196	0	1	0
3074	1	1	12	0	28	2196	0	1	0
3076	1	3	14	0	28	2196	0	1	0
3078	1	4	11	0	28	2196	0	1	0
3079	1	2	4	0	28	2196	0	1	0
3080	1	7	2	0	24	1620	0	1	0
3084	1	10	13	0	28	2196	0	1	0
3090	1	2	4	0	28	2196	0	1	0
3091	1	3	14	0	28	2196	0	1	0
3092	1	4	11	0	26	1836	0	1	0
3093	1	8	18	0	28	2196	0	1	0
3094	1	7	2	0	28	2196	0	1	0
3095	1	5	17	0	28	2196	0	1	0
3097	1	6	3	0	28	2196	0	1	0
3101	1	9	1	0	24	1620	0	1	0
3105	1	6	3	0	28	2196	0	1	0
3108	1	4	11	0	24	1620	0	1	0
3114	1	10	13	0	28	2196	0	1	0
3115	1	6	3	0	28	2196	0	1	0
3116	1	4	11	0	26	1836	0	1	0
3118	1	3	14	0	28	2196	0	1	0
3119	1	5	17	0	28	2196	0	1	0
3121	1	7	2	0	28	2196	0	1	0
3124	1	9	1	0	20	1191	0	1	0
3125	1	6	3	0	26	1836	0	1	0
3130	1	1	12	0	28	2196	0	1	0
3131	1	4	11	0	28	2196	0	1	0
3132	1	5	17	0	28	2196	0	1	0
3134	1	6	3	0	20	1191	0	1	0
3136	1	1	12	0	28	2196	0	1	0
3139	1	7	2	0	28	2196	0	1	0
3146	1	9	1	0	12	597	0	1	0
3148	1	6	3	0	24	1620	0	1	0
3151	1	5	17	0	28	2196	0	1	0
3154	1	3	14	0	28	2196	0	1	0
3157	1	5	17	0	28	2196	0	1	0
3159	1	4	11	0	22	1383	0	1	0
3161	1	5	17	0	28	185	0	1	0
3161	1	8	18	0	22	1287	0	1	0
3162	1	4	11	0	20	1191	0	1	0
3164	1	6	3	0	22	1383	0	1	0
3165	1	3	14	0	28	2196	0	1	0
3167	1	2	4	0	28	2196	0	1	0
3178	1	10	13	0	28	2196	0	1	0
3179	1	3	14	0	28	2196	0	1	0
3180	1	4	11	0	24	1620	0	1	0
3181	1	1	12	0	28	2196	0	1	0
3182	1	9	1	0	20	999	0	1	0
3182	1	7	2	0	28	185	0	1	0
3182	1	5	17	0	28	185	0	1	0
3183	1	2	4	0	28	2196	0	1	0
3188	1	2	4	0	28	2196	0	1	0
3191	1	6	3	0	22	1383	0	1	0
3192	1	5	17	0	28	2196	0	1	0
3193	1	10	13	0	28	2196	0	1	0
3194	1	4	11	0	28	2196	0	1	0
3195	1	8	18	0	24	1620	0	1	0
3202	1	8	18	0	24	1620	0	1	0
3203	1	1	12	0	28	2196	0	1	0
3204	1	5	17	0	28	2196	0	1	0
3206	1	6	3	0	26	1836	0	1	0
3211	1	3	14	0	28	2196	0	1	0
3212	1	2	4	0	28	2196	0	1	0
3214	1	8	18	0	24	1620	0	1	0
3216	1	7	2	0	28	2196	0	1	0
3219	1	5	17	0	28	2196	0	1	0
3220	1	7	2	0	28	2196	0	1	0
3221	1	9	1	0	14	717	0	1	0
3221	1	4	11	0	28	185	0	1	0
3223	1	3	14	0	28	2196	0	1	0
3225	1	10	13	0	24	1620	0	1	0
3228	1	8	18	0	28	2196	0	1	0
3229	1	6	3	0	28	2196	0	1	0
3230	1	4	11	0	28	2196	0	1	0
3235	1	2	4	0	28	2196	0	1	0
3236	1	1	12	0	28	2196	0	1	0
3237	1	4	11	0	28	2196	0	1	0
3238	1	9	1	0	10	469	0	1	0
3240	1	10	13	0	28	2196	0	1	0
3242	1	8	18	0	28	2196	0	1	0
3243	1	5	17	0	28	2196	0	1	0
3247	1	9	1	0	10	469	0	1	0
3249	1	4	11	0	28	2196	0	1	0
3250	1	2	4	0	28	2196	0	1	0
3253	1	10	13	0	22	1383	0	1	0
3254	1	1	12	0	28	2196	0	1	0
3255	1	3	14	0	28	2196	0	1	0
3256	1	9	1	0	16	775	0	1	0
3256	1	6	3	0	28	373	0	1	0
3257	1	5	17	0	28	2196	0	1	0
3259	1	4	11	0	26	1836	0	1	0
3260	1	1	12	0	28	2196	0	1	0
3263	1	6	3	0	28	373	1	0	0
3263	1	10	13	0	28	1836	0	1	0
3264	1	8	18	0	28	2196	0	1	0
3269	1	7	2	0	26	1836	0	1	0
3270	1	10	13	0	28	2196	0	1	0
3279	1	4	11	0	28	2196	0	1	0
3280	1	6	3	0	28	2196	0	1	0
3281	1	3	14	0	28	2196	0	1	0
3282	1	1	12	0	28	2196	0	1	0
3283	1	5	17	0	28	2196	0	1	0
3286	1	9	1	0	14	775	0	1	0
3289	1	4	11	0	28	2196	0	1	0
3290	1	3	14	0	28	2196	0	1	0
3292	1	10	13	0	28	2196	0	1	0
3295	1	4	11	0	28	2196	0	1	0
3299	1	4	11	0	28	2196	0	1	0
3300	1	7	2	0	28	2196	0	1	0
3301	1	8	18	0	28	2196	0	1	0
3304	1	2	4	0	28	2196	0	1	0
3309	1	4	11	0	20	1191	0	1	0
3313	1	6	3	0	20	1191	0	1	0
3314	1	7	2	0	28	2196	0	1	0
3315	1	4	11	0	24	1620	0	1	0
3320	1	9	1	0	14	775	0	1	0
3322	1	6	3	0	22	1383	0	1	0
3323	1	1	12	0	28	2196	0	1	0
3325	1	5	17	0	28	2196	0	1	0
3326	1	8	18	0	28	2196	0	1	0
3334	1	9	1	0	22	1383	0	1	0
3335	1	2	4	0	28	2196	0	1	0
3336	1	7	2	0	28	2196	0	1	0
3337	1	10	13	0	28	2196	0	1	0
3338	1	5	17	0	28	2196	0	1	0
3339	1	4	11	0	26	1836	0	1	0
3342	1	8	18	0	28	2196	0	1	0
3343	1	10	13	0	28	2196	0	1	0
3344	1	6	3	0	28	2196	0	1	0
3346	1	7	2	0	28	2196	0	1	0
3347	1	9	1	0	22	1383	0	1	0
3348	1	2	4	0	28	2196	0	1	0
3349	1	8	18	0	28	2196	0	1	0
3350	1	1	12	0	28	2196	0	1	0
3352	1	6	3	0	26	1836	0	1	0
3354	1	2	4	0	22	1383	0	1	0
3355	1	8	18	0	28	2196	0	1	0
3358	1	3	14	0	28	2196	0	1	0
3360	1	1	12	0	28	2196	0	1	0
3361	1	6	3	0	24	1620	0	1	0
3364	1	8	18	0	28	2196	0	1	0
3366	1	10	13	0	28	2196	0	1	0
3367	1	5	17	0	28	2196	0	1	0
3368	1	4	11	0	28	2196	0	1	0
3369	1	8	18	0	28	2196	0	1	0
3370	1	2	4	0	28	2196	0	1	0
3384	1	2	4	0	28	2196	0	1	0
3385	1	9	1	0	24	1620	0	1	0
3386	1	1	12	0	28	2196	0	1	0
3388	1	3	14	0	28	2196	0	1	0
3391	1	4	11	0	28	2196	0	1	0
3392	1	7	2	0	28	2196	0	1	0
3393	1	8	18	0	28	2196	0	1	0
3401	1	2	4	0	28	2196	0	1	0
3402	1	6	3	0	24	1620	0	1	0
3403	1	5	17	0	28	2196	0	1	0
3407	1	5	17	0	28	2196	0	1	0
3409	1	2	4	0	28	185	0	1	0
3409	1	4	11	0	28	2052	0	1	0
3414	1	6	3	0	20	1191	0	1	0
3415	1	1	12	0	28	2196	0	1	0
3417	1	9	1	0	18	967	0	1	0
3422	1	4	11	0	28	2196	0	1	0
3429	1	7	2	0	20	1191	0	1	0
3430	1	9	1	0	18	967	0	1	0
3431	1	2	4	0	28	2196	0	1	0
3432	1	4	11	0	24	1620	0	1	0
3433	1	10	13	0	28	2196	0	1	0
3434	1	6	3	0	20	1191	0	1	0
3435	1	1	12	0	28	2196	0	1	0
3438	1	7	2	0	24	1620	0	1	0
3441	1	5	17	0	28	2196	0	1	0
3442	1	7	2	0	28	2196	0	1	0
3444	1	1	12	0	28	2196	0	1	0
3447	1	3	14	0	28	2196	0	1	0
3448	1	4	11	0	26	1836	0	1	0
3450	1	8	18	0	28	2196	0	1	0
3452	1	10	13	0	28	2196	0	1	0
3453	1	6	3	0	24	1620	0	1	0
3454	1	8	18	0	28	2196	0	1	0
3458	1	9	1	0	26	1836	0	1	0
3459	1	3	14	0	28	2196	0	1	0
3460	1	9	1	0	24	1620	0	1	0
3464	1	1	12	0	28	2196	0	1	0
3466	1	2	4	0	28	2196	0	1	0
3467	1	7	2	0	28	2196	0	1	0
3468	1	4	11	0	24	1620	0	1	0
3469	1	6	3	0	20	1191	0	1	0
3476	1	6	3	0	24	1620	0	1	0
3477	1	5	17	0	28	2196	0	1	0
3480	1	9	1	0	24	1479	0	1	0
3480	1	8	18	0	28	185	0	1	0
3481	1	3	14	0	28	2196	0	1	0
3484	1	10	13	0	28	2196	0	1	0
3485	1	2	4	0	24	1620	0	1	0
3488	1	6	3	0	28	2196	0	1	0
3490	1	7	2	0	28	2196	0	1	0
3495	1	3	14	0	28	2196	0	1	0
3496	1	9	1	0	20	1191	0	1	0
3497	1	1	12	0	28	2196	0	1	0
3499	1	10	13	0	28	2196	0	1	0
3500	1	7	2	0	28	2196	0	1	0
3502	1	9	1	0	28	1479	0	1	0
3502	1	2	4	0	28	749	0	1	0
3503	1	8	18	0	28	2196	0	1	0
3504	1	6	3	0	28	185	0	1	0
3504	1	4	11	0	28	2052	0	1	0
3512	1	1	12	0	28	2196	0	1	0
3513	1	4	11	0	28	2196	0	1	0
3520	1	1	12	0	28	2196	0	1	0
3522	1	2	4	0	28	2196	0	1	0
3524	1	5	17	0	28	2196	0	1	0
3525	1	7	2	0	24	1620	0	1	0
3531	1	9	1	0	20	1191	0	1	0
3539	1	5	17	0	28	2196	0	1	0
3540	1	6	3	0	28	2196	0	1	0
3541	1	4	11	0	24	1620	0	1	0
3543	1	3	14	0	28	2196	0	1	0
3544	1	9	1	0	20	1191	0	1	0
3549	1	7	2	0	28	2196	0	1	0
3550	1	6	3	0	22	1383	0	1	0
3553	1	8	18	0	28	2196	0	1	0
3554	1	2	4	0	28	2052	0	1	0
3554	1	4	11	0	28	185	0	1	0
3555	1	9	1	0	18	967	0	1	0
3563	1	6	3	0	28	2196	0	1	0
3565	1	9	1	0	24	533	0	1	0
3565	1	7	2	0	24	1063	0	1	0
3566	1	2	4	0	28	2196	0	1	0
3568	1	5	17	0	28	2196	0	1	0
3571	1	8	18	0	28	2196	0	1	0
3575	1	5	17	0	28	2196	0	1	0
3580	1	10	13	0	28	2196	0	1	0
3582	1	8	18	0	22	1383	0	1	0
3584	1	3	14	0	28	2196	0	1	0
3585	1	4	11	0	20	1191	0	1	0
3587	1	2	4	0	28	2196	0	1	0
3588	1	3	14	0	28	2196	0	1	0
3590	1	1	12	0	28	2196	0	1	0
3593	1	2	4	0	28	2196	0	1	0
3594	1	7	2	0	20	1191	0	1	0
3598	1	10	13	0	28	2196	0	1	0
3600	1	9	1	0	26	1063	0	1	0
3600	1	4	11	0	28	935	0	1	0
3602	1	2	4	0	28	2196	0	1	0
3603	1	9	1	0	14	775	0	1	0
3604	1	5	17	0	28	2196	0	1	0
3607	1	10	13	0	28	2196	0	1	0
3608	1	4	11	0	28	2196	0	1	0
3612	1	7	2	0	28	2196	0	1	0
3613	1	9	1	0	28	1095	0	1	0
3613	1	8	18	0	28	1095	0	1	0
3615	1	6	3	0	28	2196	0	1	0
3616	1	3	14	0	28	2196	0	1	0
3618	1	1	12	0	28	2196	0	1	0
3619	1	2	4	0	28	2196	0	1	0
3620	1	9	1	0	18	967	0	1	0
3621	1	3	14	0	28	2196	0	1	0
3625	1	6	3	0	28	2196	0	1	0
3628	1	3	14	0	28	2196	0	1	0
3629	1	7	2	0	24	1620	0	1	0
3630	1	8	18	0	28	2196	0	1	0
3631	1	5	17	0	28	2196	0	1	0
3636	1	2	4	0	28	2196	0	1	0
3637	1	10	13	0	28	2196	0	1	0
3638	1	4	11	0	28	2196	0	1	0
3639	1	1	12	0	28	2196	0	1	0
3640	1	3	14	0	28	2196	0	1	0
3642	1	9	1	0	26	1239	0	1	0
3642	1	4	11	0	28	749	0	1	0
3643	1	6	3	0	28	2196	0	1	0
3646	1	5	17	0	28	2196	0	1	0
3647	1	1	12	0	28	2196	0	1	0
3650	1	8	18	0	28	2196	0	1	0
3655	1	2	4	0	28	2196	0	1	0
3658	1	3	14	0	28	2196	0	1	0
3659	1	7	2	0	22	1383	0	1	0
3662	1	10	13	0	28	2196	0	1	0
3666	1	9	1	0	12	597	0	1	0
3668	1	10	13	0	28	2196	0	1	0
3671	1	8	18	0	28	2196	0	1	0
3672	1	7	2	0	24	1620	0	1	0
3673	1	5	17	0	28	2196	0	1	0
3674	1	4	11	0	24	1620	0	1	0
3676	1	9	1	0	26	1063	0	1	0
3676	1	1	12	0	28	935	0	1	0
3678	1	6	3	0	28	2196	0	1	0
3680	1	8	18	0	28	2196	0	1	0
3683	1	7	2	0	28	2196	0	1	0
3684	1	1	12	0	28	2196	0	1	0
3685	1	4	11	0	28	1836	0	1	0
3685	1	10	13	0	28	373	0	1	0
3686	1	2	4	0	28	2196	0	1	0
3688	1	8	18	0	28	2196	0	1	0
3692	1	6	3	0	28	2196	0	1	0
3693	1	2	4	0	28	2196	0	1	0
3698	1	10	13	0	28	2196	0	1	0
3699	1	7	2	0	28	2196	0	1	0
3700	1	1	12	0	28	2196	0	1	0
3701	1	8	18	0	28	2196	0	1	0
3702	1	2	4	0	28	2196	0	1	0
3708	1	5	17	0	28	2196	0	1	0
3709	1	8	18	0	28	2196	0	1	0
3710	1	2	4	0	28	185	0	1	0
3710	1	4	11	0	24	1479	0	1	0
3712	1	3	14	0	28	2196	0	1	0
3713	1	6	3	0	24	1620	0	1	0
3716	1	9	1	0	6	309	0	1	0
3718	1	10	13	0	28	2196	0	1	0
3720	1	4	11	0	28	2196	0	1	0
3723	1	9	1	0	14	775	0	1	0
3728	1	5	17	0	28	2196	0	1	0
3729	1	7	2	0	28	2196	0	1	0
3730	1	9	1	0	20	1095	0	1	0
3730	1	2	4	0	28	185	0	1	0
3731	1	10	13	0	28	2196	0	1	0
3735	1	6	3	0	22	1383	0	1	0
3739	1	6	3	0	28	185	0	1	0
3739	1	4	11	0	28	2052	0	1	0
3740	1	3	14	0	28	2196	0	1	0
3744	1	6	3	0	28	2052	0	1	0
3744	1	8	18	0	28	185	0	1	0
3746	1	7	2	0	20	1191	0	1	0
3748	1	9	1	0	26	1527	0	1	0
3748	1	1	12	0	28	373	0	1	0
3749	1	5	17	0	28	2196	0	1	0
3750	1	10	13	0	28	2196	0	1	0
3751	1	3	14	0	28	2196	0	1	0
3753	1	6	3	0	28	2196	0	1	0
3761	1	2	4	0	28	2196	0	1	0
3763	1	8	18	0	28	2196	0	1	0
3766	1	7	2	0	28	2196	0	1	0
3767	1	5	17	0	28	2196	0	1	0
3768	1	3	14	0	28	2196	0	1	0
3769	1	9	1	0	22	1143	0	1	0
3769	1	2	4	0	28	373	0	1	0
3770	1	6	3	0	28	2196	0	1	0
3774	1	8	18	0	28	2196	0	1	0
3775	1	1	12	0	28	2196	0	1	0
3779	1	5	17	0	28	2196	0	1	0
