% time	cellId	IMSI	frame	sframe	RNTI	mcsTb1	sizeTb1	mcsTb2	sizeTb2	ccId
0.07	1	3	8	1	3	28	2196	0	0	0
0.188	1	3	19	9	3	28	2196	0	0	0
0.266	1	1	27	7	4	28	2196	0	0	0
0.283	1	5	29	4	2	28	2196	0	0	0
0.287	1	2	29	8	6	28	2196	0	0	0
0.369	1	5	37	10	2	28	2196	0	0	0
0.45	1	4	46	1	1	28	2196	0	0	0
0.463	1	1	47	4	4	28	2196	0	0	0
0.5	1	3	51	1	3	28	2196	0	0	0
0.533	1	1	54	4	4	28	2196	0	0	0
0.543	1	5	55	4	2	28	2196	0	0	0
0.594	1	2	60	5	6	28	2196	0	0	0
0.63	1	5	64	1	2	28	2196	0	0	0
0.655	1	5	66	6	2	26	1836	0	0	0
0.664	1	3	67	5	3	28	2196	0	0	0
0.668	1	4	67	9	1	28	2196	0	0	0
0.728	1	2	73	9	6	28	2196	0	0	0
0.729	1	1	73	10	4	28	2196	0	0	0
0.737	1	5	74	8	2	20	1191	0	0	0
0.857	1	4	86	8	1	28	2196	0	0	0
0.949	1	5	95	10	2	28	2196	0	0	0
0.961	1	4	97	2	1	28	2196	0	0	0
0.964	1	1	97	5	4	28	2196	0	0	0
1.047	1	5	105	8	2	28	2196	0	0	0
1.14	1	1	115	1	4	28	2196	0	0	0
1.159	1	5	116	10	2	28	2196	0	0	0
1.195	1	4	120	6	1	28	2196	0	0	0
1.229	1	2	123	10	6	28	2196	0	0	0
1.271	1	3	128	2	3	28	2196	0	0	0
1.336	1	4	134	7	1	28	2196	0	0	0
1.348	1	1	135	9	4	28	2196	0	0	0
1.403	1	4	141	4	1	28	2196	0	0	0
1.46	1	5	147	1	2	28	2196	0	0	0
1.496	1	4	150	7	1	28	2196	0	0	0
1.561	1	1	157	2	4	28	2196	0	0	0
1.604	1	2	161	5	6	28	2196	0	0	0
1.606	1	3	161	7	3	28	2196	0	0	0
1.647	1	1	165	8	4	28	2196	0	0	0
1.763	1	5	177	4	2	28	2196	0	0	0
1.783	1	2	179	4	6	28	2196	0	0	0
1.79	1	3	180	1	3	28	2196	0	0	0
1.866	1	3	187	7	3	28	2196	0	0	0
1.896	1	5	190	7	2	28	2196	0	0	0
1.912	1	3	192	3	3	28	2196	0	0	0
1.92	1	1	193	1	4	28	2196	0	0	0
1.923	1	4	193	4	1	28	2196	0	0	0
2.062	1	3	207	3	3	28	2196	0	0	0
2.124	1	3	213	5	3	28	2196	0	0	0
2.133	1	2	214	4	6	28	2196	0	0	0
2.159	1	3	216	10	3	28	2196	0	0	0
2.282	1	5	229	3	2	28	2196	0	0	0
2.393	1	1	240	4	4	28	2196	0	0	0
2.411	1	2	242	2	6	28	2196	0	0	0
2.474	1	4	248	5	1	28	2196	0	0	0
2.502	1	5	251	3	2	28	2196	0	0	0
2.648	1	5	265	9	2	28	2196	0	0	0
2.667	1	3	267	8	3	28	2196	0	0	0
2.684	1	1	269	5	4	28	2196	0	0	0
2.774	1	5	278	5	2	28	2196	0	0	0
2.794	1	4	280	5	1	28	2196	0	0	0
2.825	1	1	283	6	4	28	2196	0	0	0
2.839	1	3	284	10	3	28	2196	0	0	0
2.902	1	2	291	3	6	28	2196	0	0	0
2.933	1	1	294	4	4	28	2196	0	0	0
2.976	1	2	298	7	6	28	2196	0	0	0
2.992	1	5	300	3	2	28	2196	0	0	0
3.081	1	5	309	2	2	28	2196	0	0	0
3.093	1	3	310	4	3	28	2196	0	0	0
3.126	1	2	313	7	6	28	2196	0	0	0
3.155	1	3	316	6	3	28	2196	0	0	0
3.254	1	4	326	5	1	28	2196	0	0	0
3.28	1	5	329	1	2	28	2196	0	0	0
3.361	1	1	337	2	4	28	2196	0	0	0
3.396	1	5	340	7	2	28	2196	0	0	0
3.424	1	3	343	5	3	28	2196	0	0	0
3.447	1	2	345	8	6	28	2196	0	0	0
3.563	1	5	357	4	2	28	2196	0	0	0
3.591	1	1	360	2	4	28	2196	0	0	0
3.6	1	4	361	1	1	28	2196	0	0	0
3.622	1	2	363	3	6	28	2196	0	0	0
3.647	1	1	365	8	4	28	2196	0	0	0
3.728	1	3	373	9	3	28	2196	0	0	0
3.764	1	2	377	5	6	28	2196	0	0	0
3.769	1	3	377	10	3	28	2196	0	0	0
3.822	1	5	383	3	2	28	2196	0	0	0
3.827	1	4	383	8	1	28	2196	0	0	0
3.848	1	1	385	9	4	28	2196	0	0	0
3.859	1	2	386	10	6	28	2196	0	0	0
3.889	1	1	389	10	4	28	2196	0	0	0
3.927	1	4	393	8	1	28	2196	0	0	0
4	1	2	401	1	6	28	2196	0	0	0
4.038	1	4	404	9	1	28	2196	0	0	0
4.091	1	2	410	2	6	28	2196	0	0	0
4.124	1	3	413	5	3	28	2196	0	0	0
4.175	1	1	418	6	4	28	2196	0	0	0
4.214	1	3	422	5	3	28	2196	0	0	0
4.262	1	5	427	3	2	28	2196	0	0	0
4.285	1	3	429	6	3	28	2196	0	0	0
4.386	1	5	439	7	2	28	2196	0	0	0
4.392	1	1	440	3	4	28	2196	0	0	0
4.428	1	4	443	9	1	28	2196	0	0	0
4.434	1	2	444	5	6	28	2196	0	0	0
4.508	1	1	451	9	4	28	2196	0	0	0
4.553	1	4	456	4	1	28	2196	0	0	0
4.637	1	5	464	8	2	28	2196	0	0	0
4.726	1	2	473	7	6	28	2196	0	0	0
4.777	1	4	478	8	1	28	2196	0	0	0
4.788	1	1	479	9	4	28	2196	0	0	0
4.811	1	5	482	2	2	28	2196	0	0	0
4.83	1	3	484	1	3	28	2196	0	0	0
4.879	1	3	488	10	3	28	2196	0	0	0
5.002	1	4	501	3	1	28	2196	0	0	0
5.021	1	2	503	2	6	28	2196	0	0	0
5.065	1	5	507	6	2	28	2196	0	0	0
5.124	1	2	513	5	6	28	2196	0	0	0
5.126	1	4	513	7	1	28	2196	0	0	0
5.127	1	5	513	8	2	28	2196	0	0	0
5.198	1	3	520	9	3	28	2196	0	0	0
5.259	1	1	526	10	4	28	2196	0	0	0
5.395	1	1	540	6	4	28	2196	0	0	0
5.411	1	4	542	2	1	28	2196	0	0	0
5.433	1	5	544	4	2	28	2196	0	0	0
5.442	1	3	545	3	3	28	2196	0	0	0
5.474	1	2	548	5	6	28	2196	0	0	0
5.501	1	3	551	2	3	28	2196	0	0	0
5.523	1	5	553	4	2	28	2196	0	0	0
5.575	1	3	558	6	3	28	2196	0	0	0
5.625	1	4	563	6	1	28	2196	0	0	0
5.644	1	3	565	5	3	28	2196	0	0	0
5.656	1	2	566	7	6	28	2196	0	0	0
5.727	1	5	573	8	2	28	2196	0	0	0
5.777	1	4	578	8	1	28	2196	0	0	0
5.804	1	3	581	5	3	28	2196	0	0	0
5.813	1	2	582	4	6	28	2196	0	0	0
5.83	1	1	584	1	4	28	2196	0	0	0
5.842	1	1	585	3	4	28	2196	0	0	0
5.891	1	5	590	2	2	28	2196	0	0	0
5.921	1	1	593	2	4	28	2196	0	0	0
6	1	5	601	1	2	28	2196	0	0	0
6.025	1	1	603	6	4	28	2196	0	0	0
6.033	1	2	604	4	6	28	2196	0	0	0
6.184	1	3	619	5	3	28	2196	0	0	0
6.222	1	2	623	3	6	28	2196	0	0	0
6.223	1	4	623	4	1	28	2196	0	0	0
6.259	1	1	626	10	4	28	2196	0	0	0
6.331	1	4	634	2	1	28	2196	0	0	0
6.35	1	5	636	1	2	28	2196	0	0	0
6.394	1	3	640	5	3	28	2196	0	0	0
6.398	1	3	640	9	3	28	2196	0	0	0
6.402	1	5	641	3	2	28	2196	0	0	0
6.44	1	2	645	1	6	28	2196	0	0	0
6.548	1	2	655	9	6	28	2196	0	0	0
6.554	1	4	656	5	1	28	2196	0	0	0
6.555	1	1	656	6	4	28	2196	0	0	0
6.559	1	5	656	10	2	28	2196	0	0	0
6.586	1	3	659	7	3	28	2196	0	0	0
6.636	1	2	664	7	6	28	2196	0	0	0
6.652	1	3	666	3	3	28	2196	0	0	0
6.767	1	5	677	8	2	28	2196	0	0	0
6.79	1	4	680	1	1	28	2196	0	0	0
6.84	1	2	685	1	6	28	2196	0	0	0
6.841	1	3	685	2	3	28	2196	0	0	0
6.899	1	1	690	10	4	28	2196	0	0	0
6.905	1	5	691	6	2	28	2196	0	0	0
6.935	1	2	694	6	6	28	2196	0	0	0
6.972	1	1	698	3	4	28	2196	0	0	0
6.973	1	5	698	4	2	28	2196	0	0	0
7.03	1	4	704	1	1	28	2196	0	0	0
7.079	1	1	708	10	4	28	2196	0	0	0
7.081	1	5	709	2	2	28	2196	0	0	0
7.085	1	3	709	6	3	28	2196	0	0	0
7.157	1	2	716	8	6	28	2196	0	0	0
7.173	1	4	718	4	1	28	2196	0	0	0
7.192	1	3	720	3	3	28	2196	0	0	0
7.199	1	5	720	10	2	28	2196	0	0	0
7.252	1	1	726	3	4	28	2196	0	0	0
7.273	1	4	728	4	1	28	2196	0	0	0
7.33	1	5	734	1	2	26	1836	0	0	0
7.344	1	3	735	5	3	28	2196	0	0	0
7.445	1	2	745	6	6	28	2196	0	0	0
7.487	1	4	749	8	1	28	2196	0	0	0
7.659	1	4	766	10	1	28	2196	0	0	0
7.671	1	5	768	2	2	24	1620	0	0	0
7.748	1	3	775	9	3	28	2196	0	0	0
7.771	1	1	778	2	4	28	2196	0	0	0
7.823	1	3	783	4	3	28	2196	0	0	0
7.879	1	4	788	10	1	28	2196	0	0	0
7.885	1	2	789	6	6	28	2196	0	0	0
7.913	1	5	792	4	2	28	2196	0	0	0
8.142	1	2	815	3	6	20	1191	0	0	0
8.197	1	1	820	8	4	28	2196	0	0	0
8.231	1	2	824	2	6	28	2196	0	0	0
8.237	1	5	824	8	2	28	2196	0	0	0
8.279	1	2	828	10	6	28	2196	0	0	0
8.29	1	3	830	1	3	28	2196	0	0	0
8.321	1	5	833	2	2	28	2196	0	0	0
8.426	1	3	843	7	3	28	2196	0	0	0
8.46	1	4	847	1	1	28	2196	0	0	0
8.525	1	1	853	6	4	28	2196	0	0	0
8.561	1	3	857	2	3	28	2196	0	0	0
8.616	1	5	862	7	2	28	2196	0	0	0
8.65	1	2	866	1	6	28	2196	0	0	0
8.737	1	1	874	8	4	28	2196	0	0	0
8.814	1	3	882	5	3	28	2196	0	0	0
8.829	1	4	883	10	1	28	2196	0	0	0
8.831	1	2	884	2	6	28	2196	0	0	0
8.906	1	5	891	7	2	28	2196	0	0	0
9.028	1	1	903	9	4	28	2196	0	0	0
9.096	1	4	910	7	1	28	2196	0	0	0
9.097	1	3	910	8	3	28	2196	0	0	0
9.131	1	2	914	2	6	28	2196	0	0	0
9.135	1	5	914	6	2	28	2196	0	0	0
9.274	1	3	928	5	3	20	1191	0	0	0
9.281	1	2	929	2	6	28	2196	0	0	0
9.312	1	4	932	3	1	28	2196	0	0	0
9.324	1	2	933	5	6	28	2196	0	0	0
9.341	1	4	935	2	1	28	2196	0	0	0
9.361	1	1	937	2	4	28	2196	0	0	0
9.362	1	3	937	3	3	28	2196	0	0	0
9.461	1	1	947	2	4	28	2196	0	0	0
9.482	1	5	949	3	2	28	2196	0	0	0
9.504	1	2	951	5	6	28	2196	0	0	0
9.593	1	3	960	4	3	28	2196	0	0	0
9.609	1	4	961	10	1	28	2196	0	0	0
9.621	1	2	963	2	6	28	2196	0	0	0
9.629	1	4	963	10	1	28	2196	0	0	0
9.655	1	2	966	6	6	22	1383	0	0	0
9.706	1	4	971	7	1	28	2196	0	0	0
9.751	1	1	976	2	4	28	2196	0	0	0
9.756	1	5	976	7	2	28	2196	0	0	0
9.792	1	4	980	3	1	28	2196	0	0	0
9.937	1	5	994	8	2	28	2196	0	0	0
10.03	1	3	1004	1	3	28	2196	0	0	0
10.039	1	4	1004	10	1	28	2196	0	0	0
10.052	1	5	1006	3	2	28	2196	0	0	0
10.087	1	2	1009	8	6	28	2196	0	0	0
10.088	1	3	1009	9	3	28	2196	0	0	0
10.15	1	1	1016	1	4	28	2196	0	0	0
10.181	1	2	1019	2	6	28	2196	0	0	0
10.22	1	4	1023	1	1	28	2196	0	0	0
10.223	1	1	1023	4	4	28	2196	0	0	0
10.232	1	5	1024	3	2	28	2196	0	0	0
10.287	1	3	1029	8	3	28	2196	0	0	0
10.293	1	1	1030	4	4	28	2196	0	0	0
10.317	1	5	1032	8	2	28	2196	0	0	0
10.353	1	5	1036	4	2	28	2196	0	0	0
10.448	1	5	1045	9	2	6	309	0	0	0
10.455	1	3	1046	6	3	20	1191	0	0	0
10.497	1	5	1050	8	2	28	2196	0	0	0
10.501	1	1	1051	2	4	28	2196	0	0	0
10.505	1	2	1051	6	6	28	2196	0	0	0
10.531	1	5	1054	2	2	28	2196	0	0	0
10.584	1	4	1059	5	1	28	2196	0	0	0
10.656	1	3	1066	7	3	28	2196	0	0	0
10.716	1	4	1072	7	1	28	2196	0	0	0
10.887	1	4	1089	8	1	28	2196	0	0	0
10.899	1	5	1090	10	2	28	2196	0	0	0
10.934	1	4	1094	5	1	28	2196	0	0	0
10.956	1	2	1096	7	6	28	2196	0	0	0
11.078	1	1	1108	9	4	28	2196	0	0	0
11.121	1	3	1113	2	3	28	2196	0	0	0
11.129	1	2	1113	10	6	28	2196	0	0	0
11.151	1	4	1116	2	1	28	2196	0	0	0
11.168	1	3	1117	9	3	28	2196	0	0	0
11.178	1	5	1118	9	2	28	2196	0	0	0
11.255	1	2	1126	6	6	28	2196	0	0	0
11.26	1	1	1127	1	4	28	2196	0	0	0
11.37	1	5	1138	1	2	28	2196	0	0	0
11.374	1	3	1138	5	3	28	2196	0	0	0
11.413	1	1	1142	4	4	28	2196	0	0	0
11.451	1	1	1146	2	4	28	2196	0	0	0
11.455	1	5	1146	6	2	28	2196	0	0	0
11.5	1	3	1151	1	3	28	2196	0	0	0
11.549	1	5	1155	10	2	28	2196	0	0	0
11.553	1	2	1156	4	6	28	2196	0	0	0
11.69	1	4	1170	1	1	28	2196	0	0	0
11.738	1	4	1174	9	1	28	2196	0	0	0
11.776	1	4	1178	7	1	28	2196	0	0	0
11.782	1	1	1179	3	4	28	2196	0	0	0
11.783	1	3	1179	4	3	28	2196	0	0	0
11.917	1	3	1192	8	3	28	2196	0	0	0
11.956	1	3	1196	7	3	28	2196	0	0	0
11.969	1	5	1197	10	2	28	2196	0	0	0
12.028	1	2	1203	9	6	26	1836	0	0	0
12.061	1	1	1207	2	4	28	2196	0	0	0
12.108	1	4	1211	9	1	28	2196	0	0	0
12.113	1	2	1212	4	6	28	2196	0	0	0
12.22	1	4	1223	1	1	28	2196	0	0	0
12.231	1	1	1224	2	4	28	2196	0	0	0
12.234	1	2	1224	5	6	28	2196	0	0	0
12.275	1	5	1228	6	2	28	2196	0	0	0
12.335	1	2	1234	6	6	28	2196	0	0	0
12.365	1	5	1237	6	2	28	2196	0	0	0
12.376	1	1	1238	7	4	28	2196	0	0	0
12.413	1	4	1242	4	1	28	2196	0	0	0
12.431	1	4	1244	2	1	28	2196	0	0	0
12.51	1	2	1252	1	6	28	2196	0	0	0
12.534	1	1	1254	5	4	28	2196	0	0	0
12.578	1	4	1258	9	1	28	2196	0	0	0
12.586	1	1	1259	7	4	28	2196	0	0	0
12.623	1	2	1263	4	6	28	2196	0	0	0
12.639	1	3	1264	10	3	28	2196	0	0	0
12.669	1	1	1267	10	4	28	2196	0	0	0
12.806	1	3	1281	7	3	28	2196	0	0	0
12.82	1	2	1283	1	6	28	2196	0	0	0
12.842	1	5	1285	3	2	28	2196	0	0	0
12.882	1	1	1289	3	4	24	1620	0	0	0
12.921	1	3	1293	2	3	28	2196	0	0	0
12.967	1	3	1297	8	3	28	2196	0	0	0
12.988	1	2	1299	9	6	28	2196	0	0	0
13.029	1	5	1303	10	2	28	2196	0	0	0
13.085	1	3	1309	6	3	28	2196	0	0	0
13.107	1	1	1311	8	4	28	2196	0	0	0
13.142	1	2	1315	3	6	28	2196	0	0	0
13.156	1	4	1316	7	1	28	2196	0	0	0
13.175	1	3	1318	6	3	28	2196	0	0	0
13.179	1	5	1318	10	2	28	2196	0	0	0
13.233	1	3	1324	4	3	28	2196	0	0	0
13.265	1	2	1327	6	6	28	2196	0	0	0
13.317	1	2	1332	8	6	28	2196	0	0	0
13.349	1	5	1335	10	2	28	2196	0	0	0
13.395	1	5	1340	6	2	28	2196	0	0	0
13.434	1	4	1344	5	1	28	2196	0	0	0
13.469	1	1	1347	10	4	28	2196	0	0	0
13.567	1	5	1357	8	2	28	2196	0	0	0
13.695	1	5	1370	6	2	24	1620	0	0	0
13.761	1	2	1377	2	6	28	2196	0	0	0
13.788	1	4	1379	9	1	28	2196	0	0	0
13.792	1	2	1380	3	6	28	2196	0	0	0
13.85	1	2	1386	1	6	28	2196	0	0	0
13.87	1	1	1388	1	4	28	2196	0	0	0
13.874	1	5	1388	5	2	28	2196	0	0	0
13.903	1	4	1391	4	1	28	2196	0	0	0
13.998	1	2	1400	9	6	28	2196	0	0	0
14.001	1	1	1401	2	4	28	2196	0	0	0
14.096	1	5	1410	7	2	28	2196	0	0	0
14.126	1	4	1413	7	1	28	2196	0	0	0
14.136	1	3	1414	7	3	28	2196	0	0	0
14.161	1	2	1417	2	6	28	2196	0	0	0
14.175	1	4	1418	6	1	28	2196	0	0	0
14.226	1	1	1423	7	4	28	2196	0	0	0
14.237	1	4	1424	8	1	28	2196	0	0	0
14.293	1	2	1430	4	6	28	2196	0	0	0
14.307	1	1	1431	8	4	28	2196	0	0	0
14.386	1	5	1439	7	2	28	2196	0	0	0
14.44	1	4	1445	1	1	28	2196	0	0	0
14.504	1	2	1451	5	6	28	2196	0	0	0
14.564	1	4	1457	5	1	28	2196	0	0	0
14.641	1	5	1465	2	2	28	2196	0	0	0
14.648	1	1	1465	9	4	28	2196	0	0	0
14.678	1	2	1468	9	6	28	2196	0	0	0
14.687	1	5	1469	8	2	28	2196	0	0	0
14.729	1	4	1473	10	1	28	2196	0	0	0
14.738	1	4	1474	9	1	28	2196	0	0	0
14.741	1	3	1475	2	3	28	2196	0	0	0
14.743	1	2	1475	4	6	28	2196	0	0	0
14.821	1	2	1483	2	6	28	2196	0	0	0
14.86	1	4	1487	1	1	28	2196	0	0	0
14.899	1	3	1490	10	3	28	2196	0	0	0
14.903	1	5	1491	4	2	28	2196	0	0	0
14.937	1	4	1494	8	1	28	2196	0	0	0
14.987	1	3	1499	8	3	28	2196	0	0	0
14.999	1	1	1500	10	4	28	2196	0	0	0
15.016	1	2	1502	7	6	28	2196	0	0	0
15.049	1	5	1505	10	2	28	2196	0	0	0
15.148	1	5	1515	9	2	28	2196	0	0	0
15.182	1	1	1519	3	4	28	2196	0	0	0
15.25	1	4	1526	1	1	28	2196	0	0	0
15.285	1	3	1529	6	3	28	2196	0	0	0
15.345	1	1	1535	6	4	28	2196	0	0	0
15.35	1	4	1536	1	1	28	2196	0	0	0
15.353	1	2	1536	4	6	28	2196	0	0	0
15.359	1	5	1536	10	2	28	2196	0	0	0
15.389	1	3	1539	10	3	28	2196	0	0	0
15.424	1	4	1543	5	1	28	2196	0	0	0
15.453	1	1	1546	4	4	28	2196	0	0	0
15.462	1	5	1547	3	2	28	2196	0	0	0
15.481	1	3	1549	2	3	28	2196	0	0	0
15.574	1	1	1558	5	4	28	2196	0	0	0
15.634	1	2	1564	5	6	28	2196	0	0	0
15.664	1	1	1567	5	4	28	2196	0	0	0
15.675	1	4	1568	6	1	28	2196	0	0	0
15.826	1	5	1583	7	2	28	2196	0	0	0
15.828	1	2	1583	9	6	28	2196	0	0	0
15.973	1	4	1598	4	1	28	2196	0	0	0
15.983	1	4	1599	4	1	28	2196	0	0	0
16.034	1	5	1604	5	2	28	2196	0	0	0
16.042	1	2	1605	3	6	28	2196	0	0	0
16.059	1	1	1606	10	4	28	2196	0	0	0
16.086	1	3	1609	7	3	24	1620	0	0	0
16.126	1	4	1613	7	1	28	2196	0	0	0
16.174	1	2	1618	5	6	28	2196	0	0	0
16.209	1	5	1621	10	2	28	2196	0	0	0
16.285	1	1	1629	6	4	28	2196	0	0	0
16.311	1	2	1632	2	6	28	2196	0	0	0
16.326	1	1	1633	7	4	28	2196	0	0	0
16.344	1	1	1635	5	4	28	2196	0	0	0
16.36	1	5	1637	1	2	28	2196	0	0	0
16.448	1	4	1645	9	1	28	2196	0	0	0
16.481	1	5	1649	2	2	24	1620	0	0	0
16.507	1	3	1651	8	3	28	2196	0	0	0
16.553	1	2	1656	4	6	28	2196	0	0	0
16.566	1	4	1657	7	1	28	2196	0	0	0
16.625	1	1	1663	6	4	28	2196	0	0	0
16.646	1	3	1665	7	3	28	2196	0	0	0
16.729	1	5	1673	10	2	28	2196	0	0	0
16.764	1	5	1677	5	2	28	2196	0	0	0
16.79	1	2	1680	1	6	28	2196	0	0	0
16.854	1	4	1686	5	1	28	2196	0	0	0
16.864	1	5	1687	5	2	28	2196	0	0	0
16.888	1	2	1689	9	6	28	2196	0	0	0
16.918	1	3	1692	9	3	28	2196	0	0	0
16.982	1	4	1699	3	1	28	2196	0	0	0
16.995	1	2	1700	6	6	24	1620	0	0	0
17.002	1	4	1701	3	1	28	2196	0	0	0
17.065	1	1	1707	6	4	28	2196	0	0	0
17.067	1	2	1707	8	6	28	2196	0	0	0
17.119	1	4	1712	10	1	28	2196	0	0	0
17.175	1	1	1718	6	4	26	1836	0	0	0
17.201	1	5	1721	2	2	28	2196	0	0	0
17.311	1	2	1732	2	6	28	2196	0	0	0
17.324	1	4	1733	5	1	28	2196	0	0	0
17.341	1	5	1735	2	2	28	2196	0	0	0
17.349	1	3	1735	10	3	28	2196	0	0	0
17.394	1	5	1740	5	2	28	2196	0	0	0
17.48	1	4	1749	1	1	28	2196	0	0	0
17.53	1	2	1754	1	6	28	2196	0	0	0
17.54	1	3	1755	1	3	28	2196	0	0	0
17.585	1	5	1759	6	2	28	2196	0	0	0
17.596	1	1	1760	7	4	24	1620	0	0	0
17.698	1	1	1770	9	4	28	2196	0	0	0
17.722	1	3	1773	3	3	28	2196	0	0	0
17.747	1	4	1775	8	1	28	2196	0	0	0
17.818	1	3	1782	9	3	28	2196	0	0	0
17.911	1	5	1792	2	2	28	2196	0	0	0
18.029	1	1	1803	10	4	28	2196	0	0	0
18.181	1	3	1819	2	3	28	2196	0	0	0
18.255	1	2	1826	6	6	28	2196	0	0	0
18.286	1	3	1829	7	3	28	2196	0	0	0
18.31	1	4	1832	1	1	28	2196	0	0	0
18.335	1	4	1834	6	1	28	2196	0	0	0
18.388	1	1	1839	9	4	28	2196	0	0	0
18.426	1	1	1843	7	4	28	2196	0	0	0
18.445	1	4	1845	6	1	28	2196	0	0	0
18.495	1	1	1850	6	4	26	1836	0	0	0
18.496	1	4	1850	7	1	28	2196	0	0	0
18.504	1	5	1851	5	2	28	2196	0	0	0
18.528	1	2	1853	9	6	28	2196	0	0	0
18.59	1	3	1860	1	3	28	2196	0	0	0
18.627	1	1	1863	8	4	28	2196	0	0	0
18.66	1	4	1867	1	1	28	2196	0	0	0
18.72	1	1	1873	1	4	28	2196	0	0	0
18.734	1	4	1874	5	1	28	2196	0	0	0
18.78	1	2	1879	1	6	28	2196	0	0	0
18.784	1	5	1879	5	2	28	2196	0	0	0
18.868	1	3	1887	9	3	28	2196	0	0	0
18.918	1	1	1892	9	4	28	2196	0	0	0
18.921	1	3	1893	2	3	28	2196	0	0	0
18.949	1	1	1895	10	4	28	2196	0	0	0
18.97	1	2	1898	1	6	28	2196	0	0	0
19	1	5	1901	1	2	28	2196	0	0	0
19.038	1	4	1904	9	1	28	2196	0	0	0
19.045	1	3	1905	6	3	28	2196	0	0	0
19.049	1	1	1905	10	4	28	2196	0	0	0
19.17	1	5	1918	1	2	20	1191	0	0	0
19.22	1	4	1923	1	1	28	2196	0	0	0
19.247	1	2	1925	8	6	28	2196	0	0	0
19.274	1	5	1928	5	2	28	2196	0	0	0
19.303	1	5	1931	4	2	28	2196	0	0	0
19.327	1	2	1933	8	6	24	1620	0	0	0
19.439	1	1	1944	10	4	28	2196	0	0	0
19.505	1	4	1951	6	1	28	2196	0	0	0
19.514	1	5	1952	5	2	28	2196	0	0	0
19.556	1	2	1956	7	6	22	1383	0	0	0
19.582	1	2	1959	3	6	28	2196	0	0	0
19.583	1	5	1959	4	2	28	2196	0	0	0
19.715	1	2	1972	6	6	28	2196	0	0	0
19.807	1	5	1981	8	2	28	2196	0	0	0
19.815	1	3	1982	6	3	28	2196	0	0	0
19.853	1	1	1986	4	4	28	2196	0	0	0
19.864	1	3	1987	5	3	28	2196	0	0	0
19.904	1	4	1991	5	1	28	2196	0	0	0
19.933	1	5	1994	4	2	28	2196	0	0	0
19.955	1	1	1996	6	4	28	2196	0	0	0
20.012	1	1	2002	3	4	28	2196	0	0	0
20.068	1	5	2007	9	2	28	2196	0	0	0
20.122	1	3	2013	3	3	28	2196	0	0	0
20.141	1	4	2015	2	1	28	2196	0	0	0
20.161	1	5	2017	2	2	28	2196	0	0	0
20.234	1	3	2024	5	3	28	2196	0	0	0
20.315	1	2	2032	6	6	28	2196	0	0	0
20.422	1	3	2043	3	3	28	2196	0	0	0
20.445	1	2	2045	6	6	28	2196	0	0	0
20.449	1	1	2045	10	4	28	2196	0	0	0
20.496	1	4	2050	7	1	28	2196	0	0	0
20.614	1	3	2062	5	3	28	2196	0	0	0
20.64	1	4	2065	1	1	28	2196	0	0	0
20.653	1	2	2066	4	6	28	2196	0	0	0
20.673	1	5	2068	4	2	28	2196	0	0	0
20.691	1	1	2070	2	4	28	2196	0	0	0
20.741	1	5	2075	2	2	28	2196	0	0	0
20.754	1	3	2076	5	3	28	2196	0	0	0
20.775	1	2	2078	6	6	28	2196	0	0	0
20.865	1	2	2087	6	6	28	2196	0	0	0
20.892	1	3	2090	3	3	28	2196	0	0	0
20.897	1	4	2090	8	1	28	2196	0	0	0
20.915	1	1	2092	6	4	28	2196	0	0	0
20.948	1	3	2095	9	3	28	2196	0	0	0
20.975	1	5	2098	6	2	20	1191	0	0	0
21.049	1	3	2105	10	3	28	2196	0	0	0
21.052	1	4	2106	3	1	28	2196	0	0	0
21.194	1	3	2120	5	3	28	2196	0	0	0
21.227	1	1	2123	8	4	28	2196	0	0	0
21.304	1	4	2131	5	1	28	2196	0	0	0
21.328	1	1	2133	9	4	28	2196	0	0	0
21.335	1	2	2134	6	6	28	2196	0	0	0
21.413	1	5	2142	4	2	20	1191	0	0	0
21.441	1	4	2145	2	1	28	2196	0	0	0
21.492	1	2	2150	3	6	28	2196	0	0	0
21.503	1	1	2151	4	4	28	2196	0	0	0
21.569	1	5	2157	10	2	28	2196	0	0	0
21.608	1	2	2161	9	6	28	2196	0	0	0
21.624	1	3	2163	5	3	28	2196	0	0	0
21.64	1	1	2165	1	4	28	2196	0	0	0
21.727	1	3	2173	8	3	28	2196	0	0	0
21.736	1	5	2174	7	2	28	2196	0	0	0
21.747	1	1	2175	8	4	28	2196	0	0	0
21.82	1	1	2183	1	4	28	2196	0	0	0
21.859	1	2	2186	10	6	28	2196	0	0	0
21.882	1	4	2189	3	1	28	2196	0	0	0
21.883	1	3	2189	4	3	28	2196	0	0	0
21.946	1	1	2195	7	4	28	2196	0	0	0
21.987	1	1	2199	8	4	28	2196	0	0	0
22.001	1	2	2201	2	6	28	2196	0	0	0
22.007	1	4	2201	8	1	28	2196	0	0	0
22.026	1	4	2203	7	1	28	2196	0	0	0
22.067	1	5	2207	8	2	28	2196	0	0	0
22.119	1	3	2212	10	3	28	2196	0	0	0
22.152	1	4	2216	3	1	28	2196	0	0	0
22.19	1	1	2220	1	4	26	1836	0	0	0
22.242	1	4	2225	3	1	28	2196	0	0	0
22.413	1	4	2242	4	1	28	2196	0	0	0
22.414	1	5	2242	5	2	24	1620	0	0	0
22.53	1	3	2254	1	3	28	2196	0	0	0
22.575	1	4	2258	6	1	28	2196	0	0	0
22.59	1	2	2260	1	6	28	2196	0	0	0
22.689	1	5	2269	10	2	28	2196	0	0	0
22.73	1	2	2274	1	6	28	2196	0	0	0
22.773	1	1	2278	4	4	28	2196	0	0	0
22.787	1	3	2279	8	3	28	2196	0	0	0
22.863	1	2	2287	4	6	28	2196	0	0	0
22.864	1	4	2287	5	1	28	2196	0	0	0
22.879	1	1	2288	10	4	28	2196	0	0	0
22.896	1	5	2290	7	2	28	2196	0	0	0
22.904	1	3	2291	5	3	28	2196	0	0	0
23.033	1	2	2304	4	6	28	2196	0	0	0
23.036	1	4	2304	7	1	28	2196	0	0	0
23.038	1	5	2304	9	2	28	2196	0	0	0
23.073	1	4	2308	4	1	28	2196	0	0	0
23.074	1	3	2308	5	3	28	2196	0	0	0
23.127	1	2	2313	8	6	28	2196	0	0	0
23.163	1	2	2317	4	6	28	2196	0	0	0
23.197	1	3	2320	8	3	28	2196	0	0	0
23.227	1	4	2323	8	1	28	2196	0	0	0
23.239	1	3	2324	10	3	28	2196	0	0	0
23.256	1	1	2326	7	4	28	2196	0	0	0
23.298	1	4	2330	9	1	28	2196	0	0	0
23.323	1	3	2333	4	3	28	2196	0	0	0
23.329	1	1	2333	10	4	28	2196	0	0	0
23.346	1	5	2335	7	2	28	2196	0	0	0
23.377	1	3	2338	8	3	28	2196	0	0	0
23.392	1	2	2340	3	6	28	2196	0	0	0
23.425	1	1	2343	6	4	12	597	0	0	0
23.446	1	1	2345	7	4	26	1836	0	0	0
23.485	1	4	2349	6	1	28	2196	0	0	0
23.503	1	2	2351	4	6	28	2196	0	0	0
23.538	1	5	2354	9	2	28	2196	0	0	0
23.565	1	1	2357	6	4	28	2196	0	0	0
23.588	1	2	2359	9	6	24	1620	0	0	0
23.656	1	1	2366	7	4	28	2196	0	0	0
23.672	1	4	2368	3	1	28	2196	0	0	0
23.693	1	4	2370	4	1	28	2196	0	0	0
23.779	1	5	2378	10	2	28	2196	0	0	0
23.8	1	2	2381	1	6	28	2196	0	0	0
23.824	1	4	2383	5	1	28	2196	0	0	0
23.863	1	1	2387	4	4	28	2196	0	0	0
23.973	1	1	2398	4	4	28	2196	0	0	0
23.996	1	3	2400	7	3	28	2196	0	0	0
24.047	1	1	2405	8	4	28	2196	0	0	0
24.081	1	2	2409	2	6	28	2196	0	0	0
24.122	1	3	2413	3	3	28	2196	0	0	0
24.167	1	2	2417	8	6	28	2196	0	0	0
24.252	1	5	2426	3	2	28	2196	0	0	0
24.269	1	2	2427	10	6	28	2196	0	0	0
24.304	1	5	2431	5	2	28	2196	0	0	0
24.344	1	4	2435	5	1	28	2196	0	0	0
24.388	1	1	2439	9	4	28	2196	0	0	0
24.418	1	1	2442	9	4	28	2196	0	0	0
24.436	1	3	2444	7	3	28	2196	0	0	0
24.524	1	4	2453	5	1	28	2196	0	0	0
24.542	1	5	2455	3	2	28	2196	0	0	0
24.583	1	1	2459	4	4	28	2196	0	0	0
24.588	1	4	2459	9	1	28	2196	0	0	0
24.606	1	2	2461	7	6	28	2196	0	0	0
24.613	1	5	2462	4	2	28	2196	0	0	0
24.722	1	4	2473	3	1	28	2196	0	0	0
24.74	1	4	2475	1	1	28	2196	0	0	0
24.743	1	5	2475	4	2	28	2196	0	0	0
24.745	1	3	2475	6	3	28	2196	0	0	0
24.769	1	2	2477	10	6	28	2196	0	0	0
24.775	1	1	2478	6	4	28	2196	0	0	0
24.797	1	3	2480	8	3	28	2196	0	0	0
24.886	1	4	2489	7	1	28	2196	0	0	0
24.909	1	1	2491	10	4	28	2196	0	0	0
24.956	1	2	2496	7	6	28	2196	0	0	0
24.984	1	5	2499	5	2	28	2196	0	0	0
25.01	1	4	2502	1	1	28	2196	0	0	0
25.066	1	3	2507	7	3	28	2196	0	0	0
25.1	1	4	2511	1	1	28	2196	0	0	0
25.161	1	4	2517	2	1	28	2196	0	0	0
25.17	1	1	2518	1	4	28	2196	0	0	0
25.192	1	1	2520	3	4	28	2196	0	0	0
25.29	1	5	2530	1	2	22	1383	0	0	0
25.366	1	2	2537	7	6	28	2196	0	0	0
25.394	1	1	2540	5	4	28	2196	0	0	0
25.436	1	5	2544	7	2	28	2196	0	0	0
25.514	1	2	2552	5	6	28	2196	0	0	0
25.566	1	1	2557	7	4	28	2196	0	0	0
25.624	1	5	2563	5	2	28	2196	0	0	0
25.63	1	4	2564	1	1	28	2196	0	0	0
25.647	1	1	2565	8	4	28	2196	0	0	0
25.786	1	1	2579	7	4	28	2196	0	0	0
25.804	1	5	2581	5	2	28	2196	0	0	0
25.891	1	4	2590	2	1	28	2196	0	0	0
25.948	1	1	2595	9	4	28	2196	0	0	0
25.951	1	5	2596	2	2	28	2196	0	0	0
25.978	1	1	2598	9	4	18	967	0	0	0
26.008	1	4	2601	9	1	28	2196	0	0	0
26.053	1	3	2606	4	3	28	2196	0	0	0
26.172	1	5	2618	3	2	28	2196	0	0	0
26.251	1	1	2626	2	4	28	2196	0	0	0
26.286	1	4	2629	7	1	28	2196	0	0	0
26.311	1	3	2632	2	3	28	2196	0	0	0
26.399	1	3	2640	10	3	28	2196	0	0	0
26.418	1	1	2642	9	4	28	2196	0	0	0
26.506	1	3	2651	7	3	28	2196	0	0	0
26.514	1	4	2652	5	1	28	2196	0	0	0
26.57	1	5	2658	1	2	28	2196	0	0	0
26.623	1	3	2663	4	3	28	2196	0	0	0
26.678	1	2	2668	9	6	22	1383	0	0	0
26.681	1	4	2669	2	1	28	2196	0	0	0
26.703	1	5	2671	4	2	28	2196	0	0	0
26.734	1	1	2674	5	4	28	2196	0	0	0
26.741	1	4	2675	2	1	28	2196	0	0	0
26.794	1	1	2680	5	4	20	1191	0	0	0
26.848	1	3	2685	9	3	28	2196	0	0	0
26.958	1	3	2696	9	3	28	2196	0	0	0
26.97	1	2	2698	1	6	28	2196	0	0	0
26.988	1	3	2699	9	3	28	2196	0	0	0
27.118	1	3	2712	9	3	28	2196	0	0	0
27.166	1	5	2717	7	2	28	2196	0	0	0
27.173	1	2	2718	4	6	28	2196	0	0	0
27.174	1	4	2718	5	1	28	2196	0	0	0
27.186	1	5	2719	7	2	28	2196	0	0	0
27.194	1	2	2720	5	6	28	2196	0	0	0
27.222	1	1	2723	3	4	28	2196	0	0	0
27.289	1	5	2729	10	2	28	2196	0	0	0
27.33	1	1	2734	1	4	28	2196	0	0	0
27.349	1	4	2735	10	1	28	2196	0	0	0
27.393	1	3	2740	4	3	28	2196	0	0	0
27.46	1	2	2747	1	6	28	2196	0	0	0
27.472	1	4	2748	3	1	28	2196	0	0	0
27.511	1	1	2752	2	4	28	2196	0	0	0
27.605	1	3	2761	6	3	28	2196	0	0	0
27.663	1	1	2767	4	4	24	1620	0	0	0
27.676	1	2	2768	7	6	28	2196	0	0	0
27.693	1	4	2770	4	1	28	2196	0	0	0
27.753	1	2	2776	4	6	28	2196	0	0	0
27.762	1	1	2777	3	4	28	2196	0	0	0
27.789	1	1	2779	10	4	28	2196	0	0	0
27.854	1	4	2786	5	1	28	2196	0	0	0
27.858	1	3	2786	9	3	28	2196	0	0	0
27.915	1	3	2792	6	3	28	2196	0	0	0
27.932	1	4	2794	3	1	28	2196	0	0	0
28.068	1	1	2807	9	4	28	2196	0	0	0
28.073	1	5	2808	4	2	28	2196	0	0	0
28.111	1	3	2812	2	3	28	2196	0	0	0
28.145	1	1	2815	6	4	28	2196	0	0	0
28.159	1	3	2816	10	3	28	2196	0	0	0
28.171	1	1	2818	2	4	26	1836	0	0	0
28.232	1	4	2824	3	1	28	2196	0	0	0
28.236	1	2	2824	7	6	28	2196	0	0	0
28.287	1	3	2829	8	3	28	2196	0	0	0
28.305	1	5	2831	6	2	28	2196	0	0	0
28.354	1	1	2836	5	4	28	2196	0	0	0
28.384	1	2	2839	5	6	28	2196	0	0	0
28.443	1	3	2845	4	3	28	2196	0	0	0
28.447	1	5	2845	8	2	28	2196	0	0	0
28.499	1	2	2850	10	6	28	2196	0	0	0
28.592	1	4	2860	3	1	28	2196	0	0	0
28.618	1	5	2862	9	2	28	2196	0	0	0
28.645	1	2	2865	6	6	28	2196	0	0	0
28.655	1	1	2866	6	4	28	2196	0	0	0
28.659	1	3	2866	10	3	28	2196	0	0	0
28.787	1	5	2879	8	2	28	2196	0	0	0
28.788	1	1	2879	9	4	28	2196	0	0	0
28.829	1	4	2883	10	1	28	2196	0	0	0
28.867	1	3	2887	8	3	28	2196	0	0	0
28.88	1	5	2889	1	2	28	2196	0	0	0
28.892	1	1	2890	3	4	28	2196	0	0	0
28.947	1	4	2895	8	1	28	2196	0	0	0
29.05	1	5	2906	1	2	28	2196	0	0	0
29.059	1	1	2906	10	4	28	2196	0	0	0
29.165	1	4	2917	6	1	28	2196	0	0	0
29.221	1	2	2923	2	6	28	2196	0	0	0
29.231	1	5	2924	2	2	28	2196	0	0	0
29.325	1	5	2933	6	2	28	2196	0	0	0
29.356	1	3	2936	7	3	28	2196	0	0	0
29.448	1	1	2945	9	4	28	2196	0	0	0
29.472	1	3	2948	3	3	28	2196	0	0	0
29.512	1	5	2952	3	2	28	2196	0	0	0
29.612	1	4	2962	3	1	28	2196	0	0	0
29.651	1	5	2966	2	2	28	2196	0	0	0
29.683	1	1	2969	4	4	28	2196	0	0	0
29.707	1	5	2971	8	2	28	2196	0	0	0
29.751	1	4	2976	2	1	28	2196	0	0	0
29.767	1	1	2977	8	4	28	2196	0	0	0
29.789	1	1	2979	10	4	28	2196	0	0	0
29.793	1	3	2980	4	3	28	2196	0	0	0
29.862	1	2	2987	3	6	28	2196	0	0	0
29.969	1	3	2997	10	3	28	2196	0	0	0
29.997	1	4	3000	8	1	28	2196	0	0	0
30.032	1	3	3004	3	3	28	2196	0	0	0
30.034	1	1	3004	5	4	28	2196	0	0	0
30.053	1	5	3006	4	2	28	2196	0	0	0
30.056	1	1	3006	7	4	28	2196	0	0	0
30.177	1	4	3018	8	1	28	2196	0	0	0
30.233	1	1	3024	4	4	28	2196	0	0	0
30.332	1	1	3034	3	4	22	1383	0	0	0
30.362	1	5	3037	3	2	28	2196	0	0	0
30.459	1	2	3046	10	6	28	2196	0	0	0
30.468	1	5	3047	9	2	28	2196	0	0	0
30.501	1	2	3051	2	6	28	2196	0	0	0
30.558	1	4	3056	9	1	28	2196	0	0	0
30.606	1	1	3061	7	4	28	2196	0	0	0
30.618	1	2	3062	9	6	28	2196	0	0	0
30.621	1	4	3063	2	1	28	2196	0	0	0
30.668	1	2	3067	9	6	28	2196	0	0	0
30.671	1	1	3068	2	4	28	2196	0	0	0
30.689	1	5	3069	10	2	28	2196	0	0	0
30.722	1	3	3073	3	3	28	2196	0	0	0
30.755	1	4	3076	6	1	28	2196	0	0	0
30.83	1	1	3084	1	4	28	2196	0	0	0
30.874	1	5	3088	5	2	28	2196	0	0	0
30.915	1	3	3092	6	3	28	2196	0	0	0
30.93	1	5	3094	1	2	28	2196	0	0	0
30.942	1	4	3095	3	1	28	2196	0	0	0
31.01	1	1	3102	1	4	28	2196	0	0	0
31.072	1	2	3108	3	6	28	2196	0	0	0
31.087	1	5	3109	8	2	28	2196	0	0	0
31.097	1	1	3110	8	4	28	2196	0	0	0
31.106	1	3	3111	7	3	28	2196	0	0	0
31.126	1	2	3113	7	6	28	2196	0	0	0
31.219	1	1	3122	10	4	28	2196	0	0	0
31.293	1	2	3130	4	6	28	2196	0	0	0
31.303	1	1	3131	4	4	28	2196	0	0	0
31.304	1	2	3131	5	6	28	2196	0	0	0
31.306	1	3	3131	7	3	28	2196	0	0	0
31.406	1	5	3141	7	2	28	2196	0	0	0
31.426	1	2	3143	7	6	28	2196	0	0	0
31.466	1	4	3147	7	1	28	2196	0	0	0
31.469	1	1	3147	10	4	28	2196	0	0	0
31.527	1	4	3153	8	1	28	2196	0	0	0
31.543	1	2	3155	4	6	28	2196	0	0	0
31.607	1	2	3161	8	6	28	2196	0	0	0
31.726	1	1	3173	7	4	28	2196	0	0	0
31.756	1	4	3176	7	1	28	2196	0	0	0
31.804	1	3	3181	5	3	28	2196	0	0	0
31.863	1	2	3187	4	6	28	2196	0	0	0
31.902	1	5	3191	3	2	28	2196	0	0	0
31.904	1	4	3191	5	1	28	2196	0	0	0
31.905	1	2	3191	6	6	28	2196	0	0	0
31.937	1	1	3194	8	4	28	2196	0	0	0
31.943	1	3	3195	4	3	28	2196	0	0	0
32.024	1	1	3203	5	4	28	2196	0	0	0
32.103	1	2	3211	4	6	28	2196	0	0	0
32.112	1	4	3212	3	1	28	2196	0	0	0
32.167	1	5	3217	8	2	28	2196	0	0	0
32.211	1	4	3222	2	1	28	2196	0	0	0
32.26	1	3	3227	1	3	28	2196	0	0	0
32.271	1	5	3228	2	2	18	967	0	0	0
32.294	1	4	3230	5	1	28	2196	0	0	0
32.365	1	3	3237	6	3	28	2196	0	0	0
32.444	1	2	3245	5	6	28	2196	0	0	0
32.456	1	3	3246	7	3	28	2196	0	0	0
32.501	1	4	3251	2	1	28	2196	0	0	0
32.538	1	5	3254	9	2	28	2196	0	0	0
32.655	1	4	3266	6	1	28	2196	0	0	0
32.663	1	3	3267	4	3	28	2196	0	0	0
32.695	1	2	3270	6	6	28	2196	0	0	0
32.725	1	2	3273	6	6	28	2196	0	0	0
32.765	1	4	3277	6	1	28	2196	0	0	0
32.774	1	5	3278	5	2	28	2196	0	0	0
32.82	1	4	3283	1	1	28	2196	0	0	0
32.906	1	1	3291	7	4	28	2196	0	0	0
32.919	1	4	3292	10	1	28	2196	0	0	0
32.945	1	3	3295	6	3	28	2196	0	0	0
32.971	1	4	3298	2	1	28	2196	0	0	0
33.032	1	1	3304	3	4	28	2196	0	0	0
33.074	1	2	3308	5	6	28	2196	0	0	0
33.084	1	4	3309	5	1	28	2196	0	0	0
33.093	1	1	3310	4	4	28	2196	0	0	0
33.159	1	3	3316	10	3	28	2196	0	0	0
33.232	1	1	3324	3	4	14	775	0	0	0
33.237	1	2	3324	8	6	28	2196	0	0	0
33.261	1	4	3327	2	1	28	2196	0	0	0
33.267	1	1	3327	8	4	28	2196	0	0	0
33.335	1	1	3334	6	4	28	2196	0	0	0
33.398	1	1	3340	9	4	28	2196	0	0	0
33.411	1	1	3342	2	4	28	2196	0	0	0
33.419	1	5	3342	10	2	28	2196	0	0	0
33.448	1	4	3345	9	1	28	2196	0	0	0
33.493	1	3	3350	4	3	28	2196	0	0	0
33.52	1	2	3353	1	6	28	2196	0	0	0
33.532	1	3	3354	3	3	28	2196	0	0	0
33.608	1	2	3361	9	6	28	2196	0	0	0
33.614	1	5	3362	5	2	28	2196	0	0	0
33.621	1	3	3363	2	3	28	2196	0	0	0
33.679	1	2	3368	10	6	28	2196	0	0	0
33.717	1	1	3372	8	4	28	2196	0	0	0
33.735	1	5	3374	6	2	28	2196	0	0	0
33.779	1	2	3378	10	6	20	1191	0	0	0
33.789	1	1	3379	10	4	28	2196	0	0	0
33.828	1	1	3383	9	4	28	2196	0	0	0
33.833	1	2	3384	4	6	28	2196	0	0	0
33.846	1	5	3385	7	2	28	2196	0	0	0
33.847	1	4	3385	8	1	28	2196	0	0	0
34.022	1	2	3403	3	6	28	2196	0	0	0
34.081	1	4	3409	2	1	28	2196	0	0	0
34.1	1	5	3411	1	2	28	2196	0	0	0
34.107	1	3	3411	8	3	28	2196	0	0	0
34.175	1	1	3418	6	4	28	2196	0	0	0
34.185	1	4	3419	6	1	28	2196	0	0	0
34.249	1	3	3425	10	3	28	2196	0	0	0
34.29	1	5	3430	1	2	28	2196	0	0	0
34.297	1	1	3430	8	4	28	2196	0	0	0
34.325	1	3	3433	6	3	28	2196	0	0	0
34.369	1	5	3437	10	2	28	2196	0	0	0
34.401	1	4	3441	2	1	28	2196	0	0	0
34.504	1	1	3451	5	4	28	2196	0	0	0
34.509	1	2	3451	10	6	28	2196	0	0	0
34.515	1	3	3452	6	3	28	2196	0	0	0
34.523	1	4	3453	4	1	28	2196	0	0	0
34.56	1	5	3457	1	2	28	2196	0	0	0
34.577	1	3	3458	8	3	28	2196	0	0	0
34.639	1	3	3464	10	3	28	2196	0	0	0
34.673	1	2	3468	4	6	26	1836	0	0	0
34.773	1	4	3478	4	1	28	2196	0	0	0
34.834	1	4	3484	5	1	28	2196	0	0	0
34.847	1	4	3485	8	1	28	2196	0	0	0
34.911	1	4	3492	2	1	28	2196	0	0	0
34.919	1	5	3492	10	2	28	2196	0	0	0
34.976	1	4	3498	7	1	28	2196	0	0	0
34.981	1	3	3499	2	3	28	2196	0	0	0
35.081	1	1	3509	2	4	28	2196	0	0	0
35.089	1	4	3509	10	1	28	2196	0	0	0
35.134	1	2	3514	5	6	28	2196	0	0	0
35.361	1	5	3537	2	2	28	2196	0	0	0
35.392	1	2	3540	3	6	28	2196	0	0	0
35.408	1	1	3541	9	4	28	2196	0	0	0
35.505	1	4	3551	6	1	28	2196	0	0	0
35.519	1	1	3552	10	4	28	2196	0	0	0
35.52	1	3	3553	1	3	28	2196	0	0	0
35.544	1	4	3555	5	1	28	2196	0	0	0
35.556	1	5	3556	7	2	28	2196	0	0	0
35.563	1	2	3557	4	6	28	2196	0	0	0
35.7	1	1	3571	1	4	28	2196	0	0	0
35.721	1	5	3573	2	2	28	2196	0	0	0
35.728	1	3	3573	9	3	28	2196	0	0	0
35.829	1	5	3583	10	2	28	2196	0	0	0
35.831	1	2	3584	2	6	28	2196	0	0	0
35.941	1	3	3595	2	3	28	2196	0	0	0
35.947	1	4	3595	8	1	28	2196	0	0	0
36.017	1	3	3602	8	3	28	2196	0	0	0
36.019	1	1	3602	10	4	28	2196	0	0	0
36.099	1	2	3610	10	6	28	2196	0	0	0
36.14	1	1	3615	1	4	28	2196	0	0	0
36.169	1	4	3617	10	1	28	2196	0	0	0
36.217	1	1	3622	8	4	28	2196	0	0	0
36.248	1	3	3625	9	3	28	2196	0	0	0
36.267	1	2	3627	8	6	28	2196	0	0	0
36.272	1	4	3628	3	1	28	2196	0	0	0
36.283	1	3	3629	4	3	28	2196	0	0	0
36.357	1	5	3636	8	2	28	2196	0	0	0
36.379	1	1	3638	10	4	28	2196	0	0	0
36.448	1	4	3645	9	1	28	2196	0	0	0
36.473	1	2	3648	4	6	28	2196	0	0	0
36.49	1	1	3650	1	4	28	2196	0	0	0
36.511	1	3	3652	2	3	28	2196	0	0	0
36.544	1	4	3655	5	1	28	2196	0	0	0
36.565	1	3	3657	6	3	28	2196	0	0	0
36.635	1	3	3664	6	3	28	2196	0	0	0
36.686	1	5	3669	7	2	20	1191	0	0	0
36.775	1	3	3678	6	3	28	2196	0	0	0
36.784	1	2	3679	5	6	24	1620	0	0	0
36.853	1	4	3686	4	1	28	2196	0	0	0
36.901	1	1	3691	2	4	28	2196	0	0	0
36.949	1	2	3695	10	6	28	2196	0	0	0
36.977	1	1	3698	8	4	28	2196	0	0	0
36.979	1	4	3698	10	1	28	2196	0	0	0
37.028	1	2	3703	9	6	28	2196	0	0	0
37.049	1	1	3705	10	4	28	2196	0	0	0
37.107	1	1	3711	8	4	28	2196	0	0	0
37.112	1	5	3712	3	2	28	2196	0	0	0
37.118	1	4	3712	9	1	28	2196	0	0	0
37.155	1	2	3716	6	6	28	2196	0	0	0
37.209	1	3	3721	10	3	28	2196	0	0	0
37.259	1	4	3726	10	1	28	2196	0	0	0
37.264	1	3	3727	5	3	28	2196	0	0	0
37.302	1	4	3731	3	1	28	2196	0	0	0
37.333	1	1	3734	4	4	28	2196	0	0	0
37.368	1	2	3737	9	6	28	2196	0	0	0
37.412	1	5	3742	3	2	28	2196	0	0	0
37.442	1	4	3745	3	1	28	2196	0	0	0
37.458	1	2	3746	9	6	28	2196	0	0	0
37.475	1	2	3748	6	6	28	2196	0	0	0
37.536	1	5	3754	7	2	28	2196	0	0	0
37.546	1	3	3755	7	3	28	2196	0	0	0
37.621	1	3	3763	2	3	28	2196	0	0	0
37.7	1	1	3771	1	4	28	2196	0	0	0
37.774	1	2	3778	5	6	28	2196	0	0	0
37.867	1	4	3787	8	1	28	2196	0	0	0
37.873	1	1	3788	4	4	28	2196	0	0	0
37.896	1	3	3790	7	3	28	2196	0	0	0
37.926	1	2	3793	7	6	28	2196	0	0	0
37.983	1	5	3799	4	2	26	1836	0	0	0
38.025	1	4	3803	6	1	28	2196	0	0	0
38.088	1	5	3809	9	2	28	2196	0	0	0
38.184	1	5	3819	5	2	28	2196	0	0	0
38.248	1	4	3825	9	1	28	2196	0	0	0
38.252	1	1	3826	3	4	28	2196	0	0	0
38.338	1	3	3834	9	3	28	2196	0	0	0
38.355	1	1	3836	6	4	22	1383	0	0	0
38.382	1	2	3839	3	6	28	2196	0	0	0
38.406	1	3	3841	7	3	28	2196	0	0	0
38.467	1	4	3847	8	1	28	2196	0	0	0
38.479	1	1	3848	10	4	28	2196	0	0	0
38.54	1	5	3855	1	2	28	2196	0	0	0
38.554	1	3	3856	5	3	28	2196	0	0	0
38.645	1	4	3865	6	1	28	2196	0	0	0
38.655	1	1	3866	6	4	28	2196	0	0	0
38.665	1	1	3867	6	4	26	1836	0	0	0
38.701	1	1	3871	2	4	28	2196	0	0	0
38.856	1	1	3886	7	4	28	2196	0	0	0
38.898	1	4	3890	9	1	28	2196	0	0	0
38.904	1	3	3891	5	3	28	2196	0	0	0
38.943	1	4	3895	4	1	24	1620	0	0	0
38.989	1	5	3899	10	2	28	2196	0	0	0
39.023	1	5	3903	4	2	28	2196	0	0	0
39.04	1	1	3905	1	4	28	2196	0	0	0
39.128	1	1	3913	9	4	28	2196	0	0	0
39.179	1	5	3918	10	2	28	2196	0	0	0
39.25	1	4	3926	1	1	28	2196	0	0	0
39.293	1	3	3930	4	3	28	2196	0	0	0
39.335	1	5	3934	6	2	28	2196	0	0	0
39.443	1	2	3945	4	6	28	2196	0	0	0
39.479	1	1	3948	10	4	28	2196	0	0	0
39.483	1	4	3949	4	1	28	2196	0	0	0
39.486	1	3	3949	7	3	28	2196	0	0	0
39.511	1	5	3952	2	2	28	2196	0	0	0
39.57	1	3	3958	1	3	28	2196	0	0	0
39.584	1	4	3959	5	1	28	2196	0	0	0
39.593	1	2	3960	4	6	28	2196	0	0	0
39.612	1	1	3962	3	4	28	2196	0	0	0
39.651	1	4	3966	2	1	28	2196	0	0	0
39.704	1	2	3971	5	6	28	2196	0	0	0
39.718	1	1	3972	9	4	28	2196	0	0	0
39.728	1	4	3973	9	1	28	2196	0	0	0
39.751	1	3	3976	2	3	28	2196	0	0	0
39.754	1	1	3976	5	4	28	2196	0	0	0
39.815	1	4	3982	6	1	28	2196	0	0	0
39.82	1	3	3983	1	3	28	2196	0	0	0
39.824	1	2	3983	5	6	28	2196	0	0	0
39.87	1	1	3988	1	4	28	2196	0	0	0
39.879	1	5	3988	10	2	28	2196	0	0	0
39.969	1	3	3997	10	3	28	2196	0	0	0
39.988	1	4	3999	9	1	28	2196	0	0	0
40.035	1	1	4004	6	4	24	1620	0	0	0
40.075	1	3	4008	6	3	28	2196	0	0	0
40.093	1	4	4010	4	1	28	2196	0	0	0
40.147	1	4	4015	8	1	28	2196	0	0	0
40.181	1	5	4019	2	2	28	2196	0	0	0
40.219	1	5	4022	10	2	28	2196	0	0	0
40.234	1	1	4024	5	4	28	2196	0	0	0
40.247	1	2	4025	8	6	28	2196	0	0	0
40.266	1	3	4027	7	3	28	2196	0	0	0
40.28	1	5	4029	1	2	28	2196	0	0	0
40.321	1	4	4033	2	1	28	2196	0	0	0
40.372	1	3	4038	3	3	28	2196	0	0	0
40.376	1	4	4038	7	1	28	2196	0	0	0
40.432	1	2	4044	3	6	28	2196	0	0	0
40.515	1	2	4052	6	6	28	2196	0	0	0
40.563	1	4	4057	4	1	28	2196	0	0	0
40.612	1	3	4062	3	3	28	2196	0	0	0
40.669	1	2	4067	10	6	28	2196	0	0	0
40.675	1	1	4068	6	4	28	2196	0	0	0
40.679	1	1	4068	10	4	28	2196	0	0	0
40.694	1	4	4070	5	1	28	2196	0	0	0
40.703	1	3	4071	4	3	28	2196	0	0	0
40.82	1	1	4083	1	4	28	2196	0	0	0
40.829	1	5	4083	10	2	28	2196	0	0	0
40.861	1	4	4087	2	1	28	2196	0	0	0
40.875	1	2	4088	6	6	28	2196	0	0	0
40.944	1	1	4095	5	4	28	2196	0	0	0
40.973	1	4	4098	4	1	28	2196	0	0	0
40.989	1	5	4099	10	2	28	2196	0	0	0
41.022	1	3	4103	3	3	28	2196	0	0	0
41.102	1	2	4111	3	6	28	2196	0	0	0
41.133	1	2	4114	4	6	28	2196	0	0	0
41.192	1	2	4120	3	6	28	2196	0	0	0
41.198	1	5	4120	9	2	28	2196	0	0	0
41.289	1	1	4129	10	4	28	2196	0	0	0
41.326	1	3	4133	7	3	28	2196	0	0	0
41.376	1	4	4138	7	1	28	2196	0	0	0
41.384	1	2	4139	5	6	28	2196	0	0	0
41.43	1	3	4144	1	3	28	2196	0	0	0
41.466	1	5	4147	7	2	28	2196	0	0	0
41.476	1	3	4148	7	3	28	2196	0	0	0
41.499	1	2	4150	10	6	28	2196	0	0	0
41.676	1	3	4168	7	3	28	2196	0	0	0
41.683	1	2	4169	4	6	28	2196	0	0	0
41.723	1	1	4173	4	4	28	2196	0	0	0
41.77	1	4	4178	1	1	28	2196	0	0	0
41.773	1	5	4178	4	2	28	2196	0	0	0
41.897	1	3	4190	8	3	28	2196	0	0	0
42.032	1	2	4204	3	6	28	2196	0	0	0
42.13	1	5	4214	1	2	28	2196	0	0	0
42.15	1	3	4216	1	3	28	2196	0	0	0
42.178	1	1	4218	9	4	28	2196	0	0	0
42.224	1	4	4223	5	1	28	2196	0	0	0
42.249	1	5	4225	10	2	28	2196	0	0	0
42.286	1	1	4229	7	4	28	2196	0	0	0
42.322	1	4	4233	3	1	28	2196	0	0	0
42.332	1	2	4234	3	6	28	2196	0	0	0
42.353	1	1	4236	4	4	28	2196	0	0	0
42.403	1	4	4241	4	1	28	2196	0	0	0
42.482	1	3	4249	3	3	28	2196	0	0	0
42.497	1	4	4250	8	1	28	2196	0	0	0
42.524	1	5	4253	5	2	28	2196	0	0	0
42.525	1	1	4253	6	4	28	2196	0	0	0
42.61	1	4	4262	1	1	28	2196	0	0	0
42.62	1	4	4263	1	1	28	2196	0	0	0
42.625	1	2	4263	6	6	28	2196	0	0	0
42.627	1	3	4263	8	3	28	2196	0	0	0
42.63	1	5	4264	1	2	28	2196	0	0	0
42.656	1	2	4266	7	6	28	2196	0	0	0
42.745	1	4	4275	6	1	28	2196	0	0	0
42.832	1	2	4284	3	6	28	2196	0	0	0
42.837	1	3	4284	8	3	28	2196	0	0	0
42.888	1	3	4289	9	3	28	2196	0	0	0
42.897	1	4	4290	8	1	28	2196	0	0	0
42.899	1	1	4290	10	4	28	2196	0	0	0
43.019	1	4	4302	10	1	28	2196	0	0	0
43.06	1	5	4307	1	2	28	2196	0	0	0
43.091	1	3	4310	2	3	28	2196	0	0	0
43.1	1	4	4311	1	1	28	2196	0	0	0
43.152	1	4	4316	3	1	28	2196	0	0	0
43.181	1	2	4319	2	6	28	2196	0	0	0
43.186	1	5	4319	7	2	28	2196	0	0	0
43.227	1	3	4323	8	3	28	2196	0	0	0
43.241	1	4	4325	2	1	28	2196	0	0	0
43.27	1	5	4328	1	2	28	2196	0	0	0
43.31	1	3	4332	1	3	28	2196	0	0	0
43.311	1	5	4332	2	2	22	1383	0	0	0
43.366	1	2	4337	7	6	20	1191	0	0	0
43.392	1	2	4340	3	6	12	597	0	0	0
43.41	1	5	4342	1	2	28	2196	0	0	0
43.527	1	3	4353	8	3	28	2196	0	0	0
43.598	1	1	4360	9	4	28	2196	0	0	0
43.644	1	1	4365	5	4	28	2196	0	0	0
43.689	1	3	4369	10	3	28	2196	0	0	0
43.748	1	2	4375	9	6	26	1836	0	0	0
43.76	1	4	4377	1	1	28	2196	0	0	0
43.786	1	5	4379	7	2	28	2196	0	0	0
43.848	1	1	4385	9	4	28	2196	0	0	0
43.897	1	1	4390	8	4	28	2196	0	0	0
44.002	1	3	4401	3	3	28	2196	0	0	0
44.005	1	1	4401	6	4	28	2196	0	0	0
44.017	1	2	4402	8	6	28	2196	0	0	0
44.027	1	5	4403	8	2	28	2196	0	0	0
44.261	1	4	4427	2	1	28	2196	0	0	0
44.296	1	5	4430	7	2	24	1620	0	0	0
44.306	1	2	4431	7	6	28	2196	0	0	0
44.41	1	4	4442	1	1	28	2196	0	0	0
44.423	1	2	4443	4	6	26	1836	0	0	0
44.495	1	3	4450	6	3	28	2196	0	0	0
44.5	1	1	4451	1	4	28	2196	0	0	0
44.57	1	1	4458	1	4	28	2196	0	0	0
44.656	1	3	4466	7	3	28	2196	0	0	0
44.673	1	2	4468	4	6	28	2196	0	0	0
44.708	1	5	4471	9	2	28	2196	0	0	0
44.729	1	4	4473	10	1	28	2196	0	0	0
44.848	1	4	4485	9	1	28	2196	0	0	0
44.849	1	1	4485	10	4	28	2196	0	0	0
44.851	1	2	4486	2	6	28	2196	0	0	0
44.952	1	5	4496	3	2	28	2196	0	0	0
45.011	1	5	4502	2	2	28	2196	0	0	0
45.057	1	1	4506	8	4	28	2196	0	0	0
45.131	1	2	4514	2	6	28	2196	0	0	0
45.179	1	3	4518	10	3	28	2196	0	0	0
45.233	1	5	4524	4	2	24	1620	0	0	0
45.294	1	2	4530	5	6	28	2196	0	0	0
45.313	1	1	4532	4	4	28	2196	0	0	0
45.407	1	1	4541	8	4	28	2196	0	0	0
45.41	1	4	4542	1	1	28	2196	0	0	0
45.584	1	1	4559	5	4	28	2196	0	0	0
45.66	1	5	4567	1	2	28	2196	0	0	0
45.672	1	3	4568	3	3	28	2196	0	0	0
45.688	1	4	4569	9	1	28	2196	0	0	0
45.718	1	2	4572	9	6	28	2196	0	0	0
45.726	1	4	4573	7	1	28	2196	0	0	0
45.821	1	3	4583	2	3	28	2196	0	0	0
45.863	1	5	4587	4	2	28	2196	0	0	0
45.917	1	5	4592	8	2	28	2196	0	0	0
45.943	1	3	4595	4	3	28	2196	0	0	0
46.02	1	2	4603	1	6	28	2196	0	0	0
46.033	1	4	4604	4	1	28	2196	0	0	0
46.036	1	1	4604	7	4	28	2196	0	0	0
46.064	1	2	4607	5	6	28	2196	0	0	0
46.164	1	1	4617	5	4	28	2196	0	0	0
46.186	1	2	4619	7	6	28	2196	0	0	0
46.266	1	3	4627	7	3	28	2196	0	0	0
46.28	1	4	4629	1	1	28	2196	0	0	0
46.292	1	5	4630	3	2	28	2196	0	0	0
46.313	1	2	4632	4	6	28	2196	0	0	0
46.332	1	1	4634	3	4	28	2196	0	0	0
46.426	1	3	4643	7	3	28	2196	0	0	0
46.452	1	5	4646	3	2	28	2196	0	0	0
46.478	1	5	4648	9	2	28	2196	0	0	0
46.496	1	4	4650	7	1	28	2196	0	0	0
46.51	1	1	4652	1	4	28	2196	0	0	0
46.556	1	2	4656	7	6	28	2196	0	0	0
46.629	1	5	4663	10	2	28	2196	0	0	0
46.636	1	4	4664	7	1	28	2196	0	0	0
46.665	1	3	4667	6	3	28	2196	0	0	0
46.692	1	3	4670	3	3	28	2196	0	0	0
46.704	1	1	4671	5	4	28	2196	0	0	0
46.774	1	5	4678	5	2	28	2196	0	0	0
46.816	1	5	4682	7	2	28	2196	0	0	0
46.839	1	2	4684	10	6	28	2196	0	0	0
46.92	1	2	4693	1	6	24	1620	0	0	0
46.954	1	3	4696	5	3	28	2196	0	0	0
46.983	1	4	4699	4	1	28	2196	0	0	0
46.994	1	5	4700	5	2	28	2196	0	0	0
47.035	1	4	4704	6	1	28	2196	0	0	0
47.119	1	2	4712	10	6	28	2196	0	0	0
47.18	1	4	4719	1	1	28	2196	0	0	0
47.242	1	2	4725	3	6	28	2196	0	0	0
47.269	1	3	4727	10	3	28	2196	0	0	0
47.282	1	5	4729	3	2	28	2196	0	0	0
47.284	1	4	4729	5	1	28	2196	0	0	0
47.285	1	1	4729	6	4	28	2196	0	0	0
47.385	1	2	4739	6	6	28	2196	0	0	0
47.386	1	1	4739	7	4	28	2196	0	0	0
47.419	1	3	4742	10	3	28	2196	0	0	0
47.439	1	4	4744	10	1	28	2196	0	0	0
47.552	1	2	4756	3	6	28	2196	0	0	0
47.564	1	2	4757	5	6	28	2196	0	0	0
47.598	1	5	4760	9	2	24	1620	0	0	0
47.64	1	1	4765	1	4	28	2196	0	0	0
47.695	1	3	4770	6	3	28	2196	0	0	0
47.768	1	4	4777	9	1	28	2196	0	0	0
47.801	1	5	4781	2	2	24	1620	0	0	0
47.933	1	4	4794	4	1	28	2196	0	0	0
47.935	1	2	4794	6	6	28	2196	0	0	0
47.941	1	1	4795	2	4	28	2196	0	0	0
47.955	1	3	4796	6	3	28	2196	0	0	0
47.983	1	5	4799	4	2	28	2196	0	0	0
48.021	1	4	4803	2	1	28	2196	0	0	0
48.028	1	4	4803	9	1	28	2196	0	0	0
48.033	1	4	4804	4	1	28	2196	0	0	0
48.111	1	1	4812	2	4	28	2196	0	0	0
48.162	1	4	4817	3	1	28	2196	0	0	0
48.204	1	5	4821	5	2	28	2196	0	0	0
48.223	1	3	4823	4	3	28	2196	0	0	0
48.253	1	1	4826	4	4	28	2196	0	0	0
48.298	1	4	4830	9	1	28	2196	0	0	0
48.332	1	5	4834	3	2	22	1383	0	0	0
48.345	1	3	4835	6	3	28	2196	0	0	0
48.402	1	1	4841	3	4	28	2196	0	0	0
48.417	1	2	4842	8	6	28	2196	0	0	0
48.467	1	1	4847	8	4	28	2196	0	0	0
48.486	1	5	4849	7	2	28	2196	0	0	0
48.536	1	2	4854	7	6	28	2196	0	0	0
48.583	1	4	4859	4	1	28	2196	0	0	0
48.614	1	1	4862	5	4	28	2196	0	0	0
48.651	1	4	4866	2	1	28	2196	0	0	0
48.684	1	2	4869	5	6	28	2196	0	0	0
48.731	1	2	4874	2	6	28	2196	0	0	0
48.765	1	5	4877	6	2	26	1836	0	0	0
48.79	1	4	4880	1	1	28	2196	0	0	0
48.843	1	5	4885	4	2	28	2196	0	0	0
48.85	1	1	4886	1	4	28	2196	0	0	0
48.885	1	3	4889	6	3	28	2196	0	0	0
49.005	1	5	4901	6	2	28	2196	0	0	0
49.032	1	2	4904	3	6	28	2196	0	0	0
49.12	1	1	4913	1	4	28	2196	0	0	0
49.143	1	3	4915	4	3	28	2196	0	0	0
49.197	1	4	4920	8	1	28	2196	0	0	0
49.2	1	5	4921	1	2	22	1383	0	0	0
49.27	1	4	4928	1	1	28	2196	0	0	0
49.351	1	1	4936	2	4	28	2196	0	0	0
49.433	1	4	4944	4	1	28	2196	0	0	0
49.482	1	5	4949	3	2	28	2196	0	0	0
49.492	1	2	4950	3	6	28	2196	0	0	0
49.504	1	1	4951	5	4	28	2196	0	0	0
49.63	1	5	4964	1	2	28	2196	0	0	0
49.671	1	1	4968	2	4	28	2196	0	0	0
49.674	1	4	4968	5	1	28	2196	0	0	0
49.799	1	3	4980	10	3	28	2196	0	0	0
49.845	1	4	4985	6	1	28	2196	0	0	0
49.859	1	5	4986	10	2	28	2196	0	0	0
49.881	1	3	4989	2	3	28	2196	0	0	0
49.921	1	1	4993	2	4	28	2196	0	0	0
49.989	1	4	4999	10	1	28	2196	0	0	0
50.04	1	4	5005	1	1	28	2196	0	0	0
50.071	1	1	5008	2	4	28	2196	0	0	0
50.075	1	5	5008	6	2	28	2196	0	0	0
50.085	1	2	5009	6	6	28	2196	0	0	0
50.13	1	1	5014	1	4	28	2196	0	0	0
50.156	1	5	5016	7	2	26	1836	0	0	0
50.163	1	3	5017	4	3	28	2196	0	0	0
50.317	1	1	5032	8	4	28	2196	0	0	0
50.332	1	5	5034	3	2	28	2196	0	0	0
50.368	1	2	5037	9	6	20	1191	0	0	0
50.412	1	1	5042	3	4	26	1836	0	0	0
50.413	1	5	5042	4	2	28	2196	0	0	0
50.431	1	2	5044	2	6	28	2196	0	0	0
50.532	1	1	5054	3	4	28	2196	0	0	0
50.539	1	4	5054	10	1	28	2196	0	0	0
50.56	1	3	5057	1	3	28	2196	0	0	0
50.598	1	1	5060	9	4	28	2196	0	0	0
50.619	1	2	5062	10	6	28	2196	0	0	0
50.688	1	2	5069	9	6	28	2196	0	0	0
50.694	1	4	5070	5	1	28	2196	0	0	0
50.715	1	2	5072	6	6	28	2196	0	0	0
50.729	1	1	5073	10	4	28	2196	0	0	0
50.748	1	4	5075	9	1	28	2196	0	0	0
50.789	1	2	5079	10	6	28	2196	0	0	0
50.866	1	5	5087	7	2	28	2196	0	0	0
50.869	1	2	5087	10	6	28	2196	0	0	0
50.912	1	2	5092	3	6	28	2196	0	0	0
50.915	1	1	5092	6	4	28	2196	0	0	0
50.972	1	4	5098	3	1	28	2196	0	0	0
50.976	1	3	5098	7	3	28	2196	0	0	0
50.984	1	1	5099	5	4	28	2196	0	0	0
50.999	1	3	5100	10	3	28	2196	0	0	0
51.023	1	5	5103	4	2	28	2196	0	0	0
51.028	1	4	5103	9	1	28	2196	0	0	0
51.079	1	3	5108	10	3	28	2196	0	0	0
51.102	1	2	5111	3	6	28	2196	0	0	0
51.135	1	1	5114	6	4	28	2196	0	0	0
51.208	1	2	5121	9	6	28	2196	0	0	0
51.225	1	4	5123	6	1	28	2196	0	0	0
51.254	1	3	5126	5	3	28	2196	0	0	0
51.332	1	5	5134	3	2	28	2196	0	0	0
51.336	1	1	5134	7	4	28	2196	0	0	0
51.432	1	2	5144	3	6	28	2196	0	0	0
51.468	1	3	5147	9	3	28	2196	0	0	0
51.554	1	3	5156	5	3	28	2196	0	0	0
51.58	1	4	5159	1	1	28	2196	0	0	0
51.61	1	2	5162	1	6	28	2196	0	0	0
51.66	1	1	5167	1	4	28	2196	0	0	0
51.666	1	3	5167	7	3	28	2196	0	0	0
51.667	1	2	5167	8	6	28	2196	0	0	0
51.675	1	5	5168	6	2	28	2196	0	0	0
51.696	1	4	5170	7	1	28	2196	0	0	0
51.735	1	2	5174	6	6	28	2196	0	0	0
51.749	1	2	5175	10	6	28	2196	0	0	0
51.798	1	5	5180	9	2	28	2196	0	0	0
51.817	1	3	5182	8	3	28	2196	0	0	0
51.907	1	1	5191	8	4	28	2196	0	0	0
51.914	1	4	5192	5	1	28	2196	0	0	0
51.943	1	3	5195	4	3	28	2196	0	0	0
51.99	1	2	5200	1	6	28	2196	0	0	0
51.999	1	5	5200	10	2	20	1191	0	0	0
52.047	1	5	5205	8	2	28	2196	0	0	0
52.153	1	1	5216	4	4	28	2196	0	0	0
52.189	1	3	5219	10	3	28	2196	0	0	0
52.225	1	5	5223	6	2	28	2196	0	0	0
52.231	1	2	5224	2	6	28	2196	0	0	0
52.256	1	1	5226	7	4	28	2196	0	0	0
52.272	1	4	5228	3	1	28	2196	0	0	0
52.32	1	5	5233	1	2	28	2196	0	0	0
52.352	1	2	5236	3	6	28	2196	0	0	0
52.396	1	1	5240	7	4	28	2196	0	0	0
52.42	1	4	5243	1	1	28	2196	0	0	0
52.459	1	5	5246	10	2	24	1620	0	0	0
52.494	1	2	5250	5	6	28	2196	0	0	0
52.511	1	3	5252	2	3	28	2196	0	0	0
52.62	1	1	5263	1	4	28	2196	0	0	0
52.66	1	5	5267	1	2	28	2196	0	0	0
52.683	1	4	5269	4	1	28	2196	0	0	0
52.74	1	3	5275	1	3	28	2196	0	0	0
52.902	1	2	5291	3	6	28	2196	0	0	0
52.943	1	4	5295	4	1	28	2196	0	0	0
52.974	1	3	5298	5	3	28	2196	0	0	0
53.047	1	2	5305	8	6	28	2196	0	0	0
53.071	1	5	5308	2	2	28	2196	0	0	0
53.076	1	1	5308	7	4	28	2196	0	0	0
53.092	1	1	5310	3	4	28	2196	0	0	0
53.112	1	1	5312	3	4	28	2196	0	0	0
53.169	1	1	5317	10	4	28	2196	0	0	0
53.188	1	2	5319	9	6	28	2196	0	0	0
53.202	1	1	5321	3	4	28	2196	0	0	0
53.307	1	4	5331	8	1	28	2196	0	0	0
53.308	1	1	5331	9	4	28	2196	0	0	0
53.329	1	3	5333	10	3	28	2196	0	0	0
53.33	1	1	5334	1	4	28	2196	0	0	0
53.41	1	4	5342	1	1	28	2196	0	0	0
53.473	1	5	5348	4	2	28	2196	0	0	0
53.481	1	1	5349	2	4	24	1620	0	0	0
53.486	1	4	5349	7	1	28	2196	0	0	0
53.568	1	2	5357	9	6	28	2196	0	0	0
53.572	1	4	5358	3	1	28	2196	0	0	0
53.63	1	5	5364	1	2	28	2196	0	0	0
53.636	1	3	5364	7	3	28	2196	0	0	0
53.662	1	1	5367	3	4	28	2196	0	0	0
53.77	1	1	5378	1	4	28	2196	0	0	0
53.855	1	4	5386	6	1	28	2196	0	0	0
53.856	1	1	5386	7	4	28	2196	0	0	0
53.923	1	1	5393	4	4	28	2196	0	0	0
54.008	1	5	5401	9	2	28	2196	0	0	0
54.029	1	4	5403	10	1	28	2196	0	0	0
54.079	1	1	5408	10	4	28	2196	0	0	0
54.117	1	5	5412	8	2	28	2196	0	0	0
54.143	1	3	5415	4	3	28	2196	0	0	0
54.153	1	4	5416	4	1	28	2196	0	0	0
54.18	1	1	5419	1	4	28	2196	0	0	0
54.209	1	4	5421	10	1	28	2196	0	0	0
54.212	1	2	5422	3	6	28	2196	0	0	0
54.246	1	1	5425	7	4	28	2196	0	0	0
54.266	1	2	5427	7	6	28	2196	0	0	0
54.283	1	5	5429	4	2	28	2196	0	0	0
54.371	1	1	5438	2	4	28	2196	0	0	0
54.373	1	2	5438	4	6	28	2196	0	0	0
54.461	1	4	5447	2	1	28	2196	0	0	0
54.51	1	2	5452	1	6	28	2196	0	0	0
54.548	1	4	5455	9	1	28	2196	0	0	0
54.615	1	4	5462	6	1	28	2196	0	0	0
54.638	1	3	5464	9	3	28	2196	0	0	0
54.686	1	1	5469	7	4	28	2196	0	0	0
54.76	1	3	5477	1	3	28	2196	0	0	0
54.763	1	4	5477	4	1	28	2196	0	0	0
54.771	1	2	5478	2	6	28	2196	0	0	0
54.84	1	5	5485	1	2	28	2196	0	0	0
54.867	1	2	5487	8	6	24	1620	0	0	0
54.899	1	1	5490	10	4	28	2196	0	0	0
54.924	1	2	5493	5	6	28	2196	0	0	0
54.941	1	3	5495	2	3	24	1620	0	0	0
54.959	1	5	5496	10	2	28	2196	0	0	0
54.967	1	2	5497	8	6	28	2196	0	0	0
54.998	1	4	5500	9	1	28	2196	0	0	0
55.042	1	3	5505	3	3	28	2196	0	0	0
55.112	1	2	5512	3	6	28	2196	0	0	0
55.131	1	1	5514	2	4	24	1620	0	0	0
55.148	1	5	5515	9	2	28	2196	0	0	0
55.23	1	1	5524	1	4	28	2196	0	0	0
55.253	1	3	5526	4	3	28	2196	0	0	0
55.297	1	5	5530	8	2	28	2196	0	0	0
55.341	1	2	5535	2	6	28	2196	0	0	0
55.376	1	3	5538	7	3	28	2196	0	0	0
55.426	1	2	5543	7	6	28	2196	0	0	0
55.431	1	1	5544	2	4	28	2196	0	0	0
55.44	1	5	5545	1	2	28	2196	0	0	0
55.479	1	4	5548	10	1	28	2196	0	0	0
55.633	1	2	5564	4	6	28	2196	0	0	0
55.671	1	4	5568	2	1	28	2196	0	0	0
55.683	1	3	5569	4	3	28	2196	0	0	0
55.703	1	4	5571	4	1	28	2196	0	0	0
55.714	1	5	5572	5	2	28	2196	0	0	0
55.732	1	1	5574	3	4	28	2196	0	0	0
55.772	1	1	5578	3	4	28	2196	0	0	0
55.859	1	3	5586	10	3	28	2196	0	0	0
55.928	1	4	5593	9	1	28	2196	0	0	0
56.005	1	4	5601	6	1	28	2196	0	0	0
56.02	1	3	5603	1	3	28	2196	0	0	0
56.045	1	2	5605	6	6	28	2196	0	0	0
56.05	1	5	5606	1	2	28	2196	0	0	0
56.09	1	4	5610	1	1	28	2196	0	0	0
56.117	1	1	5612	8	4	28	2196	0	0	0
56.124	1	5	5613	5	2	28	2196	0	0	0
56.188	1	2	5619	9	6	28	2196	0	0	0
56.226	1	3	5623	7	3	28	2196	0	0	0
56.347	1	5	5635	8	2	28	2196	0	0	0
56.356	1	1	5636	7	4	28	2196	0	0	0
56.362	1	4	5637	3	1	28	2196	0	0	0
56.517	1	3	5652	8	3	28	2196	0	0	0
56.527	1	4	5653	8	1	28	2196	0	0	0
56.563	1	4	5657	4	1	28	2196	0	0	0
56.613	1	4	5662	4	1	28	2196	0	0	0
56.626	1	5	5663	7	2	28	2196	0	0	0
56.648	1	4	5665	9	1	28	2196	0	0	0
56.65	1	5	5666	1	2	28	2196	0	0	0
56.744	1	1	5675	5	4	28	2196	0	0	0
56.747	1	2	5675	8	6	28	2196	0	0	0
56.799	1	1	5680	10	4	28	2196	0	0	0
56.841	1	4	5685	2	1	28	2196	0	0	0
56.868	1	2	5687	9	6	26	1836	0	0	0
56.947	1	3	5695	8	3	28	2196	0	0	0
56.957	1	4	5696	8	1	28	2196	0	0	0
56.984	1	3	5699	5	3	28	2196	0	0	0
57.008	1	4	5701	9	1	28	2196	0	0	0
57.036	1	3	5704	7	3	28	2196	0	0	0
57.167	1	3	5717	8	3	28	2196	0	0	0
57.179	1	5	5718	10	2	28	2196	0	0	0
57.207	1	1	5721	8	4	28	2196	0	0	0
57.281	1	5	5729	2	2	28	2196	0	0	0
57.326	1	4	5733	7	1	28	2196	0	0	0
57.332	1	1	5734	3	4	28	2196	0	0	0
57.335	1	3	5734	6	3	28	2196	0	0	0
57.363	1	2	5737	4	6	28	2196	0	0	0
57.405	1	3	5741	6	3	28	2196	0	0	0
57.475	1	1	5748	6	4	28	2196	0	0	0
57.509	1	5	5751	10	2	28	2196	0	0	0
57.513	1	2	5752	4	6	28	2196	0	0	0
57.536	1	1	5754	7	4	28	2196	0	0	0
57.573	1	2	5758	4	6	28	2196	0	0	0
57.576	1	5	5758	7	2	28	2196	0	0	0
57.656	1	4	5766	7	1	28	2196	0	0	0
57.825	1	5	5783	6	2	28	2196	0	0	0
57.87	1	4	5788	1	1	28	2196	0	0	0
57.879	1	3	5788	10	3	28	2196	0	0	0
57.936	1	5	5794	7	2	20	1191	0	0	0
57.959	1	4	5796	10	1	28	2196	0	0	0
57.972	1	4	5798	3	1	28	2196	0	0	0
58.097	1	1	5810	8	4	28	2196	0	0	0
58.128	1	4	5813	9	1	28	2196	0	0	0
58.17	1	2	5818	1	6	28	2196	0	0	0
58.213	1	1	5822	4	4	28	2196	0	0	0
58.231	1	3	5824	2	3	28	2196	0	0	0
58.316	1	5	5832	7	2	28	2196	0	0	0
58.353	1	2	5836	4	6	28	2196	0	0	0
58.388	1	3	5839	9	3	28	2196	0	0	0
58.415	1	4	5842	6	1	28	2196	0	0	0
58.469	1	5	5847	10	2	28	2196	0	0	0
58.512	1	3	5852	3	3	28	2196	0	0	0
58.576	1	5	5858	7	2	20	1191	0	0	0
58.582	1	1	5859	3	4	28	2196	0	0	0
58.594	1	2	5860	5	6	28	2196	0	0	0
58.656	1	3	5866	7	3	26	1836	0	0	0
58.757	1	1	5876	8	4	28	2196	0	0	0
58.767	1	2	5877	8	6	28	2196	0	0	0
58.774	1	1	5878	5	4	28	2196	0	0	0
58.834	1	5	5884	5	2	24	1620	0	0	0
58.836	1	4	5884	7	1	28	2196	0	0	0
58.847	1	3	5885	8	3	28	2196	0	0	0
58.883	1	5	5889	4	2	28	2196	0	0	0
58.946	1	4	5895	7	1	24	1620	0	0	0
59.108	1	2	5911	9	6	28	2196	0	0	0
59.143	1	1	5915	4	4	28	2196	0	0	0
59.146	1	5	5915	7	2	28	2196	0	0	0
59.236	1	4	5924	7	1	28	2196	0	0	0
59.245	1	2	5925	6	6	28	2196	0	0	0
59.378	1	1	5938	9	4	28	2196	0	0	0
59.384	1	3	5939	5	3	28	2196	0	0	0
59.418	1	5	5942	9	2	28	2196	0	0	0
59.42	1	2	5943	1	6	28	2196	0	0	0
59.431	1	3	5944	2	3	28	2196	0	0	0
59.473	1	3	5948	4	3	28	2196	0	0	0
59.54	1	4	5955	1	1	28	2196	0	0	0
59.6	1	2	5961	1	6	28	2196	0	0	0
59.626	1	5	5963	7	2	28	2196	0	0	0
59.719	1	1	5972	10	4	28	2196	0	0	0
59.815	1	2	5982	6	6	28	2196	0	0	0
59.865	1	5	5987	6	2	26	1836	0	0	0
59.878	1	3	5988	9	3	28	2196	0	0	0
59.951	1	1	5996	2	4	28	2196	0	0	0
59.971	1	4	5998	2	1	28	2196	0	0	0
