% time	cellId	IMSI	RNTI	layer	mcs	size	rv	ndi	ccId
72	1	3	3	0	28	2196	0	1	0
190	1	3	3	0	28	2196	0	1	0
268	1	1	4	0	28	2196	0	1	0
285	1	5	2	0	28	2196	0	1	0
289	1	2	6	0	28	2196	0	1	0
371	1	5	2	0	28	2196	0	1	0
452	1	4	1	0	28	2196	0	1	0
465	1	1	4	0	28	2196	0	1	0
502	1	3	3	0	28	2196	0	1	0
535	1	1	4	0	28	2196	0	1	0
545	1	5	2	0	28	2196	0	1	0
596	1	2	6	0	28	2196	0	1	0
632	1	5	2	0	28	2196	0	1	0
657	1	5	2	0	26	1836	0	1	0
666	1	3	3	0	28	2196	0	1	0
670	1	4	1	0	28	2196	0	1	0
730	1	2	6	0	28	2196	0	1	0
731	1	1	4	0	28	2196	0	1	0
739	1	5	2	0	20	1191	0	1	0
859	1	4	1	0	28	2196	0	1	0
951	1	5	2	0	28	2196	0	1	0
963	1	4	1	0	28	2196	0	1	0
966	1	1	4	0	28	2196	0	1	0
1049	1	5	2	0	28	2196	0	1	0
1142	1	1	4	0	28	2196	0	1	0
1161	1	5	2	0	28	2196	0	1	0
1197	1	4	1	0	28	2196	0	1	0
1231	1	2	6	0	28	2196	0	1	0
1273	1	3	3	0	28	2196	0	1	0
1338	1	4	1	0	28	2196	0	1	0
1350	1	1	4	0	28	2196	0	1	0
1405	1	4	1	0	28	2196	0	1	0
1462	1	5	2	0	28	2196	0	1	0
1498	1	4	1	0	28	2196	0	1	0
1563	1	1	4	0	28	2196	0	1	0
1606	1	2	6	0	28	2196	0	1	0
1608	1	3	3	0	28	2196	0	1	0
1649	1	1	4	0	28	2196	0	1	0
1765	1	5	2	0	28	2196	0	1	0
1785	1	2	6	0	28	2196	0	1	0
1792	1	3	3	0	28	2196	0	1	0
1868	1	3	3	0	28	2196	0	1	0
1898	1	5	2	0	28	2196	0	1	0
1914	1	3	3	0	28	2196	0	1	0
1922	1	1	4	0	28	2196	0	1	0
1925	1	4	1	0	28	2196	0	1	0
2064	1	3	3	0	28	2196	0	1	0
2126	1	3	3	0	28	2196	0	1	0
2135	1	2	6	0	28	2196	0	1	0
2161	1	3	3	0	28	2196	0	1	0
2284	1	5	2	0	28	2196	0	1	0
2395	1	1	4	0	28	2196	0	1	0
2413	1	2	6	0	28	2196	0	1	0
2476	1	4	1	0	28	2196	0	1	0
2504	1	5	2	0	28	2196	0	1	0
2650	1	5	2	0	28	2196	0	1	0
2669	1	3	3	0	28	2196	0	1	0
2686	1	1	4	0	28	2196	0	1	0
2776	1	5	2	0	28	2196	0	1	0
2796	1	4	1	0	28	2196	0	1	0
2827	1	1	4	0	28	2196	0	1	0
2841	1	3	3	0	28	2196	0	1	0
2904	1	2	6	0	28	2196	0	1	0
2935	1	1	4	0	28	2196	0	1	0
2978	1	2	6	0	28	2196	0	1	0
2994	1	5	2	0	28	2196	0	1	0
3083	1	5	2	0	28	2196	0	1	0
3095	1	3	3	0	28	2196	0	1	0
3128	1	2	6	0	28	2196	0	1	0
3157	1	3	3	0	28	2196	0	1	0
3256	1	4	1	0	28	2196	0	1	0
3282	1	5	2	0	28	2196	0	1	0
3363	1	1	4	0	28	2196	0	1	0
3398	1	5	2	0	28	2196	0	1	0
3426	1	3	3	0	28	2196	0	1	0
3449	1	2	6	0	28	2196	0	1	0
3565	1	5	2	0	28	2196	0	1	0
3593	1	1	4	0	28	2196	0	1	0
3602	1	4	1	0	28	2196	0	1	0
3624	1	2	6	0	28	2196	0	1	0
3649	1	1	4	0	28	2196	0	1	0
3730	1	3	3	0	28	2196	0	1	0
3766	1	2	6	0	28	2196	0	1	0
3771	1	3	3	0	28	2196	0	1	0
3824	1	5	2	0	28	2196	0	1	0
3829	1	4	1	0	28	2196	0	1	0
3850	1	1	4	0	28	2196	0	1	0
3861	1	2	6	0	28	2196	0	1	0
3891	1	1	4	0	28	2196	0	1	0
3929	1	4	1	0	28	2196	0	1	0
4002	1	2	6	0	28	2196	0	1	0
4040	1	4	1	0	28	2196	0	1	0
4093	1	2	6	0	28	2196	0	1	0
4126	1	3	3	0	28	2196	0	1	0
4177	1	1	4	0	28	2196	0	1	0
4216	1	3	3	0	28	2196	0	1	0
4264	1	5	2	0	28	2196	0	1	0
4287	1	3	3	0	28	2196	0	1	0
4388	1	5	2	0	28	2196	0	1	0
4394	1	1	4	0	28	2196	0	1	0
4430	1	4	1	0	28	2196	0	1	0
4436	1	2	6	0	28	2196	0	1	0
4510	1	1	4	0	28	2196	0	1	0
4555	1	4	1	0	28	2196	0	1	0
4639	1	5	2	0	28	2196	0	1	0
4728	1	2	6	0	28	2196	0	1	0
4779	1	4	1	0	28	2196	0	1	0
4790	1	1	4	0	28	2196	0	1	0
4813	1	5	2	0	28	2196	0	1	0
4832	1	3	3	0	28	2196	0	1	0
4881	1	3	3	0	28	2196	0	1	0
5004	1	4	1	0	28	2196	0	1	0
5023	1	2	6	0	28	2196	0	1	0
5067	1	5	2	0	28	2196	0	1	0
5126	1	2	6	0	28	2196	0	1	0
5128	1	4	1	0	28	2196	0	1	0
5129	1	5	2	0	28	2196	0	1	0
5200	1	3	3	0	28	2196	0	1	0
5261	1	1	4	0	28	2196	0	1	0
5397	1	1	4	0	28	2196	0	1	0
5413	1	4	1	0	28	2196	0	1	0
5435	1	5	2	0	28	2196	0	1	0
5444	1	3	3	0	28	2196	0	1	0
5476	1	2	6	0	28	2196	0	1	0
5503	1	3	3	0	28	2196	0	1	0
5525	1	5	2	0	28	2196	0	1	0
5577	1	3	3	0	28	2196	0	1	0
5627	1	4	1	0	28	2196	0	1	0
5646	1	3	3	0	28	2196	0	1	0
5658	1	2	6	0	28	2196	0	1	0
5729	1	5	2	0	28	2196	0	1	0
5779	1	4	1	0	28	2196	0	1	0
5806	1	3	3	0	28	2196	0	1	0
5815	1	2	6	0	28	2196	0	1	0
5832	1	1	4	0	28	2196	0	1	0
5844	1	1	4	0	28	2196	0	1	0
5893	1	5	2	0	28	2196	0	1	0
5923	1	1	4	0	28	2196	0	1	0
6002	1	5	2	0	28	2196	0	1	0
6027	1	1	4	0	28	2196	0	1	0
6035	1	2	6	0	28	2196	0	1	0
6186	1	3	3	0	28	2196	0	1	0
6224	1	2	6	0	28	2196	0	1	0
6225	1	4	1	0	28	2196	0	1	0
6261	1	1	4	0	28	2196	0	1	0
6333	1	4	1	0	28	2196	0	1	0
6352	1	5	2	0	28	2196	0	1	0
6396	1	3	3	0	28	2196	0	1	0
6400	1	3	3	0	28	2196	0	1	0
6404	1	5	2	0	28	2196	0	1	0
6442	1	2	6	0	28	2196	0	1	0
6550	1	2	6	0	28	2196	0	1	0
6556	1	4	1	0	28	2196	0	1	0
6557	1	1	4	0	28	2196	0	1	0
6561	1	5	2	0	28	2196	0	1	0
6588	1	3	3	0	28	2196	0	1	0
6638	1	2	6	0	28	2196	0	1	0
6654	1	3	3	0	28	2196	0	1	0
6769	1	5	2	0	28	2196	0	1	0
6792	1	4	1	0	28	2196	0	1	0
6842	1	2	6	0	28	2196	0	1	0
6843	1	3	3	0	28	2196	0	1	0
6901	1	1	4	0	28	2196	0	1	0
6907	1	5	2	0	28	2196	0	1	0
6937	1	2	6	0	28	2196	0	1	0
6974	1	1	4	0	28	2196	0	1	0
6975	1	5	2	0	28	2196	0	1	0
7032	1	4	1	0	28	2196	0	1	0
7081	1	1	4	0	28	2196	0	1	0
7083	1	5	2	0	28	2196	0	1	0
7087	1	3	3	0	28	2196	0	1	0
7159	1	2	6	0	28	2196	0	1	0
7175	1	4	1	0	28	2196	0	1	0
7194	1	3	3	0	28	2196	0	1	0
7201	1	5	2	0	28	2196	0	1	0
7254	1	1	4	0	28	2196	0	1	0
7275	1	4	1	0	28	2196	0	1	0
7332	1	5	2	0	26	1836	0	1	0
7346	1	3	3	0	28	2196	0	1	0
7447	1	2	6	0	28	2196	0	1	0
7489	1	4	1	0	28	2196	0	1	0
7661	1	4	1	0	28	2196	0	1	0
7673	1	5	2	0	24	1620	0	1	0
7750	1	3	3	0	28	2196	0	1	0
7773	1	1	4	0	28	2196	0	1	0
7825	1	3	3	0	28	2196	0	1	0
7881	1	4	1	0	28	2196	0	1	0
7887	1	2	6	0	28	2196	0	1	0
7915	1	5	2	0	28	2196	0	1	0
8144	1	2	6	0	20	1191	0	1	0
8199	1	1	4	0	28	2196	0	1	0
8233	1	2	6	0	28	2196	0	1	0
8239	1	5	2	0	28	2196	0	1	0
8281	1	2	6	0	28	2196	0	1	0
8292	1	3	3	0	28	2196	0	1	0
8323	1	5	2	0	28	2196	0	1	0
8428	1	3	3	0	28	2196	0	1	0
8462	1	4	1	0	28	2196	0	1	0
8527	1	1	4	0	28	2196	0	1	0
8563	1	3	3	0	28	2196	0	1	0
8618	1	5	2	0	28	2196	0	1	0
8652	1	2	6	0	28	2196	0	1	0
8739	1	1	4	0	28	2196	0	1	0
8816	1	3	3	0	28	2196	0	1	0
8831	1	4	1	0	28	2196	0	1	0
8833	1	2	6	0	28	2196	0	1	0
8908	1	5	2	0	28	2196	0	1	0
9030	1	1	4	0	28	2196	0	1	0
9098	1	4	1	0	28	2196	0	1	0
9099	1	3	3	0	28	2196	0	1	0
9133	1	2	6	0	28	2196	0	1	0
9137	1	5	2	0	28	2196	0	1	0
9276	1	3	3	0	20	1191	0	1	0
9283	1	2	6	0	28	2196	0	1	0
9314	1	4	1	0	28	2196	0	1	0
9326	1	2	6	0	28	2196	0	1	0
9343	1	4	1	0	28	2196	0	1	0
9363	1	1	4	0	28	2196	0	1	0
9364	1	3	3	0	28	2196	0	1	0
9463	1	1	4	0	28	2196	0	1	0
9484	1	5	2	0	28	2196	0	1	0
9506	1	2	6	0	28	2196	0	1	0
9595	1	3	3	0	28	2196	0	1	0
9611	1	4	1	0	28	2196	0	1	0
9623	1	2	6	0	28	2196	0	1	0
9631	1	4	1	0	28	2196	0	1	0
9657	1	2	6	0	22	1383	0	1	0
9708	1	4	1	0	28	2196	0	1	0
9753	1	1	4	0	28	2196	0	1	0
9758	1	5	2	0	28	2196	0	1	0
9794	1	4	1	0	28	2196	0	1	0
9939	1	5	2	0	28	2196	0	1	0
10032	1	3	3	0	28	2196	0	1	0
10041	1	4	1	0	28	2196	0	1	0
10054	1	5	2	0	28	2196	0	1	0
10089	1	2	6	0	28	2196	0	1	0
10090	1	3	3	0	28	2196	0	1	0
10152	1	1	4	0	28	2196	0	1	0
10183	1	2	6	0	28	2196	0	1	0
10222	1	4	1	0	28	2196	0	1	0
10225	1	1	4	0	28	2196	0	1	0
10234	1	5	2	0	28	2196	0	1	0
10289	1	3	3	0	28	2196	0	1	0
10295	1	1	4	0	28	2196	0	1	0
10319	1	5	2	0	28	2196	0	1	0
10355	1	5	2	0	28	2196	0	1	0
10450	1	5	2	0	6	309	0	1	0
10457	1	3	3	0	20	1191	0	1	0
10499	1	5	2	0	28	2196	0	1	0
10503	1	1	4	0	28	2196	0	1	0
10507	1	2	6	0	28	2196	0	1	0
10533	1	5	2	0	28	2196	0	1	0
10586	1	4	1	0	28	2196	0	1	0
10658	1	3	3	0	28	2196	0	1	0
10718	1	4	1	0	28	2196	0	1	0
10889	1	4	1	0	28	2196	0	1	0
10901	1	5	2	0	28	2196	0	1	0
10936	1	4	1	0	28	2196	0	1	0
10958	1	2	6	0	28	2196	0	1	0
11080	1	1	4	0	28	2196	0	1	0
11123	1	3	3	0	28	2196	0	1	0
11131	1	2	6	0	28	2196	0	1	0
11153	1	4	1	0	28	2196	0	1	0
11170	1	3	3	0	28	2196	0	1	0
11180	1	5	2	0	28	2196	0	1	0
11257	1	2	6	0	28	2196	0	1	0
11262	1	1	4	0	28	2196	0	1	0
11372	1	5	2	0	28	2196	0	1	0
11376	1	3	3	0	28	2196	0	1	0
11415	1	1	4	0	28	2196	0	1	0
11453	1	1	4	0	28	2196	0	1	0
11457	1	5	2	0	28	2196	0	1	0
11502	1	3	3	0	28	2196	0	1	0
11551	1	5	2	0	28	2196	0	1	0
11555	1	2	6	0	28	2196	0	1	0
11692	1	4	1	0	28	2196	0	1	0
11740	1	4	1	0	28	2196	0	1	0
11778	1	4	1	0	28	2196	0	1	0
11784	1	1	4	0	28	2196	0	1	0
11785	1	3	3	0	28	2196	0	1	0
11919	1	3	3	0	28	2196	0	1	0
11958	1	3	3	0	28	2196	0	1	0
11971	1	5	2	0	28	2196	0	1	0
12030	1	2	6	0	26	1836	0	1	0
12063	1	1	4	0	28	2196	0	1	0
12110	1	4	1	0	28	2196	0	1	0
12115	1	2	6	0	28	2196	0	1	0
12222	1	4	1	0	28	2196	0	1	0
12233	1	1	4	0	28	2196	0	1	0
12236	1	2	6	0	28	2196	0	1	0
12277	1	5	2	0	28	2196	0	1	0
12337	1	2	6	0	28	2196	0	1	0
12367	1	5	2	0	28	2196	0	1	0
12378	1	1	4	0	28	2196	0	1	0
12415	1	4	1	0	28	2196	0	1	0
12433	1	4	1	0	28	2196	0	1	0
12512	1	2	6	0	28	2196	0	1	0
12536	1	1	4	0	28	2196	0	1	0
12580	1	4	1	0	28	2196	0	1	0
12588	1	1	4	0	28	2196	0	1	0
12625	1	2	6	0	28	2196	0	1	0
12641	1	3	3	0	28	2196	0	1	0
12671	1	1	4	0	28	2196	0	1	0
12808	1	3	3	0	28	2196	0	1	0
12822	1	2	6	0	28	2196	0	1	0
12844	1	5	2	0	28	2196	0	1	0
12884	1	1	4	0	24	1620	0	1	0
12923	1	3	3	0	28	2196	0	1	0
12969	1	3	3	0	28	2196	0	1	0
12990	1	2	6	0	28	2196	0	1	0
13031	1	5	2	0	28	2196	0	1	0
13087	1	3	3	0	28	2196	0	1	0
13109	1	1	4	0	28	2196	0	1	0
13144	1	2	6	0	28	2196	0	1	0
13158	1	4	1	0	28	2196	0	1	0
13177	1	3	3	0	28	2196	0	1	0
13181	1	5	2	0	28	2196	0	1	0
13235	1	3	3	0	28	2196	0	1	0
13267	1	2	6	0	28	2196	0	1	0
13319	1	2	6	0	28	2196	0	1	0
13351	1	5	2	0	28	2196	0	1	0
13397	1	5	2	0	28	2196	0	1	0
13436	1	4	1	0	28	2196	0	1	0
13471	1	1	4	0	28	2196	0	1	0
13569	1	5	2	0	28	2196	0	1	0
13697	1	5	2	0	24	1620	0	1	0
13763	1	2	6	0	28	2196	0	1	0
13790	1	4	1	0	28	2196	0	1	0
13794	1	2	6	0	28	2196	0	1	0
13852	1	2	6	0	28	2196	0	1	0
13872	1	1	4	0	28	2196	0	1	0
13876	1	5	2	0	28	2196	0	1	0
13905	1	4	1	0	28	2196	0	1	0
14000	1	2	6	0	28	2196	0	1	0
14003	1	1	4	0	28	2196	0	1	0
14098	1	5	2	0	28	2196	0	1	0
14128	1	4	1	0	28	2196	0	1	0
14138	1	3	3	0	28	2196	0	1	0
14163	1	2	6	0	28	2196	0	1	0
14177	1	4	1	0	28	2196	0	1	0
14228	1	1	4	0	28	2196	0	1	0
14239	1	4	1	0	28	2196	0	1	0
14295	1	2	6	0	28	2196	0	1	0
14309	1	1	4	0	28	2196	0	1	0
14388	1	5	2	0	28	2196	0	1	0
14442	1	4	1	0	28	2196	0	1	0
14506	1	2	6	0	28	2196	0	1	0
14566	1	4	1	0	28	2196	0	1	0
14643	1	5	2	0	28	2196	0	1	0
14650	1	1	4	0	28	2196	0	1	0
14680	1	2	6	0	28	2196	0	1	0
14689	1	5	2	0	28	2196	0	1	0
14731	1	4	1	0	28	2196	0	1	0
14740	1	4	1	0	28	2196	0	1	0
14743	1	3	3	0	28	2196	0	1	0
14745	1	2	6	0	28	2196	0	1	0
14823	1	2	6	0	28	2196	0	1	0
14862	1	4	1	0	28	2196	0	1	0
14901	1	3	3	0	28	2196	0	1	0
14905	1	5	2	0	28	2196	0	1	0
14939	1	4	1	0	28	2196	0	1	0
14989	1	3	3	0	28	2196	0	1	0
15001	1	1	4	0	28	2196	0	1	0
15018	1	2	6	0	28	2196	0	1	0
15051	1	5	2	0	28	2196	0	1	0
15150	1	5	2	0	28	2196	0	1	0
15184	1	1	4	0	28	2196	0	1	0
15252	1	4	1	0	28	2196	0	1	0
15287	1	3	3	0	28	2196	0	1	0
15347	1	1	4	0	28	2196	0	1	0
15352	1	4	1	0	28	2196	0	1	0
15355	1	2	6	0	28	2196	0	1	0
15361	1	5	2	0	28	2196	0	1	0
15391	1	3	3	0	28	2196	0	1	0
15426	1	4	1	0	28	2196	0	1	0
15455	1	1	4	0	28	2196	0	1	0
15464	1	5	2	0	28	2196	0	1	0
15483	1	3	3	0	28	2196	0	1	0
15576	1	1	4	0	28	2196	0	1	0
15636	1	2	6	0	28	2196	0	1	0
15666	1	1	4	0	28	2196	0	1	0
15677	1	4	1	0	28	2196	0	1	0
15828	1	5	2	0	28	2196	0	1	0
15830	1	2	6	0	28	2196	0	1	0
15975	1	4	1	0	28	2196	0	1	0
15985	1	4	1	0	28	2196	0	1	0
16036	1	5	2	0	28	2196	0	1	0
16044	1	2	6	0	28	2196	0	1	0
16061	1	1	4	0	28	2196	0	1	0
16088	1	3	3	0	24	1620	0	1	0
16128	1	4	1	0	28	2196	0	1	0
16176	1	2	6	0	28	2196	0	1	0
16211	1	5	2	0	28	2196	0	1	0
16287	1	1	4	0	28	2196	0	1	0
16313	1	2	6	0	28	2196	0	1	0
16328	1	1	4	0	28	2196	0	1	0
16346	1	1	4	0	28	2196	0	1	0
16362	1	5	2	0	28	2196	0	1	0
16450	1	4	1	0	28	2196	0	1	0
16483	1	5	2	0	24	1620	0	1	0
16509	1	3	3	0	28	2196	0	1	0
16555	1	2	6	0	28	2196	0	1	0
16568	1	4	1	0	28	2196	0	1	0
16627	1	1	4	0	28	2196	0	1	0
16648	1	3	3	0	28	2196	0	1	0
16731	1	5	2	0	28	2196	0	1	0
16766	1	5	2	0	28	2196	0	1	0
16792	1	2	6	0	28	2196	0	1	0
16856	1	4	1	0	28	2196	0	1	0
16866	1	5	2	0	28	2196	0	1	0
16890	1	2	6	0	28	2196	0	1	0
16920	1	3	3	0	28	2196	0	1	0
16984	1	4	1	0	28	2196	0	1	0
16997	1	2	6	0	24	1620	0	1	0
17004	1	4	1	0	28	2196	0	1	0
17067	1	1	4	0	28	2196	0	1	0
17069	1	2	6	0	28	2196	0	1	0
17121	1	4	1	0	28	2196	0	1	0
17177	1	1	4	0	26	1836	0	1	0
17203	1	5	2	0	28	2196	0	1	0
17313	1	2	6	0	28	2196	0	1	0
17326	1	4	1	0	28	2196	0	1	0
17343	1	5	2	0	28	2196	0	1	0
17351	1	3	3	0	28	2196	0	1	0
17396	1	5	2	0	28	2196	0	1	0
17482	1	4	1	0	28	2196	0	1	0
17532	1	2	6	0	28	2196	0	1	0
17542	1	3	3	0	28	2196	0	1	0
17587	1	5	2	0	28	2196	0	1	0
17598	1	1	4	0	24	1620	0	1	0
17700	1	1	4	0	28	2196	0	1	0
17724	1	3	3	0	28	2196	0	1	0
17749	1	4	1	0	28	2196	0	1	0
17820	1	3	3	0	28	2196	0	1	0
17913	1	5	2	0	28	2196	0	1	0
18031	1	1	4	0	28	2196	0	1	0
18183	1	3	3	0	28	2196	0	1	0
18257	1	2	6	0	28	2196	0	1	0
18288	1	3	3	0	28	2196	0	1	0
18312	1	4	1	0	28	2196	0	1	0
18337	1	4	1	0	28	2196	0	1	0
18390	1	1	4	0	28	2196	0	1	0
18428	1	1	4	0	28	2196	0	1	0
18447	1	4	1	0	28	2196	0	1	0
18497	1	1	4	0	26	1836	0	1	0
18498	1	4	1	0	28	2196	0	1	0
18506	1	5	2	0	28	2196	0	1	0
18530	1	2	6	0	28	2196	0	1	0
18592	1	3	3	0	28	2196	0	1	0
18629	1	1	4	0	28	2196	0	1	0
18662	1	4	1	0	28	2196	0	1	0
18722	1	1	4	0	28	2196	0	1	0
18736	1	4	1	0	28	2196	0	1	0
18782	1	2	6	0	28	2196	0	1	0
18786	1	5	2	0	28	2196	0	1	0
18870	1	3	3	0	28	2196	0	1	0
18920	1	1	4	0	28	2196	0	1	0
18923	1	3	3	0	28	2196	0	1	0
18951	1	1	4	0	28	2196	0	1	0
18972	1	2	6	0	28	2196	0	1	0
19002	1	5	2	0	28	2196	0	1	0
19040	1	4	1	0	28	2196	0	1	0
19047	1	3	3	0	28	2196	0	1	0
19051	1	1	4	0	28	2196	0	1	0
19172	1	5	2	0	20	1191	0	1	0
19222	1	4	1	0	28	2196	0	1	0
19249	1	2	6	0	28	2196	0	1	0
19276	1	5	2	0	28	2196	0	1	0
19305	1	5	2	0	28	2196	0	1	0
19329	1	2	6	0	24	1620	0	1	0
19441	1	1	4	0	28	2196	0	1	0
19507	1	4	1	0	28	2196	0	1	0
19516	1	5	2	0	28	2196	0	1	0
19558	1	2	6	0	22	1383	0	1	0
19584	1	2	6	0	28	2196	0	1	0
19585	1	5	2	0	28	2196	0	1	0
19717	1	2	6	0	28	2196	0	1	0
19809	1	5	2	0	28	2196	0	1	0
19817	1	3	3	0	28	2196	0	1	0
19855	1	1	4	0	28	2196	0	1	0
19866	1	3	3	0	28	2196	0	1	0
19906	1	4	1	0	28	2196	0	1	0
19935	1	5	2	0	28	2196	0	1	0
19957	1	1	4	0	28	2196	0	1	0
20014	1	1	4	0	28	2196	0	1	0
20070	1	5	2	0	28	2196	0	1	0
20124	1	3	3	0	28	2196	0	1	0
20143	1	4	1	0	28	2196	0	1	0
20163	1	5	2	0	28	2196	0	1	0
20236	1	3	3	0	28	2196	0	1	0
20317	1	2	6	0	28	2196	0	1	0
20424	1	3	3	0	28	2196	0	1	0
20447	1	2	6	0	28	2196	0	1	0
20451	1	1	4	0	28	2196	0	1	0
20498	1	4	1	0	28	2196	0	1	0
20616	1	3	3	0	28	2196	0	1	0
20642	1	4	1	0	28	2196	0	1	0
20655	1	2	6	0	28	2196	0	1	0
20675	1	5	2	0	28	2196	0	1	0
20693	1	1	4	0	28	2196	0	1	0
20743	1	5	2	0	28	2196	0	1	0
20756	1	3	3	0	28	2196	0	1	0
20777	1	2	6	0	28	2196	0	1	0
20867	1	2	6	0	28	2196	0	1	0
20894	1	3	3	0	28	2196	0	1	0
20899	1	4	1	0	28	2196	0	1	0
20917	1	1	4	0	28	2196	0	1	0
20950	1	3	3	0	28	2196	0	1	0
20977	1	5	2	0	20	1191	0	1	0
21051	1	3	3	0	28	2196	0	1	0
21054	1	4	1	0	28	2196	0	1	0
21196	1	3	3	0	28	2196	0	1	0
21229	1	1	4	0	28	2196	0	1	0
21306	1	4	1	0	28	2196	0	1	0
21330	1	1	4	0	28	2196	0	1	0
21337	1	2	6	0	28	2196	0	1	0
21415	1	5	2	0	20	1191	0	1	0
21443	1	4	1	0	28	2196	0	1	0
21494	1	2	6	0	28	2196	0	1	0
21505	1	1	4	0	28	2196	0	1	0
21571	1	5	2	0	28	2196	0	1	0
21610	1	2	6	0	28	2196	0	1	0
21626	1	3	3	0	28	2196	0	1	0
21642	1	1	4	0	28	2196	0	1	0
21729	1	3	3	0	28	2196	0	1	0
21738	1	5	2	0	28	2196	0	1	0
21749	1	1	4	0	28	2196	0	1	0
21822	1	1	4	0	28	2196	0	1	0
21861	1	2	6	0	28	2196	0	1	0
21884	1	4	1	0	28	2196	0	1	0
21885	1	3	3	0	28	2196	0	1	0
21948	1	1	4	0	28	2196	0	1	0
21989	1	1	4	0	28	2196	0	1	0
22003	1	2	6	0	28	2196	0	1	0
22009	1	4	1	0	28	2196	0	1	0
22028	1	4	1	0	28	2196	0	1	0
22069	1	5	2	0	28	2196	0	1	0
22121	1	3	3	0	28	2196	0	1	0
22154	1	4	1	0	28	2196	0	1	0
22192	1	1	4	0	26	1836	0	1	0
22244	1	4	1	0	28	2196	0	1	0
22415	1	4	1	0	28	2196	0	1	0
22416	1	5	2	0	24	1620	0	1	0
22532	1	3	3	0	28	2196	0	1	0
22577	1	4	1	0	28	2196	0	1	0
22592	1	2	6	0	28	2196	0	1	0
22691	1	5	2	0	28	2196	0	1	0
22732	1	2	6	0	28	2196	0	1	0
22775	1	1	4	0	28	2196	0	1	0
22789	1	3	3	0	28	2196	0	1	0
22865	1	2	6	0	28	2196	0	1	0
22866	1	4	1	0	28	2196	0	1	0
22881	1	1	4	0	28	2196	0	1	0
22898	1	5	2	0	28	2196	0	1	0
22906	1	3	3	0	28	2196	0	1	0
23035	1	2	6	0	28	2196	0	1	0
23038	1	4	1	0	28	2196	0	1	0
23040	1	5	2	0	28	2196	0	1	0
23075	1	4	1	0	28	2196	0	1	0
23076	1	3	3	0	28	2196	0	1	0
23129	1	2	6	0	28	2196	0	1	0
23165	1	2	6	0	28	2196	0	1	0
23199	1	3	3	0	28	2196	0	1	0
23229	1	4	1	0	28	2196	0	1	0
23241	1	3	3	0	28	2196	0	1	0
23258	1	1	4	0	28	2196	0	1	0
23300	1	4	1	0	28	2196	0	1	0
23325	1	3	3	0	28	2196	0	1	0
23331	1	1	4	0	28	2196	0	1	0
23348	1	5	2	0	28	2196	0	1	0
23379	1	3	3	0	28	2196	0	1	0
23394	1	2	6	0	28	2196	0	1	0
23427	1	1	4	0	12	597	0	1	0
23448	1	1	4	0	26	1836	0	1	0
23487	1	4	1	0	28	2196	0	1	0
23505	1	2	6	0	28	2196	0	1	0
23540	1	5	2	0	28	2196	0	1	0
23567	1	1	4	0	28	2196	0	1	0
23590	1	2	6	0	24	1620	0	1	0
23658	1	1	4	0	28	2196	0	1	0
23674	1	4	1	0	28	2196	0	1	0
23695	1	4	1	0	28	2196	0	1	0
23781	1	5	2	0	28	2196	0	1	0
23802	1	2	6	0	28	2196	0	1	0
23826	1	4	1	0	28	2196	0	1	0
23865	1	1	4	0	28	2196	0	1	0
23975	1	1	4	0	28	2196	0	1	0
23998	1	3	3	0	28	2196	0	1	0
24049	1	1	4	0	28	2196	0	1	0
24083	1	2	6	0	28	2196	0	1	0
24124	1	3	3	0	28	2196	0	1	0
24169	1	2	6	0	28	2196	0	1	0
24254	1	5	2	0	28	2196	0	1	0
24271	1	2	6	0	28	2196	0	1	0
24306	1	5	2	0	28	2196	0	1	0
24346	1	4	1	0	28	2196	0	1	0
24390	1	1	4	0	28	2196	0	1	0
24420	1	1	4	0	28	2196	0	1	0
24438	1	3	3	0	28	2196	0	1	0
24526	1	4	1	0	28	2196	0	1	0
24544	1	5	2	0	28	2196	0	1	0
24585	1	1	4	0	28	2196	0	1	0
24590	1	4	1	0	28	2196	0	1	0
24608	1	2	6	0	28	2196	0	1	0
24615	1	5	2	0	28	2196	0	1	0
24724	1	4	1	0	28	2196	0	1	0
24742	1	4	1	0	28	2196	0	1	0
24745	1	5	2	0	28	2196	0	1	0
24747	1	3	3	0	28	2196	0	1	0
24771	1	2	6	0	28	2196	0	1	0
24777	1	1	4	0	28	2196	0	1	0
24799	1	3	3	0	28	2196	0	1	0
24888	1	4	1	0	28	2196	0	1	0
24911	1	1	4	0	28	2196	0	1	0
24958	1	2	6	0	28	2196	0	1	0
24986	1	5	2	0	28	2196	0	1	0
25012	1	4	1	0	28	2196	0	1	0
25068	1	3	3	0	28	2196	0	1	0
25102	1	4	1	0	28	2196	0	1	0
25163	1	4	1	0	28	2196	0	1	0
25172	1	1	4	0	28	2196	0	1	0
25194	1	1	4	0	28	2196	0	1	0
25292	1	5	2	0	22	1383	0	1	0
25368	1	2	6	0	28	2196	0	1	0
25396	1	1	4	0	28	2196	0	1	0
25438	1	5	2	0	28	2196	0	1	0
25516	1	2	6	0	28	2196	0	1	0
25568	1	1	4	0	28	2196	0	1	0
25626	1	5	2	0	28	2196	0	1	0
25632	1	4	1	0	28	2196	0	1	0
25649	1	1	4	0	28	2196	0	1	0
25788	1	1	4	0	28	2196	0	1	0
25806	1	5	2	0	28	2196	0	1	0
25893	1	4	1	0	28	2196	0	1	0
25950	1	1	4	0	28	2196	0	1	0
25953	1	5	2	0	28	2196	0	1	0
25980	1	1	4	0	18	967	0	1	0
26010	1	4	1	0	28	2196	0	1	0
26055	1	3	3	0	28	2196	0	1	0
26174	1	5	2	0	28	2196	0	1	0
26253	1	1	4	0	28	2196	0	1	0
26288	1	4	1	0	28	2196	0	1	0
26313	1	3	3	0	28	2196	0	1	0
26401	1	3	3	0	28	2196	0	1	0
26420	1	1	4	0	28	2196	0	1	0
26508	1	3	3	0	28	2196	0	1	0
26516	1	4	1	0	28	2196	0	1	0
26572	1	5	2	0	28	2196	0	1	0
26625	1	3	3	0	28	2196	0	1	0
26680	1	2	6	0	22	1383	0	1	0
26683	1	4	1	0	28	2196	0	1	0
26705	1	5	2	0	28	2196	0	1	0
26736	1	1	4	0	28	2196	0	1	0
26743	1	4	1	0	28	2196	0	1	0
26796	1	1	4	0	20	1191	0	1	0
26850	1	3	3	0	28	2196	0	1	0
26960	1	3	3	0	28	2196	0	1	0
26972	1	2	6	0	28	2196	0	1	0
26990	1	3	3	0	28	2196	0	1	0
27120	1	3	3	0	28	2196	0	1	0
27168	1	5	2	0	28	2196	0	1	0
27175	1	2	6	0	28	2196	0	1	0
27176	1	4	1	0	28	2196	0	1	0
27188	1	5	2	0	28	2196	0	1	0
27196	1	2	6	0	28	2196	0	1	0
27224	1	1	4	0	28	2196	0	1	0
27291	1	5	2	0	28	2196	0	1	0
27332	1	1	4	0	28	2196	0	1	0
27351	1	4	1	0	28	2196	0	1	0
27395	1	3	3	0	28	2196	0	1	0
27462	1	2	6	0	28	2196	0	1	0
27474	1	4	1	0	28	2196	0	1	0
27513	1	1	4	0	28	2196	0	1	0
27607	1	3	3	0	28	2196	0	1	0
27665	1	1	4	0	24	1620	0	1	0
27678	1	2	6	0	28	2196	0	1	0
27695	1	4	1	0	28	2196	0	1	0
27755	1	2	6	0	28	2196	0	1	0
27764	1	1	4	0	28	2196	0	1	0
27791	1	1	4	0	28	2196	0	1	0
27856	1	4	1	0	28	2196	0	1	0
27860	1	3	3	0	28	2196	0	1	0
27917	1	3	3	0	28	2196	0	1	0
27934	1	4	1	0	28	2196	0	1	0
28070	1	1	4	0	28	2196	0	1	0
28075	1	5	2	0	28	2196	0	1	0
28113	1	3	3	0	28	2196	0	1	0
28147	1	1	4	0	28	2196	0	1	0
28161	1	3	3	0	28	2196	0	1	0
28173	1	1	4	0	26	1836	0	1	0
28234	1	4	1	0	28	2196	0	1	0
28238	1	2	6	0	28	2196	0	1	0
28289	1	3	3	0	28	2196	0	1	0
28307	1	5	2	0	28	2196	0	1	0
28356	1	1	4	0	28	2196	0	1	0
28386	1	2	6	0	28	2196	0	1	0
28445	1	3	3	0	28	2196	0	1	0
28449	1	5	2	0	28	2196	0	1	0
28501	1	2	6	0	28	2196	0	1	0
28594	1	4	1	0	28	2196	0	1	0
28620	1	5	2	0	28	2196	0	1	0
28647	1	2	6	0	28	2196	0	1	0
28657	1	1	4	0	28	2196	0	1	0
28661	1	3	3	0	28	2196	0	1	0
28789	1	5	2	0	28	2196	0	1	0
28790	1	1	4	0	28	2196	0	1	0
28831	1	4	1	0	28	2196	0	1	0
28869	1	3	3	0	28	2196	0	1	0
28882	1	5	2	0	28	2196	0	1	0
28894	1	1	4	0	28	2196	0	1	0
28949	1	4	1	0	28	2196	0	1	0
29052	1	5	2	0	28	2196	0	1	0
29061	1	1	4	0	28	2196	0	1	0
29167	1	4	1	0	28	2196	0	1	0
29223	1	2	6	0	28	2196	0	1	0
29233	1	5	2	0	28	2196	0	1	0
29327	1	5	2	0	28	2196	0	1	0
29358	1	3	3	0	28	2196	0	1	0
29450	1	1	4	0	28	2196	0	1	0
29474	1	3	3	0	28	2196	0	1	0
29514	1	5	2	0	28	2196	0	1	0
29614	1	4	1	0	28	2196	0	1	0
29653	1	5	2	0	28	2196	0	1	0
29685	1	1	4	0	28	2196	0	1	0
29709	1	5	2	0	28	2196	0	1	0
29753	1	4	1	0	28	2196	0	1	0
29769	1	1	4	0	28	2196	0	1	0
29791	1	1	4	0	28	2196	0	1	0
29795	1	3	3	0	28	2196	0	1	0
29864	1	2	6	0	28	2196	0	1	0
29971	1	3	3	0	28	2196	0	1	0
29999	1	4	1	0	28	2196	0	1	0
30034	1	3	3	0	28	2196	0	1	0
30036	1	1	4	0	28	2196	0	1	0
30055	1	5	2	0	28	2196	0	1	0
30058	1	1	4	0	28	2196	0	1	0
30179	1	4	1	0	28	2196	0	1	0
30235	1	1	4	0	28	2196	0	1	0
30334	1	1	4	0	22	1383	0	1	0
30364	1	5	2	0	28	2196	0	1	0
30461	1	2	6	0	28	2196	0	1	0
30470	1	5	2	0	28	2196	0	1	0
30503	1	2	6	0	28	2196	0	1	0
30560	1	4	1	0	28	2196	0	1	0
30608	1	1	4	0	28	2196	0	1	0
30620	1	2	6	0	28	2196	0	1	0
30623	1	4	1	0	28	2196	0	1	0
30670	1	2	6	0	28	2196	0	1	0
30673	1	1	4	0	28	2196	0	1	0
30691	1	5	2	0	28	2196	0	1	0
30724	1	3	3	0	28	2196	0	1	0
30757	1	4	1	0	28	2196	0	1	0
30832	1	1	4	0	28	2196	0	1	0
30876	1	5	2	0	28	2196	0	1	0
30917	1	3	3	0	28	2196	0	1	0
30932	1	5	2	0	28	2196	0	1	0
30944	1	4	1	0	28	2196	0	1	0
31012	1	1	4	0	28	2196	0	1	0
31074	1	2	6	0	28	2196	0	1	0
31089	1	5	2	0	28	2196	0	1	0
31099	1	1	4	0	28	2196	0	1	0
31108	1	3	3	0	28	2196	0	1	0
31128	1	2	6	0	28	2196	0	1	0
31221	1	1	4	0	28	2196	0	1	0
31295	1	2	6	0	28	2196	0	1	0
31305	1	1	4	0	28	2196	0	1	0
31306	1	2	6	0	28	2196	0	1	0
31308	1	3	3	0	28	2196	0	1	0
31408	1	5	2	0	28	2196	0	1	0
31428	1	2	6	0	28	2196	0	1	0
31468	1	4	1	0	28	2196	0	1	0
31471	1	1	4	0	28	2196	0	1	0
31529	1	4	1	0	28	2196	0	1	0
31545	1	2	6	0	28	2196	0	1	0
31609	1	2	6	0	28	2196	0	1	0
31728	1	1	4	0	28	2196	0	1	0
31758	1	4	1	0	28	2196	0	1	0
31806	1	3	3	0	28	2196	0	1	0
31865	1	2	6	0	28	2196	0	1	0
31904	1	5	2	0	28	2196	0	1	0
31906	1	4	1	0	28	2196	0	1	0
31907	1	2	6	0	28	2196	0	1	0
31939	1	1	4	0	28	2196	0	1	0
31945	1	3	3	0	28	2196	0	1	0
32026	1	1	4	0	28	2196	0	1	0
32105	1	2	6	0	28	2196	0	1	0
32114	1	4	1	0	28	2196	0	1	0
32169	1	5	2	0	28	2196	0	1	0
32213	1	4	1	0	28	2196	0	1	0
32262	1	3	3	0	28	2196	0	1	0
32273	1	5	2	0	18	967	0	1	0
32296	1	4	1	0	28	2196	0	1	0
32367	1	3	3	0	28	2196	0	1	0
32446	1	2	6	0	28	2196	0	1	0
32458	1	3	3	0	28	2196	0	1	0
32503	1	4	1	0	28	2196	0	1	0
32540	1	5	2	0	28	2196	0	1	0
32657	1	4	1	0	28	2196	0	1	0
32665	1	3	3	0	28	2196	0	1	0
32697	1	2	6	0	28	2196	0	1	0
32727	1	2	6	0	28	2196	0	1	0
32767	1	4	1	0	28	2196	0	1	0
32776	1	5	2	0	28	2196	0	1	0
32822	1	4	1	0	28	2196	0	1	0
32908	1	1	4	0	28	2196	0	1	0
32921	1	4	1	0	28	2196	0	1	0
32947	1	3	3	0	28	2196	0	1	0
32973	1	4	1	0	28	2196	0	1	0
33034	1	1	4	0	28	2196	0	1	0
33076	1	2	6	0	28	2196	0	1	0
33086	1	4	1	0	28	2196	0	1	0
33095	1	1	4	0	28	2196	0	1	0
33161	1	3	3	0	28	2196	0	1	0
33234	1	1	4	0	14	775	0	1	0
33239	1	2	6	0	28	2196	0	1	0
33263	1	4	1	0	28	2196	0	1	0
33269	1	1	4	0	28	2196	0	1	0
33337	1	1	4	0	28	2196	0	1	0
33400	1	1	4	0	28	2196	0	1	0
33413	1	1	4	0	28	2196	0	1	0
33421	1	5	2	0	28	2196	0	1	0
33450	1	4	1	0	28	2196	0	1	0
33495	1	3	3	0	28	2196	0	1	0
33522	1	2	6	0	28	2196	0	1	0
33534	1	3	3	0	28	2196	0	1	0
33610	1	2	6	0	28	2196	0	1	0
33616	1	5	2	0	28	2196	0	1	0
33623	1	3	3	0	28	2196	0	1	0
33681	1	2	6	0	28	2196	0	1	0
33719	1	1	4	0	28	2196	0	1	0
33737	1	5	2	0	28	2196	0	1	0
33781	1	2	6	0	20	1191	0	1	0
33791	1	1	4	0	28	2196	0	1	0
33830	1	1	4	0	28	2196	0	1	0
33835	1	2	6	0	28	2196	0	1	0
33848	1	5	2	0	28	2196	0	1	0
33849	1	4	1	0	28	2196	0	1	0
34024	1	2	6	0	28	2196	0	1	0
34083	1	4	1	0	28	2196	0	1	0
34102	1	5	2	0	28	2196	0	1	0
34109	1	3	3	0	28	2196	0	1	0
34177	1	1	4	0	28	2196	0	1	0
34187	1	4	1	0	28	2196	0	1	0
34251	1	3	3	0	28	2196	0	1	0
34292	1	5	2	0	28	2196	0	1	0
34299	1	1	4	0	28	2196	0	1	0
34327	1	3	3	0	28	2196	0	1	0
34371	1	5	2	0	28	2196	0	1	0
34403	1	4	1	0	28	2196	0	1	0
34506	1	1	4	0	28	2196	0	1	0
34511	1	2	6	0	28	2196	0	1	0
34517	1	3	3	0	28	2196	0	1	0
34525	1	4	1	0	28	2196	0	1	0
34562	1	5	2	0	28	2196	0	1	0
34579	1	3	3	0	28	2196	0	1	0
34641	1	3	3	0	28	2196	0	1	0
34675	1	2	6	0	26	1836	0	1	0
34775	1	4	1	0	28	2196	0	1	0
34836	1	4	1	0	28	2196	0	1	0
34849	1	4	1	0	28	2196	0	1	0
34913	1	4	1	0	28	2196	0	1	0
34921	1	5	2	0	28	2196	0	1	0
34978	1	4	1	0	28	2196	0	1	0
34983	1	3	3	0	28	2196	0	1	0
35083	1	1	4	0	28	2196	0	1	0
35091	1	4	1	0	28	2196	0	1	0
35136	1	2	6	0	28	2196	0	1	0
35363	1	5	2	0	28	2196	0	1	0
35394	1	2	6	0	28	2196	0	1	0
35410	1	1	4	0	28	2196	0	1	0
35507	1	4	1	0	28	2196	0	1	0
35521	1	1	4	0	28	2196	0	1	0
35522	1	3	3	0	28	2196	0	1	0
35546	1	4	1	0	28	2196	0	1	0
35558	1	5	2	0	28	2196	0	1	0
35565	1	2	6	0	28	2196	0	1	0
35702	1	1	4	0	28	2196	0	1	0
35723	1	5	2	0	28	2196	0	1	0
35730	1	3	3	0	28	2196	0	1	0
35831	1	5	2	0	28	2196	0	1	0
35833	1	2	6	0	28	2196	0	1	0
35943	1	3	3	0	28	2196	0	1	0
35949	1	4	1	0	28	2196	0	1	0
36019	1	3	3	0	28	2196	0	1	0
36021	1	1	4	0	28	2196	0	1	0
36101	1	2	6	0	28	2196	0	1	0
36142	1	1	4	0	28	2196	0	1	0
36171	1	4	1	0	28	2196	0	1	0
36219	1	1	4	0	28	2196	0	1	0
36250	1	3	3	0	28	2196	0	1	0
36269	1	2	6	0	28	2196	0	1	0
36274	1	4	1	0	28	2196	0	1	0
36285	1	3	3	0	28	2196	0	1	0
36359	1	5	2	0	28	2196	0	1	0
36381	1	1	4	0	28	2196	0	1	0
36450	1	4	1	0	28	2196	0	1	0
36475	1	2	6	0	28	2196	0	1	0
36492	1	1	4	0	28	2196	0	1	0
36513	1	3	3	0	28	2196	0	1	0
36546	1	4	1	0	28	2196	0	1	0
36567	1	3	3	0	28	2196	0	1	0
36637	1	3	3	0	28	2196	0	1	0
36688	1	5	2	0	20	1191	0	1	0
36777	1	3	3	0	28	2196	0	1	0
36786	1	2	6	0	24	1620	0	1	0
36855	1	4	1	0	28	2196	0	1	0
36903	1	1	4	0	28	2196	0	1	0
36951	1	2	6	0	28	2196	0	1	0
36979	1	1	4	0	28	2196	0	1	0
36981	1	4	1	0	28	2196	0	1	0
37030	1	2	6	0	28	2196	0	1	0
37051	1	1	4	0	28	2196	0	1	0
37109	1	1	4	0	28	2196	0	1	0
37114	1	5	2	0	28	2196	0	1	0
37120	1	4	1	0	28	2196	0	1	0
37157	1	2	6	0	28	2196	0	1	0
37211	1	3	3	0	28	2196	0	1	0
37261	1	4	1	0	28	2196	0	1	0
37266	1	3	3	0	28	2196	0	1	0
37304	1	4	1	0	28	2196	0	1	0
37335	1	1	4	0	28	2196	0	1	0
37370	1	2	6	0	28	2196	0	1	0
37414	1	5	2	0	28	2196	0	1	0
37444	1	4	1	0	28	2196	0	1	0
37460	1	2	6	0	28	2196	0	1	0
37477	1	2	6	0	28	2196	0	1	0
37538	1	5	2	0	28	2196	0	1	0
37548	1	3	3	0	28	2196	0	1	0
37623	1	3	3	0	28	2196	0	1	0
37702	1	1	4	0	28	2196	0	1	0
37776	1	2	6	0	28	2196	0	1	0
37869	1	4	1	0	28	2196	0	1	0
37875	1	1	4	0	28	2196	0	1	0
37898	1	3	3	0	28	2196	0	1	0
37928	1	2	6	0	28	2196	0	1	0
37985	1	5	2	0	26	1836	0	1	0
38027	1	4	1	0	28	2196	0	1	0
38090	1	5	2	0	28	2196	0	1	0
38186	1	5	2	0	28	2196	0	1	0
38250	1	4	1	0	28	2196	0	1	0
38254	1	1	4	0	28	2196	0	1	0
38340	1	3	3	0	28	2196	0	1	0
38357	1	1	4	0	22	1383	0	1	0
38384	1	2	6	0	28	2196	0	1	0
38408	1	3	3	0	28	2196	0	1	0
38469	1	4	1	0	28	2196	0	1	0
38481	1	1	4	0	28	2196	0	1	0
38542	1	5	2	0	28	2196	0	1	0
38556	1	3	3	0	28	2196	0	1	0
38647	1	4	1	0	28	2196	0	1	0
38657	1	1	4	0	28	2196	0	1	0
38667	1	1	4	0	26	1836	0	1	0
38703	1	1	4	0	28	2196	0	1	0
38858	1	1	4	0	28	2196	0	1	0
38900	1	4	1	0	28	2196	0	1	0
38906	1	3	3	0	28	2196	0	1	0
38945	1	4	1	0	24	1620	0	1	0
38991	1	5	2	0	28	2196	0	1	0
39025	1	5	2	0	28	2196	0	1	0
39042	1	1	4	0	28	2196	0	1	0
39130	1	1	4	0	28	2196	0	1	0
39181	1	5	2	0	28	2196	0	1	0
39252	1	4	1	0	28	2196	0	1	0
39295	1	3	3	0	28	2196	0	1	0
39337	1	5	2	0	28	2196	0	1	0
39445	1	2	6	0	28	2196	0	1	0
39481	1	1	4	0	28	2196	0	1	0
39485	1	4	1	0	28	2196	0	1	0
39488	1	3	3	0	28	2196	0	1	0
39513	1	5	2	0	28	2196	0	1	0
39572	1	3	3	0	28	2196	0	1	0
39586	1	4	1	0	28	2196	0	1	0
39595	1	2	6	0	28	2196	0	1	0
39614	1	1	4	0	28	2196	0	1	0
39653	1	4	1	0	28	2196	0	1	0
39706	1	2	6	0	28	2196	0	1	0
39720	1	1	4	0	28	2196	0	1	0
39730	1	4	1	0	28	2196	0	1	0
39753	1	3	3	0	28	2196	0	1	0
39756	1	1	4	0	28	2196	0	1	0
39817	1	4	1	0	28	2196	0	1	0
39822	1	3	3	0	28	2196	0	1	0
39826	1	2	6	0	28	2196	0	1	0
39872	1	1	4	0	28	2196	0	1	0
39881	1	5	2	0	28	2196	0	1	0
39971	1	3	3	0	28	2196	0	1	0
39990	1	4	1	0	28	2196	0	1	0
40037	1	1	4	0	24	1620	0	1	0
40077	1	3	3	0	28	2196	0	1	0
40095	1	4	1	0	28	2196	0	1	0
40149	1	4	1	0	28	2196	0	1	0
40183	1	5	2	0	28	2196	0	1	0
40221	1	5	2	0	28	2196	0	1	0
40236	1	1	4	0	28	2196	0	1	0
40249	1	2	6	0	28	2196	0	1	0
40268	1	3	3	0	28	2196	0	1	0
40282	1	5	2	0	28	2196	0	1	0
40323	1	4	1	0	28	2196	0	1	0
40374	1	3	3	0	28	2196	0	1	0
40378	1	4	1	0	28	2196	0	1	0
40434	1	2	6	0	28	2196	0	1	0
40517	1	2	6	0	28	2196	0	1	0
40565	1	4	1	0	28	2196	0	1	0
40614	1	3	3	0	28	2196	0	1	0
40671	1	2	6	0	28	2196	0	1	0
40677	1	1	4	0	28	2196	0	1	0
40681	1	1	4	0	28	2196	0	1	0
40696	1	4	1	0	28	2196	0	1	0
40705	1	3	3	0	28	2196	0	1	0
40822	1	1	4	0	28	2196	0	1	0
40831	1	5	2	0	28	2196	0	1	0
40863	1	4	1	0	28	2196	0	1	0
40877	1	2	6	0	28	2196	0	1	0
40946	1	1	4	0	28	2196	0	1	0
40975	1	4	1	0	28	2196	0	1	0
40991	1	5	2	0	28	2196	0	1	0
41024	1	3	3	0	28	2196	0	1	0
41104	1	2	6	0	28	2196	0	1	0
41135	1	2	6	0	28	2196	0	1	0
41194	1	2	6	0	28	2196	0	1	0
41200	1	5	2	0	28	2196	0	1	0
41291	1	1	4	0	28	2196	0	1	0
41328	1	3	3	0	28	2196	0	1	0
41378	1	4	1	0	28	2196	0	1	0
41386	1	2	6	0	28	2196	0	1	0
41432	1	3	3	0	28	2196	0	1	0
41468	1	5	2	0	28	2196	0	1	0
41478	1	3	3	0	28	2196	0	1	0
41501	1	2	6	0	28	2196	0	1	0
41678	1	3	3	0	28	2196	0	1	0
41685	1	2	6	0	28	2196	0	1	0
41725	1	1	4	0	28	2196	0	1	0
41772	1	4	1	0	28	2196	0	1	0
41775	1	5	2	0	28	2196	0	1	0
41899	1	3	3	0	28	2196	0	1	0
42034	1	2	6	0	28	2196	0	1	0
42132	1	5	2	0	28	2196	0	1	0
42152	1	3	3	0	28	2196	0	1	0
42180	1	1	4	0	28	2196	0	1	0
42226	1	4	1	0	28	2196	0	1	0
42251	1	5	2	0	28	2196	0	1	0
42288	1	1	4	0	28	2196	0	1	0
42324	1	4	1	0	28	2196	0	1	0
42334	1	2	6	0	28	2196	0	1	0
42355	1	1	4	0	28	2196	0	1	0
42405	1	4	1	0	28	2196	0	1	0
42484	1	3	3	0	28	2196	0	1	0
42499	1	4	1	0	28	2196	0	1	0
42526	1	5	2	0	28	2196	0	1	0
42527	1	1	4	0	28	2196	0	1	0
42612	1	4	1	0	28	2196	0	1	0
42622	1	4	1	0	28	2196	0	1	0
42627	1	2	6	0	28	2196	0	1	0
42629	1	3	3	0	28	2196	0	1	0
42632	1	5	2	0	28	2196	0	1	0
42658	1	2	6	0	28	2196	0	1	0
42747	1	4	1	0	28	2196	0	1	0
42834	1	2	6	0	28	2196	0	1	0
42839	1	3	3	0	28	2196	0	1	0
42890	1	3	3	0	28	2196	0	1	0
42899	1	4	1	0	28	2196	0	1	0
42901	1	1	4	0	28	2196	0	1	0
43021	1	4	1	0	28	2196	0	1	0
43062	1	5	2	0	28	2196	0	1	0
43093	1	3	3	0	28	2196	0	1	0
43102	1	4	1	0	28	2196	0	1	0
43154	1	4	1	0	28	2196	0	1	0
43183	1	2	6	0	28	2196	0	1	0
43188	1	5	2	0	28	2196	0	1	0
43229	1	3	3	0	28	2196	0	1	0
43243	1	4	1	0	28	2196	0	1	0
43272	1	5	2	0	28	2196	0	1	0
43312	1	3	3	0	28	2196	0	1	0
43313	1	5	2	0	22	1383	0	1	0
43368	1	2	6	0	20	1191	0	1	0
43394	1	2	6	0	12	597	0	1	0
43412	1	5	2	0	28	2196	0	1	0
43529	1	3	3	0	28	2196	0	1	0
43600	1	1	4	0	28	2196	0	1	0
43646	1	1	4	0	28	2196	0	1	0
43691	1	3	3	0	28	2196	0	1	0
43750	1	2	6	0	26	1836	0	1	0
43762	1	4	1	0	28	2196	0	1	0
43788	1	5	2	0	28	2196	0	1	0
43850	1	1	4	0	28	2196	0	1	0
43899	1	1	4	0	28	2196	0	1	0
44004	1	3	3	0	28	2196	0	1	0
44007	1	1	4	0	28	2196	0	1	0
44019	1	2	6	0	28	2196	0	1	0
44029	1	5	2	0	28	2196	0	1	0
44263	1	4	1	0	28	2196	0	1	0
44298	1	5	2	0	24	1620	0	1	0
44308	1	2	6	0	28	2196	0	1	0
44412	1	4	1	0	28	2196	0	1	0
44425	1	2	6	0	26	1836	0	1	0
44497	1	3	3	0	28	2196	0	1	0
44502	1	1	4	0	28	2196	0	1	0
44572	1	1	4	0	28	2196	0	1	0
44658	1	3	3	0	28	2196	0	1	0
44675	1	2	6	0	28	2196	0	1	0
44710	1	5	2	0	28	2196	0	1	0
44731	1	4	1	0	28	2196	0	1	0
44850	1	4	1	0	28	2196	0	1	0
44851	1	1	4	0	28	2196	0	1	0
44853	1	2	6	0	28	2196	0	1	0
44954	1	5	2	0	28	2196	0	1	0
45013	1	5	2	0	28	2196	0	1	0
45059	1	1	4	0	28	2196	0	1	0
45133	1	2	6	0	28	2196	0	1	0
45181	1	3	3	0	28	2196	0	1	0
45235	1	5	2	0	24	1620	0	1	0
45296	1	2	6	0	28	2196	0	1	0
45315	1	1	4	0	28	2196	0	1	0
45409	1	1	4	0	28	2196	0	1	0
45412	1	4	1	0	28	2196	0	1	0
45586	1	1	4	0	28	2196	0	1	0
45662	1	5	2	0	28	2196	0	1	0
45674	1	3	3	0	28	2196	0	1	0
45690	1	4	1	0	28	2196	0	1	0
45720	1	2	6	0	28	2196	0	1	0
45728	1	4	1	0	28	2196	0	1	0
45823	1	3	3	0	28	2196	0	1	0
45865	1	5	2	0	28	2196	0	1	0
45919	1	5	2	0	28	2196	0	1	0
45945	1	3	3	0	28	2196	0	1	0
46022	1	2	6	0	28	2196	0	1	0
46035	1	4	1	0	28	2196	0	1	0
46038	1	1	4	0	28	2196	0	1	0
46066	1	2	6	0	28	2196	0	1	0
46166	1	1	4	0	28	2196	0	1	0
46188	1	2	6	0	28	2196	0	1	0
46268	1	3	3	0	28	2196	0	1	0
46282	1	4	1	0	28	2196	0	1	0
46294	1	5	2	0	28	2196	0	1	0
46315	1	2	6	0	28	2196	0	1	0
46334	1	1	4	0	28	2196	0	1	0
46428	1	3	3	0	28	2196	0	1	0
46454	1	5	2	0	28	2196	0	1	0
46480	1	5	2	0	28	2196	0	1	0
46498	1	4	1	0	28	2196	0	1	0
46512	1	1	4	0	28	2196	0	1	0
46558	1	2	6	0	28	2196	0	1	0
46631	1	5	2	0	28	2196	0	1	0
46638	1	4	1	0	28	2196	0	1	0
46667	1	3	3	0	28	2196	0	1	0
46694	1	3	3	0	28	2196	0	1	0
46706	1	1	4	0	28	2196	0	1	0
46776	1	5	2	0	28	2196	0	1	0
46818	1	5	2	0	28	2196	0	1	0
46841	1	2	6	0	28	2196	0	1	0
46922	1	2	6	0	24	1620	0	1	0
46956	1	3	3	0	28	2196	0	1	0
46985	1	4	1	0	28	2196	0	1	0
46996	1	5	2	0	28	2196	0	1	0
47037	1	4	1	0	28	2196	0	1	0
47121	1	2	6	0	28	2196	0	1	0
47182	1	4	1	0	28	2196	0	1	0
47244	1	2	6	0	28	2196	0	1	0
47271	1	3	3	0	28	2196	0	1	0
47284	1	5	2	0	28	2196	0	1	0
47286	1	4	1	0	28	2196	0	1	0
47287	1	1	4	0	28	2196	0	1	0
47387	1	2	6	0	28	2196	0	1	0
47388	1	1	4	0	28	2196	0	1	0
47421	1	3	3	0	28	2196	0	1	0
47441	1	4	1	0	28	2196	0	1	0
47554	1	2	6	0	28	2196	0	1	0
47566	1	2	6	0	28	2196	0	1	0
47600	1	5	2	0	24	1620	0	1	0
47642	1	1	4	0	28	2196	0	1	0
47697	1	3	3	0	28	2196	0	1	0
47770	1	4	1	0	28	2196	0	1	0
47803	1	5	2	0	24	1620	0	1	0
47935	1	4	1	0	28	2196	0	1	0
47937	1	2	6	0	28	2196	0	1	0
47943	1	1	4	0	28	2196	0	1	0
47957	1	3	3	0	28	2196	0	1	0
47985	1	5	2	0	28	2196	0	1	0
48023	1	4	1	0	28	2196	0	1	0
48030	1	4	1	0	28	2196	0	1	0
48035	1	4	1	0	28	2196	0	1	0
48113	1	1	4	0	28	2196	0	1	0
48164	1	4	1	0	28	2196	0	1	0
48206	1	5	2	0	28	2196	0	1	0
48225	1	3	3	0	28	2196	0	1	0
48255	1	1	4	0	28	2196	0	1	0
48300	1	4	1	0	28	2196	0	1	0
48334	1	5	2	0	22	1383	0	1	0
48347	1	3	3	0	28	2196	0	1	0
48404	1	1	4	0	28	2196	0	1	0
48419	1	2	6	0	28	2196	0	1	0
48469	1	1	4	0	28	2196	0	1	0
48488	1	5	2	0	28	2196	0	1	0
48538	1	2	6	0	28	2196	0	1	0
48585	1	4	1	0	28	2196	0	1	0
48616	1	1	4	0	28	2196	0	1	0
48653	1	4	1	0	28	2196	0	1	0
48686	1	2	6	0	28	2196	0	1	0
48733	1	2	6	0	28	2196	0	1	0
48767	1	5	2	0	26	1836	0	1	0
48792	1	4	1	0	28	2196	0	1	0
48845	1	5	2	0	28	2196	0	1	0
48852	1	1	4	0	28	2196	0	1	0
48887	1	3	3	0	28	2196	0	1	0
49007	1	5	2	0	28	2196	0	1	0
49034	1	2	6	0	28	2196	0	1	0
49122	1	1	4	0	28	2196	0	1	0
49145	1	3	3	0	28	2196	0	1	0
49199	1	4	1	0	28	2196	0	1	0
49202	1	5	2	0	22	1383	0	1	0
49272	1	4	1	0	28	2196	0	1	0
49353	1	1	4	0	28	2196	0	1	0
49435	1	4	1	0	28	2196	0	1	0
49484	1	5	2	0	28	2196	0	1	0
49494	1	2	6	0	28	2196	0	1	0
49506	1	1	4	0	28	2196	0	1	0
49632	1	5	2	0	28	2196	0	1	0
49673	1	1	4	0	28	2196	0	1	0
49676	1	4	1	0	28	2196	0	1	0
49801	1	3	3	0	28	2196	0	1	0
49847	1	4	1	0	28	2196	0	1	0
49861	1	5	2	0	28	2196	0	1	0
49883	1	3	3	0	28	2196	0	1	0
49923	1	1	4	0	28	2196	0	1	0
49991	1	4	1	0	28	2196	0	1	0
50042	1	4	1	0	28	2196	0	1	0
50073	1	1	4	0	28	2196	0	1	0
50077	1	5	2	0	28	2196	0	1	0
50087	1	2	6	0	28	2196	0	1	0
50132	1	1	4	0	28	2196	0	1	0
50158	1	5	2	0	26	1836	0	1	0
50165	1	3	3	0	28	2196	0	1	0
50319	1	1	4	0	28	2196	0	1	0
50334	1	5	2	0	28	2196	0	1	0
50370	1	2	6	0	20	1191	0	1	0
50414	1	1	4	0	26	1836	0	1	0
50415	1	5	2	0	28	2196	0	1	0
50433	1	2	6	0	28	2196	0	1	0
50534	1	1	4	0	28	2196	0	1	0
50541	1	4	1	0	28	2196	0	1	0
50562	1	3	3	0	28	2196	0	1	0
50600	1	1	4	0	28	2196	0	1	0
50621	1	2	6	0	28	2196	0	1	0
50690	1	2	6	0	28	2196	0	1	0
50696	1	4	1	0	28	2196	0	1	0
50717	1	2	6	0	28	2196	0	1	0
50731	1	1	4	0	28	2196	0	1	0
50750	1	4	1	0	28	2196	0	1	0
50791	1	2	6	0	28	2196	0	1	0
50868	1	5	2	0	28	2196	0	1	0
50871	1	2	6	0	28	2196	0	1	0
50914	1	2	6	0	28	2196	0	1	0
50917	1	1	4	0	28	2196	0	1	0
50974	1	4	1	0	28	2196	0	1	0
50978	1	3	3	0	28	2196	0	1	0
50986	1	1	4	0	28	2196	0	1	0
51001	1	3	3	0	28	2196	0	1	0
51025	1	5	2	0	28	2196	0	1	0
51030	1	4	1	0	28	2196	0	1	0
51081	1	3	3	0	28	2196	0	1	0
51104	1	2	6	0	28	2196	0	1	0
51137	1	1	4	0	28	2196	0	1	0
51210	1	2	6	0	28	2196	0	1	0
51227	1	4	1	0	28	2196	0	1	0
51256	1	3	3	0	28	2196	0	1	0
51334	1	5	2	0	28	2196	0	1	0
51338	1	1	4	0	28	2196	0	1	0
51434	1	2	6	0	28	2196	0	1	0
51470	1	3	3	0	28	2196	0	1	0
51556	1	3	3	0	28	2196	0	1	0
51582	1	4	1	0	28	2196	0	1	0
51612	1	2	6	0	28	2196	0	1	0
51662	1	1	4	0	28	2196	0	1	0
51668	1	3	3	0	28	2196	0	1	0
51669	1	2	6	0	28	2196	0	1	0
51677	1	5	2	0	28	2196	0	1	0
51698	1	4	1	0	28	2196	0	1	0
51737	1	2	6	0	28	2196	0	1	0
51751	1	2	6	0	28	2196	0	1	0
51800	1	5	2	0	28	2196	0	1	0
51819	1	3	3	0	28	2196	0	1	0
51909	1	1	4	0	28	2196	0	1	0
51916	1	4	1	0	28	2196	0	1	0
51945	1	3	3	0	28	2196	0	1	0
51992	1	2	6	0	28	2196	0	1	0
52001	1	5	2	0	20	1191	0	1	0
52049	1	5	2	0	28	2196	0	1	0
52155	1	1	4	0	28	2196	0	1	0
52191	1	3	3	0	28	2196	0	1	0
52227	1	5	2	0	28	2196	0	1	0
52233	1	2	6	0	28	2196	0	1	0
52258	1	1	4	0	28	2196	0	1	0
52274	1	4	1	0	28	2196	0	1	0
52322	1	5	2	0	28	2196	0	1	0
52354	1	2	6	0	28	2196	0	1	0
52398	1	1	4	0	28	2196	0	1	0
52422	1	4	1	0	28	2196	0	1	0
52461	1	5	2	0	24	1620	0	1	0
52496	1	2	6	0	28	2196	0	1	0
52513	1	3	3	0	28	2196	0	1	0
52622	1	1	4	0	28	2196	0	1	0
52662	1	5	2	0	28	2196	0	1	0
52685	1	4	1	0	28	2196	0	1	0
52742	1	3	3	0	28	2196	0	1	0
52904	1	2	6	0	28	2196	0	1	0
52945	1	4	1	0	28	2196	0	1	0
52976	1	3	3	0	28	2196	0	1	0
53049	1	2	6	0	28	2196	0	1	0
53073	1	5	2	0	28	2196	0	1	0
53078	1	1	4	0	28	2196	0	1	0
53094	1	1	4	0	28	2196	0	1	0
53114	1	1	4	0	28	2196	0	1	0
53171	1	1	4	0	28	2196	0	1	0
53190	1	2	6	0	28	2196	0	1	0
53204	1	1	4	0	28	2196	0	1	0
53309	1	4	1	0	28	2196	0	1	0
53310	1	1	4	0	28	2196	0	1	0
53331	1	3	3	0	28	2196	0	1	0
53332	1	1	4	0	28	2196	0	1	0
53412	1	4	1	0	28	2196	0	1	0
53475	1	5	2	0	28	2196	0	1	0
53483	1	1	4	0	24	1620	0	1	0
53488	1	4	1	0	28	2196	0	1	0
53570	1	2	6	0	28	2196	0	1	0
53574	1	4	1	0	28	2196	0	1	0
53632	1	5	2	0	28	2196	0	1	0
53638	1	3	3	0	28	2196	0	1	0
53664	1	1	4	0	28	2196	0	1	0
53772	1	1	4	0	28	2196	0	1	0
53857	1	4	1	0	28	2196	0	1	0
53858	1	1	4	0	28	2196	0	1	0
53925	1	1	4	0	28	2196	0	1	0
54010	1	5	2	0	28	2196	0	1	0
54031	1	4	1	0	28	2196	0	1	0
54081	1	1	4	0	28	2196	0	1	0
54119	1	5	2	0	28	2196	0	1	0
54145	1	3	3	0	28	2196	0	1	0
54155	1	4	1	0	28	2196	0	1	0
54182	1	1	4	0	28	2196	0	1	0
54211	1	4	1	0	28	2196	0	1	0
54214	1	2	6	0	28	2196	0	1	0
54248	1	1	4	0	28	2196	0	1	0
54268	1	2	6	0	28	2196	0	1	0
54285	1	5	2	0	28	2196	0	1	0
54373	1	1	4	0	28	2196	0	1	0
54375	1	2	6	0	28	2196	0	1	0
54463	1	4	1	0	28	2196	0	1	0
54512	1	2	6	0	28	2196	0	1	0
54550	1	4	1	0	28	2196	0	1	0
54617	1	4	1	0	28	2196	0	1	0
54640	1	3	3	0	28	2196	0	1	0
54688	1	1	4	0	28	2196	0	1	0
54762	1	3	3	0	28	2196	0	1	0
54765	1	4	1	0	28	2196	0	1	0
54773	1	2	6	0	28	2196	0	1	0
54842	1	5	2	0	28	2196	0	1	0
54869	1	2	6	0	24	1620	0	1	0
54901	1	1	4	0	28	2196	0	1	0
54926	1	2	6	0	28	2196	0	1	0
54943	1	3	3	0	24	1620	0	1	0
54961	1	5	2	0	28	2196	0	1	0
54969	1	2	6	0	28	2196	0	1	0
55000	1	4	1	0	28	2196	0	1	0
55044	1	3	3	0	28	2196	0	1	0
55114	1	2	6	0	28	2196	0	1	0
55133	1	1	4	0	24	1620	0	1	0
55150	1	5	2	0	28	2196	0	1	0
55232	1	1	4	0	28	2196	0	1	0
55255	1	3	3	0	28	2196	0	1	0
55299	1	5	2	0	28	2196	0	1	0
55343	1	2	6	0	28	2196	0	1	0
55378	1	3	3	0	28	2196	0	1	0
55428	1	2	6	0	28	2196	0	1	0
55433	1	1	4	0	28	2196	0	1	0
55442	1	5	2	0	28	2196	0	1	0
55481	1	4	1	0	28	2196	0	1	0
55635	1	2	6	0	28	2196	0	1	0
55673	1	4	1	0	28	2196	0	1	0
55685	1	3	3	0	28	2196	0	1	0
55705	1	4	1	0	28	2196	0	1	0
55716	1	5	2	0	28	2196	0	1	0
55734	1	1	4	0	28	2196	0	1	0
55774	1	1	4	0	28	2196	0	1	0
55861	1	3	3	0	28	2196	0	1	0
55930	1	4	1	0	28	2196	0	1	0
56007	1	4	1	0	28	2196	0	1	0
56022	1	3	3	0	28	2196	0	1	0
56047	1	2	6	0	28	2196	0	1	0
56052	1	5	2	0	28	2196	0	1	0
56092	1	4	1	0	28	2196	0	1	0
56119	1	1	4	0	28	2196	0	1	0
56126	1	5	2	0	28	2196	0	1	0
56190	1	2	6	0	28	2196	0	1	0
56228	1	3	3	0	28	2196	0	1	0
56349	1	5	2	0	28	2196	0	1	0
56358	1	1	4	0	28	2196	0	1	0
56364	1	4	1	0	28	2196	0	1	0
56519	1	3	3	0	28	2196	0	1	0
56529	1	4	1	0	28	2196	0	1	0
56565	1	4	1	0	28	2196	0	1	0
56615	1	4	1	0	28	2196	0	1	0
56628	1	5	2	0	28	2196	0	1	0
56650	1	4	1	0	28	2196	0	1	0
56652	1	5	2	0	28	2196	0	1	0
56746	1	1	4	0	28	2196	0	1	0
56749	1	2	6	0	28	2196	0	1	0
56801	1	1	4	0	28	2196	0	1	0
56843	1	4	1	0	28	2196	0	1	0
56870	1	2	6	0	26	1836	0	1	0
56949	1	3	3	0	28	2196	0	1	0
56959	1	4	1	0	28	2196	0	1	0
56986	1	3	3	0	28	2196	0	1	0
57010	1	4	1	0	28	2196	0	1	0
57038	1	3	3	0	28	2196	0	1	0
57169	1	3	3	0	28	2196	0	1	0
57181	1	5	2	0	28	2196	0	1	0
57209	1	1	4	0	28	2196	0	1	0
57283	1	5	2	0	28	2196	0	1	0
57328	1	4	1	0	28	2196	0	1	0
57334	1	1	4	0	28	2196	0	1	0
57337	1	3	3	0	28	2196	0	1	0
57365	1	2	6	0	28	2196	0	1	0
57407	1	3	3	0	28	2196	0	1	0
57477	1	1	4	0	28	2196	0	1	0
57511	1	5	2	0	28	2196	0	1	0
57515	1	2	6	0	28	2196	0	1	0
57538	1	1	4	0	28	2196	0	1	0
57575	1	2	6	0	28	2196	0	1	0
57578	1	5	2	0	28	2196	0	1	0
57658	1	4	1	0	28	2196	0	1	0
57827	1	5	2	0	28	2196	0	1	0
57872	1	4	1	0	28	2196	0	1	0
57881	1	3	3	0	28	2196	0	1	0
57938	1	5	2	0	20	1191	0	1	0
57961	1	4	1	0	28	2196	0	1	0
57974	1	4	1	0	28	2196	0	1	0
58099	1	1	4	0	28	2196	0	1	0
58130	1	4	1	0	28	2196	0	1	0
58172	1	2	6	0	28	2196	0	1	0
58215	1	1	4	0	28	2196	0	1	0
58233	1	3	3	0	28	2196	0	1	0
58318	1	5	2	0	28	2196	0	1	0
58355	1	2	6	0	28	2196	0	1	0
58390	1	3	3	0	28	2196	0	1	0
58417	1	4	1	0	28	2196	0	1	0
58471	1	5	2	0	28	2196	0	1	0
58514	1	3	3	0	28	2196	0	1	0
58578	1	5	2	0	20	1191	0	1	0
58584	1	1	4	0	28	2196	0	1	0
58596	1	2	6	0	28	2196	0	1	0
58658	1	3	3	0	26	1836	0	1	0
58759	1	1	4	0	28	2196	0	1	0
58769	1	2	6	0	28	2196	0	1	0
58776	1	1	4	0	28	2196	0	1	0
58836	1	5	2	0	24	1620	0	1	0
58838	1	4	1	0	28	2196	0	1	0
58849	1	3	3	0	28	2196	0	1	0
58885	1	5	2	0	28	2196	0	1	0
58948	1	4	1	0	24	1620	0	1	0
59110	1	2	6	0	28	2196	0	1	0
59145	1	1	4	0	28	2196	0	1	0
59148	1	5	2	0	28	2196	0	1	0
59238	1	4	1	0	28	2196	0	1	0
59247	1	2	6	0	28	2196	0	1	0
59380	1	1	4	0	28	2196	0	1	0
59386	1	3	3	0	28	2196	0	1	0
59420	1	5	2	0	28	2196	0	1	0
59422	1	2	6	0	28	2196	0	1	0
59433	1	3	3	0	28	2196	0	1	0
59475	1	3	3	0	28	2196	0	1	0
59542	1	4	1	0	28	2196	0	1	0
59602	1	2	6	0	28	2196	0	1	0
59628	1	5	2	0	28	2196	0	1	0
59721	1	1	4	0	28	2196	0	1	0
59817	1	2	6	0	28	2196	0	1	0
59867	1	5	2	0	26	1836	0	1	0
59880	1	3	3	0	28	2196	0	1	0
59953	1	1	4	0	28	2196	0	1	0
59973	1	4	1	0	28	2196	0	1	0
