% time	cellId	IMSI	RNTI	sinrLinear	componentCarrierId
0.041	1	5	1	66646	0
0.042	1	1	2	4370.59	0
0.043	1	3	3	3066.6	0
0.044	1	4	4	31337.7	0
0.045	1	2	5	112338	0
0.081	1	5	1	7375.71	0
0.082	1	1	2	11644.9	0
0.083	1	3	3	3220.1	0
0.084	1	4	4	22336.1	0
0.085	1	2	5	146235	0
0.121	1	5	1	31844.2	0
0.122	1	1	2	4392.27	0
0.123	1	3	3	6723.55	0
0.124	1	4	4	47009	0
0.125	1	2	5	174443	0
0.161	1	5	1	16161.5	0
0.162	1	1	2	2395.39	0
0.163	1	3	3	7590.65	0
0.164	1	4	4	39109.6	0
0.165	1	2	5	124836	0
0.201	1	5	1	7346.21	0
0.202	1	1	2	1645.42	0
0.203	1	3	3	3183.39	0
0.204	1	4	4	23638.9	0
0.205	1	2	5	34320.2	0
0.241	1	5	1	20225.3	0
0.242	1	1	2	5050.14	0
0.243	1	3	3	7324.31	0
0.244	1	4	4	14762.1	0
0.245	1	2	5	89355	0
0.281	1	5	1	18001.4	0
0.282	1	1	2	4852.38	0
0.283	1	3	3	8154.01	0
0.284	1	4	4	5507.99	0
0.285	1	2	5	47884.8	0
0.321	1	5	1	29366.3	0
0.322	1	1	2	3023.59	0
0.323	1	3	3	5480.57	0
0.324	1	4	4	17254.4	0
0.325	1	2	5	20973.4	0
0.361	1	5	1	18282.2	0
0.362	1	1	2	20926.9	0
0.363	1	3	3	7280.77	0
0.364	1	4	4	19958.4	0
0.365	1	2	5	34367.8	0
0.401	1	5	1	9981.36	0
0.402	1	1	2	6699.1	0
0.403	1	3	3	5142.91	0
0.404	1	4	4	24392.6	0
0.405	1	2	5	41067.4	0
0.441	1	5	1	14835.7	0
0.442	1	1	2	9977.71	0
0.443	1	3	3	2413.71	0
0.444	1	4	4	39621.2	0
0.445	1	2	5	76267.6	0
0.481	1	5	1	6200.16	0
0.482	1	1	2	22403.7	0
0.483	1	3	3	1756.3	0
0.484	1	4	4	28420	0
0.485	1	2	5	11548.1	0
0.521	1	5	1	22791	0
0.522	1	1	2	26123.2	0
0.523	1	3	3	5880.73	0
0.524	1	4	4	32020.9	0
0.525	1	2	5	33838	0
0.561	1	5	1	48891.2	0
0.562	1	1	2	25981.2	0
0.563	1	3	3	2745.88	0
0.564	1	4	4	26011.3	0
0.565	1	2	5	172144	0
0.601	1	5	1	51637	0
0.602	1	1	2	21941.7	0
0.603	1	3	3	1789.01	0
0.604	1	4	4	19029.5	0
0.605	1	2	5	86998.1	0
0.641	1	5	1	46437.1	0
0.642	1	1	2	4913.99	0
0.643	1	3	3	1989.68	0
0.644	1	4	4	50729.9	0
0.645	1	2	5	46814.4	0
0.681	1	5	1	67137.9	0
0.682	1	1	2	3808.81	0
0.683	1	3	3	1992.6	0
0.684	1	4	4	37049.5	0
0.685	1	2	5	76037.9	0
0.721	1	5	1	39814.5	0
0.722	1	1	2	2151.3	0
0.723	1	3	3	3124.08	0
0.724	1	4	4	17748.6	0
0.725	1	2	5	109148	0
0.761	1	5	1	19901.9	0
0.762	1	1	2	1919.02	0
0.763	1	3	3	4761.24	0
0.764	1	4	4	25286.3	0
0.765	1	2	5	37777.6	0
0.801	1	5	1	28668.8	0
0.802	1	1	2	8952.29	0
0.803	1	3	3	3054.94	0
0.804	1	4	4	12151.5	0
0.805	1	2	5	13629.2	0
0.841	1	5	1	12014.3	0
0.842	1	1	2	4050.98	0
0.843	1	3	3	2551.51	0
0.844	1	4	4	31744.1	0
0.845	1	2	5	50531.3	0
0.881	1	5	1	35708.7	0
0.882	1	1	2	2243.68	0
0.883	1	3	3	1412.77	0
0.884	1	4	4	50017.3	0
0.885	1	2	5	55098.1	0
0.921	1	5	1	37239.3	0
0.922	1	1	2	2914.54	0
0.923	1	3	3	839.007	0
0.924	1	4	4	32097.2	0
0.925	1	2	5	110660	0
0.961	1	5	1	13355.7	0
0.962	1	1	2	897.913	0
0.963	1	3	3	554.451	0
0.964	1	4	4	36094.8	0
0.965	1	2	5	89386.8	0
1.001	1	5	1	30657.8	0
1.002	1	1	2	4110.6	0
1.003	1	3	3	4791.84	0
1.004	1	4	4	9181.32	0
1.005	1	2	5	24304.9	0
1.041	1	5	1	11742.4	0
1.042	1	1	2	7695.33	0
1.043	1	3	3	5814.4	0
1.044	1	4	4	22949	0
1.045	1	2	5	64080.7	0
1.081	1	5	1	28058.4	0
1.082	1	1	2	11436.9	0
1.083	1	3	3	5757.07	0
1.084	1	4	4	48075.8	0
1.085	1	2	5	68674.3	0
1.121	1	5	1	25967	0
1.122	1	1	2	9521.99	0
1.123	1	3	3	3219.95	0
1.124	1	4	4	9458.11	0
1.125	1	2	5	93712.2	0
1.161	1	5	1	36638.1	0
1.162	1	1	2	3097.4	0
1.163	1	3	3	10091.2	0
1.164	1	4	4	21346.3	0
1.165	1	2	5	48094.4	0
1.201	1	5	1	100900	0
1.202	1	1	2	3945.73	0
1.203	1	3	3	4415.93	0
1.204	1	4	4	47842.4	0
1.205	1	2	5	15645.6	0
1.241	1	5	1	51202.2	0
1.242	1	1	2	9612.94	0
1.243	1	3	3	3436.34	0
1.244	1	4	4	46271.2	0
1.245	1	2	5	66848.5	0
1.281	1	5	1	8487.43	0
1.282	1	1	2	10777.1	0
1.283	1	3	3	7411.98	0
1.284	1	4	4	25410.4	0
1.285	1	2	5	45459.4	0
1.321	1	5	1	33670.3	0
1.322	1	1	2	3845.62	0
1.323	1	3	3	2970.2	0
1.324	1	4	4	8305.15	0
1.325	1	2	5	6739.68	0
1.361	1	5	1	11192.6	0
1.362	1	1	2	1777.92	0
1.363	1	3	3	4600.39	0
1.364	1	4	4	11004.2	0
1.365	1	2	5	58316.8	0
1.401	1	5	1	10893	0
1.402	1	1	2	3452.97	0
1.403	1	3	3	1389.3	0
1.404	1	4	4	18389.4	0
1.405	1	2	5	50210.2	0
1.441	1	5	1	17172.8	0
1.442	1	1	2	5037.53	0
1.443	1	3	3	6761.6	0
1.444	1	4	4	20433	0
1.445	1	2	5	18923.3	0
1.481	1	5	1	22055.7	0
1.482	1	1	2	2766.12	0
1.483	1	3	3	12535.6	0
1.484	1	4	4	12280.4	0
1.485	1	2	5	24283.6	0
1.521	1	5	1	15242.7	0
1.522	1	1	2	5457.88	0
1.523	1	3	3	5369.82	0
1.524	1	4	4	8222.44	0
1.525	1	2	5	54467	0
1.561	1	5	1	41371.3	0
1.562	1	1	2	2593.38	0
1.563	1	3	3	8993.67	0
1.564	1	4	4	10447.8	0
1.565	1	2	5	167517	0
1.601	1	5	1	17243.6	0
1.602	1	1	2	2646.84	0
1.603	1	3	3	5735.8	0
1.604	1	4	4	12973.8	0
1.605	1	2	5	50645.6	0
1.641	1	5	1	19599.6	0
1.642	1	1	2	4151.23	0
1.643	1	3	3	6787.05	0
1.644	1	4	4	14236.4	0
1.645	1	2	5	16703	0
1.681	1	5	1	9261.11	0
1.682	1	1	2	4528.24	0
1.683	1	3	3	6302.46	0
1.684	1	4	4	21426.3	0
1.685	1	2	5	5919.96	0
1.721	1	5	1	28094.3	0
1.722	1	1	2	7228.91	0
1.723	1	3	3	3008.53	0
1.724	1	4	4	35248	0
1.725	1	2	5	61365.5	0
1.761	1	5	1	31350.3	0
1.762	1	1	2	5169.32	0
1.763	1	3	3	1832.12	0
1.764	1	4	4	46654.3	0
1.765	1	2	5	37887	0
1.801	1	5	1	32556.2	0
1.802	1	1	2	2368.18	0
1.803	1	3	3	1937.82	0
1.804	1	4	4	55237	0
1.805	1	2	5	61538	0
1.841	1	5	1	21174.6	0
1.842	1	1	2	4302.42	0
1.843	1	3	3	2014.52	0
1.844	1	4	4	21828.3	0
1.845	1	2	5	85286.4	0
1.881	1	5	1	9762.28	0
1.882	1	1	2	12637	0
1.883	1	3	3	2829.22	0
1.884	1	4	4	8256.94	0
1.885	1	2	5	32752	0
1.921	1	5	1	26622.3	0
1.922	1	1	2	4051.76	0
1.923	1	3	3	4766.58	0
1.924	1	4	4	33682.2	0
1.925	1	2	5	260130	0
1.961	1	5	1	40351.3	0
1.962	1	1	2	2254.79	0
1.963	1	3	3	3277.2	0
1.964	1	4	4	23587.9	0
1.965	1	2	5	316408	0
2.001	1	5	1	53280.2	0
2.002	1	1	2	20287.3	0
2.003	1	3	3	5289.71	0
2.004	1	4	4	32542	0
2.005	1	2	5	57788.6	0
2.041	1	5	1	20229.7	0
2.042	1	1	2	51015.3	0
2.043	1	3	3	5990.03	0
2.044	1	4	4	19335.8	0
2.045	1	2	5	100256	0
2.081	1	5	1	23399.2	0
2.082	1	1	2	36142.3	0
2.083	1	3	3	2342.6	0
2.084	1	4	4	49713.5	0
2.085	1	2	5	39367.2	0
2.121	1	5	1	15224	0
2.122	1	1	2	2883.35	0
2.123	1	3	3	1891.77	0
2.124	1	4	4	39361.2	0
2.125	1	2	5	46362	0
2.161	1	5	1	9776.78	0
2.162	1	1	2	15014.7	0
2.163	1	3	3	2786.15	0
2.164	1	4	4	11791.9	0
2.165	1	2	5	38144.6	0
2.201	1	5	1	44006.9	0
2.202	1	1	2	8216.8	0
2.203	1	3	3	2438.42	0
2.204	1	4	4	27216.6	0
2.205	1	2	5	24911.4	0
2.241	1	5	1	37621.9	0
2.242	1	1	2	3590.23	0
2.243	1	3	3	2235.75	0
2.244	1	4	4	35988.1	0
2.245	1	2	5	71339.5	0
2.281	1	5	1	28304.9	0
2.282	1	1	2	6323.5	0
2.283	1	3	3	1955.66	0
2.284	1	4	4	37310.4	0
2.285	1	2	5	22467.5	0
2.321	1	5	1	39596.4	0
2.322	1	1	2	1337.05	0
2.323	1	3	3	1552.86	0
2.324	1	4	4	42491.7	0
2.325	1	2	5	25932.5	0
2.361	1	5	1	13902.9	0
2.362	1	1	2	25689.2	0
2.363	1	3	3	2816.37	0
2.364	1	4	4	31205.8	0
2.365	1	2	5	29335.5	0
2.401	1	5	1	6078	0
2.402	1	1	2	9116.97	0
2.403	1	3	3	3729.15	0
2.404	1	4	4	34084.4	0
2.405	1	2	5	7821.72	0
2.441	1	5	1	9797.7	0
2.442	1	1	2	3748.91	0
2.443	1	3	3	2279.6	0
2.444	1	4	4	44900.6	0
2.445	1	2	5	82702	0
2.481	1	5	1	10719.8	0
2.482	1	1	2	14565.6	0
2.483	1	3	3	2670.2	0
2.484	1	4	4	33493.8	0
2.485	1	2	5	56037	0
2.521	1	5	1	28578.7	0
2.522	1	1	2	10507.2	0
2.523	1	3	3	7575.56	0
2.524	1	4	4	36469.3	0
2.525	1	2	5	35585.8	0
2.561	1	5	1	37826.8	0
2.562	1	1	2	13804	0
2.563	1	3	3	5069.36	0
2.564	1	4	4	63135.5	0
2.565	1	2	5	32254.9	0
2.601	1	5	1	44785.6	0
2.602	1	1	2	41174.4	0
2.603	1	3	3	7278.48	0
2.604	1	4	4	37223.1	0
2.605	1	2	5	19963.1	0
2.641	1	5	1	13729.4	0
2.642	1	1	2	4963.18	0
2.643	1	3	3	4995.17	0
2.644	1	4	4	28987.3	0
2.645	1	2	5	98470.5	0
2.681	1	5	1	9482.78	0
2.682	1	1	2	17533.6	0
2.683	1	3	3	3459.91	0
2.684	1	4	4	36289.8	0
2.685	1	2	5	90797.6	0
2.721	1	5	1	29476.8	0
2.722	1	1	2	30646.1	0
2.723	1	3	3	2124.17	0
2.724	1	4	4	32045.2	0
2.725	1	2	5	64203.9	0
2.761	1	5	1	19124.8	0
2.762	1	1	2	6210.89	0
2.763	1	3	3	1646.35	0
2.764	1	4	4	42514.9	0
2.765	1	2	5	31154.9	0
2.801	1	5	1	7021.16	0
2.802	1	1	2	8663.19	0
2.803	1	3	3	3349.46	0
2.804	1	4	4	23019.2	0
2.805	1	2	5	21044.3	0
2.841	1	5	1	21519.8	0
2.842	1	1	2	5179.32	0
2.843	1	3	3	1868.79	0
2.844	1	4	4	9693.63	0
2.845	1	2	5	5102.68	0
2.881	1	5	1	33471.2	0
2.882	1	1	2	19822.6	0
2.883	1	3	3	3868.56	0
2.884	1	4	4	13913.1	0
2.885	1	2	5	10194.6	0
2.921	1	5	1	21874.7	0
2.922	1	1	2	14955.9	0
2.923	1	3	3	3828.96	0
2.924	1	4	4	17167.1	0
2.925	1	2	5	83797.2	0
2.961	1	5	1	14911.1	0
2.962	1	1	2	5980.23	0
2.963	1	3	3	4588.89	0
2.964	1	4	4	6856.61	0
2.965	1	2	5	66690.4	0
3.001	1	5	1	33812.3	0
3.002	1	1	2	5041.12	0
3.003	1	3	3	7469.79	0
3.004	1	4	4	12658.6	0
3.005	1	2	5	224150	0
3.041	1	5	1	59777.7	0
3.042	1	1	2	4010.5	0
3.043	1	3	3	3906.32	0
3.044	1	4	4	40009.7	0
3.045	1	2	5	10895.5	0
3.081	1	5	1	30537.3	0
3.082	1	1	2	15032	0
3.083	1	3	3	3014.98	0
3.084	1	4	4	47068	0
3.085	1	2	5	31236.3	0
3.121	1	5	1	19060.4	0
3.122	1	1	2	2931.19	0
3.123	1	3	3	3840.96	0
3.124	1	4	4	29722.5	0
3.125	1	2	5	77995.3	0
3.161	1	5	1	22629	0
3.162	1	1	2	3865.47	0
3.163	1	3	3	7734.1	0
3.164	1	4	4	31326.2	0
3.165	1	2	5	9820.98	0
3.201	1	5	1	3785.05	0
3.202	1	1	2	2724.83	0
3.203	1	3	3	3317.4	0
3.204	1	4	4	57749.7	0
3.205	1	2	5	18706.3	0
3.241	1	5	1	19884.9	0
3.242	1	1	2	2738.69	0
3.243	1	3	3	2703.76	0
3.244	1	4	4	30428.9	0
3.245	1	2	5	22136.9	0
3.281	1	5	1	45709.6	0
3.282	1	1	2	7269.22	0
3.283	1	3	3	6687.85	0
3.284	1	4	4	14477.6	0
3.285	1	2	5	71052.8	0
3.321	1	5	1	19944.4	0
3.322	1	1	2	1458.79	0
3.323	1	3	3	7455.37	0
3.324	1	4	4	40579.1	0
3.325	1	2	5	105596	0
3.361	1	5	1	29070.8	0
3.362	1	1	2	2967.53	0
3.363	1	3	3	4456.69	0
3.364	1	4	4	26863.1	0
3.365	1	2	5	58750.6	0
3.401	1	5	1	31416.9	0
3.402	1	1	2	9035.61	0
3.403	1	3	3	1666.28	0
3.404	1	4	4	9012.42	0
3.405	1	2	5	37320.4	0
3.441	1	5	1	19278	0
3.442	1	1	2	12955.9	0
3.443	1	3	3	1542.73	0
3.444	1	4	4	31437.5	0
3.445	1	2	5	19343.1	0
3.481	1	5	1	14250.8	0
3.482	1	1	2	20351.3	0
3.483	1	3	3	2497.71	0
3.484	1	4	4	35506.7	0
3.485	1	2	5	28258.2	0
3.521	1	5	1	13066.5	0
3.522	1	1	2	15720.7	0
3.523	1	3	3	9701.96	0
3.524	1	4	4	14590.4	0
3.525	1	2	5	26093.6	0
3.561	1	5	1	16269.1	0
3.562	1	1	2	10205.6	0
3.563	1	3	3	12166.4	0
3.564	1	4	4	17177.5	0
3.565	1	2	5	47992.1	0
3.601	1	5	1	11108.1	0
3.602	1	1	2	38404.5	0
3.603	1	3	3	5607.27	0
3.604	1	4	4	57643.1	0
3.605	1	2	5	71753.1	0
3.641	1	5	1	24443.9	0
3.642	1	1	2	31496.9	0
3.643	1	3	3	4212.48	0
3.644	1	4	4	42046.6	0
3.645	1	2	5	34804.3	0
3.681	1	5	1	17978.4	0
3.682	1	1	2	16514.3	0
3.683	1	3	3	4672.82	0
3.684	1	4	4	38207.8	0
3.685	1	2	5	21559.2	0
3.721	1	5	1	33506.8	0
3.722	1	1	2	23183.3	0
3.723	1	3	3	2408.03	0
3.724	1	4	4	47729.5	0
3.725	1	2	5	15980.9	0
3.761	1	5	1	34341.5	0
3.762	1	1	2	9411	0
3.763	1	3	3	7693.91	0
3.764	1	4	4	27862.7	0
3.765	1	2	5	40810.9	0
3.801	1	5	1	17195.9	0
3.802	1	1	2	9170.91	0
3.803	1	3	3	5514.84	0
3.804	1	4	4	22227.7	0
3.805	1	2	5	52586.1	0
3.841	1	5	1	54913.3	0
3.842	1	1	2	4111.33	0
3.843	1	3	3	2618.13	0
3.844	1	4	4	10247.4	0
3.845	1	2	5	35460.3	0
3.881	1	5	1	48299	0
3.882	1	1	2	8807.81	0
3.883	1	3	3	4606.81	0
3.884	1	4	4	15689.5	0
3.885	1	2	5	47045.4	0
3.921	1	5	1	20126.8	0
3.922	1	1	2	20065.7	0
3.923	1	3	3	2050.88	0
3.924	1	4	4	20363.4	0
3.925	1	2	5	68567	0
3.961	1	5	1	51193.9	0
3.962	1	1	2	2790.1	0
3.963	1	3	3	1841.65	0
3.964	1	4	4	13448	0
3.965	1	2	5	45516.6	0
4.001	1	5	1	14759.7	0
4.002	1	1	2	5881.2	0
4.003	1	3	3	5763.5	0
4.004	1	4	4	17286.5	0
4.005	1	2	5	23012.3	0
4.041	1	5	1	8423.76	0
4.042	1	1	2	19367.1	0
4.043	1	3	3	9006.44	0
4.044	1	4	4	31167.6	0
4.045	1	2	5	25083.6	0
4.081	1	5	1	21408.6	0
4.082	1	1	2	10370.2	0
4.083	1	3	3	3373.04	0
4.084	1	4	4	19236.6	0
4.085	1	2	5	106188	0
4.121	1	5	1	54099.6	0
4.122	1	1	2	14611.9	0
4.123	1	3	3	3142.28	0
4.124	1	4	4	9780.29	0
4.125	1	2	5	31120.4	0
4.161	1	5	1	26134.8	0
4.162	1	1	2	11363.1	0
4.163	1	3	3	631.063	0
4.164	1	4	4	9434.47	0
4.165	1	2	5	98614	0
4.201	1	5	1	17346.5	0
4.202	1	1	2	3361.18	0
4.203	1	3	3	5607.74	0
4.204	1	4	4	12261.4	0
4.205	1	2	5	15787.6	0
4.241	1	5	1	25003.3	0
4.242	1	1	2	2836.5	0
4.243	1	3	3	9614.04	0
4.244	1	4	4	20799.8	0
4.245	1	2	5	5328.45	0
4.281	1	5	1	7019.8	0
4.282	1	1	2	3162.43	0
4.283	1	3	3	1377.98	0
4.284	1	4	4	17484.4	0
4.285	1	2	5	18417.7	0
4.321	1	5	1	19123.1	0
4.322	1	1	2	8339.53	0
4.323	1	3	3	4100.93	0
4.324	1	4	4	8943.47	0
4.325	1	2	5	13427.7	0
4.361	1	5	1	47982.7	0
4.362	1	1	2	15820.6	0
4.363	1	3	3	8006.33	0
4.364	1	4	4	34337.8	0
4.365	1	2	5	42382.2	0
4.401	1	5	1	31014.2	0
4.402	1	1	2	55577.9	0
4.403	1	3	3	3081.46	0
4.404	1	4	4	48273.9	0
4.405	1	2	5	17964.3	0
4.441	1	5	1	33337.2	0
4.442	1	1	2	72589.7	0
4.443	1	3	3	2198.68	0
4.444	1	4	4	48124.1	0
4.445	1	2	5	37946.3	0
4.481	1	5	1	36986	0
4.482	1	1	2	8094.34	0
4.483	1	3	3	2353.01	0
4.484	1	4	4	31002	0
4.485	1	2	5	175626	0
4.521	1	5	1	7838.46	0
4.522	1	1	2	3044.75	0
4.523	1	3	3	5496.25	0
4.524	1	4	4	32650.8	0
4.525	1	2	5	34711.8	0
4.561	1	5	1	21015.6	0
4.562	1	1	2	2476.63	0
4.563	1	3	3	7115.68	0
4.564	1	4	4	15522.1	0
4.565	1	2	5	16799.5	0
4.601	1	5	1	48058.2	0
4.602	1	1	2	7553.43	0
4.603	1	3	3	5700.34	0
4.604	1	4	4	11786.7	0
4.605	1	2	5	38892	0
4.641	1	5	1	30141.6	0
4.642	1	1	2	2764.94	0
4.643	1	3	3	2653.2	0
4.644	1	4	4	13893.8	0
4.645	1	2	5	60108.8	0
4.681	1	5	1	34138.3	0
4.682	1	1	2	6753.73	0
4.683	1	3	3	1776.61	0
4.684	1	4	4	13581.2	0
4.685	1	2	5	16611.1	0
4.721	1	5	1	34344.2	0
4.722	1	1	2	5937.05	0
4.723	1	3	3	2008.58	0
4.724	1	4	4	25636.4	0
4.725	1	2	5	60767.7	0
4.761	1	5	1	20625	0
4.762	1	1	2	2192.06	0
4.763	1	3	3	1988.6	0
4.764	1	4	4	30137	0
4.765	1	2	5	18859.6	0
4.801	1	5	1	16869.2	0
4.802	1	1	2	4675.85	0
4.803	1	3	3	3248.56	0
4.804	1	4	4	18233.4	0
4.805	1	2	5	10886.9	0
4.841	1	5	1	6359.89	0
4.842	1	1	2	4171.42	0
4.843	1	3	3	4738.13	0
4.844	1	4	4	16246.6	0
4.845	1	2	5	16972.3	0
4.881	1	5	1	15321.4	0
4.882	1	1	2	5331.11	0
4.883	1	3	3	2976.83	0
4.884	1	4	4	7061.48	0
4.885	1	2	5	10318.6	0
4.921	1	5	1	14407.4	0
4.922	1	1	2	10257.4	0
4.923	1	3	3	2539.38	0
4.924	1	4	4	5687.29	0
4.925	1	2	5	10888.9	0
4.961	1	5	1	13052.6	0
4.962	1	1	2	6620.6	0
4.963	1	3	3	1337.44	0
4.964	1	4	4	4288.24	0
4.965	1	2	5	35554.8	0
5.001	1	5	1	14866.5	0
5.002	1	1	2	5912.37	0
5.003	1	3	3	3028.28	0
5.004	1	4	4	25014.4	0
5.005	1	2	5	52424.1	0
5.041	1	5	1	29160.7	0
5.042	1	1	2	4010.57	0
5.043	1	3	3	1394.45	0
5.044	1	4	4	12433.7	0
5.045	1	2	5	262189	0
5.081	1	5	1	16089.9	0
5.082	1	1	2	2244.68	0
5.083	1	3	3	4416.83	0
5.084	1	4	4	11463.9	0
5.085	1	2	5	84282.8	0
5.121	1	5	1	6924.92	0
5.122	1	1	2	4564.47	0
5.123	1	3	3	6075.74	0
5.124	1	4	4	6093.16	0
5.125	1	2	5	31738.7	0
5.161	1	5	1	27100.3	0
5.162	1	1	2	2869.31	0
5.163	1	3	3	3728.02	0
5.164	1	4	4	5419.66	0
5.165	1	2	5	33139.5	0
5.201	1	5	1	20753.7	0
5.202	1	1	2	10902.4	0
5.203	1	3	3	3519.91	0
5.204	1	4	4	5931.21	0
5.205	1	2	5	19579.4	0
5.241	1	5	1	20131.1	0
5.242	1	1	2	7125.52	0
5.243	1	3	3	3144.5	0
5.244	1	4	4	30686.1	0
5.245	1	2	5	45147.4	0
5.281	1	5	1	26634	0
5.282	1	1	2	2024.04	0
5.283	1	3	3	1670.51	0
5.284	1	4	4	24923.5	0
5.285	1	2	5	127472	0
5.321	1	5	1	12637.4	0
5.322	1	1	2	10160.1	0
5.323	1	3	3	4089.03	0
5.324	1	4	4	22797.4	0
5.325	1	2	5	159327	0
5.361	1	5	1	35895.5	0
5.362	1	1	2	8519.81	0
5.363	1	3	3	3574.51	0
5.364	1	4	4	45204.5	0
5.365	1	2	5	147708	0
5.401	1	5	1	34299.5	0
5.402	1	1	2	4856.04	0
5.403	1	3	3	1689.38	0
5.404	1	4	4	28065.6	0
5.405	1	2	5	137638	0
5.441	1	5	1	19527.9	0
5.442	1	1	2	16355.4	0
5.443	1	3	3	2312.1	0
5.444	1	4	4	45908.8	0
5.445	1	2	5	58110.6	0
5.481	1	5	1	13867.4	0
5.482	1	1	2	14445.3	0
5.483	1	3	3	2537.9	0
5.484	1	4	4	27514.5	0
5.485	1	2	5	28304.9	0
5.521	1	5	1	17710.6	0
5.522	1	1	2	11511.6	0
5.523	1	3	3	2088.67	0
5.524	1	4	4	45852.3	0
5.525	1	2	5	47899.5	0
5.561	1	5	1	36585.1	0
5.562	1	1	2	13730.1	0
5.563	1	3	3	1993.91	0
5.564	1	4	4	19110.8	0
5.565	1	2	5	90670.2	0
5.601	1	5	1	30641.5	0
5.602	1	1	2	4134.63	0
5.603	1	3	3	2507.43	0
5.604	1	4	4	14098.5	0
5.605	1	2	5	49803.7	0
5.641	1	5	1	23187.3	0
5.642	1	1	2	20040.4	0
5.643	1	3	3	2571.19	0
5.644	1	4	4	46693.5	0
5.645	1	2	5	41284.9	0
5.681	1	5	1	71066.1	0
5.682	1	1	2	43045	0
5.683	1	3	3	2091.76	0
5.684	1	4	4	48978.4	0
5.685	1	2	5	31188.1	0
5.721	1	5	1	40986.1	0
5.722	1	1	2	21190.5	0
5.723	1	3	3	1971.94	0
5.724	1	4	4	27316.6	0
5.725	1	2	5	28414.1	0
5.761	1	5	1	23284.5	0
5.762	1	1	2	6076.56	0
5.763	1	3	3	2866.43	0
5.764	1	4	4	10482.4	0
5.765	1	2	5	27800.4	0
5.801	1	5	1	48888.4	0
5.802	1	1	2	5974.97	0
5.803	1	3	3	3112.94	0
5.804	1	4	4	4348.52	0
5.805	1	2	5	12560.3	0
5.841	1	5	1	23578.5	0
5.842	1	1	2	5702.23	0
5.843	1	3	3	3064.22	0
5.844	1	4	4	14571.1	0
5.845	1	2	5	26225.9	0
5.881	1	5	1	16933.6	0
5.882	1	1	2	11310.9	0
5.883	1	3	3	2063.56	0
5.884	1	4	4	20966.5	0
5.885	1	2	5	146508	0
5.921	1	5	1	6338.73	0
5.922	1	1	2	11215.9	0
5.923	1	3	3	3471.73	0
5.924	1	4	4	12329	0
5.925	1	2	5	118475	0
5.961	1	5	1	19212.6	0
5.962	1	1	2	4845.24	0
5.963	1	3	3	4886.21	0
5.964	1	4	4	25551.1	0
5.965	1	2	5	41640.4	0
6.001	1	5	1	31052.5	0
6.002	1	1	2	9469.31	0
6.003	1	3	3	2774.49	0
6.004	1	4	4	6438.52	0
6.005	1	2	5	51769.7	0
6.041	1	5	1	53201.5	0
6.042	1	1	2	9450.51	0
6.043	1	3	3	3155.32	0
6.044	1	4	4	31075.5	0
6.045	1	2	5	28611.6	0
6.081	1	5	1	48312.9	0
6.082	1	1	2	5194	0
6.083	1	3	3	5722.87	0
6.084	1	4	4	71123.2	0
6.085	1	2	5	10198.4	0
6.121	1	5	1	54444.9	0
6.122	1	1	2	3904.83	0
6.123	1	3	3	8252.5	0
6.124	1	4	4	19140.2	0
6.125	1	2	5	26349.2	0
6.161	1	5	1	65055	0
6.162	1	1	2	7453.32	0
6.163	1	3	3	3563.97	0
6.164	1	4	4	23616.5	0
6.165	1	2	5	80263.3	0
6.201	1	5	1	27837.4	0
6.202	1	1	2	5937.3	0
6.203	1	3	3	6133.23	0
6.204	1	4	4	63197.7	0
6.205	1	2	5	195191	0
6.241	1	5	1	24121.9	0
6.242	1	1	2	2915.38	0
6.243	1	3	3	8766.31	0
6.244	1	4	4	19577.6	0
6.245	1	2	5	115529	0
6.281	1	5	1	23949.3	0
6.282	1	1	2	2164.2	0
6.283	1	3	3	5540.61	0
6.284	1	4	4	29715.6	0
6.285	1	2	5	26294.1	0
6.321	1	5	1	11583.3	0
6.322	1	1	2	3335.02	0
6.323	1	3	3	7034.05	0
6.324	1	4	4	35939.4	0
6.325	1	2	5	32712.2	0
6.361	1	5	1	43295.4	0
6.362	1	1	2	6109.7	0
6.363	1	3	3	5880.73	0
6.364	1	4	4	32473.4	0
6.365	1	2	5	64514.3	0
6.401	1	5	1	27494.2	0
6.402	1	1	2	22483.7	0
6.403	1	3	3	2745.88	0
6.404	1	4	4	42417.3	0
6.405	1	2	5	12733.6	0
6.441	1	5	1	15032.8	0
6.442	1	1	2	23268.2	0
6.443	1	3	3	1789.01	0
6.444	1	4	4	11086.7	0
6.445	1	2	5	15066	0
6.481	1	5	1	24772.9	0
6.482	1	1	2	21348.2	0
6.483	1	3	3	1989.68	0
6.484	1	4	4	10795.7	0
6.485	1	2	5	12229.1	0
6.521	1	5	1	11408.9	0
6.522	1	1	2	11692	0
6.523	1	3	3	6569.07	0
6.524	1	4	4	6173.21	0
6.525	1	2	5	19124.5	0
6.561	1	5	1	28202.1	0
6.562	1	1	2	4644.57	0
6.563	1	3	3	9157.09	0
6.564	1	4	4	20795.5	0
6.565	1	2	5	52477	0
6.601	1	5	1	13977.2	0
6.602	1	1	2	7968.98	0
6.603	1	3	3	4474.81	0
6.604	1	4	4	8378.58	0
6.605	1	2	5	25237.3	0
6.641	1	5	1	28763.9	0
6.642	1	1	2	6895.22	0
6.643	1	3	3	4880.66	0
6.644	1	4	4	11949	0
6.645	1	2	5	13024	0
6.681	1	5	1	31751.6	0
6.682	1	1	2	818.818	0
6.683	1	3	3	5093.26	0
6.684	1	4	4	25560.3	0
6.685	1	2	5	26180.7	0
6.721	1	5	1	25516.5	0
6.722	1	1	2	2438.34	0
6.723	1	3	3	5186.28	0
6.724	1	4	4	14058.9	0
6.725	1	2	5	20430.4	0
6.761	1	5	1	37619.9	0
6.762	1	1	2	4066.13	0
6.763	1	3	3	6091.62	0
6.764	1	4	4	24170.3	0
6.765	1	2	5	17687.7	0
6.801	1	5	1	14713.9	0
6.802	1	1	2	1708.1	0
6.803	1	3	3	2499.03	0
6.804	1	4	4	27925.2	0
6.805	1	2	5	30213.6	0
6.841	1	5	1	44596.7	0
6.842	1	1	2	3669.24	0
6.843	1	3	3	1825.54	0
6.844	1	4	4	33254.1	0
6.845	1	2	5	40827.2	0
6.881	1	5	1	29819.5	0
6.882	1	1	2	3814.98	0
6.883	1	3	3	2783.97	0
6.884	1	4	4	19810.5	0
6.885	1	2	5	19173.4	0
6.921	1	5	1	10339.1	0
6.922	1	1	2	12486.1	0
6.923	1	3	3	2456.34	0
6.924	1	4	4	27995.5	0
6.925	1	2	5	18398.9	0
6.961	1	5	1	36530.6	0
6.962	1	1	2	6254.22	0
6.963	1	3	3	2243.14	0
6.964	1	4	4	53654.2	0
6.965	1	2	5	17482.8	0
7.001	1	5	1	20039.1	0
7.002	1	1	2	8014.7	0
7.003	1	3	3	5943.56	0
7.004	1	4	4	6093.16	0
7.005	1	2	5	133276	0
7.041	1	5	1	14580.2	0
7.042	1	1	2	2170.47	0
7.043	1	3	3	18160.5	0
7.044	1	4	4	5419.66	0
7.045	1	2	5	63041.5	0
7.081	1	5	1	16853.7	0
7.082	1	1	2	1638.9	0
7.083	1	3	3	10634.7	0
7.084	1	4	4	5931.21	0
7.085	1	2	5	50727	0
7.121	1	5	1	8083.22	0
7.122	1	1	2	2264.15	0
7.123	1	3	3	1397.13	0
7.124	1	4	4	30686.1	0
7.125	1	2	5	60807.4	0
7.161	1	5	1	7004.12	0
7.162	1	1	2	3117.37	0
7.163	1	3	3	6099.71	0
7.164	1	4	4	24923.5	0
7.165	1	2	5	17944	0
7.201	1	5	1	10271	0
7.202	1	1	2	4653.9	0
7.203	1	3	3	2426.27	0
7.204	1	4	4	22797.4	0
7.205	1	2	5	36349.1	0
7.241	1	5	1	11775.4	0
7.242	1	1	2	4336.4	0
7.243	1	3	3	1767.39	0
7.244	1	4	4	45204.5	0
7.245	1	2	5	125536	0
7.281	1	5	1	15696.8	0
7.282	1	1	2	8554.4	0
7.283	1	3	3	3729.2	0
7.284	1	4	4	28065.6	0
7.285	1	2	5	23637.3	0
7.321	1	5	1	27445.2	0
7.322	1	1	2	7801.82	0
7.323	1	3	3	4035.92	0
7.324	1	4	4	45908.8	0
7.325	1	2	5	17939.5	0
7.361	1	5	1	33090.5	0
7.362	1	1	2	10190.4	0
7.363	1	3	3	5370.46	0
7.364	1	4	4	27514.5	0
7.365	1	2	5	110811	0
7.401	1	5	1	45698.4	0
7.402	1	1	2	39762	0
7.403	1	3	3	3223.9	0
7.404	1	4	4	34439.3	0
7.405	1	2	5	103003	0
7.441	1	5	1	29314.5	0
7.442	1	1	2	12685	0
7.443	1	3	3	2940.14	0
7.444	1	4	4	66995.1	0
7.445	1	2	5	50784.3	0
7.481	1	5	1	6394.16	0
7.482	1	1	2	5725.48	0
7.483	1	3	3	2567.89	0
7.484	1	4	4	15226.8	0
7.485	1	2	5	57131.5	0
7.521	1	5	1	8631.7	0
7.522	1	1	2	9097.75	0
7.523	1	3	3	6183.08	0
7.524	1	4	4	40601.8	0
7.525	1	2	5	35517.7	0
7.561	1	5	1	16673.8	0
7.562	1	1	2	11553.9	0
7.563	1	3	3	3699.27	0
7.564	1	4	4	43567.8	0
7.565	1	2	5	31736.3	0
7.601	1	5	1	19575.1	0
7.602	1	1	2	9973.5	0
7.603	1	3	3	12542.8	0
7.604	1	4	4	44781.7	0
7.605	1	2	5	101324	0
7.641	1	5	1	11964.7	0
7.642	1	1	2	25317	0
7.643	1	3	3	8604.27	0
7.644	1	4	4	22254.4	0
7.645	1	2	5	24765.6	0
7.681	1	5	1	14877	0
7.682	1	1	2	5317.63	0
7.683	1	3	3	3798.18	0
7.684	1	4	4	12704.9	0
7.685	1	2	5	25646.3	0
7.721	1	5	1	9992.78	0
7.722	1	1	2	2975.56	0
7.723	1	3	3	9442.87	0
7.724	1	4	4	12643.2	0
7.725	1	2	5	33295.7	0
7.761	1	5	1	23124.1	0
7.762	1	1	2	7255.43	0
7.763	1	3	3	4901.87	0
7.764	1	4	4	13703.5	0
7.765	1	2	5	21003.5	0
7.801	1	5	1	58125.5	0
7.802	1	1	2	11550.3	0
7.803	1	3	3	3037.21	0
7.804	1	4	4	14923.4	0
7.805	1	2	5	74326.2	0
7.841	1	5	1	40963.8	0
7.842	1	1	2	2789.33	0
7.843	1	3	3	1494.78	0
7.844	1	4	4	14910.8	0
7.845	1	2	5	27347.1	0
7.881	1	5	1	17332.4	0
7.882	1	1	2	3924.34	0
7.883	1	3	3	2716.25	0
7.884	1	4	4	21373.2	0
7.885	1	2	5	10204.6	0
7.921	1	5	1	20463.4	0
7.922	1	1	2	3189.07	0
7.923	1	3	3	10152.3	0
7.924	1	4	4	17241.4	0
7.925	1	2	5	70884.7	0
7.961	1	5	1	7986.55	0
7.962	1	1	2	4107.48	0
7.963	1	3	3	3870.58	0
7.964	1	4	4	12176.5	0
7.965	1	2	5	33862.2	0
8.001	1	5	1	19254	0
8.002	1	1	2	7044.02	0
8.003	1	3	3	2686.22	0
8.004	1	4	4	16246.6	0
8.005	1	2	5	66964.4	0
8.041	1	5	1	38862.3	0
8.042	1	1	2	15008.4	0
8.043	1	3	3	3854.19	0
8.044	1	4	4	7061.48	0
8.045	1	2	5	101719	0
8.081	1	5	1	34654.3	0
8.082	1	1	2	14085.7	0
8.083	1	3	3	2094.19	0
8.084	1	4	4	5687.29	0
8.085	1	2	5	81550.3	0
8.121	1	5	1	12311.9	0
8.122	1	1	2	6855.07	0
8.123	1	3	3	3565.01	0
8.124	1	4	4	2334.06	0
8.125	1	2	5	47737.9	0
8.161	1	5	1	24726.3	0
8.162	1	1	2	13315	0
8.163	1	3	3	4149.71	0
8.164	1	4	4	14903.2	0
8.165	1	2	5	20867.3	0
8.201	1	5	1	23406.9	0
8.202	1	1	2	14501.4	0
8.203	1	3	3	4954.66	0
8.204	1	4	4	29060.3	0
8.205	1	2	5	13596.2	0
8.241	1	5	1	18025	0
8.242	1	1	2	10214.2	0
8.243	1	3	3	3016.78	0
8.244	1	4	4	18779.6	0
8.245	1	2	5	13154	0
8.281	1	5	1	27581.8	0
8.282	1	1	2	13362.5	0
8.283	1	3	3	4043.65	0
8.284	1	4	4	44767.8	0
8.285	1	2	5	10420.6	0
8.321	1	5	1	17421.7	0
8.322	1	1	2	3651.07	0
8.323	1	3	3	8008.62	0
8.324	1	4	4	29876.4	0
8.325	1	2	5	8305.32	0
8.361	1	5	1	32033	0
8.362	1	1	2	18332.5	0
8.363	1	3	3	3960	0
8.364	1	4	4	26065.7	0
8.365	1	2	5	15952	0
8.401	1	5	1	37478.2	0
8.402	1	1	2	21872.5	0
8.403	1	3	3	3098.67	0
8.404	1	4	4	27414.2	0
8.405	1	2	5	23264.9	0
8.441	1	5	1	20515.5	0
8.442	1	1	2	4767.66	0
8.443	1	3	3	3285.08	0
8.444	1	4	4	24345.9	0
8.445	1	2	5	31890.9	0
8.481	1	5	1	16074.2	0
8.482	1	1	2	2710	0
8.483	1	3	3	1962.81	0
8.484	1	4	4	49991.9	0
8.485	1	2	5	84676.1	0
8.521	1	5	1	29711.6	0
8.522	1	1	2	11438.1	0
8.523	1	3	3	571.42	0
8.524	1	4	4	14639.1	0
8.525	1	2	5	20902	0
8.561	1	5	1	41729.7	0
8.562	1	1	2	3770.96	0
8.563	1	3	3	6683.72	0
8.564	1	4	4	18447.2	0
8.565	1	2	5	25106.1	0
8.601	1	5	1	14549.7	0
8.602	1	1	2	5020.57	0
8.603	1	3	3	6589.44	0
8.604	1	4	4	12000.3	0
8.605	1	2	5	33517.4	0
8.641	1	5	1	22802.8	0
8.642	1	1	2	5704.81	0
8.643	1	3	3	2081.73	0
8.644	1	4	4	30743.6	0
8.645	1	2	5	46486.9	0
8.681	1	5	1	17759.9	0
8.682	1	1	2	6769.83	0
8.683	1	3	3	2541.44	0
8.684	1	4	4	72571	0
8.685	1	2	5	13742.9	0
8.721	1	5	1	8234.82	0
8.722	1	1	2	11328.6	0
8.723	1	3	3	1863.34	0
8.724	1	4	4	48118.7	0
8.725	1	2	5	10880.6	0
8.761	1	5	1	10584.6	0
8.762	1	1	2	3048.09	0
8.763	1	3	3	928.249	0
8.764	1	4	4	18749.5	0
8.765	1	2	5	13904.2	0
8.801	1	5	1	7578.52	0
8.802	1	1	2	1894.95	0
8.803	1	3	3	1040.12	0
8.804	1	4	4	30549.3	0
8.805	1	2	5	15477.9	0
8.841	1	5	1	16684.5	0
8.842	1	1	2	4246.23	0
8.843	1	3	3	2035.18	0
8.844	1	4	4	8940.65	0
8.845	1	2	5	14762.7	0
8.881	1	5	1	11773.8	0
8.882	1	1	2	1393.35	0
8.883	1	3	3	4237.04	0
8.884	1	4	4	28319.7	0
8.885	1	2	5	20857.7	0
8.921	1	5	1	22496.4	0
8.922	1	1	2	2116.88	0
8.923	1	3	3	3797.34	0
8.924	1	4	4	59163	0
8.925	1	2	5	26862.5	0
8.961	1	5	1	41298.6	0
8.962	1	1	2	3377.64	0
8.963	1	3	3	1773.63	0
8.964	1	4	4	36220.3	0
8.965	1	2	5	9063.47	0
9.001	1	5	1	13166.2	0
9.002	1	1	2	4881.99	0
9.003	1	3	3	1218.11	0
9.004	1	4	4	11611.7	0
9.005	1	2	5	38172.1	0
9.041	1	5	1	3660.74	0
9.042	1	1	2	5525.71	0
9.043	1	3	3	4584.39	0
9.044	1	4	4	7663.99	0
9.045	1	2	5	27231	0
9.081	1	5	1	10232.8	0
9.082	1	1	2	1214.09	0
9.083	1	3	3	8770.89	0
9.084	1	4	4	14483.8	0
9.085	1	2	5	24693.1	0
9.121	1	5	1	15595.4	0
9.122	1	1	2	4005.67	0
9.123	1	3	3	5274.76	0
9.124	1	4	4	21692.4	0
9.125	1	2	5	2956.05	0
9.161	1	5	1	16936.7	0
9.162	1	1	2	4560.19	0
9.163	1	3	3	6559.87	0
9.164	1	4	4	12918	0
9.165	1	2	5	18345.2	0
9.201	1	5	1	16671.6	0
9.202	1	1	2	10558.5	0
9.203	1	3	3	6365.95	0
9.204	1	4	4	22095.7	0
9.205	1	2	5	67963.4	0
9.241	1	5	1	11227.3	0
9.242	1	1	2	23220.1	0
9.243	1	3	3	3672.16	0
9.244	1	4	4	43084	0
9.245	1	2	5	14141.3	0
9.281	1	5	1	18888.7	0
9.282	1	1	2	4335.88	0
9.283	1	3	3	2950.07	0
9.284	1	4	4	49731.6	0
9.285	1	2	5	32482.6	0
9.321	1	5	1	26584.5	0
9.322	1	1	2	19046	0
9.323	1	3	3	1259.91	0
9.324	1	4	4	42353.9	0
9.325	1	2	5	60221.4	0
9.361	1	5	1	13957.1	0
9.362	1	1	2	7301.91	0
9.363	1	3	3	3018.56	0
9.364	1	4	4	19659.2	0
9.365	1	2	5	139955	0
9.401	1	5	1	11521.5	0
9.402	1	1	2	7578.87	0
9.403	1	3	3	2440.51	0
9.404	1	4	4	12230.2	0
9.405	1	2	5	133696	0
9.441	1	5	1	10175.7	0
9.442	1	1	2	19140	0
9.443	1	3	3	2666.94	0
9.444	1	4	4	15049.5	0
9.445	1	2	5	36425.4	0
9.481	1	5	1	4170.79	0
9.482	1	1	2	2160.14	0
9.483	1	3	3	4499.03	0
9.484	1	4	4	13349.7	0
9.485	1	2	5	18480.5	0
9.521	1	5	1	13962	0
9.522	1	1	2	14335.1	0
9.523	1	3	3	7443.07	0
9.524	1	4	4	65231	0
9.525	1	2	5	15952.2	0
9.561	1	5	1	6036.62	0
9.562	1	1	2	5956.12	0
9.563	1	3	3	6739.79	0
9.564	1	4	4	53470.7	0
9.565	1	2	5	28920.3	0
9.601	1	5	1	13901.9	0
9.602	1	1	2	5636.94	0
9.603	1	3	3	3166.59	0
9.604	1	4	4	50222.9	0
9.605	1	2	5	31720.2	0
9.641	1	5	1	30080.9	0
9.642	1	1	2	1157.66	0
9.643	1	3	3	1424.73	0
9.644	1	4	4	55961.5	0
9.645	1	2	5	10397.8	0
9.681	1	5	1	11188.2	0
9.682	1	1	2	5165.57	0
9.683	1	3	3	1762.96	0
9.684	1	4	4	17666.8	0
9.685	1	2	5	34684.1	0
9.721	1	5	1	29841.9	0
9.722	1	1	2	2533.53	0
9.723	1	3	3	2965	0
9.724	1	4	4	32282.4	0
9.725	1	2	5	85328.4	0
9.761	1	5	1	20195.5	0
9.762	1	1	2	1355.48	0
9.763	1	3	3	2806.75	0
9.764	1	4	4	15823.4	0
9.765	1	2	5	40149.4	0
9.801	1	5	1	41463.4	0
9.802	1	1	2	6589.84	0
9.803	1	3	3	1919.6	0
9.804	1	4	4	38830	0
9.805	1	2	5	112420	0
9.841	1	5	1	91318.5	0
9.842	1	1	2	3664.3	0
9.843	1	3	3	4693.54	0
9.844	1	4	4	50066.6	0
9.845	1	2	5	34416.3	0
9.881	1	5	1	27299.1	0
9.882	1	1	2	5745.95	0
9.883	1	3	3	7064.65	0
9.884	1	4	4	17301.6	0
9.885	1	2	5	11296.9	0
9.921	1	5	1	9888.67	0
9.922	1	1	2	10766.8	0
9.923	1	3	3	7285.19	0
9.924	1	4	4	28853.3	0
9.925	1	2	5	25014.2	0
9.961	1	5	1	33722.5	0
9.962	1	1	2	11684.3	0
9.963	1	3	3	5070.83	0
9.964	1	4	4	20791.9	0
9.965	1	2	5	19574.3	0
10.001	1	5	1	14539.2	0
10.002	1	1	2	15281.5	0
10.003	1	3	3	7291.68	0
10.004	1	4	4	17418.5	0
10.005	1	2	5	90765.3	0
10.041	1	5	1	26380.3	0
10.042	1	1	2	9270.56	0
10.043	1	3	3	6132.72	0
10.044	1	4	4	11695.7	0
10.045	1	2	5	16499.9	0
10.081	1	5	1	42656.4	0
10.082	1	1	2	3442.74	0
10.083	1	3	3	2226.73	0
10.084	1	4	4	27394.9	0
10.085	1	2	5	22287	0
10.121	1	5	1	18196.7	0
10.122	1	1	2	1790.88	0
10.123	1	3	3	4686.71	0
10.124	1	4	4	18844.1	0
10.125	1	2	5	24882.9	0
10.161	1	5	1	18400.8	0
10.162	1	1	2	1947.4	0
10.163	1	3	3	4162.41	0
10.164	1	4	4	8659.66	0
10.165	1	2	5	146671	0
10.201	1	5	1	15869.9	0
10.202	1	1	2	1711.72	0
10.203	1	3	3	3411.62	0
10.204	1	4	4	26541.8	0
10.205	1	2	5	159101	0
10.241	1	5	1	12588	0
10.242	1	1	2	1531.49	0
10.243	1	3	3	5038.9	0
10.244	1	4	4	39934.5	0
10.245	1	2	5	83776.7	0
10.281	1	5	1	36804.6	0
10.282	1	1	2	5957.56	0
10.283	1	3	3	3173.82	0
10.284	1	4	4	25850.3	0
10.285	1	2	5	27290.5	0
10.321	1	5	1	35046.8	0
10.322	1	1	2	8774.17	0
10.323	1	3	3	6103.57	0
10.324	1	4	4	18612.2	0
10.325	1	2	5	23004	0
10.361	1	5	1	24270.1	0
10.362	1	1	2	5145.34	0
10.363	1	3	3	6734.61	0
10.364	1	4	4	22779.1	0
10.365	1	2	5	7217.04	0
10.401	1	5	1	44514.9	0
10.402	1	1	2	13904.2	0
10.403	1	3	3	3706.35	0
10.404	1	4	4	10903.4	0
10.405	1	2	5	18577.8	0
10.441	1	5	1	49884	0
10.442	1	1	2	20649.2	0
10.443	1	3	3	2850.6	0
10.444	1	4	4	19862.9	0
10.445	1	2	5	24350.5	0
10.481	1	5	1	19198.6	0
10.482	1	1	2	1729.05	0
10.483	1	3	3	638.476	0
10.484	1	4	4	25566.1	0
10.485	1	2	5	55899.5	0
10.521	1	5	1	27509.1	0
10.522	1	1	2	1886.75	0
10.523	1	3	3	1920.75	0
10.524	1	4	4	49395.8	0
10.525	1	2	5	42370.3	0
10.561	1	5	1	16597.2	0
10.562	1	1	2	3657.51	0
10.563	1	3	3	2383.04	0
10.564	1	4	4	40334.3	0
10.565	1	2	5	65520.5	0
10.601	1	5	1	26174.8	0
10.602	1	1	2	16780	0
10.603	1	3	3	4101.74	0
10.604	1	4	4	14878.9	0
10.605	1	2	5	78015.2	0
10.641	1	5	1	42670	0
10.642	1	1	2	23569	0
10.643	1	3	3	5178.13	0
10.644	1	4	4	31903.5	0
10.645	1	2	5	16944.1	0
10.681	1	5	1	23465.7	0
10.682	1	1	2	14978.3	0
10.683	1	3	3	6616.45	0
10.684	1	4	4	27448.6	0
10.685	1	2	5	20584.4	0
10.721	1	5	1	14134.2	0
10.722	1	1	2	6150.57	0
10.723	1	3	3	8402.37	0
10.724	1	4	4	23260.3	0
10.725	1	2	5	18582.1	0
10.761	1	5	1	28539	0
10.762	1	1	2	12886.6	0
10.763	1	3	3	3993.92	0
10.764	1	4	4	33659.4	0
10.765	1	2	5	28687.4	0
10.801	1	5	1	10808.4	0
10.802	1	1	2	15619.8	0
10.803	1	3	3	1414.41	0
10.804	1	4	4	21255.8	0
10.805	1	2	5	44358.2	0
10.841	1	5	1	16051.1	0
10.842	1	1	2	4756.41	0
10.843	1	3	3	5158.93	0
10.844	1	4	4	41653.5	0
10.845	1	2	5	67252.1	0
10.881	1	5	1	24175.3	0
10.882	1	1	2	10355	0
10.883	1	3	3	4000.98	0
10.884	1	4	4	44647.3	0
10.885	1	2	5	112531	0
10.921	1	5	1	19221.5	0
10.922	1	1	2	10147.4	0
10.923	1	3	3	1280.24	0
10.924	1	4	4	24683.7	0
10.925	1	2	5	68011.9	0
10.961	1	5	1	39427	0
10.962	1	1	2	7028.05	0
10.963	1	3	3	3485.03	0
10.964	1	4	4	18749.4	0
10.965	1	2	5	92266.4	0
11.001	1	5	1	53704.5	0
11.002	1	1	2	7566.69	0
11.003	1	3	3	5891.43	0
11.004	1	4	4	43010.7	0
11.005	1	2	5	57302.5	0
11.041	1	5	1	28772	0
11.042	1	1	2	2190.56	0
11.043	1	3	3	1942.36	0
11.044	1	4	4	55531.4	0
11.045	1	2	5	56173	0
11.081	1	5	1	17122.4	0
11.082	1	1	2	6012.91	0
11.083	1	3	3	2604.04	0
11.084	1	4	4	7116.35	0
11.085	1	2	5	54708	0
11.121	1	5	1	41946.8	0
11.122	1	1	2	11113.7	0
11.123	1	3	3	1675.98	0
11.124	1	4	4	4346.85	0
11.125	1	2	5	67336.1	0
11.161	1	5	1	28836.1	0
11.162	1	1	2	7110.82	0
11.163	1	3	3	914.988	0
11.164	1	4	4	36090	0
11.165	1	2	5	75107.3	0
11.201	1	5	1	9489.07	0
11.202	1	1	2	5713.71	0
11.203	1	3	3	1081.71	0
11.204	1	4	4	22639.3	0
11.205	1	2	5	78344.8	0
11.241	1	5	1	23709.3	0
11.242	1	1	2	16940.2	0
11.243	1	3	3	2294.43	0
11.244	1	4	4	8597.48	0
11.245	1	2	5	38683.5	0
11.281	1	5	1	29007.3	0
11.282	1	1	2	25815.1	0
11.283	1	3	3	4398.12	0
11.284	1	4	4	25905.9	0
11.285	1	2	5	15131.4	0
11.321	1	5	1	30897.8	0
11.322	1	1	2	17489.6	0
11.323	1	3	3	3511.13	0
11.324	1	4	4	41318.2	0
11.325	1	2	5	30696.7	0
11.361	1	5	1	34041.7	0
11.362	1	1	2	10114.9	0
11.363	1	3	3	1685.34	0
11.364	1	4	4	27408	0
11.365	1	2	5	44507	0
11.401	1	5	1	24543	0
11.402	1	1	2	3931.65	0
11.403	1	3	3	2318.73	0
11.404	1	4	4	21885.1	0
11.405	1	2	5	62218.3	0
11.441	1	5	1	28857.5	0
11.442	1	1	2	9025.47	0
11.443	1	3	3	2756.38	0
11.444	1	4	4	23083.1	0
11.445	1	2	5	66861.8	0
11.481	1	5	1	36289.7	0
11.482	1	1	2	5987.59	0
11.483	1	3	3	3422.41	0
11.484	1	4	4	10915	0
11.485	1	2	5	45712.3	0
11.521	1	5	1	32311.4	0
11.522	1	1	2	2173.69	0
11.523	1	3	3	7463.03	0
11.524	1	4	4	16041.4	0
11.525	1	2	5	14886.9	0
11.561	1	5	1	26748.2	0
11.562	1	1	2	6611.06	0
11.563	1	3	3	3130.92	0
11.564	1	4	4	14843.9	0
11.565	1	2	5	8942.1	0
11.601	1	5	1	17312.8	0
11.602	1	1	2	8155.11	0
11.603	1	3	3	9732.23	0
11.604	1	4	4	12611.6	0
11.605	1	2	5	15107.6	0
11.641	1	5	1	20529.1	0
11.642	1	1	2	16862	0
11.643	1	3	3	11787.6	0
11.644	1	4	4	10719.2	0
11.645	1	2	5	19388.3	0
11.681	1	5	1	10445.3	0
11.682	1	1	2	12288.6	0
11.683	1	3	3	3428.97	0
11.684	1	4	4	20890	0
11.685	1	2	5	11978.4	0
11.721	1	5	1	15364.1	0
11.722	1	1	2	21976	0
11.723	1	3	3	8218.87	0
11.724	1	4	4	23931.4	0
11.725	1	2	5	28078.6	0
11.761	1	5	1	24252.9	0
11.762	1	1	2	18766	0
11.763	1	3	3	7060.42	0
11.764	1	4	4	14690.4	0
11.765	1	2	5	56581.8	0
11.801	1	5	1	11870.8	0
11.802	1	1	2	7354.92	0
11.803	1	3	3	2847.87	0
11.804	1	4	4	18407.3	0
11.805	1	2	5	22224.2	0
11.841	1	5	1	10607.8	0
11.842	1	1	2	50399.7	0
11.843	1	3	3	2566.32	0
11.844	1	4	4	12151.8	0
11.845	1	2	5	16932.4	0
11.881	1	5	1	13612.1	0
11.882	1	1	2	12250.8	0
11.883	1	3	3	908.628	0
11.884	1	4	4	29624	0
11.885	1	2	5	16830.6	0
11.921	1	5	1	13228.6	0
11.922	1	1	2	4939.13	0
11.923	1	3	3	8664.47	0
11.924	1	4	4	72133.7	0
11.925	1	2	5	55710.9	0
11.961	1	5	1	11587.1	0
11.962	1	1	2	21174.7	0
11.963	1	3	3	7026.87	0
11.964	1	4	4	49336.3	0
11.965	1	2	5	84411.1	0
12.001	1	5	1	44809.5	0
12.002	1	1	2	3544.94	0
12.003	1	3	3	1880.27	0
12.004	1	4	4	30059	0
12.005	1	2	5	7608.32	0
12.041	1	5	1	42811.3	0
12.042	1	1	2	3278.52	0
12.043	1	3	3	1893.85	0
12.044	1	4	4	12053.8	0
12.045	1	2	5	111453	0
12.081	1	5	1	21024.4	0
12.082	1	1	2	7141.59	0
12.083	1	3	3	2037.81	0
12.084	1	4	4	36013	0
12.085	1	2	5	71325.1	0
12.121	1	5	1	29538.6	0
12.122	1	1	2	10829.8	0
12.123	1	3	3	2619.03	0
12.124	1	4	4	86021.7	0
12.125	1	2	5	8924.92	0
12.161	1	5	1	20823.4	0
12.162	1	1	2	13061.7	0
12.163	1	3	3	4712.87	0
12.164	1	4	4	41264.6	0
12.165	1	2	5	31609.8	0
12.201	1	5	1	31965	0
12.202	1	1	2	8057.77	0
12.203	1	3	3	3478.94	0
12.204	1	4	4	26211	0
12.205	1	2	5	47767.3	0
12.241	1	5	1	27065.5	0
12.242	1	1	2	8725	0
12.243	1	3	3	2569.22	0
12.244	1	4	4	12863.3	0
12.245	1	2	5	13001.2	0
12.281	1	5	1	5701.59	0
12.282	1	1	2	4523	0
12.283	1	3	3	1774.23	0
12.284	1	4	4	23360	0
12.285	1	2	5	15774.4	0
12.321	1	5	1	12374.9	0
12.322	1	1	2	2007.11	0
12.323	1	3	3	820.175	0
12.324	1	4	4	50205.8	0
12.325	1	2	5	29731.7	0
12.361	1	5	1	14888.5	0
12.362	1	1	2	1215.73	0
12.363	1	3	3	646.307	0
12.364	1	4	4	17079.3	0
12.365	1	2	5	5640.11	0
12.401	1	5	1	10305.4	0
12.402	1	1	2	6856.5	0
12.403	1	3	3	1807.03	0
12.404	1	4	4	22735.6	0
12.405	1	2	5	7031.24	0
12.441	1	5	1	11914.2	0
12.442	1	1	2	16860	0
12.443	1	3	3	5181.2	0
12.444	1	4	4	47842.4	0
12.445	1	2	5	31489.7	0
12.481	1	5	1	9847.11	0
12.482	1	1	2	4528.17	0
12.483	1	3	3	2709.71	0
12.484	1	4	4	48032.8	0
12.485	1	2	5	30645.8	0
12.521	1	5	1	8393.79	0
12.522	1	1	2	15751.2	0
12.523	1	3	3	4151.08	0
12.524	1	4	4	11849.7	0
12.525	1	2	5	24865	0
12.561	1	5	1	20076.9	0
12.562	1	1	2	5531.18	0
12.563	1	3	3	10099.8	0
12.564	1	4	4	11025.1	0
12.565	1	2	5	15655.6	0
12.601	1	5	1	33694	0
12.602	1	1	2	2587.3	0
12.603	1	3	3	8155.24	0
12.604	1	4	4	7539.53	0
12.605	1	2	5	16941.2	0
12.641	1	5	1	10145.7	0
12.642	1	1	2	11997.9	0
12.643	1	3	3	4994.87	0
12.644	1	4	4	7403.94	0
12.645	1	2	5	50810.2	0
12.681	1	5	1	18162.4	0
12.682	1	1	2	11523.9	0
12.683	1	3	3	9208.98	0
12.684	1	4	4	19096.6	0
12.685	1	2	5	82353.9	0
12.721	1	5	1	10597.8	0
12.722	1	1	2	11490.8	0
12.723	1	3	3	6352.49	0
12.724	1	4	4	13405.2	0
12.725	1	2	5	28065	0
12.761	1	5	1	22260.6	0
12.762	1	1	2	5395.33	0
12.763	1	3	3	4041.06	0
12.764	1	4	4	15006.4	0
12.765	1	2	5	30568.9	0
12.801	1	5	1	40866.4	0
12.802	1	1	2	4164.64	0
12.803	1	3	3	5510.56	0
12.804	1	4	4	25959.5	0
12.805	1	2	5	49353.7	0
12.841	1	5	1	18886.4	0
12.842	1	1	2	6411.84	0
12.843	1	3	3	4652.38	0
12.844	1	4	4	28903.7	0
12.845	1	2	5	21139.5	0
12.881	1	5	1	26590.5	0
12.882	1	1	2	7092.07	0
12.883	1	3	3	6281.27	0
12.884	1	4	4	26766.3	0
12.885	1	2	5	21302.1	0
12.921	1	5	1	52662.8	0
12.922	1	1	2	5547.16	0
12.923	1	3	3	4058.34	0
12.924	1	4	4	9555.97	0
12.925	1	2	5	15929.3	0
12.961	1	5	1	33103.4	0
12.962	1	1	2	7932.08	0
12.963	1	3	3	1522.49	0
12.964	1	4	4	36345.4	0
12.965	1	2	5	18404.4	0
13.001	1	5	1	48547.7	0
13.002	1	1	2	7376.48	0
13.003	1	3	3	2500.95	0
13.004	1	4	4	41452.2	0
13.005	1	2	5	11159.6	0
13.041	1	5	1	102118	0
13.042	1	1	2	1982.1	0
13.043	1	3	3	2086.65	0
13.044	1	4	4	42741.4	0
13.045	1	2	5	15109.5	0
13.081	1	5	1	36364.4	0
13.082	1	1	2	6435.03	0
13.083	1	3	3	4495.26	0
13.084	1	4	4	15185.1	0
13.085	1	2	5	16490.6	0
13.121	1	5	1	12425.2	0
13.122	1	1	2	2256.98	0
13.123	1	3	3	2826.21	0
13.124	1	4	4	30496.5	0
13.125	1	2	5	22376.9	0
13.161	1	5	1	33053.5	0
13.162	1	1	2	1632.83	0
13.163	1	3	3	1742.89	0
13.164	1	4	4	28869.3	0
13.165	1	2	5	67775.8	0
13.201	1	5	1	7482.62	0
13.202	1	1	2	8054.2	0
13.203	1	3	3	2442.9	0
13.204	1	4	4	22030.6	0
13.205	1	2	5	44217.8	0
13.241	1	5	1	13920.7	0
13.242	1	1	2	1984.69	0
13.243	1	3	3	2560.21	0
13.244	1	4	4	34018.4	0
13.245	1	2	5	26397.5	0
13.281	1	5	1	19925.1	0
13.282	1	1	2	2982.02	0
13.283	1	3	3	2332.87	0
13.284	1	4	4	21487.3	0
13.285	1	2	5	86836.2	0
13.321	1	5	1	24589.4	0
13.322	1	1	2	6405.02	0
13.323	1	3	3	1825.54	0
13.324	1	4	4	39508.4	0
13.325	1	2	5	99637	0
13.361	1	5	1	27577.2	0
13.362	1	1	2	8941.03	0
13.363	1	3	3	2616.85	0
13.364	1	4	4	46224.4	0
13.365	1	2	5	53999.4	0
13.401	1	5	1	12781.6	0
13.402	1	1	2	3980.58	0
13.403	1	3	3	3064.53	0
13.404	1	4	4	25303.1	0
13.405	1	2	5	270693	0
13.441	1	5	1	12677.4	0
13.442	1	1	2	2186.26	0
13.443	1	3	3	3188.32	0
13.444	1	4	4	19825.4	0
13.445	1	2	5	140795	0
13.481	1	5	1	11521.6	0
13.482	1	1	2	4951.22	0
13.483	1	3	3	2345.52	0
13.484	1	4	4	4270.79	0
13.485	1	2	5	66606.3	0
13.521	1	5	1	24994.5	0
13.522	1	1	2	3621.98	0
13.523	1	3	3	1909.83	0
13.524	1	4	4	20778.5	0
13.525	1	2	5	40883.5	0
13.561	1	5	1	35269.9	0
13.562	1	1	2	2716.61	0
13.563	1	3	3	2214.4	0
13.564	1	4	4	20946.9	0
13.565	1	2	5	70463.9	0
13.601	1	5	1	53757	0
13.602	1	1	2	1793.47	0
13.603	1	3	3	2988.25	0
13.604	1	4	4	14261.2	0
13.605	1	2	5	86569.7	0
13.641	1	5	1	29631	0
13.642	1	1	2	485.561	0
13.643	1	3	3	3163.69	0
13.644	1	4	4	21447.8	0
13.645	1	2	5	26565.6	0
13.681	1	5	1	16708.3	0
13.682	1	1	2	4076.73	0
13.683	1	3	3	2822.3	0
13.684	1	4	4	33271.7	0
13.685	1	2	5	31889	0
13.721	1	5	1	29669.7	0
13.722	1	1	2	12399	0
13.723	1	3	3	2075.07	0
13.724	1	4	4	18713.2	0
13.725	1	2	5	9189.49	0
13.761	1	5	1	29606.8	0
13.762	1	1	2	4681.33	0
13.763	1	3	3	4216.33	0
13.764	1	4	4	13842	0
13.765	1	2	5	29377	0
13.801	1	5	1	9467.87	0
13.802	1	1	2	23361.2	0
13.803	1	3	3	4431.57	0
13.804	1	4	4	13323.9	0
13.805	1	2	5	132953	0
13.841	1	5	1	15511	0
13.842	1	1	2	6743.25	0
13.843	1	3	3	2125.38	0
13.844	1	4	4	5484.37	0
13.845	1	2	5	31555.7	0
13.881	1	5	1	28532.7	0
13.882	1	1	2	5063.56	0
13.883	1	3	3	2242.36	0
13.884	1	4	4	10127.9	0
13.885	1	2	5	16760.9	0
13.921	1	5	1	28746.7	0
13.922	1	1	2	9649.23	0
13.923	1	3	3	1503.44	0
13.924	1	4	4	32403.2	0
13.925	1	2	5	30777.1	0
13.961	1	5	1	30513.3	0
13.962	1	1	2	2960.82	0
13.963	1	3	3	743.67	0
13.964	1	4	4	35202.1	0
13.965	1	2	5	6001.34	0
14.001	1	5	1	22312	0
14.002	1	1	2	3426.7	0
14.003	1	3	3	2083.67	0
14.004	1	4	4	20533.6	0
14.005	1	2	5	38614.3	0
14.041	1	5	1	43560.2	0
14.042	1	1	2	16933.8	0
14.043	1	3	3	5536.19	0
14.044	1	4	4	2052.11	0
14.045	1	2	5	23205.2	0
14.081	1	5	1	16765.4	0
14.082	1	1	2	5110.7	0
14.083	1	3	3	3124.61	0
14.084	1	4	4	37805.6	0
14.085	1	2	5	34375.2	0
14.121	1	5	1	11962.4	0
14.122	1	1	2	10640.5	0
14.123	1	3	3	1366.04	0
14.124	1	4	4	60730.4	0
14.125	1	2	5	17395.6	0
14.161	1	5	1	12802.1	0
14.162	1	1	2	16104.8	0
14.163	1	3	3	4327.83	0
14.164	1	4	4	4205.98	0
14.165	1	2	5	25789.4	0
14.201	1	5	1	5872	0
14.202	1	1	2	13597.3	0
14.203	1	3	3	6095.83	0
14.204	1	4	4	32827.1	0
14.205	1	2	5	38209.6	0
14.241	1	5	1	5251.72	0
14.242	1	1	2	51336.5	0
14.243	1	3	3	3783.48	0
14.244	1	4	4	51779	0
14.245	1	2	5	38825.1	0
14.281	1	5	1	8025.38	0
14.282	1	1	2	10492.4	0
14.283	1	3	3	3493.69	0
14.284	1	4	4	18132.2	0
14.285	1	2	5	21901.4	0
14.321	1	5	1	15188.9	0
14.322	1	1	2	979.464	0
14.323	1	3	3	3198.31	0
14.324	1	4	4	15513.4	0
14.325	1	2	5	12822.1	0
14.361	1	5	1	23873.2	0
14.362	1	1	2	10104.4	0
14.363	1	3	3	1653.8	0
14.364	1	4	4	6069.01	0
14.365	1	2	5	65587.4	0
14.401	1	5	1	9530.52	0
14.402	1	1	2	5379.2	0
14.403	1	3	3	4032.37	0
14.404	1	4	4	5463.78	0
14.405	1	2	5	83001.4	0
14.441	1	5	1	4626.71	0
14.442	1	1	2	3113.68	0
14.443	1	3	3	3641.12	0
14.444	1	4	4	6596.12	0
14.445	1	2	5	40042.4	0
14.481	1	5	1	14620.6	0
14.482	1	1	2	16048.5	0
14.483	1	3	3	1695.88	0
14.484	1	4	4	10792.1	0
14.485	1	2	5	36039.1	0
14.521	1	5	1	19592.1	0
14.522	1	1	2	9071.95	0
14.523	1	3	3	11366	0
14.524	1	4	4	10579.9	0
14.525	1	2	5	19607.4	0
14.561	1	5	1	29004.8	0
14.562	1	1	2	11473.3	0
14.563	1	3	3	3350.14	0
14.564	1	4	4	12985.8	0
14.565	1	2	5	44924.4	0
14.601	1	5	1	15835.2	0
14.602	1	1	2	8115.2	0
14.603	1	3	3	8502.12	0
14.604	1	4	4	17302.8	0
14.605	1	2	5	15843.2	0
14.641	1	5	1	24418.9	0
14.642	1	1	2	9716.32	0
14.643	1	3	3	6722.67	0
14.644	1	4	4	29197.2	0
14.645	1	2	5	80724.9	0
14.681	1	5	1	44224.4	0
14.682	1	1	2	9279.52	0
14.683	1	3	3	2852.06	0
14.684	1	4	4	35361.2	0
14.685	1	2	5	72900.4	0
14.721	1	5	1	16974.6	0
14.722	1	1	2	5754.7	0
14.723	1	3	3	2422.27	0
14.724	1	4	4	47120.6	0
14.725	1	2	5	39664.6	0
14.761	1	5	1	20672.3	0
14.762	1	1	2	11391.9	0
14.763	1	3	3	1089.74	0
14.764	1	4	4	54893.5	0
14.765	1	2	5	62285.6	0
14.801	1	5	1	20383.8	0
14.802	1	1	2	7339.37	0
14.803	1	3	3	9005.76	0
14.804	1	4	4	20888.9	0
14.805	1	2	5	23918.9	0
14.841	1	5	1	8073.1	0
14.842	1	1	2	4733.76	0
14.843	1	3	3	6552.21	0
14.844	1	4	4	12224.3	0
14.845	1	2	5	66755.5	0
14.881	1	5	1	10962.4	0
14.882	1	1	2	9268.02	0
14.883	1	3	3	640.582	0
14.884	1	4	4	36620.7	0
14.885	1	2	5	176721	0
14.921	1	5	1	7182.59	0
14.922	1	1	2	6192.2	0
14.923	1	3	3	6979.17	0
14.924	1	4	4	22920.2	0
14.925	1	2	5	63450.9	0
14.961	1	5	1	15553.2	0
14.962	1	1	2	2553.94	0
14.963	1	3	3	6316.33	0
14.964	1	4	4	8752.86	0
14.965	1	2	5	72030.9	0
15.001	1	5	1	28545.3	0
15.002	1	1	2	6123.27	0
15.003	1	3	3	4387.7	0
15.004	1	4	4	7878.5	0
15.005	1	2	5	60707	0
15.041	1	5	1	18142.4	0
15.042	1	1	2	4433.28	0
15.043	1	3	3	2587.38	0
15.044	1	4	4	12270.6	0
15.045	1	2	5	34845.3	0
15.081	1	5	1	20672.9	0
15.082	1	1	2	4401.98	0
15.083	1	3	3	2026.12	0
15.084	1	4	4	13691.7	0
15.085	1	2	5	36432.2	0
15.121	1	5	1	7523.58	0
15.122	1	1	2	2060.49	0
15.123	1	3	3	8284.24	0
15.124	1	4	4	22159.1	0
15.125	1	2	5	25832.9	0
15.161	1	5	1	60667.3	0
15.162	1	1	2	7978.48	0
15.163	1	3	3	6693.4	0
15.164	1	4	4	32789.2	0
15.165	1	2	5	21498.8	0
15.201	1	5	1	53360.7	0
15.202	1	1	2	9003.14	0
15.203	1	3	3	5435.32	0
15.204	1	4	4	38037.7	0
15.205	1	2	5	31369.7	0
15.241	1	5	1	13984.6	0
15.242	1	1	2	10532.6	0
15.243	1	3	3	7240.79	0
15.244	1	4	4	40752.3	0
15.245	1	2	5	13384.8	0
15.281	1	5	1	15326.2	0
15.282	1	1	2	13077.5	0
15.283	1	3	3	4396.88	0
15.284	1	4	4	27797.4	0
15.285	1	2	5	26297.2	0
15.321	1	5	1	15184.9	0
15.322	1	1	2	4556.11	0
15.323	1	3	3	3378.73	0
15.324	1	4	4	9362.72	0
15.325	1	2	5	19090.1	0
15.361	1	5	1	39068.4	0
15.362	1	1	2	4161.02	0
15.363	1	3	3	1702.19	0
15.364	1	4	4	24010.7	0
15.365	1	2	5	10678.8	0
15.401	1	5	1	22144.5	0
15.402	1	1	2	6458.04	0
15.403	1	3	3	2090.19	0
15.404	1	4	4	34299.2	0
15.405	1	2	5	28779.3	0
15.441	1	5	1	10738.8	0
15.442	1	1	2	2414.4	0
15.443	1	3	3	3184.63	0
15.444	1	4	4	13024.2	0
15.445	1	2	5	24932.1	0
15.481	1	5	1	31288.8	0
15.482	1	1	2	5869.33	0
15.483	1	3	3	1894.45	0
15.484	1	4	4	13760.9	0
15.485	1	2	5	62459.8	0
15.521	1	5	1	11620.8	0
15.522	1	1	2	10288.2	0
15.523	1	3	3	1749.94	0
15.524	1	4	4	26118.6	0
15.525	1	2	5	64247	0
15.561	1	5	1	15044.4	0
15.562	1	1	2	3539.68	0
15.563	1	3	3	1667.65	0
15.564	1	4	4	13589.6	0
15.565	1	2	5	35935.4	0
15.601	1	5	1	12966	0
15.602	1	1	2	5150.97	0
15.603	1	3	3	1788.79	0
15.604	1	4	4	36710.2	0
15.605	1	2	5	71491.8	0
15.641	1	5	1	12014.4	0
15.642	1	1	2	6043.83	0
15.643	1	3	3	3253.6	0
15.644	1	4	4	11105.8	0
15.645	1	2	5	63395.7	0
15.681	1	5	1	10148.9	0
15.682	1	1	2	8597.71	0
15.683	1	3	3	3711.2	0
15.684	1	4	4	47948.4	0
15.685	1	2	5	68080.9	0
15.721	1	5	1	8760.97	0
15.722	1	1	2	12137.7	0
15.723	1	3	3	7974.88	0
15.724	1	4	4	125740	0
15.725	1	2	5	121081	0
15.761	1	5	1	17193.1	0
15.762	1	1	2	2151.94	0
15.763	1	3	3	6037.96	0
15.764	1	4	4	28109.9	0
15.765	1	2	5	63275.9	0
15.801	1	5	1	16938.6	0
15.802	1	1	2	1441.27	0
15.803	1	3	3	3564.25	0
15.804	1	4	4	13658.3	0
15.805	1	2	5	67652.9	0
15.841	1	5	1	9679.31	0
15.842	1	1	2	5110.72	0
15.843	1	3	3	8652.06	0
15.844	1	4	4	41302.8	0
15.845	1	2	5	46307	0
15.881	1	5	1	14956.8	0
15.882	1	1	2	1901.73	0
15.883	1	3	3	6940.77	0
15.884	1	4	4	10340.9	0
15.885	1	2	5	26087.2	0
15.921	1	5	1	9729.75	0
15.922	1	1	2	2238.89	0
15.923	1	3	3	5900.2	0
15.924	1	4	4	16119.7	0
15.925	1	2	5	78217.1	0
15.961	1	5	1	24926.6	0
15.962	1	1	2	6944.73	0
15.963	1	3	3	7184.78	0
15.964	1	4	4	12976.5	0
15.965	1	2	5	114558	0
16.001	1	5	1	28881.8	0
16.002	1	1	2	5136.76	0
16.003	1	3	3	9050.19	0
16.004	1	4	4	25049.4	0
16.005	1	2	5	32475.7	0
16.041	1	5	1	10219.7	0
16.042	1	1	2	7598.36	0
16.043	1	3	3	919.411	0
16.044	1	4	4	33957	0
16.045	1	2	5	54394.2	0
16.081	1	5	1	29657.1	0
16.082	1	1	2	5935.08	0
16.083	1	3	3	4891.97	0
16.084	1	4	4	41170.5	0
16.085	1	2	5	73968.5	0
16.121	1	5	1	41750.1	0
16.122	1	1	2	2506.14	0
16.123	1	3	3	7716.23	0
16.124	1	4	4	46165.3	0
16.125	1	2	5	149030	0
16.161	1	5	1	31491.8	0
16.162	1	1	2	3069.01	0
16.163	1	3	3	2702.1	0
16.164	1	4	4	26415.6	0
16.165	1	2	5	71194.7	0
16.201	1	5	1	12479	0
16.202	1	1	2	4078.67	0
16.203	1	3	3	2311.84	0
16.204	1	4	4	7900.9	0
16.205	1	2	5	54664	0
16.241	1	5	1	7733.04	0
16.242	1	1	2	4187.34	0
16.243	1	3	3	2227.32	0
16.244	1	4	4	30308.1	0
16.245	1	2	5	36587.9	0
16.281	1	5	1	11145.1	0
16.282	1	1	2	3815.3	0
16.283	1	3	3	1016.75	0
16.284	1	4	4	31655.4	0
16.285	1	2	5	25476.1	0
16.321	1	5	1	12682.9	0
16.322	1	1	2	5208.92	0
16.323	1	3	3	982.969	0
16.324	1	4	4	9804.46	0
16.325	1	2	5	54968.2	0
16.361	1	5	1	12603	0
16.362	1	1	2	5059.86	0
16.363	1	3	3	1608.27	0
16.364	1	4	4	13006.2	0
16.365	1	2	5	38659.5	0
16.401	1	5	1	13191.1	0
16.402	1	1	2	3279.7	0
16.403	1	3	3	3771.83	0
16.404	1	4	4	37454.4	0
16.405	1	2	5	51371.7	0
16.441	1	5	1	20664.9	0
16.442	1	1	2	3336.11	0
16.443	1	3	3	4258.59	0
16.444	1	4	4	32990.4	0
16.445	1	2	5	56519.7	0
16.481	1	5	1	37592.6	0
16.482	1	1	2	2144.56	0
16.483	1	3	3	2105.67	0
16.484	1	4	4	11980.9	0
16.485	1	2	5	26623	0
16.521	1	5	1	30009.4	0
16.522	1	1	2	7888.51	0
16.523	1	3	3	4546.32	0
16.524	1	4	4	22123	0
16.525	1	2	5	33540.3	0
16.561	1	5	1	17521.5	0
16.562	1	1	2	2385.97	0
16.563	1	3	3	7012.12	0
16.564	1	4	4	18092.5	0
16.565	1	2	5	10964.8	0
16.601	1	5	1	7303.26	0
16.602	1	1	2	9735.9	0
16.603	1	3	3	2766.42	0
16.604	1	4	4	4022.16	0
16.605	1	2	5	30196.7	0
16.641	1	5	1	23036.4	0
16.642	1	1	2	20362.2	0
16.643	1	3	3	8090.63	0
16.644	1	4	4	39225.1	0
16.645	1	2	5	61202.7	0
16.681	1	5	1	33280.1	0
16.682	1	1	2	2986.06	0
16.683	1	3	3	7708.88	0
16.684	1	4	4	63692.2	0
16.685	1	2	5	22010.9	0
16.721	1	5	1	20888.5	0
16.722	1	1	2	7237.27	0
16.723	1	3	3	1775.79	0
16.724	1	4	4	8366.79	0
16.725	1	2	5	42048	0
16.761	1	5	1	18871.6	0
16.762	1	1	2	9323.44	0
16.763	1	3	3	7399.24	0
16.764	1	4	4	27950.9	0
16.765	1	2	5	18874.8	0
16.801	1	5	1	17683.4	0
16.802	1	1	2	6344.7	0
16.803	1	3	3	4144.85	0
16.804	1	4	4	53290.6	0
16.805	1	2	5	19872.5	0
16.841	1	5	1	8926.91	0
16.842	1	1	2	3458	0
16.843	1	3	3	3968.79	0
16.844	1	4	4	20001.3	0
16.845	1	2	5	18354.2	0
16.881	1	5	1	21623.8	0
16.882	1	1	2	1845.17	0
16.883	1	3	3	2798.04	0
16.884	1	4	4	14939.5	0
16.885	1	2	5	55598.7	0
16.921	1	5	1	20156.5	0
16.922	1	1	2	2165.63	0
16.923	1	3	3	3174.55	0
16.924	1	4	4	15591.6	0
16.925	1	2	5	35210.9	0
16.961	1	5	1	9279.99	0
16.962	1	1	2	4828.17	0
16.963	1	3	3	12499.6	0
16.964	1	4	4	7126.78	0
16.965	1	2	5	16527.1	0
17.001	1	5	1	24492.1	0
17.002	1	1	2	5390.92	0
17.003	1	3	3	6091.62	0
17.004	1	4	4	8114.91	0
17.005	1	2	5	41967.8	0
17.041	1	5	1	11950	0
17.042	1	1	2	4768.54	0
17.043	1	3	3	2499.03	0
17.044	1	4	4	27642.2	0
17.045	1	2	5	202301	0
17.081	1	5	1	9610.93	0
17.082	1	1	2	1093.08	0
17.083	1	3	3	1825.54	0
17.084	1	4	4	33663.3	0
17.085	1	2	5	33186	0
17.121	1	5	1	11324.4	0
17.122	1	1	2	2116.45	0
17.123	1	3	3	2783.97	0
17.124	1	4	4	11007.6	0
17.125	1	2	5	29012.1	0
17.161	1	5	1	11316.8	0
17.162	1	1	2	9725.1	0
17.163	1	3	3	2456.34	0
17.164	1	4	4	16265.5	0
17.165	1	2	5	23180.3	0
17.201	1	5	1	22087	0
17.202	1	1	2	2847.57	0
17.203	1	3	3	2243.14	0
17.204	1	4	4	38624.2	0
17.205	1	2	5	40230.8	0
17.241	1	5	1	19556.3	0
17.242	1	1	2	7330.83	0
17.243	1	3	3	1979.08	0
17.244	1	4	4	17415.8	0
17.245	1	2	5	33506.7	0
17.281	1	5	1	12186.2	0
17.282	1	1	2	5506.44	0
17.283	1	3	3	1548.97	0
17.284	1	4	4	13815.9	0
17.285	1	2	5	17089.7	0
17.321	1	5	1	12681.8	0
17.322	1	1	2	10599	0
17.323	1	3	3	2715.64	0
17.324	1	4	4	25501.3	0
17.325	1	2	5	71647.2	0
17.361	1	5	1	5227.82	0
17.362	1	1	2	83270.1	0
17.363	1	3	3	3766.92	0
17.364	1	4	4	14147.4	0
17.365	1	2	5	42058.9	0
17.401	1	5	1	4514.55	0
17.402	1	1	2	27414.5	0
17.403	1	3	3	2326.21	0
17.404	1	4	4	16987.1	0
17.405	1	2	5	203256	0
17.441	1	5	1	4122.94	0
17.442	1	1	2	3805.71	0
17.443	1	3	3	2635.1	0
17.444	1	4	4	30349.2	0
17.445	1	2	5	232952	0
17.481	1	5	1	23478.2	0
17.482	1	1	2	18501	0
17.483	1	3	3	2061.59	0
17.484	1	4	4	9509.48	0
17.485	1	2	5	56770.7	0
17.521	1	5	1	38167.8	0
17.522	1	1	2	17407.4	0
17.523	1	3	3	9930.11	0
17.524	1	4	4	10719.6	0
17.525	1	2	5	39241.5	0
17.561	1	5	1	22623.9	0
17.562	1	1	2	3510.34	0
17.563	1	3	3	4873.82	0
17.564	1	4	4	35755	0
17.565	1	2	5	41841.3	0
17.601	1	5	1	9187.73	0
17.602	1	1	2	3632.25	0
17.603	1	3	3	3107.87	0
17.604	1	4	4	15107.8	0
17.605	1	2	5	48905.8	0
17.641	1	5	1	15241.4	0
17.642	1	1	2	5686.44	0
17.643	1	3	3	7525.93	0
17.644	1	4	4	7110.75	0
17.645	1	2	5	34291.6	0
17.681	1	5	1	10704.5	0
17.682	1	1	2	878.672	0
17.683	1	3	3	3054.85	0
17.684	1	4	4	23112.2	0
17.685	1	2	5	21439.6	0
17.721	1	5	1	7895.28	0
17.722	1	1	2	4726.88	0
17.723	1	3	3	4570.2	0
17.724	1	4	4	30273.9	0
17.725	1	2	5	23820.4	0
17.761	1	5	1	14078.4	0
17.762	1	1	2	4950.05	0
17.763	1	3	3	1532.43	0
17.764	1	4	4	27841.9	0
17.765	1	2	5	55489.1	0
17.801	1	5	1	9288.06	0
17.802	1	1	2	6617.68	0
17.803	1	3	3	6196.86	0
17.804	1	4	4	22455.5	0
17.805	1	2	5	50489.9	0
17.841	1	5	1	10736.4	0
17.842	1	1	2	6257.25	0
17.843	1	3	3	12683.1	0
17.844	1	4	4	23355.9	0
17.845	1	2	5	19027.5	0
17.881	1	5	1	22294.5	0
17.882	1	1	2	3235.72	0
17.883	1	3	3	5666.59	0
17.884	1	4	4	10957.3	0
17.885	1	2	5	25993.1	0
17.921	1	5	1	12192.1	0
17.922	1	1	2	9841.88	0
17.923	1	3	3	3972.09	0
17.924	1	4	4	24466.6	0
17.925	1	2	5	35992	0
17.961	1	5	1	17237.8	0
17.962	1	1	2	6846.6	0
17.963	1	3	3	2549.52	0
17.964	1	4	4	26881.3	0
17.965	1	2	5	123583	0
18.001	1	5	1	43593.8	0
18.002	1	1	2	11076.6	0
18.003	1	3	3	10718.5	0
18.004	1	4	4	19104.3	0
18.005	1	2	5	16857.8	0
18.041	1	5	1	21101.2	0
18.042	1	1	2	16747.6	0
18.043	1	3	3	4712.44	0
18.044	1	4	4	11975.2	0
18.045	1	2	5	37490.7	0
18.081	1	5	1	11183.7	0
18.082	1	1	2	10020.9	0
18.083	1	3	3	3822.39	0
18.084	1	4	4	26822.2	0
18.085	1	2	5	27880.6	0
18.121	1	5	1	26959.4	0
18.122	1	1	2	8192.5	0
18.123	1	3	3	3688.92	0
18.124	1	4	4	25187.8	0
18.125	1	2	5	27173.5	0
18.161	1	5	1	28002.7	0
18.162	1	1	2	2488.82	0
18.163	1	3	3	1122.25	0
18.164	1	4	4	15968.2	0
18.165	1	2	5	124844	0
18.201	1	5	1	32642.7	0
18.202	1	1	2	2120.62	0
18.203	1	3	3	6881.62	0
18.204	1	4	4	14734.7	0
18.205	1	2	5	51564.7	0
18.241	1	5	1	32204.1	0
18.242	1	1	2	14016.3	0
18.243	1	3	3	7883.57	0
18.244	1	4	4	43663.6	0
18.245	1	2	5	83566.8	0
18.281	1	5	1	23552.9	0
18.282	1	1	2	9429.72	0
18.283	1	3	3	5004.27	0
18.284	1	4	4	31805.7	0
18.285	1	2	5	116204	0
18.321	1	5	1	31978.6	0
18.322	1	1	2	3460.57	0
18.323	1	3	3	7217.24	0
18.324	1	4	4	16197	0
18.325	1	2	5	68475.6	0
18.361	1	5	1	35027.2	0
18.362	1	1	2	13765.6	0
18.363	1	3	3	5249.26	0
18.364	1	4	4	25365.7	0
18.365	1	2	5	67087.1	0
18.401	1	5	1	22189	0
18.402	1	1	2	5647.43	0
18.403	1	3	3	3482.83	0
18.404	1	4	4	14598.1	0
18.405	1	2	5	13951.4	0
18.441	1	5	1	17127.8	0
18.442	1	1	2	4664.24	0
18.443	1	3	3	2293.19	0
18.444	1	4	4	22713.7	0
18.445	1	2	5	45541.1	0
18.481	1	5	1	34473.9	0
18.482	1	1	2	3001.1	0
18.483	1	3	3	1513.06	0
18.484	1	4	4	46552.9	0
18.485	1	2	5	56014.4	0
18.521	1	5	1	11332.8	0
18.522	1	1	2	8298.91	0
18.523	1	3	3	3162.32	0
18.524	1	4	4	42658.1	0
18.525	1	2	5	30538.4	0
18.561	1	5	1	11530.8	0
18.562	1	1	2	9583.75	0
18.563	1	3	3	6098.87	0
18.564	1	4	4	18768	0
18.565	1	2	5	53355.6	0
18.601	1	5	1	22697.5	0
18.602	1	1	2	5385.3	0
18.603	1	3	3	8055.38	0
18.604	1	4	4	11666.3	0
18.605	1	2	5	42563.4	0
18.641	1	5	1	19730.1	0
18.642	1	1	2	24235.2	0
18.643	1	3	3	3363.4	0
18.644	1	4	4	13119.2	0
18.645	1	2	5	20541.8	0
18.681	1	5	1	14272.3	0
18.682	1	1	2	4881.09	0
18.683	1	3	3	6594.42	0
18.684	1	4	4	10025.1	0
18.685	1	2	5	59616.2	0
18.721	1	5	1	12388.6	0
18.722	1	1	2	2327.71	0
18.723	1	3	3	8567.47	0
18.724	1	4	4	7382.25	0
18.725	1	2	5	49881.6	0
18.761	1	5	1	2274.94	0
18.762	1	1	2	5479.52	0
18.763	1	3	3	5481.78	0
18.764	1	4	4	9113.16	0
18.765	1	2	5	37221.5	0
18.801	1	5	1	3955.98	0
18.802	1	1	2	9854.87	0
18.803	1	3	3	7152.31	0
18.804	1	4	4	20167.4	0
18.805	1	2	5	85670	0
18.841	1	5	1	4560.75	0
18.842	1	1	2	7716.89	0
18.843	1	3	3	5607.83	0
18.844	1	4	4	21394.4	0
18.845	1	2	5	12063.9	0
18.881	1	5	1	15625.6	0
18.882	1	1	2	4502.58	0
18.883	1	3	3	2610.08	0
18.884	1	4	4	43465.3	0
18.885	1	2	5	10612.3	0
18.921	1	5	1	20706.4	0
18.922	1	1	2	5454.79	0
18.923	1	3	3	1770.33	0
18.924	1	4	4	27126.1	0
18.925	1	2	5	10827.4	0
18.961	1	5	1	17936.1	0
18.962	1	1	2	14863.1	0
18.963	1	3	3	2018.94	0
18.964	1	4	4	21690.1	0
18.965	1	2	5	17296.6	0
19.001	1	5	1	26729.6	0
19.002	1	1	2	4935.42	0
19.003	1	3	3	2038.45	0
19.004	1	4	4	51712.6	0
19.005	1	2	5	64379.9	0
19.041	1	5	1	16100.1	0
19.042	1	1	2	4779.69	0
19.043	1	3	3	1862.65	0
19.044	1	4	4	43828.3	0
19.045	1	2	5	80079	0
19.081	1	5	1	18825.2	0
19.082	1	1	2	4685.39	0
19.083	1	3	3	3050.02	0
19.084	1	4	4	8100.41	0
19.085	1	2	5	12414.5	0
19.121	1	5	1	43231.5	0
19.122	1	1	2	8171.51	0
19.123	1	3	3	1166.81	0
19.124	1	4	4	16357	0
19.125	1	2	5	14059.6	0
19.161	1	5	1	24898.5	0
19.162	1	1	2	4618.75	0
19.163	1	3	3	3007.09	0
19.164	1	4	4	37215.9	0
19.165	1	2	5	20363.6	0
19.201	1	5	1	12288.8	0
19.202	1	1	2	10534.5	0
19.203	1	3	3	3666.38	0
19.204	1	4	4	16663.4	0
19.205	1	2	5	9677.04	0
19.241	1	5	1	19151.3	0
19.242	1	1	2	10819	0
19.243	1	3	3	2114.49	0
19.244	1	4	4	10957.3	0
19.245	1	2	5	18633.4	0
19.281	1	5	1	9852.65	0
19.282	1	1	2	4828.58	0
19.283	1	3	3	3707.76	0
19.284	1	4	4	33122.9	0
19.285	1	2	5	33808.9	0
19.321	1	5	1	30520.8	0
19.322	1	1	2	9527.14	0
19.323	1	3	3	4200.29	0
19.324	1	4	4	39395	0
19.325	1	2	5	24066.8	0
19.361	1	5	1	39101.9	0
19.362	1	1	2	7037.86	0
19.363	1	3	3	4942.96	0
19.364	1	4	4	21155.3	0
19.365	1	2	5	21176.1	0
19.401	1	5	1	24443.9	0
19.402	1	1	2	9219.77	0
19.403	1	3	3	2774.91	0
19.404	1	4	4	24358.5	0
19.405	1	2	5	13349	0
19.441	1	5	1	37237	0
19.442	1	1	2	9361.18	0
19.443	1	3	3	4571.08	0
19.444	1	4	4	18790.9	0
19.445	1	2	5	10606.4	0
19.481	1	5	1	53498.7	0
19.482	1	1	2	6685.87	0
19.483	1	3	3	7924.36	0
19.484	1	4	4	12399.4	0
19.485	1	2	5	13068.9	0
19.521	1	5	1	27731.9	0
19.522	1	1	2	6006.77	0
19.523	1	3	3	2907.08	0
19.524	1	4	4	58283.6	0
19.525	1	2	5	34709.5	0
19.561	1	5	1	18910.8	0
19.562	1	1	2	4530.73	0
19.563	1	3	3	5529.43	0
19.564	1	4	4	64144.3	0
19.565	1	2	5	21254.3	0
19.601	1	5	1	12167.3	0
19.602	1	1	2	5091.49	0
19.603	1	3	3	2397.99	0
19.604	1	4	4	55961.5	0
19.605	1	2	5	11070.2	0
19.641	1	5	1	8460.68	0
19.642	1	1	2	19032.1	0
19.643	1	3	3	1684.19	0
19.644	1	4	4	19733.3	0
19.645	1	2	5	8947.41	0
