% time	cellId	IMSI	RNTI	sinrLinear	componentCarrierId
0.041	1	1	1	13896.1	0
0.081	1	1	1	6443.29	0
0.121	1	1	1	8281.9	0
0.161	1	1	1	5929.77	0
0.201	1	1	1	13054.7	0
0.241	1	1	1	13708.2	0
0.281	1	1	1	28622.6	0
0.321	1	1	1	32313.9	0
0.361	1	1	1	13551.9	0
0.401	1	1	1	31180	0
0.441	1	1	1	34712.1	0
0.481	1	1	1	23331.1	0
0.521	1	1	1	26111.1	0
0.561	1	1	1	37462.5	0
0.601	1	1	1	13741	0
0.641	1	1	1	13235.9	0
0.681	1	1	1	2446.06	0
0.721	1	1	1	25898.5	0
0.761	1	1	1	39817.1	0
0.801	1	1	1	4797.82	0
0.841	1	1	1	19148	0
0.881	1	1	1	33530.2	0
0.921	1	1	1	12272.1	0
0.961	1	1	1	9601.48	0
1.001	1	1	1	31567.1	0
1.041	1	1	1	23588.7	0
1.081	1	1	1	21269	0
1.121	1	1	1	39532	0
1.161	1	1	1	33305.6	0
1.201	1	1	1	11705.6	0
1.241	1	1	1	25811.2	0
1.281	1	1	1	31060.1	0
1.321	1	1	1	9907.6	0
1.361	1	1	1	13001.6	0
1.401	1	1	1	22787.1	0
1.441	1	1	1	22599.6	0
1.481	1	1	1	26958.9	0
1.521	1	1	1	9624.32	0
1.561	1	1	1	5392.64	0
1.601	1	1	1	3528.02	0
1.641	1	1	1	15335.8	0
1.681	1	1	1	41256.3	0
1.721	1	1	1	37235.2	0
1.761	1	1	1	20601.3	0
1.801	1	1	1	38048.1	0
1.841	1	1	1	29440.2	0
1.881	1	1	1	16671.2	0
1.921	1	1	1	23517.8	0
1.961	1	1	1	19709.4	0
2.001	1	1	1	21548	0
2.041	1	1	1	29272.5	0
2.081	1	1	1	25322.6	0
2.121	1	1	1	15205.8	0
2.161	1	1	1	11582.2	0
2.201	1	1	1	5490.78	0
2.241	1	1	1	13673.9	0
2.281	1	1	1	9369.99	0
2.321	1	1	1	12946.3	0
2.361	1	1	1	18522.1	0
2.401	1	1	1	15366.2	0
2.441	1	1	1	32142.2	0
2.481	1	1	1	17493.7	0
2.521	1	1	1	38586.1	0
2.561	1	1	1	14415.9	0
2.601	1	1	1	19120.7	0
2.641	1	1	1	9692.21	0
2.681	1	1	1	10289.4	0
2.721	1	1	1	36294.1	0
2.761	1	1	1	27118	0
2.801	1	1	1	23947.2	0
2.841	1	1	1	30450.4	0
2.881	1	1	1	17916.7	0
2.921	1	1	1	14186.4	0
2.961	1	1	1	6672.39	0
3.001	1	1	1	9410.97	0
3.041	1	1	1	11721.8	0
3.081	1	1	1	40144.1	0
3.121	1	1	1	39885.6	0
3.161	1	1	1	14898.9	0
3.201	1	1	1	18836.9	0
3.241	1	1	1	10571.1	0
3.281	1	1	1	9153.96	0
3.321	1	1	1	35635.6	0
3.361	1	1	1	28033.1	0
3.401	1	1	1	23392.9	0
3.441	1	1	1	30727.6	0
3.481	1	1	1	18436.8	0
3.521	1	1	1	12177.8	0
3.561	1	1	1	37027.3	0
3.601	1	1	1	25818.3	0
3.641	1	1	1	24838.2	0
3.681	1	1	1	29898	0
3.721	1	1	1	17222.5	0
3.761	1	1	1	13920.1	0
3.801	1	1	1	6186	0
3.841	1	1	1	10483.1	0
3.881	1	1	1	12544	0
3.921	1	1	1	8863.69	0
3.961	1	1	1	19221.5	0
4.001	1	1	1	27500.3	0
4.041	1	1	1	14048.7	0
4.081	1	1	1	18848.7	0
4.121	1	1	1	4799.33	0
4.161	1	1	1	21079.5	0
4.201	1	1	1	37025.2	0
4.241	1	1	1	22020.4	0
4.281	1	1	1	28496.4	0
4.321	1	1	1	26407.2	0
4.361	1	1	1	15437.3	0
4.401	1	1	1	12189.3	0
4.441	1	1	1	5369.34	0
4.481	1	1	1	13219.8	0
4.521	1	1	1	20326.5	0
4.561	1	1	1	28278.3	0
4.601	1	1	1	22923.6	0
4.641	1	1	1	13435.9	0
4.681	1	1	1	18509	0
4.721	1	1	1	33034.4	0
4.761	1	1	1	21158.8	0
4.801	1	1	1	10003.4	0
4.841	1	1	1	21890.2	0
4.881	1	1	1	15154.5	0
4.921	1	1	1	16842.1	0
4.961	1	1	1	20097.5	0
5.001	1	1	1	13817.1	0
5.041	1	1	1	15557.3	0
5.081	1	1	1	7300.26	0
5.121	1	1	1	13964	0
5.161	1	1	1	18108.5	0
5.201	1	1	1	8216	0
5.241	1	1	1	8862.01	0
5.281	1	1	1	10712.3	0
5.321	1	1	1	10914.6	0
5.361	1	1	1	8594.08	0
5.401	1	1	1	8731.37	0
5.441	1	1	1	12428.4	0
5.481	1	1	1	13329.2	0
5.521	1	1	1	10133.5	0
5.561	1	1	1	11051.1	0
5.601	1	1	1	9091.03	0
5.641	1	1	1	12683.4	0
5.681	1	1	1	41362.6	0
5.721	1	1	1	38586.1	0
5.761	1	1	1	14415.9	0
5.801	1	1	1	19120.7	0
5.841	1	1	1	9692.21	0
5.881	1	1	1	10289.4	0
5.921	1	1	1	36294.1	0
5.961	1	1	1	27118	0
6.001	1	1	1	6021.25	0
6.041	1	1	1	21961.9	0
6.081	1	1	1	17032.4	0
6.121	1	1	1	5450.07	0
6.161	1	1	1	14836	0
6.201	1	1	1	26141.8	0
6.241	1	1	1	18529.4	0
6.281	1	1	1	13970	0
6.321	1	1	1	15297.7	0
6.361	1	1	1	7115.37	0
6.401	1	1	1	14602.6	0
6.441	1	1	1	17716.8	0
6.481	1	1	1	7940.02	0
6.521	1	1	1	45358.3	0
6.561	1	1	1	48209.7	0
6.601	1	1	1	18329.9	0
6.641	1	1	1	20723.9	0
6.681	1	1	1	16161.7	0
6.721	1	1	1	13690.3	0
6.761	1	1	1	35148.3	0
6.801	1	1	1	17776.6	0
6.841	1	1	1	13376	0
6.881	1	1	1	18421.2	0
6.921	1	1	1	6960.75	0
6.961	1	1	1	8494.01	0
7.001	1	1	1	28346.9	0
7.041	1	1	1	19817.2	0
7.081	1	1	1	12812	0
7.121	1	1	1	23045.1	0
7.161	1	1	1	33051.8	0
7.201	1	1	1	15237.4	0
7.241	1	1	1	12871.4	0
7.281	1	1	1	22172.2	0
7.321	1	1	1	13107.6	0
7.361	1	1	1	19746.9	0
7.401	1	1	1	17307.4	0
7.441	1	1	1	16941.2	0
7.481	1	1	1	31730	0
7.521	1	1	1	34451.2	0
7.561	1	1	1	19924.7	0
7.601	1	1	1	14930.2	0
7.641	1	1	1	33683	0
7.681	1	1	1	20102.8	0
7.721	1	1	1	7720.76	0
7.761	1	1	1	19688.1	0
7.801	1	1	1	22552.6	0
7.841	1	1	1	24723.9	0
7.881	1	1	1	26163.5	0
7.921	1	1	1	18763.7	0
7.961	1	1	1	23566.8	0
8.001	1	1	1	17181.2	0
8.041	1	1	1	22862.4	0
8.081	1	1	1	13724.3	0
8.121	1	1	1	12516.3	0
8.161	1	1	1	10931.7	0
8.201	1	1	1	4930.81	0
8.241	1	1	1	7021.37	0
8.281	1	1	1	8290.86	0
8.321	1	1	1	11615	0
8.361	1	1	1	19161.8	0
8.401	1	1	1	22753.4	0
8.441	1	1	1	31082.5	0
8.481	1	1	1	33739.7	0
8.521	1	1	1	19807	0
8.561	1	1	1	20302.6	0
8.601	1	1	1	21983.6	0
8.641	1	1	1	21660.4	0
8.681	1	1	1	26286.7	0
8.721	1	1	1	11353.2	0
8.761	1	1	1	7505.23	0
8.801	1	1	1	11823.6	0
8.841	1	1	1	10537	0
8.881	1	1	1	9580.01	0
8.921	1	1	1	8520.03	0
8.961	1	1	1	6598.41	0
9.001	1	1	1	11428.4	0
9.041	1	1	1	13080.9	0
9.081	1	1	1	6638.11	0
9.121	1	1	1	5631.46	0
9.161	1	1	1	8077.67	0
9.201	1	1	1	9388.72	0
9.241	1	1	1	16090.7	0
9.281	1	1	1	21613.7	0
9.321	1	1	1	26350.4	0
9.361	1	1	1	35902.3	0
9.401	1	1	1	21622.8	0
9.441	1	1	1	5045.78	0
9.481	1	1	1	19628	0
9.521	1	1	1	13909.1	0
9.561	1	1	1	16036.8	0
9.601	1	1	1	10394	0
9.641	1	1	1	9124.91	0
9.681	1	1	1	19195.9	0
9.721	1	1	1	11754.4	0
9.761	1	1	1	7478.04	0
9.801	1	1	1	10436.9	0
9.841	1	1	1	10905.9	0
9.881	1	1	1	9859.04	0
9.921	1	1	1	7790.22	0
9.961	1	1	1	11237	0
10.001	1	1	1	17572.5	0
10.041	1	1	1	17712.9	0
10.081	1	1	1	12531.5	0
10.121	1	1	1	28625	0
10.161	1	1	1	18506.4	0
10.201	1	1	1	27563.9	0
10.241	1	1	1	20424.9	0
10.281	1	1	1	17872.5	0
10.321	1	1	1	43677.5	0
10.361	1	1	1	12802.7	0
10.401	1	1	1	19967.3	0
10.441	1	1	1	28783.4	0
10.481	1	1	1	12365	0
10.521	1	1	1	21853.6	0
10.561	1	1	1	33427.5	0
10.601	1	1	1	11906.4	0
10.641	1	1	1	17328.5	0
10.681	1	1	1	14597	0
10.721	1	1	1	6359.87	0
10.761	1	1	1	8409.59	0
10.801	1	1	1	5783.92	0
10.841	1	1	1	12794.1	0
10.881	1	1	1	13572.5	0
10.921	1	1	1	27574.3	0
10.961	1	1	1	33169.6	0
11.001	1	1	1	8295.89	0
11.041	1	1	1	8551.64	0
11.081	1	1	1	12286.7	0
11.121	1	1	1	20307	0
11.161	1	1	1	13754.4	0
11.201	1	1	1	10918.5	0
11.241	1	1	1	6687.12	0
11.281	1	1	1	3523.82	0
11.321	1	1	1	2490.46	0
11.361	1	1	1	9798.28	0
11.401	1	1	1	21960	0
11.441	1	1	1	10650.2	0
11.481	1	1	1	23484.5	0
11.521	1	1	1	24689.6	0
11.561	1	1	1	34913.2	0
11.601	1	1	1	26695.4	0
11.641	1	1	1	5539.12	0
11.681	1	1	1	16173.6	0
11.721	1	1	1	22163.9	0
11.761	1	1	1	7709.95	0
11.801	1	1	1	9336.39	0
11.841	1	1	1	23773.1	0
11.881	1	1	1	22939.9	0
11.921	1	1	1	13677.5	0
11.961	1	1	1	16156.8	0
12.001	1	1	1	8400.94	0
12.041	1	1	1	13324.3	0
12.081	1	1	1	26866.8	0
12.121	1	1	1	31531	0
12.161	1	1	1	27398.7	0
12.201	1	1	1	13164.2	0
12.241	1	1	1	7545.96	0
12.281	1	1	1	13778.6	0
12.321	1	1	1	8886.01	0
12.361	1	1	1	7741.79	0
12.401	1	1	1	13067.2	0
12.441	1	1	1	5068.29	0
12.481	1	1	1	12468.3	0
12.521	1	1	1	13164.2	0
12.561	1	1	1	7545.96	0
12.601	1	1	1	13778.6	0
12.641	1	1	1	8886.01	0
12.681	1	1	1	7741.79	0
12.721	1	1	1	13067.2	0
12.761	1	1	1	5068.29	0
12.801	1	1	1	12468.3	0
12.841	1	1	1	15816.5	0
12.881	1	1	1	8962.89	0
12.921	1	1	1	15635	0
12.961	1	1	1	17825.4	0
13.001	1	1	1	17811.3	0
13.041	1	1	1	21666	0
13.081	1	1	1	21088.9	0
13.121	1	1	1	22974.4	0
13.161	1	1	1	24997.1	0
13.201	1	1	1	9359.23	0
13.241	1	1	1	8345.83	0
13.281	1	1	1	11852.8	0
13.321	1	1	1	10308.5	0
13.361	1	1	1	9485.36	0
13.401	1	1	1	8221.18	0
13.441	1	1	1	6649.63	0
13.481	1	1	1	12416.8	0
13.521	1	1	1	31907.5	0
13.561	1	1	1	24369.4	0
13.601	1	1	1	7434.89	0
13.641	1	1	1	17593.5	0
13.681	1	1	1	22803.3	0
13.721	1	1	1	23790.3	0
13.761	1	1	1	26888.5	0
13.801	1	1	1	19637.7	0
13.841	1	1	1	21852.7	0
13.881	1	1	1	28489.7	0
13.921	1	1	1	20955.3	0
13.961	1	1	1	12883	0
14.001	1	1	1	12112	0
14.041	1	1	1	7259.54	0
14.081	1	1	1	11775.7	0
14.121	1	1	1	10621	0
14.161	1	1	1	9610.48	0
14.201	1	1	1	8610.3	0
14.241	1	1	1	6621.43	0
14.281	1	1	1	10712.7	0
14.321	1	1	1	16232	0
14.361	1	1	1	10394.3	0
14.401	1	1	1	10870.9	0
14.441	1	1	1	9410.97	0
14.481	1	1	1	11721.8	0
14.521	1	1	1	6717.9	0
14.561	1	1	1	9900.1	0
14.601	1	1	1	16259.9	0
14.641	1	1	1	10994.8	0
14.681	1	1	1	10487.7	0
14.721	1	1	1	10038.7	0
14.761	1	1	1	10086.6	0
14.801	1	1	1	37443.1	0
14.841	1	1	1	42229	0
14.881	1	1	1	16196.5	0
14.921	1	1	1	18106.4	0
14.961	1	1	1	12357.4	0
15.001	1	1	1	26046.7	0
15.041	1	1	1	15142.4	0
15.081	1	1	1	10279.7	0
15.121	1	1	1	3551.17	0
15.161	1	1	1	22122.7	0
15.201	1	1	1	14660.5	0
15.241	1	1	1	13910.9	0
15.281	1	1	1	25949.6	0
15.321	1	1	1	16618.9	0
15.361	1	1	1	64928.9	0
15.401	1	1	1	64760.7	0
15.441	1	1	1	8323.13	0
15.481	1	1	1	21241	0
15.521	1	1	1	8387.66	0
15.561	1	1	1	13810.9	0
15.601	1	1	1	7934.28	0
15.641	1	1	1	18002.6	0
15.681	1	1	1	15068.4	0
15.721	1	1	1	22555.8	0
15.761	1	1	1	30208.6	0
15.801	1	1	1	13285.9	0
15.841	1	1	1	46668.7	0
15.881	1	1	1	45450.6	0
15.921	1	1	1	14164.9	0
15.961	1	1	1	37771.4	0
16.001	1	1	1	8380.52	0
16.041	1	1	1	9014.99	0
16.081	1	1	1	12571	0
16.121	1	1	1	13387.8	0
16.161	1	1	1	12441.8	0
16.201	1	1	1	8672.34	0
16.241	1	1	1	16839.4	0
16.281	1	1	1	19738.8	0
16.321	1	1	1	9590.49	0
16.361	1	1	1	9395.83	0
16.401	1	1	1	6986.28	0
16.441	1	1	1	3112.84	0
16.481	1	1	1	10037.9	0
16.521	1	1	1	22659.6	0
16.561	1	1	1	13630.7	0
16.601	1	1	1	16170.3	0
16.641	1	1	1	9425.24	0
16.681	1	1	1	10191	0
16.721	1	1	1	19297.3	0
16.761	1	1	1	10684.7	0
16.801	1	1	1	7770.29	0
16.841	1	1	1	10546.5	0
16.881	1	1	1	10934.2	0
16.921	1	1	1	9552.87	0
16.961	1	1	1	7916.53	0
17.001	1	1	1	25455.3	0
17.041	1	1	1	37560.1	0
17.081	1	1	1	23708.1	0
17.121	1	1	1	29114.5	0
17.161	1	1	1	23869.6	0
17.201	1	1	1	11902.4	0
17.241	1	1	1	7643.36	0
17.281	1	1	1	8430.6	0
17.321	1	1	1	8494.97	0
17.361	1	1	1	13039.4	0
17.401	1	1	1	20301.1	0
17.441	1	1	1	13179.7	0
17.481	1	1	1	10885.4	0
17.521	1	1	1	12983.7	0
17.561	1	1	1	14225.4	0
17.601	1	1	1	8181.48	0
17.641	1	1	1	25859.5	0
17.681	1	1	1	29592.1	0
17.721	1	1	1	18805	0
17.761	1	1	1	31231.5	0
17.801	1	1	1	41209.1	0
17.841	1	1	1	18708.7	0
17.881	1	1	1	15825.7	0
17.921	1	1	1	33943.9	0
17.961	1	1	1	18881.9	0
18.001	1	1	1	21466.3	0
18.041	1	1	1	30916.4	0
18.081	1	1	1	21620.8	0
18.121	1	1	1	14759.6	0
18.161	1	1	1	9284.2	0
18.201	1	1	1	6807.11	0
18.241	1	1	1	14288.7	0
18.281	1	1	1	8014.85	0
18.321	1	1	1	16178.6	0
18.361	1	1	1	16518.2	0
18.401	1	1	1	19067.1	0
18.441	1	1	1	32174.9	0
18.481	1	1	1	13660.1	0
18.521	1	1	1	22136.4	0
18.561	1	1	1	30710	0
18.601	1	1	1	30420.1	0
18.641	1	1	1	19272.8	0
18.681	1	1	1	7462.62	0
18.721	1	1	1	11591.3	0
18.761	1	1	1	12239.7	0
18.801	1	1	1	6022	0
18.841	1	1	1	12491.2	0
18.881	1	1	1	8265.99	0
18.921	1	1	1	7216.77	0
18.961	1	1	1	17491	0
19.001	1	1	1	14078.8	0
19.041	1	1	1	30259.3	0
19.081	1	1	1	21533.7	0
19.121	1	1	1	21238.3	0
19.161	1	1	1	56906.2	0
19.201	1	1	1	27688.5	0
19.241	1	1	1	20799.9	0
19.281	1	1	1	39890.5	0
19.321	1	1	1	16375.7	0
19.361	1	1	1	13438.4	0
19.401	1	1	1	3749.54	0
19.441	1	1	1	18842.9	0
19.481	1	1	1	42866.6	0
19.521	1	1	1	36091.3	0
19.561	1	1	1	30890.5	0
19.601	1	1	1	8089.74	0
19.641	1	1	1	32020.5	0
19.681	1	1	1	16614.8	0
19.721	1	1	1	17476.9	0
19.761	1	1	1	10899.9	0
19.801	1	1	1	15369.5	0
19.841	1	1	1	53903	0
19.881	1	1	1	31799.4	0
19.921	1	1	1	16629.5	0
19.961	1	1	1	12835	0
20.001	1	1	1	9539.62	0
20.041	1	1	1	13487.6	0
20.081	1	1	1	17379.1	0
20.121	1	1	1	20608.5	0
20.161	1	1	1	15570	0
20.201	1	1	1	13076.2	0
20.241	1	1	1	33066	0
20.281	1	1	1	21752	0
20.321	1	1	1	11601.9	0
20.361	1	1	1	15702.3	0
20.401	1	1	1	7585.56	0
20.441	1	1	1	21766.9	0
20.481	1	1	1	31352.7	0
20.521	1	1	1	5165.48	0
20.561	1	1	1	16378.8	0
20.601	1	1	1	12374.6	0
20.641	1	1	1	10597.6	0
20.681	1	1	1	16973.8	0
20.721	1	1	1	19055.4	0
20.761	1	1	1	19426.2	0
20.801	1	1	1	10308.2	0
20.841	1	1	1	27152.9	0
20.881	1	1	1	29498.4	0
20.921	1	1	1	11406.6	0
20.961	1	1	1	16019.1	0
21.001	1	1	1	10190.3	0
21.041	1	1	1	10853.9	0
21.081	1	1	1	10264.4	0
21.121	1	1	1	7754.2	0
21.161	1	1	1	10624.2	0
21.201	1	1	1	12976.2	0
21.241	1	1	1	13599.1	0
21.281	1	1	1	10622.3	0
21.321	1	1	1	10202.4	0
21.361	1	1	1	20323.5	0
21.401	1	1	1	15860.9	0
21.441	1	1	1	8367.51	0
21.481	1	1	1	9535.16	0
21.521	1	1	1	32315	0
21.561	1	1	1	12892.9	0
21.601	1	1	1	15117.3	0
21.641	1	1	1	11306.6	0
21.681	1	1	1	11246.5	0
21.721	1	1	1	30095.5	0
21.761	1	1	1	26035.3	0
21.801	1	1	1	19540.7	0
21.841	1	1	1	36733.8	0
21.881	1	1	1	37232.8	0
21.921	1	1	1	13426.2	0
21.961	1	1	1	21754.9	0
22.001	1	1	1	31984.2	0
22.041	1	1	1	13476.2	0
22.081	1	1	1	40310.2	0
22.121	1	1	1	51044.3	0
22.161	1	1	1	14841.8	0
22.201	1	1	1	34356.2	0
22.241	1	1	1	30758.8	0
22.281	1	1	1	12140	0
22.321	1	1	1	11211.3	0
22.361	1	1	1	3542.07	0
22.401	1	1	1	36115.2	0
22.441	1	1	1	30888.8	0
22.481	1	1	1	2358.65	0
22.521	1	1	1	17325.5	0
22.561	1	1	1	20594.1	0
22.601	1	1	1	9830.53	0
22.641	1	1	1	31861.5	0
22.681	1	1	1	24783.5	0
22.721	1	1	1	10830.3	0
22.761	1	1	1	19660.6	0
22.801	1	1	1	9268.37	0
22.841	1	1	1	7647.59	0
22.881	1	1	1	6875.02	0
22.921	1	1	1	8006.52	0
22.961	1	1	1	13866	0
23.001	1	1	1	6015.73	0
23.041	1	1	1	8486.55	0
23.081	1	1	1	13625.9	0
23.121	1	1	1	10207.5	0
23.161	1	1	1	9838.82	0
23.201	1	1	1	23475.5	0
23.241	1	1	1	31032.6	0
23.281	1	1	1	29864.2	0
23.321	1	1	1	17702	0
23.361	1	1	1	7188.89	0
23.401	1	1	1	12303.5	0
23.441	1	1	1	11473.7	0
23.481	1	1	1	6177.62	0
23.521	1	1	1	26119.5	0
23.561	1	1	1	42012.9	0
23.601	1	1	1	25235	0
23.641	1	1	1	12266.6	0
23.681	1	1	1	31538.1	0
23.721	1	1	1	24970.6	0
23.761	1	1	1	7480.74	0
23.801	1	1	1	17266.2	0
23.841	1	1	1	22830.8	0
23.881	1	1	1	23669.7	0
23.921	1	1	1	26956.7	0
23.961	1	1	1	19796.9	0
24.001	1	1	1	12645.5	0
24.041	1	1	1	6288.95	0
24.081	1	1	1	15825.1	0
24.121	1	1	1	16525.7	0
24.161	1	1	1	22977.5	0
24.201	1	1	1	14682.3	0
24.241	1	1	1	12182.6	0
24.281	1	1	1	11608.1	0
24.321	1	1	1	5143.87	0
24.361	1	1	1	6711.85	0
24.401	1	1	1	8238.16	0
24.441	1	1	1	10976.8	0
24.481	1	1	1	18522.6	0
24.521	1	1	1	38485.2	0
24.561	1	1	1	24896.2	0
24.601	1	1	1	28404.9	0
24.641	1	1	1	27494	0
24.681	1	1	1	13306.7	0
24.721	1	1	1	7895.81	0
24.761	1	1	1	8155.76	0
24.801	1	1	1	8624.76	0
24.841	1	1	1	11583.2	0
24.881	1	1	1	20203.9	0
24.921	1	1	1	14371.5	0
24.961	1	1	1	10935.4	0
25.001	1	1	1	24896.2	0
25.041	1	1	1	28404.9	0
25.081	1	1	1	27494	0
25.121	1	1	1	13306.7	0
25.161	1	1	1	7895.81	0
25.201	1	1	1	8155.76	0
25.241	1	1	1	8624.76	0
25.281	1	1	1	11583.2	0
25.321	1	1	1	20203.9	0
25.361	1	1	1	14371.5	0
25.401	1	1	1	10935.4	0
25.441	1	1	1	7205.49	0
25.481	1	1	1	3498.21	0
25.521	1	1	1	3749.54	0
25.561	1	1	1	18842.9	0
25.601	1	1	1	42866.6	0
25.641	1	1	1	9272.49	0
25.681	1	1	1	13299.6	0
25.721	1	1	1	34889.3	0
25.761	1	1	1	15538.2	0
25.801	1	1	1	8792.97	0
25.841	1	1	1	10566.5	0
25.881	1	1	1	5034	0
25.921	1	1	1	4020.99	0
25.961	1	1	1	5698.58	0
26.001	1	1	1	14681.6	0
26.041	1	1	1	15829.4	0
26.081	1	1	1	28388.8	0
26.121	1	1	1	17695.4	0
26.161	1	1	1	29786.3	0
26.201	1	1	1	15812.8	0
26.241	1	1	1	24490.2	0
26.281	1	1	1	41162.4	0
26.321	1	1	1	8339.33	0
26.361	1	1	1	25909.4	0
26.401	1	1	1	24215.9	0
26.441	1	1	1	13674.3	0
26.481	1	1	1	16961.3	0
26.521	1	1	1	14670.3	0
26.561	1	1	1	8376.53	0
26.601	1	1	1	9341.73	0
26.641	1	1	1	4377.51	0
26.681	1	1	1	4422.97	0
26.721	1	1	1	20196	0
26.761	1	1	1	44306.5	0
26.801	1	1	1	32120.4	0
26.841	1	1	1	22404.6	0
26.881	1	1	1	39891.7	0
26.921	1	1	1	24718.5	0
26.961	1	1	1	17954.3	0
27.001	1	1	1	26217.2	0
27.041	1	1	1	26870.3	0
27.081	1	1	1	15271.1	0
27.121	1	1	1	52687.6	0
27.161	1	1	1	37791.3	0
27.201	1	1	1	15748.1	0
27.241	1	1	1	40056.4	0
27.281	1	1	1	21517.4	0
27.321	1	1	1	12839.8	0
27.361	1	1	1	6731.85	0
27.401	1	1	1	10762.5	0
27.441	1	1	1	43037	0
27.481	1	1	1	17475.8	0
27.521	1	1	1	30329.5	0
27.561	1	1	1	42573.7	0
27.601	1	1	1	36295.4	0
27.641	1	1	1	47645.5	0
27.681	1	1	1	45093.4	0
27.721	1	1	1	16324.6	0
27.761	1	1	1	21986.6	0
27.801	1	1	1	13991.1	0
27.841	1	1	1	16520.2	0
27.881	1	1	1	35208.4	0
27.921	1	1	1	15066.3	0
27.961	1	1	1	14925.8	0
28.001	1	1	1	29165.7	0
28.041	1	1	1	27952.4	0
28.081	1	1	1	10432.6	0
28.121	1	1	1	19436.6	0
28.161	1	1	1	10786.8	0
28.201	1	1	1	7153.75	0
28.241	1	1	1	7436.02	0
28.281	1	1	1	7076.1	0
28.321	1	1	1	13772.5	0
28.361	1	1	1	15048.3	0
28.401	1	1	1	32854.8	0
28.441	1	1	1	27514.3	0
28.481	1	1	1	14323.3	0
28.521	1	1	1	8926.85	0
28.561	1	1	1	22066.6	0
28.601	1	1	1	10936.4	0
28.641	1	1	1	22506.2	0
28.681	1	1	1	24843.8	0
28.721	1	1	1	19965.3	0
28.761	1	1	1	29435.5	0
28.801	1	1	1	11512.8	0
28.841	1	1	1	36091.3	0
28.881	1	1	1	30890.5	0
28.921	1	1	1	8089.74	0
28.961	1	1	1	32020.5	0
29.001	1	1	1	14146.5	0
29.041	1	1	1	14993	0
29.081	1	1	1	6989.27	0
29.121	1	1	1	15224.8	0
29.161	1	1	1	17281.4	0
29.201	1	1	1	7707.12	0
29.241	1	1	1	9222.47	0
29.281	1	1	1	10743.1	0
29.321	1	1	1	10845.7	0
29.361	1	1	1	8312.75	0
29.401	1	1	1	9117.04	0
29.441	1	1	1	12608.7	0
29.481	1	1	1	13411.7	0
29.521	1	1	1	45423.6	0
29.561	1	1	1	27141.2	0
29.601	1	1	1	25847.1	0
29.641	1	1	1	39787.2	0
29.681	1	1	1	20650.2	0
29.721	1	1	1	19817.4	0
29.761	1	1	1	22274.7	0
29.801	1	1	1	21271.1	0
29.841	1	1	1	26567.3	0
29.881	1	1	1	12112	0
29.921	1	1	1	7259.54	0
29.961	1	1	1	11775.7	0
30.001	1	1	1	28344.8	0
30.041	1	1	1	22648.2	0
30.081	1	1	1	13323.8	0
30.121	1	1	1	18889.9	0
30.161	1	1	1	33141.5	0
30.201	1	1	1	20600.8	0
30.241	1	1	1	10172.1	0
30.281	1	1	1	22025.8	0
30.321	1	1	1	14901.9	0
30.361	1	1	1	17123.7	0
30.401	1	1	1	19880.6	0
30.441	1	1	1	14170	0
30.481	1	1	1	29822.4	0
30.521	1	1	1	30417.6	0
30.561	1	1	1	11714.7	0
30.601	1	1	1	15821.3	0
30.641	1	1	1	9972.82	0
30.681	1	1	1	13378.4	0
30.721	1	1	1	31255.6	0
30.761	1	1	1	24275	0
30.801	1	1	1	20679.5	0
30.841	1	1	1	38812.4	0
30.881	1	1	1	34519.6	0
30.921	1	1	1	12047.5	0
30.961	1	1	1	24676.3	0
31.001	1	1	1	24998.9	0
31.041	1	1	1	25873.5	0
31.081	1	1	1	18607.8	0
31.121	1	1	1	24060	0
31.161	1	1	1	27925.5	0
31.201	1	1	1	18422.7	0
31.241	1	1	1	13005.5	0
31.281	1	1	1	25253.3	0
31.321	1	1	1	32088.7	0
31.361	1	1	1	13009.1	0
31.401	1	1	1	14655.6	0
31.441	1	1	1	21532.6	0
31.481	1	1	1	12814.7	0
31.521	1	1	1	5560.41	0
31.561	1	1	1	13806.9	0
31.601	1	1	1	9180.93	0
31.641	1	1	1	13284	0
31.681	1	1	1	18350.1	0
31.721	1	1	1	15645.4	0
31.761	1	1	1	32289.8	0
31.801	1	1	1	16979.2	0
31.841	1	1	1	29071.2	0
31.881	1	1	1	56627.4	0
31.921	1	1	1	20242.4	0
31.961	1	1	1	26885.7	0
32.001	1	1	1	2949.17	0
32.041	1	1	1	23279.7	0
32.081	1	1	1	31625.7	0
32.121	1	1	1	10500.6	0
32.161	1	1	1	10177.3	0
32.201	1	1	1	7472.43	0
32.241	1	1	1	4172.72	0
32.281	1	1	1	4248.91	0
32.321	1	1	1	7331.46	0
32.361	1	1	1	16723.4	0
32.401	1	1	1	17621.2	0
32.441	1	1	1	8451.05	0
32.481	1	1	1	8504.3	0
32.521	1	1	1	11989.5	0
32.561	1	1	1	15875.2	0
32.601	1	1	1	9704.4	0
32.641	1	1	1	11367.2	0
32.681	1	1	1	8474.39	0
32.721	1	1	1	14881.4	0
32.761	1	1	1	43486.6	0
32.801	1	1	1	35790.3	0
32.841	1	1	1	13775.6	0
32.881	1	1	1	19486.2	0
32.921	1	1	1	8024.62	0
32.961	1	1	1	12842.3	0
33.001	1	1	1	11529.3	0
33.041	1	1	1	13296	0
33.081	1	1	1	7854.42	0
33.121	1	1	1	5149.72	0
33.161	1	1	1	7897.62	0
33.201	1	1	1	8853.38	0
33.241	1	1	1	14663.7	0
33.281	1	1	1	21083.2	0
33.321	1	1	1	24864.1	0
33.361	1	1	1	35106.8	0
33.401	1	1	1	20623	0
33.441	1	1	1	5381.74	0
33.481	1	1	1	16633.6	0
33.521	1	1	1	13488	0
33.561	1	1	1	7902.27	0
33.601	1	1	1	15464.4	0
33.641	1	1	1	28179.1	0
33.681	1	1	1	31534.3	0
33.721	1	1	1	25714.3	0
33.761	1	1	1	11178.5	0
33.801	1	1	1	8290.06	0
33.841	1	1	1	13983.6	0
33.881	1	1	1	7693.56	0
33.921	1	1	1	8954.75	0
33.961	1	1	1	12360.9	0
34.001	1	1	1	6605.96	0
34.041	1	1	1	10924.8	0
34.081	1	1	1	16194.9	0
34.121	1	1	1	10261.1	0
34.161	1	1	1	10962	0
34.201	1	1	1	9250.09	0
34.241	1	1	1	12191.3	0
34.281	1	1	1	40756.7	0
34.321	1	1	1	39258.3	0
34.361	1	1	1	14639.1	0
34.401	1	1	1	18996.1	0
34.441	1	1	1	10125.1	0
34.481	1	1	1	9710.64	0
34.521	1	1	1	8818.34	0
34.561	1	1	1	4920.63	0
34.601	1	1	1	7696.15	0
34.641	1	1	1	8593.14	0
34.681	1	1	1	13657.7	0
34.721	1	1	1	20597	0
34.761	1	1	1	24027.4	0
34.801	1	1	1	34075.7	0
34.841	1	1	1	28956.6	0
34.881	1	1	1	6448.78	0
34.921	1	1	1	14279	0
34.961	1	1	1	23007.9	0
35.001	1	1	1	15329.7	0
35.041	1	1	1	22694.7	0
35.081	1	1	1	12390.2	0
35.121	1	1	1	19106.4	0
35.161	1	1	1	34603.1	0
35.201	1	1	1	13281.7	0
35.241	1	1	1	16174.9	0
35.281	1	1	1	15949.2	0
35.321	1	1	1	6316.75	0
35.361	1	1	1	8577.45	0
35.401	1	1	1	5619.98	0
35.441	1	1	1	12169.6	0
35.481	1	1	1	13441	0
35.521	1	1	1	15142.1	0
35.561	1	1	1	11369.8	0
35.601	1	1	1	5560.41	0
35.641	1	1	1	13806.9	0
35.681	1	1	1	9180.93	0
35.721	1	1	1	13284	0
35.761	1	1	1	18350.1	0
35.801	1	1	1	15645.4	0
35.841	1	1	1	32289.8	0
35.881	1	1	1	16979.2	0
35.921	1	1	1	29071.2	0
35.961	1	1	1	56627.4	0
36.001	1	1	1	6950.48	0
36.041	1	1	1	17447.4	0
36.081	1	1	1	10343.3	0
36.121	1	1	1	12425.4	0
36.161	1	1	1	17278.8	0
36.201	1	1	1	20100.8	0
36.241	1	1	1	17104.1	0
36.281	1	1	1	11524.5	0
36.321	1	1	1	31460.1	0
36.361	1	1	1	24668.6	0
36.401	1	1	1	11111	0
36.441	1	1	1	16179.9	0
36.481	1	1	1	7889.51	0
36.521	1	1	1	10778.1	0
36.561	1	1	1	5538.08	0
36.601	1	1	1	3606.74	0
36.641	1	1	1	2335.07	0
36.681	1	1	1	13048.1	0
36.721	1	1	1	20842.6	0
36.761	1	1	1	10474.3	0
36.801	1	1	1	26414.4	0
36.841	1	1	1	21443.6	0
36.881	1	1	1	23461	0
36.921	1	1	1	26065	0
36.961	1	1	1	12543.2	0
37.001	1	1	1	19001	0
37.041	1	1	1	16661.5	0
37.081	1	1	1	10985.6	0
37.121	1	1	1	8871.52	0
37.161	1	1	1	3616.24	0
37.201	1	1	1	3212	0
37.241	1	1	1	4972.1	0
37.281	1	1	1	20905.3	0
37.321	1	1	1	13951.9	0
37.361	1	1	1	16809.1	0
37.401	1	1	1	28057	0
37.441	1	1	1	17759.6	0
37.481	1	1	1	30090.9	0
37.521	1	1	1	13491.4	0
37.561	1	1	1	11892.7	0
37.601	1	1	1	8905.19	0
37.641	1	1	1	18206.8	0
37.681	1	1	1	18625.7	0
37.721	1	1	1	8937.63	0
37.761	1	1	1	9572.21	0
37.801	1	1	1	6254.37	0
37.841	1	1	1	3195.48	0
37.881	1	1	1	12234.1	0
37.921	1	1	1	37990.9	0
37.961	1	1	1	40626.6	0
38.001	1	1	1	14462.6	0
38.041	1	1	1	28677.6	0
38.081	1	1	1	17804.7	0
38.121	1	1	1	29124.4	0
38.161	1	1	1	17455.1	0
38.201	1	1	1	21848.2	0
38.241	1	1	1	42501.6	0
38.281	1	1	1	9659.85	0
38.321	1	1	1	23778	0
38.361	1	1	1	26044.5	0
38.401	1	1	1	13012.5	0
38.441	1	1	1	17975.8	0
38.481	1	1	1	5486.48	0
38.521	1	1	1	22509.1	0
38.561	1	1	1	12915.3	0
38.601	1	1	1	12829.8	0
38.641	1	1	1	10189.8	0
38.681	1	1	1	4834.45	0
38.721	1	1	1	7299.41	0
38.761	1	1	1	8367.99	0
38.801	1	1	1	12314	0
38.841	1	1	1	19745.5	0
38.881	1	1	1	23134.9	0
38.921	1	1	1	32247.9	0
38.961	1	1	1	32294	0
39.001	1	1	1	14166.6	0
39.041	1	1	1	7881.66	0
39.081	1	1	1	17026.1	0
39.121	1	1	1	15869.5	0
39.161	1	1	1	20506.3	0
39.201	1	1	1	31519	0
39.241	1	1	1	13229.2	0
39.281	1	1	1	42511.2	0
39.321	1	1	1	49320.6	0
39.361	1	1	1	14396.6	0
39.401	1	1	1	35627.4	0
39.441	1	1	1	29330.6	0
39.481	1	1	1	12127.1	0
39.521	1	1	1	24803.6	0
39.561	1	1	1	10741.7	0
39.601	1	1	1	32541.2	0
39.641	1	1	1	14103.5	0
39.681	1	1	1	18898	0
39.721	1	1	1	8064.07	0
39.761	1	1	1	21710.3	0
39.801	1	1	1	54622.7	0
39.841	1	1	1	26924	0
39.881	1	1	1	16815	0
39.921	1	1	1	11527	0
39.961	1	1	1	19656.1	0
40.001	1	1	1	20947.2	0
40.041	1	1	1	19723.2	0
40.081	1	1	1	11450.9	0
40.121	1	1	1	13276.2	0
40.161	1	1	1	7487.1	0
40.201	1	1	1	5271.3	0
40.241	1	1	1	7961.31	0
40.281	1	1	1	8983.78	0
40.321	1	1	1	15072.8	0
40.361	1	1	1	21247.9	0
40.401	1	1	1	25252.6	0
40.441	1	1	1	35416.4	0
40.481	1	1	1	24850.7	0
40.521	1	1	1	10289.4	0
40.561	1	1	1	36294.1	0
40.601	1	1	1	27118	0
40.641	1	1	1	23947.2	0
40.681	1	1	1	30450.4	0
40.721	1	1	1	17916.7	0
40.761	1	1	1	14186.4	0
40.801	1	1	1	6672.39	0
40.841	1	1	1	9690.7	0
40.881	1	1	1	13089.7	0
40.921	1	1	1	8390.27	0
40.961	1	1	1	18891.8	0
41.001	1	1	1	3700.54	0
41.041	1	1	1	16478.4	0
41.081	1	1	1	42175.9	0
41.121	1	1	1	35993.1	0
41.161	1	1	1	20869.5	0
41.201	1	1	1	38680.9	0
41.241	1	1	1	28238.9	0
41.281	1	1	1	16906.7	0
41.321	1	1	1	23512.5	0
41.361	1	1	1	19731.5	0
41.401	1	1	1	26535.5	0
41.441	1	1	1	18173.2	0
41.481	1	1	1	6507.48	0
41.521	1	1	1	5192.1	0
41.561	1	1	1	30603.5	0
41.601	1	1	1	32701.8	0
41.641	1	1	1	21466.3	0
41.681	1	1	1	30916.4	0
41.721	1	1	1	21620.8	0
41.761	1	1	1	14759.6	0
41.801	1	1	1	9284.2	0
41.841	1	1	1	6807.11	0
41.881	1	1	1	14288.7	0
41.921	1	1	1	8014.85	0
41.961	1	1	1	16178.6	0
42.001	1	1	1	16375.7	0
42.041	1	1	1	13438.4	0
42.081	1	1	1	3749.54	0
42.121	1	1	1	18842.9	0
42.161	1	1	1	42866.6	0
42.201	1	1	1	9272.49	0
42.241	1	1	1	13299.6	0
42.281	1	1	1	34889.3	0
42.321	1	1	1	15538.2	0
42.361	1	1	1	8792.97	0
42.401	1	1	1	10566.5	0
42.441	1	1	1	5034	0
42.481	1	1	1	4020.99	0
42.521	1	1	1	39078.3	0
42.561	1	1	1	15085.2	0
42.601	1	1	1	13450.2	0
42.641	1	1	1	3038.39	0
42.681	1	1	1	21846	0
42.721	1	1	1	41847.3	0
42.761	1	1	1	7109.11	0
42.801	1	1	1	15773.3	0
42.841	1	1	1	34508.2	0
42.881	1	1	1	14036.4	0
42.921	1	1	1	9124.15	0
42.961	1	1	1	10254.6	0
43.001	1	1	1	4520.92	0
43.041	1	1	1	22642	0
43.081	1	1	1	36601.1	0
43.121	1	1	1	21678.8	0
43.161	1	1	1	29028.7	0
43.201	1	1	1	25688.1	0
43.241	1	1	1	15275.3	0
43.281	1	1	1	11791.9	0
43.321	1	1	1	5435.07	0
43.361	1	1	1	13539.8	0
43.401	1	1	1	9557.86	0
43.441	1	1	1	12622.9	0
43.481	1	1	1	18669.6	0
