% time	cellId	IMSI	RNTI	layer	mcs	size	rv	ndi	ccId
41	1	2	5	0	28	2196	0	1	0
46	1	5	3	0	28	2196	0	1	0
49	1	3	1	0	28	2196	0	1	0
57	1	5	3	0	28	2196	0	1	0
59	1	2	5	0	28	2196	0	1	0
68	1	1	4	0	28	2196	0	1	0
71	1	5	3	0	28	2196	0	1	0
74	1	2	5	0	28	2196	0	1	0
78	1	3	1	0	28	2196	0	1	0
81	1	5	3	0	28	2196	0	1	0
82	1	1	4	0	28	2196	0	1	0
90	1	3	1	0	28	2196	0	1	0
94	1	5	3	0	28	2196	0	1	0
96	1	3	1	0	28	2196	0	1	0
100	1	5	3	0	28	2196	0	1	0
110	1	4	2	0	28	2196	0	1	0
112	1	2	5	0	28	2196	0	1	0
113	1	1	4	0	28	2196	0	1	0
117	1	3	1	0	28	2196	0	1	0
122	1	3	1	0	28	2196	0	1	0
129	1	1	4	0	28	2196	0	1	0
137	1	5	3	0	28	2196	0	1	0
140	1	4	2	0	28	2196	0	1	0
149	1	3	1	0	28	2196	0	1	0
150	1	2	5	0	28	2196	0	1	0
151	1	5	3	0	28	2196	0	1	0
155	1	1	4	0	28	2196	0	1	0
165	1	1	4	0	28	2196	0	1	0
168	1	3	1	0	28	2196	0	1	0
176	1	2	5	0	28	2196	0	1	0
178	1	5	3	0	28	2196	0	1	0
181	1	4	2	0	28	2196	0	1	0
187	1	2	5	0	28	2196	0	1	0
188	1	3	1	0	28	2196	0	1	0
197	1	3	1	0	28	2196	0	1	0
206	1	1	4	0	28	2196	0	1	0
208	1	3	1	0	28	2196	0	1	0
215	1	5	3	0	28	2196	0	1	0
218	1	4	2	0	28	2196	0	1	0
221	1	3	1	0	28	2196	0	1	0
224	1	3	1	0	28	2196	0	1	0
226	1	1	4	0	28	2196	0	1	0
233	1	3	1	0	28	2196	0	1	0
236	1	5	3	0	28	2196	0	1	0
244	1	2	5	0	28	2196	0	1	0
247	1	4	2	0	28	2196	0	1	0
248	1	3	1	0	28	2196	0	1	0
253	1	3	1	0	28	2196	0	1	0
259	1	1	4	0	28	2196	0	1	0
263	1	4	2	0	28	2196	0	1	0
265	1	5	3	0	28	2196	0	1	0
276	1	5	3	0	28	2196	0	1	0
280	1	2	5	0	28	2196	0	1	0
285	1	4	2	0	28	2196	0	1	0
288	1	5	3	0	28	2196	0	1	0
292	1	3	1	0	28	2196	0	1	0
297	1	4	2	0	28	2196	0	1	0
301	1	3	1	0	28	2196	0	1	0
304	1	1	4	0	28	2196	0	1	0
317	1	5	3	0	28	2196	0	1	0
318	1	3	1	0	28	2196	0	1	0
319	1	4	2	0	28	2196	0	1	0
335	1	2	5	0	28	2196	0	1	0
338	1	4	2	0	28	2196	0	1	0
342	1	2	5	0	28	2196	0	1	0
346	1	5	3	0	28	2196	0	1	0
347	1	2	5	0	28	2196	0	1	0
358	1	2	5	0	28	2196	0	1	0
360	1	1	4	0	28	2196	0	1	0
361	1	3	1	0	28	2196	0	1	0
364	1	2	5	0	28	2196	0	1	0
383	1	1	4	0	28	2196	0	1	0
384	1	4	2	0	28	2196	0	1	0
388	1	5	3	0	28	2196	0	1	0
392	1	1	4	0	28	2196	0	1	0
393	1	4	2	0	28	2196	0	1	0
399	1	4	2	0	28	2196	0	1	0
411	1	5	3	0	28	2196	0	1	0
420	1	3	1	0	28	2196	0	1	0
424	1	1	4	0	28	2196	0	1	0
428	1	2	5	0	28	2196	0	1	0
432	1	5	3	0	28	2196	0	1	0
434	1	4	2	0	28	2196	0	1	0
435	1	2	5	0	28	2196	0	1	0
439	1	3	1	0	28	2196	0	1	0
443	1	1	4	0	28	2196	0	1	0
446	1	2	5	0	28	2196	0	1	0
456	1	2	5	0	28	2196	0	1	0
469	1	4	2	0	28	2196	0	1	0
471	1	2	5	0	28	2196	0	1	0
479	1	3	1	0	28	2196	0	1	0
481	1	5	3	0	28	2196	0	1	0
485	1	1	4	0	28	2196	0	1	0
489	1	1	4	0	28	2196	0	1	0
494	1	1	4	0	28	2196	0	1	0
495	1	2	5	0	28	2196	0	1	0
496	1	3	1	0	28	2196	0	1	0
512	1	5	3	0	28	2196	0	1	0
514	1	2	5	0	28	2196	0	1	0
517	1	1	4	0	28	2196	0	1	0
535	1	2	5	0	28	2196	0	1	0
537	1	5	3	0	28	2196	0	1	0
542	1	1	4	0	28	2196	0	1	0
548	1	1	4	0	28	2196	0	1	0
549	1	4	2	0	28	2196	0	1	0
557	1	5	3	0	28	2196	0	1	0
562	1	3	1	0	28	2196	0	1	0
565	1	2	5	0	28	2196	0	1	0
578	1	1	4	0	28	2196	0	1	0
586	1	4	2	0	28	2196	0	1	0
595	1	5	3	0	28	2196	0	1	0
596	1	2	5	0	28	2196	0	1	0
599	1	3	1	0	28	2196	0	1	0
606	1	1	4	0	28	2196	0	1	0
612	1	2	5	0	28	2196	0	1	0
613	1	1	4	0	28	2196	0	1	0
621	1	3	1	0	28	2196	0	1	0
623	1	4	2	0	28	2196	0	1	0
624	1	5	3	0	28	2196	0	1	0
625	1	2	5	0	28	2196	0	1	0
631	1	1	4	0	28	2196	0	1	0
638	1	3	1	0	28	2196	0	1	0
639	1	5	3	0	28	2196	0	1	0
653	1	1	4	0	28	2196	0	1	0
654	1	5	3	0	28	2196	0	1	0
663	1	1	4	0	28	2196	0	1	0
668	1	4	2	0	28	2196	0	1	0
669	1	2	5	0	28	2196	0	1	0
670	1	5	3	0	28	2196	0	1	0
671	1	1	4	0	28	2196	0	1	0
678	1	1	4	0	28	2196	0	1	0
679	1	3	1	0	28	2196	0	1	0
680	1	5	3	0	28	2196	0	1	0
688	1	1	4	0	28	2196	0	1	0
692	1	3	1	0	28	2196	0	1	0
693	1	2	5	0	28	2196	0	1	0
698	1	5	3	0	28	2196	0	1	0
705	1	3	1	0	28	2196	0	1	0
706	1	2	5	0	28	2196	0	1	0
707	1	4	2	0	28	2196	0	1	0
708	1	1	4	0	28	2196	0	1	0
712	1	4	2	0	28	2196	0	1	0
721	1	2	5	0	28	2196	0	1	0
732	1	4	2	0	28	2196	0	1	0
739	1	3	1	0	28	2196	0	1	0
740	1	5	3	0	28	2196	0	1	0
741	1	2	5	0	28	2196	0	1	0
742	1	5	3	0	28	2196	0	1	0
743	1	4	2	0	28	2196	0	1	0
744	1	3	1	0	28	2196	0	1	0
749	1	2	5	0	28	2196	0	1	0
750	1	1	4	0	28	2196	0	1	0
757	1	4	2	0	28	2196	0	1	0
760	1	1	4	0	28	2196	0	1	0
761	1	5	3	0	28	2196	0	1	0
769	1	1	4	0	28	2196	0	1	0
770	1	2	5	0	28	2196	0	1	0
771	1	4	2	0	28	2196	0	1	0
772	1	5	3	0	28	2196	0	1	0
774	1	5	3	0	28	2196	0	1	0
781	1	5	3	0	28	2196	0	1	0
783	1	1	4	0	28	2196	0	1	0
791	1	4	2	0	28	2196	0	1	0
798	1	2	5	0	28	2196	0	1	0
799	1	5	3	0	28	2196	0	1	0
803	1	4	2	0	28	2196	0	1	0
804	1	1	4	0	28	2196	0	1	0
807	1	5	3	0	28	2196	0	1	0
810	1	3	1	0	28	2196	0	1	0
822	1	1	4	0	28	2196	0	1	0
824	1	3	1	0	28	2196	0	1	0
825	1	2	5	0	28	2196	0	1	0
826	1	5	3	0	28	2196	0	1	0
837	1	2	5	0	28	2196	0	1	0
842	1	3	1	0	28	2196	0	1	0
844	1	2	5	0	28	2196	0	1	0
848	1	5	3	0	28	2196	0	1	0
863	1	4	2	0	28	2196	0	1	0
864	1	2	5	0	28	2196	0	1	0
866	1	1	4	0	28	2196	0	1	0
867	1	3	1	0	28	2196	0	1	0
868	1	5	3	0	28	2196	0	1	0
881	1	4	2	0	28	2196	0	1	0
882	1	1	4	0	28	2196	0	1	0
887	1	1	4	0	28	2196	0	1	0
889	1	5	3	0	28	2196	0	1	0
897	1	2	5	0	28	2196	0	1	0
907	1	3	1	0	28	2196	0	1	0
910	1	1	4	0	28	2196	0	1	0
914	1	2	5	0	28	2196	0	1	0
923	1	5	3	0	28	2196	0	1	0
930	1	2	5	0	28	2196	0	1	0
931	1	4	2	0	28	2196	0	1	0
938	1	5	3	0	28	2196	0	1	0
945	1	2	5	0	28	2196	0	1	0
946	1	3	1	0	28	2196	0	1	0
948	1	1	4	0	28	2196	0	1	0
949	1	4	2	0	28	2196	0	1	0
952	1	2	5	0	28	2196	0	1	0
954	1	5	3	0	28	2196	0	1	0
958	1	3	1	0	28	2196	0	1	0
966	1	3	1	0	28	2196	0	1	0
969	1	1	4	0	28	2196	0	1	0
970	1	4	2	0	28	2196	0	1	0
971	1	2	5	0	28	2196	0	1	0
979	1	2	5	0	28	2196	0	1	0
982	1	5	3	0	28	2196	0	1	0
985	1	4	2	0	28	2196	0	1	0
986	1	1	4	0	28	2196	0	1	0
987	1	3	1	0	28	2196	0	1	0
990	1	4	2	0	28	2196	0	1	0
992	1	1	4	0	28	2196	0	1	0
996	1	3	1	0	28	2196	0	1	0
997	1	1	4	0	28	2196	0	1	0
1000	1	2	5	0	28	2196	0	1	0
1006	1	5	3	0	28	2196	0	1	0
1015	1	1	4	0	28	2196	0	1	0
1018	1	5	3	0	28	2196	0	1	0
1021	1	2	5	0	28	2196	0	1	0
1024	1	1	4	0	28	2196	0	1	0
1036	1	2	5	0	28	2196	0	1	0
1040	1	3	1	0	28	2196	0	1	0
1047	1	3	1	0	28	2196	0	1	0
1049	1	1	4	0	28	2196	0	1	0
1053	1	4	2	0	28	2196	0	1	0
1057	1	1	4	0	28	2196	0	1	0
1063	1	2	5	0	28	2196	0	1	0
1066	1	3	1	0	28	2196	0	1	0
1068	1	4	2	0	28	2196	0	1	0
1075	1	2	5	0	28	2196	0	1	0
1093	1	5	3	0	28	2196	0	1	0
1109	1	1	4	0	28	2196	0	1	0
1114	1	2	5	0	28	2196	0	1	0
1118	1	1	4	0	28	2196	0	1	0
1133	1	1	4	0	28	2196	0	1	0
1135	1	3	1	0	28	2196	0	1	0
1136	1	4	2	0	28	2196	0	1	0
1142	1	3	1	0	28	2196	0	1	0
1147	1	4	2	0	28	2196	0	1	0
1153	1	2	5	0	28	2196	0	1	0
1157	1	3	1	0	28	2196	0	1	0
1162	1	4	2	0	28	2196	0	1	0
1165	1	5	3	0	28	2196	0	1	0
1167	1	3	1	0	28	2196	0	1	0
1168	1	1	4	0	28	2196	0	1	0
1171	1	3	1	0	28	2196	0	1	0
1188	1	4	2	0	28	2196	0	1	0
1190	1	5	3	0	28	2196	0	1	0
1191	1	2	5	0	28	2196	0	1	0
1197	1	3	1	0	28	2196	0	1	0
1210	1	1	4	0	28	2196	0	1	0
1217	1	2	5	0	28	2196	0	1	0
1218	1	4	2	0	28	2196	0	1	0
1228	1	2	5	0	28	2196	0	1	0
1229	1	3	1	0	28	2196	0	1	0
1234	1	3	1	0	28	2196	0	1	0
1238	1	1	4	0	28	2196	0	1	0
1243	1	5	3	0	28	2196	0	1	0
1247	1	1	4	0	28	2196	0	1	0
1249	1	3	1	0	28	2196	0	1	0
1251	1	4	2	0	28	2196	0	1	0
1254	1	2	5	0	28	2196	0	1	0
1255	1	1	4	0	28	2196	0	1	0
1263	1	5	3	0	28	2196	0	1	0
1264	1	1	4	0	28	2196	0	1	0
1276	1	2	5	0	28	2196	0	1	0
1279	1	1	4	0	28	2196	0	1	0
1285	1	4	2	0	28	2196	0	1	0
1288	1	5	3	0	28	2196	0	1	0
1290	1	1	4	0	28	2196	0	1	0
1297	1	2	5	0	28	2196	0	1	0
1309	1	5	3	0	28	2196	0	1	0
1311	1	2	5	0	28	2196	0	1	0
1318	1	4	2	0	28	2196	0	1	0
1323	1	3	1	0	28	2196	0	1	0
1327	1	2	5	0	28	2196	0	1	0
1331	1	5	3	0	28	2196	0	1	0
1342	1	5	3	0	28	2196	0	1	0
1344	1	1	4	0	28	2196	0	1	0
1352	1	2	5	0	28	2196	0	1	0
1356	1	5	3	0	28	2196	0	1	0
1361	1	1	4	0	28	2196	0	1	0
1368	1	4	2	0	28	2196	0	1	0
1376	1	3	1	0	28	2196	0	1	0
1384	1	1	4	0	28	2196	0	1	0
1388	1	1	4	0	28	2196	0	1	0
1390	1	5	3	0	28	2196	0	1	0
1391	1	2	5	0	28	2196	0	1	0
1402	1	3	1	0	28	2196	0	1	0
1411	1	4	2	0	28	2196	0	1	0
1417	1	4	2	0	28	2196	0	1	0
1418	1	1	4	0	28	2196	0	1	0
1420	1	4	2	0	28	2196	0	1	0
1424	1	4	2	0	28	2196	0	1	0
1425	1	2	5	0	28	2196	0	1	0
1436	1	5	3	0	28	2196	0	1	0
1441	1	3	1	0	28	2196	0	1	0
1444	1	3	1	0	28	2196	0	1	0
1445	1	2	5	0	28	2196	0	1	0
1446	1	4	2	0	28	2196	0	1	0
1457	1	3	1	0	28	2196	0	1	0
1458	1	4	2	0	28	2196	0	1	0
1461	1	5	3	0	28	2196	0	1	0
1465	1	2	5	0	28	2196	0	1	0
1470	1	3	1	0	28	2196	0	1	0
1476	1	3	1	0	28	2196	0	1	0
1477	1	2	5	0	28	2196	0	1	0
1486	1	1	4	0	28	2196	0	1	0
1488	1	4	2	0	28	2196	0	1	0
1499	1	5	3	0	28	2196	0	1	0
1505	1	2	5	0	28	2196	0	1	0
1511	1	3	1	0	28	2196	0	1	0
1515	1	2	5	0	28	2196	0	1	0
1516	1	1	4	0	28	2196	0	1	0
1517	1	4	2	0	28	2196	0	1	0
1518	1	3	1	0	28	2196	0	1	0
1529	1	3	1	0	28	2196	0	1	0
1532	1	2	5	0	28	2196	0	1	0
1538	1	4	2	0	28	2196	0	1	0
1547	1	4	2	0	28	2196	0	1	0
1554	1	2	5	0	28	2196	0	1	0
1555	1	4	2	0	28	2196	0	1	0
1556	1	1	4	0	28	2196	0	1	0
1558	1	3	1	0	28	2196	0	1	0
1567	1	4	2	0	28	2196	0	1	0
1573	1	1	4	0	28	2196	0	1	0
1581	1	3	1	0	28	2196	0	1	0
1582	1	1	4	0	28	2196	0	1	0
1585	1	3	1	0	28	2196	0	1	0
1587	1	1	4	0	28	2196	0	1	0
1590	1	5	3	0	28	2196	0	1	0
1591	1	3	1	0	28	2196	0	1	0
1593	1	2	5	0	28	2196	0	1	0
1600	1	1	4	0	28	2196	0	1	0
1609	1	2	5	0	28	2196	0	1	0
1610	1	3	1	0	28	2196	0	1	0
1612	1	5	3	0	28	2196	0	1	0
1617	1	5	3	0	28	2196	0	1	0
1618	1	4	2	0	28	2196	0	1	0
1632	1	5	3	0	28	2196	0	1	0
1633	1	4	2	0	28	2196	0	1	0
1634	1	3	1	0	28	2196	0	1	0
1637	1	5	3	0	28	2196	0	1	0
1648	1	3	1	0	28	2196	0	1	0
1652	1	2	5	0	28	2196	0	1	0
1653	1	4	2	0	28	2196	0	1	0
1654	1	3	1	0	28	2196	0	1	0
1665	1	5	3	0	28	2196	0	1	0
1674	1	3	1	0	28	2196	0	1	0
1685	1	5	3	0	28	2196	0	1	0
1689	1	4	2	0	28	2196	0	1	0
1695	1	1	4	0	28	2196	0	1	0
1700	1	4	2	0	28	2196	0	1	0
1710	1	4	2	0	28	2196	0	1	0
1714	1	2	5	0	28	2196	0	1	0
1718	1	1	4	0	28	2196	0	1	0
1719	1	5	3	0	28	2196	0	1	0
1722	1	3	1	0	28	2196	0	1	0
1731	1	5	3	0	28	2196	0	1	0
1741	1	3	1	0	28	2196	0	1	0
1749	1	1	4	0	28	2196	0	1	0
1755	1	4	2	0	28	2196	0	1	0
1756	1	2	5	0	28	2196	0	1	0
1764	1	5	3	0	28	2196	0	1	0
1765	1	3	1	0	28	2196	0	1	0
1766	1	1	4	0	28	2196	0	1	0
1767	1	2	5	0	28	2196	0	1	0
1772	1	4	2	0	28	2196	0	1	0
1791	1	1	4	0	28	2196	0	1	0
1794	1	2	5	0	28	2196	0	1	0
1796	1	4	2	0	28	2196	0	1	0
1801	1	2	5	0	28	2196	0	1	0
1802	1	5	3	0	28	2196	0	1	0
1805	1	3	1	0	28	2196	0	1	0
1808	1	5	3	0	28	2196	0	1	0
1811	1	3	1	0	28	2196	0	1	0
1812	1	4	2	0	28	2196	0	1	0
1820	1	1	4	0	28	2196	0	1	0
1821	1	3	1	0	28	2196	0	1	0
1824	1	4	2	0	28	2196	0	1	0
1835	1	2	5	0	28	2196	0	1	0
1847	1	2	5	0	28	2196	0	1	0
1848	1	4	2	0	28	2196	0	1	0
1850	1	5	3	0	28	2196	0	1	0
1866	1	1	4	0	28	2196	0	1	0
1867	1	2	5	0	28	2196	0	1	0
1875	1	3	1	0	28	2196	0	1	0
1877	1	1	4	0	28	2196	0	1	0
1878	1	5	3	0	28	2196	0	1	0
1880	1	2	5	0	28	2196	0	1	0
1892	1	4	2	0	28	2196	0	1	0
1894	1	5	3	0	28	2196	0	1	0
1896	1	4	2	0	28	2196	0	1	0
1904	1	3	1	0	28	2196	0	1	0
1911	1	5	3	0	28	2196	0	1	0
1914	1	1	4	0	28	2196	0	1	0
1916	1	3	1	0	28	2196	0	1	0
1918	1	1	4	0	28	2196	0	1	0
1921	1	4	2	0	28	2196	0	1	0
1934	1	1	4	0	28	2196	0	1	0
1936	1	5	3	0	28	2196	0	1	0
1937	1	3	1	0	28	2196	0	1	0
1949	1	1	4	0	28	2196	0	1	0
1963	1	2	5	0	28	2196	0	1	0
1974	1	3	1	0	28	2196	0	1	0
1975	1	4	2	0	28	2196	0	1	0
1979	1	2	5	0	28	2196	0	1	0
1980	1	5	3	0	28	2196	0	1	0
1990	1	3	1	0	28	2196	0	1	0
1992	1	4	2	0	28	2196	0	1	0
1993	1	2	5	0	28	2196	0	1	0
2003	1	5	3	0	28	2196	0	1	0
2005	1	1	4	0	28	2196	0	1	0
2008	1	2	5	0	28	2196	0	1	0
2016	1	3	1	0	28	2196	0	1	0
2019	1	4	2	0	28	2196	0	1	0
2038	1	4	2	0	28	2196	0	1	0
2047	1	2	5	0	28	2196	0	1	0
2048	1	3	1	0	28	2196	0	1	0
2057	1	3	1	0	28	2196	0	1	0
2061	1	2	5	0	28	2196	0	1	0
2068	1	1	4	0	28	2196	0	1	0
2075	1	4	2	0	28	2196	0	1	0
2080	1	5	3	0	28	2196	0	1	0
2082	1	2	5	0	28	2196	0	1	0
2087	1	4	2	0	28	2196	0	1	0
2091	1	2	5	0	28	2196	0	1	0
2098	1	2	5	0	28	2196	0	1	0
2103	1	3	1	0	28	2196	0	1	0
2110	1	5	3	0	28	2196	0	1	0
2111	1	1	4	0	28	2196	0	1	0
2114	1	3	1	0	28	2196	0	1	0
2115	1	1	4	0	28	2196	0	1	0
2123	1	5	3	0	28	2196	0	1	0
2125	1	4	2	0	28	2196	0	1	0
2137	1	5	3	0	28	2196	0	1	0
2144	1	5	3	0	28	2196	0	1	0
2146	1	3	1	0	28	2196	0	1	0
2148	1	4	2	0	28	2196	0	1	0
2158	1	4	2	0	28	2196	0	1	0
2166	1	4	2	0	28	2196	0	1	0
2167	1	2	5	0	28	2196	0	1	0
2180	1	2	5	0	28	2196	0	1	0
2184	1	1	4	0	28	2196	0	1	0
2185	1	3	1	0	28	2196	0	1	0
2186	1	5	3	0	28	2196	0	1	0
2191	1	4	2	0	28	2196	0	1	0
2199	1	2	5	0	28	2196	0	1	0
2203	1	5	3	0	28	2196	0	1	0
2214	1	1	4	0	28	2196	0	1	0
2224	1	2	5	0	28	2196	0	1	0
2226	1	5	3	0	28	2196	0	1	0
2227	1	1	4	0	28	2196	0	1	0
2231	1	1	4	0	28	2196	0	1	0
2233	1	3	1	0	28	2196	0	1	0
2235	1	4	2	0	28	2196	0	1	0
2244	1	5	3	0	28	2196	0	1	0
2246	1	4	2	0	28	2196	0	1	0
2255	1	1	4	0	28	2196	0	1	0
2256	1	4	2	0	28	2196	0	1	0
2268	1	3	1	0	28	2196	0	1	0
2269	1	5	3	0	28	2196	0	1	0
2270	1	1	4	0	28	2196	0	1	0
2273	1	4	2	0	28	2196	0	1	0
2276	1	2	5	0	28	2196	0	1	0
2284	1	5	3	0	28	2196	0	1	0
2285	1	1	4	0	28	2196	0	1	0
2287	1	3	1	0	28	2196	0	1	0
2292	1	4	2	0	28	2196	0	1	0
2293	1	2	5	0	28	2196	0	1	0
2302	1	5	3	0	28	2196	0	1	0
2303	1	1	4	0	28	2196	0	1	0
2304	1	4	2	0	28	2196	0	1	0
2314	1	3	1	0	28	2196	0	1	0
2319	1	2	5	0	28	2196	0	1	0
2323	1	4	2	0	28	2196	0	1	0
2325	1	5	3	0	28	2196	0	1	0
2326	1	3	1	0	28	2196	0	1	0
2330	1	2	5	0	28	2196	0	1	0
2339	1	2	5	0	28	2196	0	1	0
2340	1	5	3	0	28	2196	0	1	0
2341	1	3	1	0	28	2196	0	1	0
2349	1	5	3	0	28	2196	0	1	0
2356	1	1	4	0	28	2196	0	1	0
2358	1	5	3	0	28	2196	0	1	0
2359	1	4	2	0	28	2196	0	1	0
2370	1	3	1	0	28	2196	0	1	0
2373	1	2	5	0	28	2196	0	1	0
2383	1	5	3	0	28	2196	0	1	0
2384	1	4	2	0	28	2196	0	1	0
2395	1	1	4	0	28	2196	0	1	0
2396	1	3	1	0	28	2196	0	1	0
2397	1	4	2	0	28	2196	0	1	0
2399	1	1	4	0	28	2196	0	1	0
2400	1	5	3	0	28	2196	0	1	0
2402	1	2	5	0	28	2196	0	1	0
2403	1	4	2	0	28	2196	0	1	0
2408	1	5	3	0	28	2196	0	1	0
2409	1	4	2	0	28	2196	0	1	0
2415	1	5	3	0	28	2196	0	1	0
2416	1	4	2	0	28	2196	0	1	0
2417	1	2	5	0	28	2196	0	1	0
2418	1	3	1	0	28	2196	0	1	0
2427	1	3	1	0	28	2196	0	1	0
2444	1	5	3	0	28	2196	0	1	0
2445	1	2	5	0	28	2196	0	1	0
2446	1	4	2	0	28	2196	0	1	0
2451	1	3	1	0	28	2196	0	1	0
2455	1	1	4	0	28	2196	0	1	0
2458	1	3	1	0	28	2196	0	1	0
2460	1	4	2	0	28	2196	0	1	0
2467	1	5	3	0	28	2196	0	1	0
2469	1	1	4	0	28	2196	0	1	0
2481	1	4	2	0	28	2196	0	1	0
2483	1	5	3	0	28	2196	0	1	0
2484	1	2	5	0	28	2196	0	1	0
2485	1	3	1	0	28	2196	0	1	0
2488	1	1	4	0	28	2196	0	1	0
2492	1	4	2	0	28	2196	0	1	0
2493	1	3	1	0	28	2196	0	1	0
2497	1	5	3	0	28	2196	0	1	0
2510	1	2	5	0	28	2196	0	1	0
2516	1	5	3	0	28	2196	0	1	0
2522	1	4	2	0	28	2196	0	1	0
2523	1	1	4	0	28	2196	0	1	0
2524	1	3	1	0	28	2196	0	1	0
2535	1	5	3	0	28	2196	0	1	0
2536	1	1	4	0	28	2196	0	1	0
2537	1	4	2	0	28	2196	0	1	0
2540	1	1	4	0	28	2196	0	1	0
2544	1	5	3	0	28	2196	0	1	0
2546	1	3	1	0	28	2196	0	1	0
2552	1	1	4	0	28	2196	0	1	0
2555	1	4	2	0	28	2196	0	1	0
2558	1	2	5	0	28	2196	0	1	0
2562	1	4	2	0	28	2196	0	1	0
2566	1	4	2	0	28	2196	0	1	0
2568	1	2	5	0	28	2196	0	1	0
2571	1	3	1	0	28	2196	0	1	0
2580	1	1	4	0	28	2196	0	1	0
2584	1	2	5	0	28	2196	0	1	0
2589	1	3	1	0	28	2196	0	1	0
2595	1	4	2	0	28	2196	0	1	0
2600	1	3	1	0	28	2196	0	1	0
2605	1	1	4	0	28	2196	0	1	0
2607	1	2	5	0	28	2196	0	1	0
2608	1	5	3	0	28	2196	0	1	0
2617	1	2	5	0	28	2196	0	1	0
2620	1	1	4	0	28	2196	0	1	0
2624	1	4	2	0	28	2196	0	1	0
2630	1	3	1	0	28	2196	0	1	0
2636	1	4	2	0	28	2196	0	1	0
2643	1	3	1	0	28	2196	0	1	0
2647	1	1	4	0	28	2196	0	1	0
2648	1	2	5	0	28	2196	0	1	0
2650	1	4	2	0	28	2196	0	1	0
2653	1	3	1	0	28	2196	0	1	0
2656	1	5	3	0	28	2196	0	1	0
2660	1	3	1	0	28	2196	0	1	0
2666	1	5	3	0	28	2196	0	1	0
2667	1	1	4	0	28	2196	0	1	0
2668	1	4	2	0	28	2196	0	1	0
2680	1	3	1	0	28	2196	0	1	0
2682	1	1	4	0	28	2196	0	1	0
2683	1	3	1	0	28	2196	0	1	0
2685	1	2	5	0	28	2196	0	1	0
2686	1	4	2	0	28	2196	0	1	0
2687	1	5	3	0	28	2196	0	1	0
2689	1	3	1	0	28	2196	0	1	0
2701	1	4	2	0	28	2196	0	1	0
2702	1	3	1	0	28	2196	0	1	0
2706	1	2	5	0	28	2196	0	1	0
2710	1	3	1	0	28	2196	0	1	0
2711	1	5	3	0	28	2196	0	1	0
2712	1	4	2	0	28	2196	0	1	0
2716	1	1	4	0	28	2196	0	1	0
2720	1	4	2	0	28	2196	0	1	0
2724	1	3	1	0	28	2196	0	1	0
2729	1	5	3	0	28	2196	0	1	0
2738	1	2	5	0	28	2196	0	1	0
2743	1	3	1	0	28	2196	0	1	0
2745	1	5	3	0	28	2196	0	1	0
2746	1	4	2	0	28	2196	0	1	0
2747	1	2	5	0	28	2196	0	1	0
2757	1	3	1	0	28	2196	0	1	0
2766	1	4	2	0	28	2196	0	1	0
2768	1	5	3	0	28	2196	0	1	0
2771	1	3	1	0	28	2196	0	1	0
2775	1	1	4	0	28	2196	0	1	0
2776	1	3	1	0	28	2196	0	1	0
2789	1	3	1	0	28	2196	0	1	0
2791	1	2	5	0	28	2196	0	1	0
2797	1	3	1	0	28	2196	0	1	0
2801	1	2	5	0	28	2196	0	1	0
2803	1	5	3	0	28	2196	0	1	0
2806	1	4	2	0	28	2196	0	1	0
2813	1	1	4	0	28	2196	0	1	0
2828	1	2	5	0	28	2196	0	1	0
2833	1	5	3	0	28	2196	0	1	0
2839	1	4	2	0	28	2196	0	1	0
2840	1	5	3	0	28	2196	0	1	0
2851	1	2	5	0	28	2196	0	1	0
2854	1	3	1	0	28	2196	0	1	0
2862	1	5	3	0	28	2196	0	1	0
2863	1	1	4	0	28	2196	0	1	0
2871	1	2	5	0	28	2196	0	1	0
2872	1	3	1	0	28	2196	0	1	0
2883	1	4	2	0	28	2196	0	1	0
2886	1	5	3	0	28	2196	0	1	0
2894	1	3	1	0	28	2196	0	1	0
2895	1	1	4	0	28	2196	0	1	0
2896	1	4	2	0	28	2196	0	1	0
2899	1	2	5	0	28	2196	0	1	0
2902	1	5	3	0	28	2196	0	1	0
2911	1	2	5	0	28	2196	0	1	0
2915	1	3	1	0	28	2196	0	1	0
2920	1	5	3	0	28	2196	0	1	0
2922	1	1	4	0	28	2196	0	1	0
2925	1	2	5	0	28	2196	0	1	0
2931	1	5	3	0	28	2196	0	1	0
2933	1	3	1	0	28	2196	0	1	0
2944	1	1	4	0	28	2196	0	1	0
2956	1	4	2	0	28	2196	0	1	0
2959	1	3	1	0	28	2196	0	1	0
2963	1	5	3	0	28	2196	0	1	0
2966	1	1	4	0	28	2196	0	1	0
2969	1	2	5	0	28	2196	0	1	0
2975	1	2	5	0	28	2196	0	1	0
2979	1	1	4	0	28	2196	0	1	0
2983	1	4	2	0	28	2196	0	1	0
2984	1	3	1	0	28	2196	0	1	0
2986	1	1	4	0	28	2196	0	1	0
2987	1	2	5	0	28	2196	0	1	0
2993	1	5	3	0	28	2196	0	1	0
3007	1	1	4	0	28	2196	0	1	0
3009	1	3	1	0	28	2196	0	1	0
3016	1	2	5	0	28	2196	0	1	0
3022	1	4	2	0	28	2196	0	1	0
3023	1	3	1	0	28	2196	0	1	0
3024	1	5	3	0	28	2196	0	1	0
3027	1	5	3	0	28	2196	0	1	0
3028	1	3	1	0	28	2196	0	1	0
3032	1	4	2	0	28	2196	0	1	0
3033	1	2	5	0	28	2196	0	1	0
3046	1	1	4	0	28	2196	0	1	0
3060	1	5	3	0	28	2196	0	1	0
3062	1	4	2	0	28	2196	0	1	0
3063	1	1	4	0	28	2196	0	1	0
3064	1	2	5	0	28	2196	0	1	0
3067	1	4	2	0	28	2196	0	1	0
3074	1	1	4	0	28	2196	0	1	0
3077	1	3	1	0	28	2196	0	1	0
3078	1	4	2	0	28	2196	0	1	0
3084	1	2	5	0	28	2196	0	1	0
3085	1	1	4	0	28	2196	0	1	0
3090	1	5	3	0	28	2196	0	1	0
3092	1	4	2	0	28	2196	0	1	0
3094	1	1	4	0	28	2196	0	1	0
3104	1	3	1	0	28	2196	0	1	0
3110	1	4	2	0	28	2196	0	1	0
3113	1	2	5	0	28	2196	0	1	0
3116	1	5	3	0	28	2196	0	1	0
3117	1	3	1	0	28	2196	0	1	0
3118	1	2	5	0	28	2196	0	1	0
3119	1	5	3	0	28	2196	0	1	0
3134	1	3	1	0	28	2196	0	1	0
3141	1	2	5	0	28	2196	0	1	0
3143	1	5	3	0	28	2196	0	1	0
3150	1	1	4	0	28	2196	0	1	0
3151	1	5	3	0	28	2196	0	1	0
3153	1	4	2	0	28	2196	0	1	0
3154	1	2	5	0	28	2196	0	1	0
3160	1	5	3	0	28	2196	0	1	0
3161	1	2	5	0	28	2196	0	1	0
3166	1	4	2	0	28	2196	0	1	0
3168	1	1	4	0	28	2196	0	1	0
3169	1	2	5	0	28	2196	0	1	0
3170	1	4	2	0	28	2196	0	1	0
3181	1	4	2	0	28	2196	0	1	0
3189	1	3	1	0	28	2196	0	1	0
3190	1	5	3	0	28	2196	0	1	0
3191	1	2	5	0	28	2196	0	1	0
3200	1	3	1	0	28	2196	0	1	0
3203	1	1	4	0	28	2196	0	1	0
3205	1	4	2	0	28	2196	0	1	0
3211	1	4	2	0	28	2196	0	1	0
3219	1	2	5	0	28	2196	0	1	0
3221	1	3	1	0	28	2196	0	1	0
3227	1	4	2	0	28	2196	0	1	0
3233	1	1	4	0	28	2196	0	1	0
3242	1	2	5	0	28	2196	0	1	0
3243	1	4	2	0	28	2196	0	1	0
3252	1	1	4	0	28	2196	0	1	0
3253	1	4	2	0	28	2196	0	1	0
3255	1	3	1	0	28	2196	0	1	0
3257	1	5	3	0	28	2196	0	1	0
3258	1	2	5	0	28	2196	0	1	0
3260	1	4	2	0	28	2196	0	1	0
3261	1	2	5	0	28	2196	0	1	0
3266	1	3	1	0	28	2196	0	1	0
3277	1	2	5	0	28	2196	0	1	0
3279	1	5	3	0	28	2196	0	1	0
3280	1	1	4	0	28	2196	0	1	0
3282	1	4	2	0	28	2196	0	1	0
3290	1	5	3	0	28	2196	0	1	0
3303	1	2	5	0	28	2196	0	1	0
3304	1	4	2	0	28	2196	0	1	0
3311	1	5	3	0	28	2196	0	1	0
3318	1	2	5	0	28	2196	0	1	0
3319	1	3	1	0	28	2196	0	1	0
3323	1	5	3	0	28	2196	0	1	0
3327	1	4	2	0	28	2196	0	1	0
3338	1	1	4	0	28	2196	0	1	0
3343	1	3	1	0	28	2196	0	1	0
3344	1	2	5	0	28	2196	0	1	0
3358	1	1	4	0	28	2196	0	1	0
3360	1	4	2	0	28	2196	0	1	0
3372	1	1	4	0	28	2196	0	1	0
3373	1	3	1	0	28	2196	0	1	0
3374	1	4	2	0	28	2196	0	1	0
3375	1	5	3	0	28	2196	0	1	0
3382	1	2	5	0	28	2196	0	1	0
3389	1	2	5	0	28	2196	0	1	0
3393	1	1	4	0	28	2196	0	1	0
3395	1	5	3	0	28	2196	0	1	0
3398	1	2	5	0	28	2196	0	1	0
3400	1	3	1	0	28	2196	0	1	0
3401	1	1	4	0	28	2196	0	1	0
3402	1	4	2	0	28	2196	0	1	0
3408	1	1	4	0	28	2196	0	1	0
3410	1	2	5	0	28	2196	0	1	0
3421	1	5	3	0	28	2196	0	1	0
3428	1	1	4	0	28	2196	0	1	0
3432	1	2	5	0	28	2196	0	1	0
3439	1	5	3	0	28	2196	0	1	0
3444	1	3	1	0	28	2196	0	1	0
3445	1	1	4	0	28	2196	0	1	0
3452	1	2	5	0	28	2196	0	1	0
3463	1	4	2	0	28	2196	0	1	0
3466	1	5	3	0	28	2196	0	1	0
3467	1	3	1	0	28	2196	0	1	0
3468	1	1	4	0	28	2196	0	1	0
3469	1	2	5	0	28	2196	0	1	0
3473	1	1	4	0	28	2196	0	1	0
3480	1	3	1	0	28	2196	0	1	0
3496	1	4	2	0	28	2196	0	1	0
3498	1	3	1	0	28	2196	0	1	0
3501	1	5	3	0	28	2196	0	1	0
3502	1	1	4	0	28	2196	0	1	0
3504	1	2	5	0	28	2196	0	1	0
3507	1	1	4	0	28	2196	0	1	0
3508	1	4	2	0	28	2196	0	1	0
3510	1	5	3	0	28	2196	0	1	0
3519	1	4	2	0	28	2196	0	1	0
3531	1	3	1	0	28	2196	0	1	0
3534	1	4	2	0	28	2196	0	1	0
3537	1	1	4	0	28	2196	0	1	0
3538	1	5	3	0	28	2196	0	1	0
3547	1	3	1	0	28	2196	0	1	0
3548	1	2	5	0	28	2196	0	1	0
3553	1	3	1	0	28	2196	0	1	0
3561	1	4	2	0	28	2196	0	1	0
3562	1	5	3	0	28	2196	0	1	0
3570	1	2	5	0	28	2196	0	1	0
3571	1	1	4	0	28	2196	0	1	0
3576	1	2	5	0	28	2196	0	1	0
3586	1	1	4	0	28	2196	0	1	0
3592	1	3	1	0	28	2196	0	1	0
3597	1	5	3	0	28	2196	0	1	0
3598	1	4	2	0	28	2196	0	1	0
3599	1	1	4	0	28	2196	0	1	0
3601	1	2	5	0	28	2196	0	1	0
3616	1	4	2	0	28	2196	0	1	0
3619	1	5	3	0	28	2196	0	1	0
3623	1	3	1	0	28	2196	0	1	0
3624	1	1	4	0	28	2196	0	1	0
3629	1	2	5	0	28	2196	0	1	0
3638	1	5	3	0	28	2196	0	1	0
3639	1	2	5	0	28	2196	0	1	0
3640	1	3	1	0	28	2196	0	1	0
3647	1	2	5	0	28	2196	0	1	0
3658	1	4	2	0	28	2196	0	1	0
3659	1	1	4	0	28	2196	0	1	0
3660	1	3	1	0	28	2196	0	1	0
3661	1	2	5	0	28	2196	0	1	0
3670	1	5	3	0	28	2196	0	1	0
3671	1	2	5	0	28	2196	0	1	0
3680	1	1	4	0	28	2196	0	1	0
3681	1	3	1	0	28	2196	0	1	0
3690	1	2	5	0	28	2196	0	1	0
3692	1	5	3	0	28	2196	0	1	0
3693	1	3	1	0	28	2196	0	1	0
3699	1	3	1	0	28	2196	0	1	0
3702	1	2	5	0	28	2196	0	1	0
3705	1	3	1	0	28	2196	0	1	0
3710	1	1	4	0	28	2196	0	1	0
3725	1	5	3	0	28	2196	0	1	0
3726	1	4	2	0	28	2196	0	1	0
3735	1	1	4	0	28	2196	0	1	0
3740	1	1	4	0	28	2196	0	1	0
3744	1	5	3	0	28	2196	0	1	0
3745	1	2	5	0	28	2196	0	1	0
3758	1	4	2	0	28	2196	0	1	0
3761	1	1	4	0	28	2196	0	1	0
3762	1	2	5	0	28	2196	0	1	0
3763	1	3	1	0	28	2196	0	1	0
3774	1	4	2	0	28	2196	0	1	0
3780	1	5	3	0	28	2196	0	1	0
3781	1	2	5	0	28	2196	0	1	0
3783	1	2	5	0	28	2196	0	1	0
3784	1	1	4	0	28	2196	0	1	0
3786	1	5	3	0	28	2196	0	1	0
3795	1	3	1	0	28	2196	0	1	0
3797	1	1	4	0	28	2196	0	1	0
3803	1	4	2	0	28	2196	0	1	0
3804	1	1	4	0	28	2196	0	1	0
3806	1	2	5	0	28	2196	0	1	0
3811	1	4	2	0	28	2196	0	1	0
3812	1	3	1	0	28	2196	0	1	0
3819	1	5	3	0	28	2196	0	1	0
3820	1	3	1	0	28	2196	0	1	0
3821	1	1	4	0	28	2196	0	1	0
3823	1	1	4	0	28	2196	0	1	0
3825	1	3	1	0	28	2196	0	1	0
3827	1	5	3	0	28	2196	0	1	0
3834	1	1	4	0	28	2196	0	1	0
3836	1	5	3	0	28	2196	0	1	0
3837	1	2	5	0	28	2196	0	1	0
3838	1	3	1	0	28	2196	0	1	0
3845	1	5	3	0	28	2196	0	1	0
3847	1	3	1	0	28	2196	0	1	0
3852	1	4	2	0	28	2196	0	1	0
3861	1	5	3	0	28	2196	0	1	0
3882	1	2	5	0	28	2196	0	1	0
3883	1	1	4	0	28	2196	0	1	0
3887	1	3	1	0	28	2196	0	1	0
3891	1	5	3	0	28	2196	0	1	0
3892	1	4	2	0	28	2196	0	1	0
3896	1	2	5	0	28	2196	0	1	0
3909	1	4	2	0	28	2196	0	1	0
3910	1	1	4	0	28	2196	0	1	0
3911	1	2	5	0	28	2196	0	1	0
3912	1	5	3	0	28	2196	0	1	0
3915	1	3	1	0	28	2196	0	1	0
3916	1	1	4	0	28	2196	0	1	0
3925	1	5	3	0	28	2196	0	1	0
3930	1	3	1	0	28	2196	0	1	0
3931	1	5	3	0	28	2196	0	1	0
3944	1	2	5	0	28	2196	0	1	0
3945	1	1	4	0	28	2196	0	1	0
3947	1	5	3	0	28	2196	0	1	0
3955	1	4	2	0	28	2196	0	1	0
3956	1	3	1	0	28	2196	0	1	0
3963	1	1	4	0	28	2196	0	1	0
3964	1	2	5	0	28	2196	0	1	0
3965	1	5	3	0	28	2196	0	1	0
3971	1	3	1	0	28	2196	0	1	0
3972	1	5	3	0	28	2196	0	1	0
3976	1	5	3	0	28	2196	0	1	0
3978	1	1	4	0	28	2196	0	1	0
3981	1	4	2	0	28	2196	0	1	0
3982	1	2	5	0	28	2196	0	1	0
3983	1	5	3	0	28	2196	0	1	0
3988	1	3	1	0	28	2196	0	1	0
3998	1	5	3	0	28	2196	0	1	0
4000	1	4	2	0	28	2196	0	1	0
4001	1	2	5	0	28	2196	0	1	0
4007	1	2	5	0	28	2196	0	1	0
4009	1	4	2	0	28	2196	0	1	0
4011	1	5	3	0	28	2196	0	1	0
4019	1	5	3	0	28	2196	0	1	0
4020	1	3	1	0	28	2196	0	1	0
4022	1	1	4	0	28	2196	0	1	0
4027	1	1	4	0	28	2196	0	1	0
4028	1	4	2	0	28	2196	0	1	0
4034	1	4	2	0	28	2196	0	1	0
4035	1	5	3	0	28	2196	0	1	0
4036	1	2	5	0	28	2196	0	1	0
4039	1	3	1	0	28	2196	0	1	0
4040	1	1	4	0	28	2196	0	1	0
4049	1	1	4	0	28	2196	0	1	0
4055	1	3	1	0	28	2196	0	1	0
4057	1	2	5	0	28	2196	0	1	0
4059	1	1	4	0	28	2196	0	1	0
4073	1	4	2	0	28	2196	0	1	0
4076	1	3	1	0	28	2196	0	1	0
4077	1	2	5	0	28	2196	0	1	0
4080	1	4	2	0	28	2196	0	1	0
4085	1	4	2	0	28	2196	0	1	0
4091	1	2	5	0	28	2196	0	1	0
4094	1	3	1	0	28	2196	0	1	0
4100	1	5	3	0	28	2196	0	1	0
4101	1	1	4	0	28	2196	0	1	0
4103	1	3	1	0	28	2196	0	1	0
4104	1	4	2	0	28	2196	0	1	0
4114	1	1	4	0	28	2196	0	1	0
4115	1	4	2	0	28	2196	0	1	0
4118	1	4	2	0	28	2196	0	1	0
4119	1	3	1	0	28	2196	0	1	0
4130	1	2	5	0	28	2196	0	1	0
4131	1	4	2	0	28	2196	0	1	0
4132	1	5	3	0	28	2196	0	1	0
4133	1	3	1	0	28	2196	0	1	0
4137	1	1	4	0	28	2196	0	1	0
4141	1	4	2	0	28	2196	0	1	0
4143	1	2	5	0	28	2196	0	1	0
4144	1	3	1	0	28	2196	0	1	0
4157	1	2	5	0	28	2196	0	1	0
4168	1	5	3	0	28	2196	0	1	0
4169	1	3	1	0	28	2196	0	1	0
4182	1	3	1	0	28	2196	0	1	0
4183	1	1	4	0	28	2196	0	1	0
4196	1	5	3	0	28	2196	0	1	0
4197	1	4	2	0	28	2196	0	1	0
4206	1	2	5	0	28	2196	0	1	0
4210	1	1	4	0	28	2196	0	1	0
4214	1	5	3	0	28	2196	0	1	0
4223	1	3	1	0	28	2196	0	1	0
4226	1	5	3	0	28	2196	0	1	0
4228	1	2	5	0	28	2196	0	1	0
4231	1	1	4	0	28	2196	0	1	0
4237	1	5	3	0	28	2196	0	1	0
4238	1	1	4	0	28	2196	0	1	0
4245	1	4	2	0	28	2196	0	1	0
4246	1	2	5	0	28	2196	0	1	0
4254	1	3	1	0	28	2196	0	1	0
4260	1	2	5	0	28	2196	0	1	0
4261	1	5	3	0	28	2196	0	1	0
4262	1	3	1	0	28	2196	0	1	0
4263	1	4	2	0	28	2196	0	1	0
4265	1	5	3	0	28	2196	0	1	0
4275	1	2	5	0	28	2196	0	1	0
4276	1	5	3	0	28	2196	0	1	0
4281	1	1	4	0	28	2196	0	1	0
4282	1	5	3	0	28	2196	0	1	0
4285	1	4	2	0	28	2196	0	1	0
4288	1	3	1	0	28	2196	0	1	0
4290	1	1	4	0	28	2196	0	1	0
4295	1	3	1	0	28	2196	0	1	0
4305	1	5	3	0	28	2196	0	1	0
4315	1	4	2	0	28	2196	0	1	0
4321	1	2	5	0	28	2196	0	1	0
4323	1	3	1	0	28	2196	0	1	0
4327	1	1	4	0	28	2196	0	1	0
4328	1	4	2	0	28	2196	0	1	0
4330	1	3	1	0	28	2196	0	1	0
4340	1	2	5	0	28	2196	0	1	0
4341	1	1	4	0	28	2196	0	1	0
4345	1	5	3	0	28	2196	0	1	0
4346	1	4	2	0	28	2196	0	1	0
4347	1	3	1	0	28	2196	0	1	0
4357	1	3	1	0	28	2196	0	1	0
4358	1	1	4	0	28	2196	0	1	0
4360	1	2	5	0	28	2196	0	1	0
4362	1	4	2	0	28	2196	0	1	0
4367	1	1	4	0	28	2196	0	1	0
4373	1	3	1	0	28	2196	0	1	0
4379	1	2	5	0	28	2196	0	1	0
4384	1	5	3	0	28	2196	0	1	0
4385	1	4	2	0	28	2196	0	1	0
4388	1	1	4	0	28	2196	0	1	0
4396	1	4	2	0	28	2196	0	1	0
4399	1	5	3	0	28	2196	0	1	0
4400	1	1	4	0	28	2196	0	1	0
4401	1	3	1	0	28	2196	0	1	0
4403	1	4	2	0	28	2196	0	1	0
4407	1	2	5	0	28	2196	0	1	0
4410	1	1	4	0	28	2196	0	1	0
4411	1	2	5	0	28	2196	0	1	0
4427	1	5	3	0	28	2196	0	1	0
4428	1	3	1	0	28	2196	0	1	0
4431	1	2	5	0	28	2196	0	1	0
4434	1	3	1	0	28	2196	0	1	0
4440	1	3	1	0	28	2196	0	1	0
4445	1	2	5	0	28	2196	0	1	0
4454	1	3	1	0	28	2196	0	1	0
4457	1	4	2	0	28	2196	0	1	0
4462	1	5	3	0	28	2196	0	1	0
4465	1	1	4	0	28	2196	0	1	0
4469	1	2	5	0	28	2196	0	1	0
4475	1	4	2	0	28	2196	0	1	0
4476	1	1	4	0	28	2196	0	1	0
4483	1	3	1	0	28	2196	0	1	0
4490	1	5	3	0	28	2196	0	1	0
4491	1	1	4	0	28	2196	0	1	0
4498	1	1	4	0	28	2196	0	1	0
4502	1	5	3	0	28	2196	0	1	0
4508	1	2	5	0	28	2196	0	1	0
4509	1	3	1	0	28	2196	0	1	0
4514	1	5	3	0	28	2196	0	1	0
4516	1	4	2	0	28	2196	0	1	0
4518	1	1	4	0	28	2196	0	1	0
4520	1	2	5	0	28	2196	0	1	0
4528	1	5	3	0	28	2196	0	1	0
4534	1	4	2	0	28	2196	0	1	0
4535	1	5	3	0	28	2196	0	1	0
4538	1	1	4	0	28	2196	0	1	0
4539	1	5	3	0	28	2196	0	1	0
4542	1	4	2	0	28	2196	0	1	0
4544	1	3	1	0	28	2196	0	1	0
4549	1	1	4	0	28	2196	0	1	0
4552	1	4	2	0	28	2196	0	1	0
4557	1	2	5	0	28	2196	0	1	0
4558	1	5	3	0	28	2196	0	1	0
4563	1	1	4	0	28	2196	0	1	0
4564	1	2	5	0	28	2196	0	1	0
4567	1	3	1	0	28	2196	0	1	0
4569	1	4	2	0	28	2196	0	1	0
4573	1	1	4	0	28	2196	0	1	0
4575	1	5	3	0	28	2196	0	1	0
4585	1	3	1	0	28	2196	0	1	0
4586	1	4	2	0	28	2196	0	1	0
4590	1	2	5	0	28	2196	0	1	0
4596	1	5	3	0	28	2196	0	1	0
4602	1	2	5	0	28	2196	0	1	0
4605	1	5	3	0	28	2196	0	1	0
4606	1	4	2	0	28	2196	0	1	0
4613	1	5	3	0	28	2196	0	1	0
4615	1	2	5	0	28	2196	0	1	0
4617	1	1	4	0	28	2196	0	1	0
4625	1	1	4	0	28	2196	0	1	0
4626	1	3	1	0	28	2196	0	1	0
4629	1	1	4	0	28	2196	0	1	0
4634	1	3	1	0	28	2196	0	1	0
4635	1	2	5	0	28	2196	0	1	0
4643	1	4	2	0	28	2196	0	1	0
4650	1	3	1	0	28	2196	0	1	0
4652	1	1	4	0	28	2196	0	1	0
4658	1	5	3	0	28	2196	0	1	0
4667	1	1	4	0	28	2196	0	1	0
4671	1	4	2	0	28	2196	0	1	0
4672	1	3	1	0	28	2196	0	1	0
4673	1	1	4	0	28	2196	0	1	0
4682	1	4	2	0	28	2196	0	1	0
4684	1	1	4	0	28	2196	0	1	0
4698	1	2	5	0	28	2196	0	1	0
4700	1	5	3	0	28	2196	0	1	0
4709	1	3	1	0	28	2196	0	1	0
4713	1	4	2	0	28	2196	0	1	0
4716	1	3	1	0	28	2196	0	1	0
4718	1	4	2	0	28	2196	0	1	0
4719	1	2	5	0	28	2196	0	1	0
4722	1	1	4	0	28	2196	0	1	0
4723	1	3	1	0	28	2196	0	1	0
4731	1	1	4	0	28	2196	0	1	0
4740	1	5	3	0	28	2196	0	1	0
4742	1	4	2	0	28	2196	0	1	0
4751	1	4	2	0	28	2196	0	1	0
4757	1	1	4	0	28	2196	0	1	0
4758	1	5	3	0	28	2196	0	1	0
4765	1	3	1	0	28	2196	0	1	0
4766	1	1	4	0	28	2196	0	1	0
4775	1	4	2	0	28	2196	0	1	0
4778	1	3	1	0	28	2196	0	1	0
4788	1	1	4	0	28	2196	0	1	0
4795	1	4	2	0	28	2196	0	1	0
4796	1	1	4	0	28	2196	0	1	0
4799	1	5	3	0	28	2196	0	1	0
4802	1	2	5	0	28	2196	0	1	0
4803	1	5	3	0	28	2196	0	1	0
4804	1	4	2	0	28	2196	0	1	0
4807	1	1	4	0	28	2196	0	1	0
4812	1	3	1	0	28	2196	0	1	0
4814	1	4	2	0	28	2196	0	1	0
4827	1	2	5	0	28	2196	0	1	0
4828	1	5	3	0	28	2196	0	1	0
4832	1	1	4	0	28	2196	0	1	0
4834	1	4	2	0	28	2196	0	1	0
4837	1	3	1	0	28	2196	0	1	0
4838	1	4	2	0	28	2196	0	1	0
4840	1	2	5	0	28	2196	0	1	0
4843	1	5	3	0	28	2196	0	1	0
4845	1	4	2	0	28	2196	0	1	0
4856	1	1	4	0	28	2196	0	1	0
4859	1	5	3	0	28	2196	0	1	0
4862	1	2	5	0	28	2196	0	1	0
4864	1	3	1	0	28	2196	0	1	0
4867	1	4	2	0	28	2196	0	1	0
4872	1	1	4	0	28	2196	0	1	0
4881	1	2	5	0	28	2196	0	1	0
4886	1	3	1	0	28	2196	0	1	0
4895	1	4	2	0	28	2196	0	1	0
4896	1	1	4	0	28	2196	0	1	0
4898	1	5	3	0	28	2196	0	1	0
4900	1	2	5	0	28	2196	0	1	0
4901	1	1	4	0	28	2196	0	1	0
4905	1	3	1	0	28	2196	0	1	0
4906	1	2	5	0	28	2196	0	1	0
4907	1	4	2	0	28	2196	0	1	0
4919	1	4	2	0	28	2196	0	1	0
4920	1	5	3	0	28	2196	0	1	0
4926	1	2	5	0	28	2196	0	1	0
4928	1	4	2	0	28	2196	0	1	0
4930	1	3	1	0	28	2196	0	1	0
4933	1	1	4	0	28	2196	0	1	0
4937	1	2	5	0	28	2196	0	1	0
4939	1	5	3	0	28	2196	0	1	0
4948	1	4	2	0	28	2196	0	1	0
4952	1	2	5	0	28	2196	0	1	0
4954	1	1	4	0	28	2196	0	1	0
4960	1	1	4	0	28	2196	0	1	0
4963	1	3	1	0	28	2196	0	1	0
4973	1	4	2	0	28	2196	0	1	0
4974	1	3	1	0	28	2196	0	1	0
4979	1	4	2	0	28	2196	0	1	0
4982	1	5	3	0	28	2196	0	1	0
4985	1	4	2	0	28	2196	0	1	0
4986	1	2	5	0	28	2196	0	1	0
4987	1	5	3	0	28	2196	0	1	0
4990	1	1	4	0	28	2196	0	1	0
4999	1	4	2	0	28	2196	0	1	0
5000	1	2	5	0	28	2196	0	1	0
5001	1	3	1	0	28	2196	0	1	0
5002	1	1	4	0	28	2196	0	1	0
5008	1	4	2	0	28	2196	0	1	0
5010	1	3	1	0	28	2196	0	1	0
5013	1	1	4	0	28	2196	0	1	0
5019	1	5	3	0	28	2196	0	1	0
5020	1	1	4	0	28	2196	0	1	0
5029	1	2	5	0	28	2196	0	1	0
5030	1	4	2	0	28	2196	0	1	0
5039	1	1	4	0	28	2196	0	1	0
5048	1	1	4	0	28	2196	0	1	0
5050	1	5	3	0	28	2196	0	1	0
5055	1	2	5	0	28	2196	0	1	0
5059	1	4	2	0	28	2196	0	1	0
5063	1	5	3	0	28	2196	0	1	0
5064	1	2	5	0	28	2196	0	1	0
5067	1	3	1	0	28	2196	0	1	0
5080	1	4	2	0	28	2196	0	1	0
5084	1	1	4	0	28	2196	0	1	0
5091	1	5	3	0	28	2196	0	1	0
5092	1	2	5	0	28	2196	0	1	0
5095	1	4	2	0	28	2196	0	1	0
5098	1	3	1	0	28	2196	0	1	0
5099	1	5	3	0	28	2196	0	1	0
5102	1	2	5	0	28	2196	0	1	0
5107	1	3	1	0	28	2196	0	1	0
5110	1	3	1	0	28	2196	0	1	0
5112	1	1	4	0	28	2196	0	1	0
5120	1	5	3	0	28	2196	0	1	0
5121	1	4	2	0	28	2196	0	1	0
5122	1	2	5	0	28	2196	0	1	0
5125	1	5	3	0	28	2196	0	1	0
5131	1	3	1	0	28	2196	0	1	0
5132	1	2	5	0	28	2196	0	1	0
5140	1	1	4	0	28	2196	0	1	0
5147	1	3	1	0	28	2196	0	1	0
5158	1	2	5	0	28	2196	0	1	0
5166	1	4	2	0	28	2196	0	1	0
5170	1	3	1	0	28	2196	0	1	0
5173	1	5	3	0	28	2196	0	1	0
5177	1	1	4	0	28	2196	0	1	0
5181	1	4	2	0	28	2196	0	1	0
5187	1	2	5	0	28	2196	0	1	0
5194	1	3	1	0	28	2196	0	1	0
5198	1	5	3	0	28	2196	0	1	0
5199	1	2	5	0	28	2196	0	1	0
5204	1	2	5	0	28	2196	0	1	0
5216	1	2	5	0	28	2196	0	1	0
5226	1	3	1	0	28	2196	0	1	0
5228	1	4	2	0	28	2196	0	1	0
5232	1	1	4	0	28	2196	0	1	0
5236	1	5	3	0	28	2196	0	1	0
5243	1	2	5	0	28	2196	0	1	0
5249	1	4	2	0	28	2196	0	1	0
5252	1	2	5	0	28	2196	0	1	0
5253	1	3	1	0	28	2196	0	1	0
5259	1	1	4	0	28	2196	0	1	0
5260	1	3	1	0	28	2196	0	1	0
5261	1	2	5	0	28	2196	0	1	0
5263	1	1	4	0	28	2196	0	1	0
5264	1	5	3	0	28	2196	0	1	0
5271	1	2	5	0	28	2196	0	1	0
5277	1	1	4	0	28	2196	0	1	0
5280	1	3	1	0	28	2196	0	1	0
5286	1	5	3	0	28	2196	0	1	0
5289	1	2	5	0	28	2196	0	1	0
5290	1	4	2	0	28	2196	0	1	0
5297	1	5	3	0	28	2196	0	1	0
5299	1	1	4	0	28	2196	0	1	0
5307	1	3	1	0	28	2196	0	1	0
5309	1	4	2	0	28	2196	0	1	0
5313	1	1	4	0	28	2196	0	1	0
5314	1	2	5	0	28	2196	0	1	0
5322	1	4	2	0	28	2196	0	1	0
5324	1	2	5	0	28	2196	0	1	0
5327	1	1	4	0	28	2196	0	1	0
5330	1	5	3	0	28	2196	0	1	0
5331	1	3	1	0	28	2196	0	1	0
5332	1	4	2	0	28	2196	0	1	0
5338	1	5	3	0	28	2196	0	1	0
5345	1	4	2	0	28	2196	0	1	0
5351	1	1	4	0	28	2196	0	1	0
5353	1	3	1	0	28	2196	0	1	0
5359	1	3	1	0	28	2196	0	1	0
5360	1	5	3	0	28	2196	0	1	0
5361	1	4	2	0	28	2196	0	1	0
5362	1	1	4	0	28	2196	0	1	0
5378	1	1	4	0	28	2196	0	1	0
5380	1	2	5	0	28	2196	0	1	0
5381	1	5	3	0	28	2196	0	1	0
5382	1	3	1	0	28	2196	0	1	0
5383	1	3	1	0	28	2196	0	1	0
5389	1	1	4	0	28	2196	0	1	0
5393	1	2	5	0	28	2196	0	1	0
5397	1	1	4	0	28	2196	0	1	0
5408	1	3	1	0	28	2196	0	1	0
5410	1	5	3	0	28	2196	0	1	0
5411	1	4	2	0	28	2196	0	1	0
5414	1	1	4	0	28	2196	0	1	0
5423	1	2	5	0	28	2196	0	1	0
5427	1	3	1	0	28	2196	0	1	0
5434	1	5	3	0	28	2196	0	1	0
5437	1	2	5	0	28	2196	0	1	0
5438	1	1	4	0	28	2196	0	1	0
5441	1	2	5	0	28	2196	0	1	0
5444	1	4	2	0	28	2196	0	1	0
5445	1	2	5	0	28	2196	0	1	0
5453	1	4	2	0	28	2196	0	1	0
5459	1	4	2	0	28	2196	0	1	0
5462	1	3	1	0	28	2196	0	1	0
5467	1	1	4	0	28	2196	0	1	0
5476	1	3	1	0	28	2196	0	1	0
5479	1	2	5	0	28	2196	0	1	0
5484	1	4	2	0	28	2196	0	1	0
5490	1	1	4	0	28	2196	0	1	0
5495	1	1	4	0	28	2196	0	1	0
5497	1	3	1	0	28	2196	0	1	0
5499	1	5	3	0	28	2196	0	1	0
5504	1	4	2	0	28	2196	0	1	0
5508	1	1	4	0	28	2196	0	1	0
5513	1	5	3	0	28	2196	0	1	0
5517	1	2	5	0	28	2196	0	1	0
5518	1	4	2	0	28	2196	0	1	0
5522	1	2	5	0	28	2196	0	1	0
5533	1	3	1	0	28	2196	0	1	0
5545	1	5	3	0	28	2196	0	1	0
5547	1	1	4	0	28	2196	0	1	0
5552	1	4	2	0	28	2196	0	1	0
5555	1	2	5	0	28	2196	0	1	0
5568	1	5	3	0	28	2196	0	1	0
5569	1	1	4	0	28	2196	0	1	0
5571	1	2	5	0	28	2196	0	1	0
5576	1	4	2	0	28	2196	0	1	0
5577	1	1	4	0	28	2196	0	1	0
5579	1	5	3	0	28	2196	0	1	0
5583	1	5	3	0	28	2196	0	1	0
5584	1	3	1	0	28	2196	0	1	0
5589	1	1	4	0	28	2196	0	1	0
5595	1	4	2	0	28	2196	0	1	0
5601	1	2	5	0	28	2196	0	1	0
5602	1	3	1	0	28	2196	0	1	0
5603	1	5	3	0	28	2196	0	1	0
5614	1	1	4	0	28	2196	0	1	0
5615	1	5	3	0	28	2196	0	1	0
5624	1	5	3	0	28	2196	0	1	0
5625	1	3	1	0	28	2196	0	1	0
5628	1	3	1	0	28	2196	0	1	0
5629	1	4	2	0	28	2196	0	1	0
5636	1	3	1	0	28	2196	0	1	0
5647	1	1	4	0	28	2196	0	1	0
5649	1	5	3	0	28	2196	0	1	0
5650	1	4	2	0	28	2196	0	1	0
5651	1	3	1	0	28	2196	0	1	0
5657	1	1	4	0	28	2196	0	1	0
5667	1	5	3	0	28	2196	0	1	0
5668	1	3	1	0	28	2196	0	1	0
5669	1	1	4	0	28	2196	0	1	0
5673	1	2	5	0	28	2196	0	1	0
5680	1	3	1	0	28	2196	0	1	0
5681	1	1	4	0	28	2196	0	1	0
5689	1	4	2	0	28	2196	0	1	0
5692	1	5	3	0	28	2196	0	1	0
5695	1	2	5	0	28	2196	0	1	0
5700	1	5	3	0	28	2196	0	1	0
5707	1	4	2	0	28	2196	0	1	0
5714	1	1	4	0	28	2196	0	1	0
5716	1	4	2	0	28	2196	0	1	0
5717	1	2	5	0	28	2196	0	1	0
5721	1	5	3	0	28	2196	0	1	0
5728	1	2	5	0	28	2196	0	1	0
5729	1	1	4	0	28	2196	0	1	0
5731	1	3	1	0	28	2196	0	1	0
5737	1	4	2	0	28	2196	0	1	0
5742	1	3	1	0	28	2196	0	1	0
5745	1	2	5	0	28	2196	0	1	0
5747	1	1	4	0	28	2196	0	1	0
5751	1	4	2	0	28	2196	0	1	0
5758	1	5	3	0	28	2196	0	1	0
5764	1	5	3	0	28	2196	0	1	0
5769	1	3	1	0	28	2196	0	1	0
5773	1	2	5	0	28	2196	0	1	0
5779	1	1	4	0	28	2196	0	1	0
5784	1	4	2	0	28	2196	0	1	0
5785	1	3	1	0	28	2196	0	1	0
5792	1	3	1	0	28	2196	0	1	0
5796	1	3	1	0	28	2196	0	1	0
5799	1	4	2	0	28	2196	0	1	0
5804	1	5	3	0	28	2196	0	1	0
5805	1	3	1	0	28	2196	0	1	0
5808	1	4	2	0	28	2196	0	1	0
5813	1	5	3	0	28	2196	0	1	0
5817	1	4	2	0	28	2196	0	1	0
5822	1	2	5	0	28	2196	0	1	0
5824	1	1	4	0	28	2196	0	1	0
5826	1	2	5	0	28	2196	0	1	0
5840	1	5	3	0	28	2196	0	1	0
5841	1	1	4	0	28	2196	0	1	0
5844	1	1	4	0	28	2196	0	1	0
5845	1	3	1	0	28	2196	0	1	0
5853	1	4	2	0	28	2196	0	1	0
5855	1	2	5	0	28	2196	0	1	0
5857	1	1	4	0	28	2196	0	1	0
5861	1	4	2	0	28	2196	0	1	0
5869	1	4	2	0	28	2196	0	1	0
5873	1	1	4	0	28	2196	0	1	0
5874	1	5	3	0	28	2196	0	1	0
5879	1	3	1	0	28	2196	0	1	0
5890	1	3	1	0	28	2196	0	1	0
5896	1	2	5	0	28	2196	0	1	0
5898	1	3	1	0	28	2196	0	1	0
5909	1	4	2	0	28	2196	0	1	0
5914	1	5	3	0	28	2196	0	1	0
5915	1	3	1	0	28	2196	0	1	0
5918	1	2	5	0	28	2196	0	1	0
5922	1	1	4	0	28	2196	0	1	0
5926	1	3	1	0	28	2196	0	1	0
5931	1	1	4	0	28	2196	0	1	0
5932	1	3	1	0	28	2196	0	1	0
5950	1	4	2	0	28	2196	0	1	0
5951	1	5	3	0	28	2196	0	1	0
5952	1	1	4	0	28	2196	0	1	0
5963	1	2	5	0	28	2196	0	1	0
5971	1	3	1	0	28	2196	0	1	0
5976	1	4	2	0	28	2196	0	1	0
5977	1	5	3	0	28	2196	0	1	0
5980	1	4	2	0	28	2196	0	1	0
5981	1	3	1	0	28	2196	0	1	0
5984	1	2	5	0	28	2196	0	1	0
5985	1	3	1	0	28	2196	0	1	0
5997	1	1	4	0	28	2196	0	1	0
5999	1	4	2	0	28	2196	0	1	0
6004	1	2	5	0	28	2196	0	1	0
6012	1	3	1	0	28	2196	0	1	0
6013	1	5	3	0	28	2196	0	1	0
6021	1	4	2	0	28	2196	0	1	0
6024	1	1	4	0	28	2196	0	1	0
6026	1	5	3	0	28	2196	0	1	0
6039	1	2	5	0	28	2196	0	1	0
6043	1	5	3	0	28	2196	0	1	0
6045	1	3	1	0	28	2196	0	1	0
6046	1	1	4	0	28	2196	0	1	0
6049	1	2	5	0	28	2196	0	1	0
6060	1	1	4	0	28	2196	0	1	0
6061	1	5	3	0	28	2196	0	1	0
6068	1	4	2	0	28	2196	0	1	0
6073	1	1	4	0	28	2196	0	1	0
6077	1	2	5	0	28	2196	0	1	0
6084	1	3	1	0	28	2196	0	1	0
6088	1	5	3	0	28	2196	0	1	0
6089	1	4	2	0	28	2196	0	1	0
6091	1	1	4	0	28	2196	0	1	0
6106	1	1	4	0	28	2196	0	1	0
6109	1	2	5	0	28	2196	0	1	0
6111	1	1	4	0	28	2196	0	1	0
6112	1	5	3	0	28	2196	0	1	0
6117	1	4	2	0	28	2196	0	1	0
6121	1	1	4	0	28	2196	0	1	0
6126	1	3	1	0	28	2196	0	1	0
6129	1	4	2	0	28	2196	0	1	0
6135	1	3	1	0	28	2196	0	1	0
6139	1	3	1	0	28	2196	0	1	0
6140	1	2	5	0	28	2196	0	1	0
6144	1	4	2	0	28	2196	0	1	0
6145	1	1	4	0	28	2196	0	1	0
6150	1	1	4	0	28	2196	0	1	0
6158	1	1	4	0	28	2196	0	1	0
6160	1	3	1	0	28	2196	0	1	0
6161	1	2	5	0	28	2196	0	1	0
6166	1	4	2	0	28	2196	0	1	0
6168	1	3	1	0	28	2196	0	1	0
6170	1	5	3	0	28	2196	0	1	0
6172	1	1	4	0	28	2196	0	1	0
6183	1	3	1	0	28	2196	0	1	0
6185	1	5	3	0	28	2196	0	1	0
6186	1	4	2	0	28	2196	0	1	0
6188	1	2	5	0	28	2196	0	1	0
6191	1	2	5	0	28	2196	0	1	0
6197	1	1	4	0	28	2196	0	1	0
6202	1	3	1	0	28	2196	0	1	0
6209	1	4	2	0	28	2196	0	1	0
6210	1	3	1	0	28	2196	0	1	0
6218	1	5	3	0	28	2196	0	1	0
6220	1	1	4	0	28	2196	0	1	0
6226	1	4	2	0	28	2196	0	1	0
6232	1	2	5	0	28	2196	0	1	0
6236	1	1	4	0	28	2196	0	1	0
6244	1	3	1	0	28	2196	0	1	0
6247	1	2	5	0	28	2196	0	1	0
6250	1	4	2	0	28	2196	0	1	0
6256	1	5	3	0	28	2196	0	1	0
6258	1	3	1	0	28	2196	0	1	0
6259	1	1	4	0	28	2196	0	1	0
6262	1	4	2	0	28	2196	0	1	0
6266	1	2	5	0	28	2196	0	1	0
6267	1	3	1	0	28	2196	0	1	0
6268	1	1	4	0	28	2196	0	1	0
6269	1	5	3	0	28	2196	0	1	0
6280	1	4	2	0	28	2196	0	1	0
6283	1	4	2	0	28	2196	0	1	0
6284	1	5	3	0	28	2196	0	1	0
6289	1	5	3	0	28	2196	0	1	0
6292	1	2	5	0	28	2196	0	1	0
6296	1	5	3	0	28	2196	0	1	0
6297	1	3	1	0	28	2196	0	1	0
6300	1	1	4	0	28	2196	0	1	0
6301	1	2	5	0	28	2196	0	1	0
6313	1	2	5	0	28	2196	0	1	0
6323	1	1	4	0	28	2196	0	1	0
6324	1	2	5	0	28	2196	0	1	0
6328	1	1	4	0	28	2196	0	1	0
6329	1	5	3	0	28	2196	0	1	0
6330	1	4	2	0	28	2196	0	1	0
6334	1	3	1	0	28	2196	0	1	0
6337	1	2	5	0	28	2196	0	1	0
6344	1	4	2	0	28	2196	0	1	0
6355	1	3	1	0	28	2196	0	1	0
6356	1	4	2	0	28	2196	0	1	0
6372	1	1	4	0	28	2196	0	1	0
6375	1	2	5	0	28	2196	0	1	0
6379	1	3	1	0	28	2196	0	1	0
6382	1	4	2	0	28	2196	0	1	0
6383	1	1	4	0	28	2196	0	1	0
6389	1	1	4	0	28	2196	0	1	0
6397	1	1	4	0	28	2196	0	1	0
6398	1	4	2	0	28	2196	0	1	0
6401	1	5	3	0	28	2196	0	1	0
6406	1	4	2	0	28	2196	0	1	0
6416	1	3	1	0	28	2196	0	1	0
6419	1	2	5	0	28	2196	0	1	0
6424	1	4	2	0	28	2196	0	1	0
6427	1	1	4	0	28	2196	0	1	0
6429	1	5	3	0	28	2196	0	1	0
6436	1	1	4	0	28	2196	0	1	0
6437	1	2	5	0	28	2196	0	1	0
6438	1	3	1	0	28	2196	0	1	0
6456	1	4	2	0	28	2196	0	1	0
6457	1	5	3	0	28	2196	0	1	0
6458	1	2	5	0	28	2196	0	1	0
6464	1	3	1	0	28	2196	0	1	0
6471	1	4	2	0	28	2196	0	1	0
6473	1	2	5	0	28	2196	0	1	0
6476	1	3	1	0	28	2196	0	1	0
6477	1	1	4	0	28	2196	0	1	0
6478	1	5	3	0	28	2196	0	1	0
6482	1	3	1	0	28	2196	0	1	0
6483	1	2	5	0	28	2196	0	1	0
6484	1	4	2	0	28	2196	0	1	0
6494	1	4	2	0	28	2196	0	1	0
6496	1	2	5	0	28	2196	0	1	0
6500	1	5	3	0	28	2196	0	1	0
6501	1	3	1	0	28	2196	0	1	0
6502	1	4	2	0	28	2196	0	1	0
6506	1	2	5	0	28	2196	0	1	0
6508	1	1	4	0	28	2196	0	1	0
6514	1	3	1	0	28	2196	0	1	0
6516	1	2	5	0	28	2196	0	1	0
6520	1	4	2	0	28	2196	0	1	0
6521	1	5	3	0	28	2196	0	1	0
6529	1	4	2	0	28	2196	0	1	0
6533	1	2	5	0	28	2196	0	1	0
6534	1	3	1	0	28	2196	0	1	0
6538	1	5	3	0	28	2196	0	1	0
6539	1	1	4	0	28	2196	0	1	0
6545	1	2	5	0	28	2196	0	1	0
6548	1	1	4	0	28	2196	0	1	0
6550	1	4	2	0	28	2196	0	1	0
6557	1	5	3	0	28	2196	0	1	0
6560	1	3	1	0	28	2196	0	1	0
6563	1	5	3	0	28	2196	0	1	0
6571	1	3	1	0	28	2196	0	1	0
6579	1	4	2	0	28	2196	0	1	0
6587	1	1	4	0	28	2196	0	1	0
6588	1	5	3	0	28	2196	0	1	0
6592	1	3	1	0	28	2196	0	1	0
6596	1	2	5	0	28	2196	0	1	0
6597	1	4	2	0	28	2196	0	1	0
6604	1	5	3	0	28	2196	0	1	0
6607	1	3	1	0	28	2196	0	1	0
6608	1	4	2	0	28	2196	0	1	0
6619	1	1	4	0	28	2196	0	1	0
6622	1	4	2	0	28	2196	0	1	0
6633	1	2	5	0	28	2196	0	1	0
6636	1	3	1	0	28	2196	0	1	0
6642	1	1	4	0	28	2196	0	1	0
6650	1	2	5	0	28	2196	0	1	0
6653	1	2	5	0	28	2196	0	1	0
6655	1	3	1	0	28	2196	0	1	0
6658	1	1	4	0	28	2196	0	1	0
6661	1	4	2	0	28	2196	0	1	0
6672	1	5	3	0	28	2196	0	1	0
6682	1	4	2	0	28	2196	0	1	0
6701	1	2	5	0	28	2196	0	1	0
6703	1	5	3	0	28	2196	0	1	0
6706	1	3	1	0	28	2196	0	1	0
6710	1	5	3	0	28	2196	0	1	0
6711	1	4	2	0	28	2196	0	1	0
6716	1	3	1	0	28	2196	0	1	0
6725	1	4	2	0	28	2196	0	1	0
6730	1	2	5	0	28	2196	0	1	0
6736	1	5	3	0	28	2196	0	1	0
6737	1	1	4	0	28	2196	0	1	0
6740	1	2	5	0	28	2196	0	1	0
6748	1	5	3	0	28	2196	0	1	0
6758	1	4	2	0	28	2196	0	1	0
6762	1	4	2	0	28	2196	0	1	0
6769	1	5	3	0	28	2196	0	1	0
6773	1	3	1	0	28	2196	0	1	0
6774	1	1	4	0	28	2196	0	1	0
6777	1	4	2	0	28	2196	0	1	0
6789	1	4	2	0	28	2196	0	1	0
6794	1	3	1	0	28	2196	0	1	0
6796	1	2	5	0	28	2196	0	1	0
6801	1	1	4	0	28	2196	0	1	0
6802	1	5	3	0	28	2196	0	1	0
6810	1	3	1	0	28	2196	0	1	0
6817	1	5	3	0	28	2196	0	1	0
6818	1	1	4	0	28	2196	0	1	0
6819	1	3	1	0	28	2196	0	1	0
6822	1	2	5	0	28	2196	0	1	0
6824	1	5	3	0	28	2196	0	1	0
6840	1	1	4	0	28	2196	0	1	0
6841	1	4	2	0	28	2196	0	1	0
6843	1	5	3	0	28	2196	0	1	0
6846	1	2	5	0	28	2196	0	1	0
6857	1	5	3	0	28	2196	0	1	0
6858	1	2	5	0	28	2196	0	1	0
6861	1	5	3	0	28	2196	0	1	0
6865	1	4	2	0	28	2196	0	1	0
6868	1	3	1	0	28	2196	0	1	0
6871	1	5	3	0	28	2196	0	1	0
6876	1	3	1	0	28	2196	0	1	0
6878	1	4	2	0	28	2196	0	1	0
6879	1	2	5	0	28	2196	0	1	0
6885	1	1	4	0	28	2196	0	1	0
6895	1	1	4	0	28	2196	0	1	0
6904	1	2	5	0	28	2196	0	1	0
6905	1	5	3	0	28	2196	0	1	0
6909	1	3	1	0	28	2196	0	1	0
6911	1	4	2	0	28	2196	0	1	0
6915	1	2	5	0	28	2196	0	1	0
6919	1	5	3	0	28	2196	0	1	0
6926	1	5	3	0	28	2196	0	1	0
6932	1	1	4	0	28	2196	0	1	0
6942	1	2	5	0	28	2196	0	1	0
6943	1	5	3	0	28	2196	0	1	0
6952	1	5	3	0	28	2196	0	1	0
6961	1	3	1	0	28	2196	0	1	0
6963	1	4	2	0	28	2196	0	1	0
6966	1	3	1	0	28	2196	0	1	0
6967	1	2	5	0	28	2196	0	1	0
6968	1	5	3	0	28	2196	0	1	0
6969	1	5	3	0	28	2196	0	1	0
6977	1	4	2	0	28	2196	0	1	0
6979	1	2	5	0	28	2196	0	1	0
6980	1	5	3	0	28	2196	0	1	0
6982	1	1	4	0	28	2196	0	1	0
6983	1	4	2	0	28	2196	0	1	0
6997	1	4	2	0	28	2196	0	1	0
7004	1	4	2	0	28	2196	0	1	0
7005	1	3	1	0	28	2196	0	1	0
7014	1	1	4	0	28	2196	0	1	0
7015	1	2	5	0	28	2196	0	1	0
7035	1	3	1	0	28	2196	0	1	0
7036	1	5	3	0	28	2196	0	1	0
7039	1	1	4	0	28	2196	0	1	0
7046	1	2	5	0	28	2196	0	1	0
7047	1	5	3	0	28	2196	0	1	0
7067	1	5	3	0	28	2196	0	1	0
7077	1	4	2	0	28	2196	0	1	0
7078	1	2	5	0	28	2196	0	1	0
7082	1	1	4	0	28	2196	0	1	0
7083	1	3	1	0	28	2196	0	1	0
7087	1	5	3	0	28	2196	0	1	0
7098	1	2	5	0	28	2196	0	1	0
7100	1	4	2	0	28	2196	0	1	0
7101	1	5	3	0	28	2196	0	1	0
7104	1	4	2	0	28	2196	0	1	0
7115	1	5	3	0	28	2196	0	1	0
7116	1	1	4	0	28	2196	0	1	0
7122	1	3	1	0	28	2196	0	1	0
7125	1	4	2	0	28	2196	0	1	0
7127	1	2	5	0	28	2196	0	1	0
7130	1	5	3	0	28	2196	0	1	0
7135	1	2	5	0	28	2196	0	1	0
7138	1	3	1	0	28	2196	0	1	0
7141	1	2	5	0	28	2196	0	1	0
7142	1	5	3	0	28	2196	0	1	0
7151	1	5	3	0	28	2196	0	1	0
7152	1	3	1	0	28	2196	0	1	0
7153	1	4	2	0	28	2196	0	1	0
7155	1	2	5	0	28	2196	0	1	0
7168	1	2	5	0	28	2196	0	1	0
7170	1	1	4	0	28	2196	0	1	0
7172	1	3	1	0	28	2196	0	1	0
7178	1	5	3	0	28	2196	0	1	0
7182	1	1	4	0	28	2196	0	1	0
7188	1	3	1	0	28	2196	0	1	0
7194	1	1	4	0	28	2196	0	1	0
7195	1	3	1	0	28	2196	0	1	0
7202	1	1	4	0	28	2196	0	1	0
7203	1	5	3	0	28	2196	0	1	0
7209	1	3	1	0	28	2196	0	1	0
7213	1	2	5	0	28	2196	0	1	0
7216	1	4	2	0	28	2196	0	1	0
7218	1	1	4	0	28	2196	0	1	0
7219	1	5	3	0	28	2196	0	1	0
7227	1	1	4	0	28	2196	0	1	0
7228	1	3	1	0	28	2196	0	1	0
7230	1	4	2	0	28	2196	0	1	0
7234	1	1	4	0	28	2196	0	1	0
7240	1	5	3	0	28	2196	0	1	0
7242	1	2	5	0	28	2196	0	1	0
7244	1	4	2	0	28	2196	0	1	0
7250	1	4	2	0	28	2196	0	1	0
7251	1	1	4	0	28	2196	0	1	0
7256	1	3	1	0	28	2196	0	1	0
7259	1	1	4	0	28	2196	0	1	0
7262	1	1	4	0	28	2196	0	1	0
7264	1	4	2	0	28	2196	0	1	0
7266	1	5	3	0	28	2196	0	1	0
7267	1	3	1	0	28	2196	0	1	0
7277	1	5	3	0	28	2196	0	1	0
7279	1	1	4	0	28	2196	0	1	0
7292	1	5	3	0	28	2196	0	1	0
7293	1	1	4	0	28	2196	0	1	0
7294	1	1	4	0	28	2196	0	1	0
7297	1	4	2	0	28	2196	0	1	0
7298	1	2	5	0	28	2196	0	1	0
7299	1	3	1	0	28	2196	0	1	0
7303	1	4	2	0	28	2196	0	1	0
7306	1	5	3	0	28	2196	0	1	0
7311	1	1	4	0	28	2196	0	1	0
7314	1	3	1	0	28	2196	0	1	0
7318	1	3	1	0	28	2196	0	1	0
7323	1	1	4	0	28	2196	0	1	0
7329	1	1	4	0	28	2196	0	1	0
7330	1	5	3	0	28	2196	0	1	0
7331	1	2	5	0	28	2196	0	1	0
7334	1	3	1	0	28	2196	0	1	0
7340	1	4	2	0	28	2196	0	1	0
7342	1	3	1	0	28	2196	0	1	0
7346	1	3	1	0	28	2196	0	1	0
7351	1	2	5	0	28	2196	0	1	0
7354	1	1	4	0	28	2196	0	1	0
7357	1	4	2	0	28	2196	0	1	0
7359	1	5	3	0	28	2196	0	1	0
7362	1	3	1	0	28	2196	0	1	0
7363	1	1	4	0	28	2196	0	1	0
7380	1	4	2	0	28	2196	0	1	0
7383	1	3	1	0	28	2196	0	1	0
7384	1	2	5	0	28	2196	0	1	0
7387	1	5	3	0	28	2196	0	1	0
7398	1	2	5	0	28	2196	0	1	0
7400	1	3	1	0	28	2196	0	1	0
7404	1	1	4	0	28	2196	0	1	0
7408	1	5	3	0	28	2196	0	1	0
7414	1	3	1	0	28	2196	0	1	0
7417	1	1	4	0	28	2196	0	1	0
7418	1	3	1	0	28	2196	0	1	0
7425	1	4	2	0	28	2196	0	1	0
7426	1	2	5	0	28	2196	0	1	0
7427	1	1	4	0	28	2196	0	1	0
7430	1	3	1	0	28	2196	0	1	0
7436	1	5	3	0	28	2196	0	1	0
7438	1	4	2	0	28	2196	0	1	0
7439	1	1	4	0	28	2196	0	1	0
7458	1	2	5	0	28	2196	0	1	0
7470	1	4	2	0	28	2196	0	1	0
7471	1	5	3	0	28	2196	0	1	0
7481	1	2	5	0	28	2196	0	1	0
7486	1	3	1	0	28	2196	0	1	0
7496	1	1	4	0	28	2196	0	1	0
7500	1	4	2	0	28	2196	0	1	0
7506	1	3	1	0	28	2196	0	1	0
7512	1	2	5	0	28	2196	0	1	0
7516	1	4	2	0	28	2196	0	1	0
7524	1	2	5	0	28	2196	0	1	0
7525	1	5	3	0	28	2196	0	1	0
7526	1	3	1	0	28	2196	0	1	0
7529	1	1	4	0	28	2196	0	1	0
7536	1	5	3	0	28	2196	0	1	0
7543	1	4	2	0	28	2196	0	1	0
7544	1	3	1	0	28	2196	0	1	0
7546	1	3	1	0	28	2196	0	1	0
7549	1	4	2	0	28	2196	0	1	0
7561	1	5	3	0	28	2196	0	1	0
7568	1	5	3	0	28	2196	0	1	0
7572	1	1	4	0	28	2196	0	1	0
7573	1	4	2	0	28	2196	0	1	0
7575	1	2	5	0	28	2196	0	1	0
7583	1	4	2	0	28	2196	0	1	0
7586	1	4	2	0	28	2196	0	1	0
7587	1	2	5	0	28	2196	0	1	0
7595	1	1	4	0	28	2196	0	1	0
7605	1	5	3	0	28	2196	0	1	0
7616	1	2	5	0	28	2196	0	1	0
7618	1	1	4	0	28	2196	0	1	0
7619	1	5	3	0	28	2196	0	1	0
7624	1	3	1	0	28	2196	0	1	0
7628	1	2	5	0	28	2196	0	1	0
7629	1	4	2	0	28	2196	0	1	0
7642	1	1	4	0	28	2196	0	1	0
7643	1	3	1	0	28	2196	0	1	0
7649	1	3	1	0	28	2196	0	1	0
7650	1	2	5	0	28	2196	0	1	0
7665	1	3	1	0	28	2196	0	1	0
7676	1	4	2	0	28	2196	0	1	0
7677	1	2	5	0	28	2196	0	1	0
7678	1	3	1	0	28	2196	0	1	0
7682	1	5	3	0	28	2196	0	1	0
7683	1	1	4	0	28	2196	0	1	0
7688	1	2	5	0	28	2196	0	1	0
7692	1	1	4	0	28	2196	0	1	0
7697	1	5	3	0	28	2196	0	1	0
7706	1	2	5	0	28	2196	0	1	0
7708	1	4	2	0	28	2196	0	1	0
7709	1	3	1	0	28	2196	0	1	0
7710	1	2	5	0	28	2196	0	1	0
7717	1	1	4	0	28	2196	0	1	0
7727	1	5	3	0	28	2196	0	1	0
7728	1	4	2	0	28	2196	0	1	0
7734	1	3	1	0	28	2196	0	1	0
7738	1	1	4	0	28	2196	0	1	0
7740	1	5	3	0	28	2196	0	1	0
7743	1	2	5	0	28	2196	0	1	0
7753	1	5	3	0	28	2196	0	1	0
7754	1	1	4	0	28	2196	0	1	0
7762	1	1	4	0	28	2196	0	1	0
7764	1	3	1	0	28	2196	0	1	0
7766	1	2	5	0	28	2196	0	1	0
7769	1	1	4	0	28	2196	0	1	0
7774	1	5	3	0	28	2196	0	1	0
7775	1	3	1	0	28	2196	0	1	0
7785	1	3	1	0	28	2196	0	1	0
7786	1	4	2	0	28	2196	0	1	0
7787	1	1	4	0	28	2196	0	1	0
7797	1	2	5	0	28	2196	0	1	0
7798	1	5	3	0	28	2196	0	1	0
7799	1	1	4	0	28	2196	0	1	0
7803	1	1	4	0	28	2196	0	1	0
7808	1	3	1	0	28	2196	0	1	0
7812	1	5	3	0	28	2196	0	1	0
7818	1	4	2	0	28	2196	0	1	0
7827	1	3	1	0	28	2196	0	1	0
7840	1	4	2	0	28	2196	0	1	0
7841	1	1	4	0	28	2196	0	1	0
7842	1	3	1	0	28	2196	0	1	0
7850	1	2	5	0	28	2196	0	1	0
7854	1	2	5	0	28	2196	0	1	0
7858	1	1	4	0	28	2196	0	1	0
7865	1	4	2	0	28	2196	0	1	0
7867	1	1	4	0	28	2196	0	1	0
7885	1	5	3	0	28	2196	0	1	0
7889	1	4	2	0	28	2196	0	1	0
7890	1	3	1	0	28	2196	0	1	0
7895	1	5	3	0	28	2196	0	1	0
7898	1	4	2	0	28	2196	0	1	0
7902	1	2	5	0	28	2196	0	1	0
7912	1	5	3	0	28	2196	0	1	0
7913	1	1	4	0	28	2196	0	1	0
7922	1	1	4	0	28	2196	0	1	0
7924	1	3	1	0	28	2196	0	1	0
7925	1	4	2	0	28	2196	0	1	0
7927	1	5	3	0	28	2196	0	1	0
7929	1	2	5	0	28	2196	0	1	0
7938	1	1	4	0	28	2196	0	1	0
7942	1	5	3	0	28	2196	0	1	0
7944	1	3	1	0	28	2196	0	1	0
7946	1	1	4	0	28	2196	0	1	0
7952	1	2	5	0	28	2196	0	1	0
7954	1	5	3	0	28	2196	0	1	0
7959	1	4	2	0	28	2196	0	1	0
7976	1	1	4	0	28	2196	0	1	0
7977	1	3	1	0	28	2196	0	1	0
7978	1	2	5	0	28	2196	0	1	0
7983	1	4	2	0	28	2196	0	1	0
7985	1	1	4	0	28	2196	0	1	0
7991	1	4	2	0	28	2196	0	1	0
7992	1	5	3	0	28	2196	0	1	0
7995	1	3	1	0	28	2196	0	1	0
7996	1	1	4	0	28	2196	0	1	0
7997	1	2	5	0	28	2196	0	1	0
8007	1	3	1	0	28	2196	0	1	0
8012	1	2	5	0	28	2196	0	1	0
8014	1	4	2	0	28	2196	0	1	0
8023	1	4	2	0	28	2196	0	1	0
8024	1	3	1	0	28	2196	0	1	0
8026	1	5	3	0	28	2196	0	1	0
8027	1	2	5	0	28	2196	0	1	0
8030	1	1	4	0	28	2196	0	1	0
8052	1	5	3	0	28	2196	0	1	0
8055	1	5	3	0	28	2196	0	1	0
8056	1	3	1	0	28	2196	0	1	0
8057	1	1	4	0	28	2196	0	1	0
8058	1	2	5	0	28	2196	0	1	0
8062	1	4	2	0	28	2196	0	1	0
8066	1	2	5	0	28	2196	0	1	0
8068	1	3	1	0	28	2196	0	1	0
8076	1	1	4	0	28	2196	0	1	0
8078	1	3	1	0	28	2196	0	1	0
8088	1	5	3	0	28	2196	0	1	0
8089	1	3	1	0	28	2196	0	1	0
8093	1	2	5	0	28	2196	0	1	0
8104	1	4	2	0	28	2196	0	1	0
8107	1	3	1	0	28	2196	0	1	0
8108	1	2	5	0	28	2196	0	1	0
8109	1	5	3	0	28	2196	0	1	0
8112	1	1	4	0	28	2196	0	1	0
8114	1	2	5	0	28	2196	0	1	0
8117	1	5	3	0	28	2196	0	1	0
8121	1	3	1	0	28	2196	0	1	0
8123	1	1	4	0	28	2196	0	1	0
8128	1	5	3	0	28	2196	0	1	0
8130	1	1	4	0	28	2196	0	1	0
8136	1	3	1	0	28	2196	0	1	0
8140	1	4	2	0	28	2196	0	1	0
8141	1	5	3	0	28	2196	0	1	0
8142	1	3	1	0	28	2196	0	1	0
8155	1	2	5	0	28	2196	0	1	0
8156	1	1	4	0	28	2196	0	1	0
8157	1	5	3	0	28	2196	0	1	0
8161	1	4	2	0	28	2196	0	1	0
8162	1	5	3	0	28	2196	0	1	0
8163	1	3	1	0	28	2196	0	1	0
8164	1	2	5	0	28	2196	0	1	0
8168	1	2	5	0	28	2196	0	1	0
8171	1	1	4	0	28	2196	0	1	0
8175	1	4	2	0	28	2196	0	1	0
8178	1	3	1	0	28	2196	0	1	0
8182	1	5	3	0	28	2196	0	1	0
8191	1	1	4	0	28	2196	0	1	0
8197	1	5	3	0	28	2196	0	1	0
8200	1	3	1	0	28	2196	0	1	0
8206	1	3	1	0	28	2196	0	1	0
8210	1	1	4	0	28	2196	0	1	0
8213	1	5	3	0	28	2196	0	1	0
8220	1	2	5	0	28	2196	0	1	0
8224	1	5	3	0	28	2196	0	1	0
8230	1	4	2	0	28	2196	0	1	0
8236	1	4	2	0	28	2196	0	1	0
8237	1	2	5	0	28	2196	0	1	0
8243	1	4	2	0	28	2196	0	1	0
8244	1	5	3	0	28	2196	0	1	0
8250	1	4	2	0	28	2196	0	1	0
8258	1	3	1	0	28	2196	0	1	0
8263	1	1	4	0	28	2196	0	1	0
8268	1	4	2	0	28	2196	0	1	0
8273	1	5	3	0	28	2196	0	1	0
8277	1	2	5	0	28	2196	0	1	0
8278	1	1	4	0	28	2196	0	1	0
8284	1	5	3	0	28	2196	0	1	0
8286	1	4	2	0	28	2196	0	1	0
8294	1	2	5	0	28	2196	0	1	0
8298	1	5	3	0	28	2196	0	1	0
8300	1	4	2	0	28	2196	0	1	0
8301	1	3	1	0	28	2196	0	1	0
8302	1	2	5	0	28	2196	0	1	0
8313	1	5	3	0	28	2196	0	1	0
8317	1	2	5	0	28	2196	0	1	0
8325	1	2	5	0	28	2196	0	1	0
8330	1	3	1	0	28	2196	0	1	0
8332	1	4	2	0	28	2196	0	1	0
8337	1	1	4	0	28	2196	0	1	0
8338	1	3	1	0	28	2196	0	1	0
8347	1	4	2	0	28	2196	0	1	0
8348	1	3	1	0	28	2196	0	1	0
8353	1	1	4	0	28	2196	0	1	0
8360	1	5	3	0	28	2196	0	1	0
8362	1	2	5	0	28	2196	0	1	0
8368	1	1	4	0	28	2196	0	1	0
8369	1	3	1	0	28	2196	0	1	0
8372	1	5	3	0	28	2196	0	1	0
8376	1	2	5	0	28	2196	0	1	0
8377	1	4	2	0	28	2196	0	1	0
8385	1	1	4	0	28	2196	0	1	0
8401	1	5	3	0	28	2196	0	1	0
8402	1	1	4	0	28	2196	0	1	0
8408	1	2	5	0	28	2196	0	1	0
8414	1	4	2	0	28	2196	0	1	0
8415	1	3	1	0	28	2196	0	1	0
8420	1	5	3	0	28	2196	0	1	0
8427	1	4	2	0	28	2196	0	1	0
8430	1	1	4	0	28	2196	0	1	0
8451	1	2	5	0	28	2196	0	1	0
8452	1	4	2	0	28	2196	0	1	0
8463	1	1	4	0	28	2196	0	1	0
8468	1	2	5	0	28	2196	0	1	0
8470	1	5	3	0	28	2196	0	1	0
8474	1	3	1	0	28	2196	0	1	0
8488	1	4	2	0	28	2196	0	1	0
8489	1	3	1	0	28	2196	0	1	0
8490	1	2	5	0	28	2196	0	1	0
8494	1	5	3	0	28	2196	0	1	0
8502	1	1	4	0	28	2196	0	1	0
8503	1	4	2	0	28	2196	0	1	0
8507	1	3	1	0	28	2196	0	1	0
8508	1	1	4	0	28	2196	0	1	0
8514	1	4	2	0	28	2196	0	1	0
8516	1	1	4	0	28	2196	0	1	0
8518	1	4	2	0	28	2196	0	1	0
8531	1	5	3	0	28	2196	0	1	0
8537	1	2	5	0	28	2196	0	1	0
8538	1	3	1	0	28	2196	0	1	0
8540	1	5	3	0	28	2196	0	1	0
8541	1	1	4	0	28	2196	0	1	0
8551	1	2	5	0	28	2196	0	1	0
8556	1	5	3	0	28	2196	0	1	0
8562	1	3	1	0	28	2196	0	1	0
8563	1	2	5	0	28	2196	0	1	0
8567	1	4	2	0	28	2196	0	1	0
8572	1	1	4	0	28	2196	0	1	0
8575	1	3	1	0	28	2196	0	1	0
8576	1	2	5	0	28	2196	0	1	0
8579	1	5	3	0	28	2196	0	1	0
8580	1	4	2	0	28	2196	0	1	0
8581	1	3	1	0	28	2196	0	1	0
8588	1	5	3	0	28	2196	0	1	0
8591	1	1	4	0	28	2196	0	1	0
8592	1	3	1	0	28	2196	0	1	0
8596	1	4	2	0	28	2196	0	1	0
8602	1	3	1	0	28	2196	0	1	0
8610	1	5	3	0	28	2196	0	1	0
8612	1	3	1	0	28	2196	0	1	0
8615	1	1	4	0	28	2196	0	1	0
8618	1	2	5	0	28	2196	0	1	0
8620	1	5	3	0	28	2196	0	1	0
8627	1	3	1	0	28	2196	0	1	0
8629	1	4	2	0	28	2196	0	1	0
8631	1	1	4	0	28	2196	0	1	0
8637	1	5	3	0	28	2196	0	1	0
8640	1	1	4	0	28	2196	0	1	0
8644	1	5	3	0	28	2196	0	1	0
8647	1	4	2	0	28	2196	0	1	0
8649	1	1	4	0	28	2196	0	1	0
8658	1	2	5	0	28	2196	0	1	0
8661	1	3	1	0	28	2196	0	1	0
8668	1	1	4	0	28	2196	0	1	0
8669	1	5	3	0	28	2196	0	1	0
8672	1	4	2	0	28	2196	0	1	0
8675	1	1	4	0	28	2196	0	1	0
8678	1	3	1	0	28	2196	0	1	0
8686	1	5	3	0	28	2196	0	1	0
8691	1	1	4	0	28	2196	0	1	0
8692	1	3	1	0	28	2196	0	1	0
8693	1	2	5	0	28	2196	0	1	0
8707	1	3	1	0	28	2196	0	1	0
8713	1	1	4	0	28	2196	0	1	0
8716	1	2	5	0	28	2196	0	1	0
8718	1	5	3	0	28	2196	0	1	0
8721	1	1	4	0	28	2196	0	1	0
8723	1	3	1	0	28	2196	0	1	0
8725	1	5	3	0	28	2196	0	1	0
8726	1	4	2	0	28	2196	0	1	0
8729	1	3	1	0	28	2196	0	1	0
8736	1	4	2	0	28	2196	0	1	0
8738	1	2	5	0	28	2196	0	1	0
8740	1	4	2	0	28	2196	0	1	0
8755	1	5	3	0	28	2196	0	1	0
8756	1	4	2	0	28	2196	0	1	0
8758	1	3	1	0	28	2196	0	1	0
8760	1	1	4	0	28	2196	0	1	0
8764	1	4	2	0	28	2196	0	1	0
8772	1	2	5	0	28	2196	0	1	0
8775	1	1	4	0	28	2196	0	1	0
8782	1	2	5	0	28	2196	0	1	0
8783	1	5	3	0	28	2196	0	1	0
8784	1	4	2	0	28	2196	0	1	0
8785	1	1	4	0	28	2196	0	1	0
8797	1	4	2	0	28	2196	0	1	0
8804	1	5	3	0	28	2196	0	1	0
8806	1	1	4	0	28	2196	0	1	0
8807	1	4	2	0	28	2196	0	1	0
8813	1	2	5	0	28	2196	0	1	0
8816	1	3	1	0	28	2196	0	1	0
8818	1	2	5	0	28	2196	0	1	0
8820	1	1	4	0	28	2196	0	1	0
8827	1	1	4	0	28	2196	0	1	0
8831	1	2	5	0	28	2196	0	1	0
8832	1	5	3	0	28	2196	0	1	0
8835	1	3	1	0	28	2196	0	1	0
8837	1	3	1	0	28	2196	0	1	0
8847	1	1	4	0	28	2196	0	1	0
8853	1	4	2	0	28	2196	0	1	0
8856	1	5	3	0	28	2196	0	1	0
8864	1	2	5	0	28	2196	0	1	0
8866	1	5	3	0	28	2196	0	1	0
8872	1	3	1	0	28	2196	0	1	0
8873	1	1	4	0	28	2196	0	1	0
8875	1	2	5	0	28	2196	0	1	0
8876	1	3	1	0	28	2196	0	1	0
8878	1	4	2	0	28	2196	0	1	0
8894	1	2	5	0	28	2196	0	1	0
8895	1	3	1	0	28	2196	0	1	0
8896	1	1	4	0	28	2196	0	1	0
8898	1	4	2	0	28	2196	0	1	0
8901	1	3	1	0	28	2196	0	1	0
8909	1	2	5	0	28	2196	0	1	0
8911	1	5	3	0	28	2196	0	1	0
8914	1	1	4	0	28	2196	0	1	0
8925	1	3	1	0	28	2196	0	1	0
8928	1	4	2	0	28	2196	0	1	0
8930	1	1	4	0	28	2196	0	1	0
8931	1	2	5	0	28	2196	0	1	0
8932	1	4	2	0	28	2196	0	1	0
8941	1	2	5	0	28	2196	0	1	0
8943	1	4	2	0	28	2196	0	1	0
8951	1	1	4	0	28	2196	0	1	0
8959	1	3	1	0	28	2196	0	1	0
8963	1	1	4	0	28	2196	0	1	0
8964	1	4	2	0	28	2196	0	1	0
8969	1	3	1	0	28	2196	0	1	0
8973	1	2	5	0	28	2196	0	1	0
8979	1	1	4	0	28	2196	0	1	0
8990	1	4	2	0	28	2196	0	1	0
8995	1	5	3	0	28	2196	0	1	0
8999	1	1	4	0	28	2196	0	1	0
9005	1	3	1	0	28	2196	0	1	0
9010	1	1	4	0	28	2196	0	1	0
9012	1	3	1	0	28	2196	0	1	0
9013	1	5	3	0	28	2196	0	1	0
9014	1	2	5	0	28	2196	0	1	0
9020	1	1	4	0	28	2196	0	1	0
9024	1	3	1	0	28	2196	0	1	0
9025	1	4	2	0	28	2196	0	1	0
9031	1	5	3	0	28	2196	0	1	0
9033	1	2	5	0	28	2196	0	1	0
9034	1	4	2	0	28	2196	0	1	0
9046	1	4	2	0	28	2196	0	1	0
9048	1	1	4	0	28	2196	0	1	0
9051	1	5	3	0	28	2196	0	1	0
9052	1	3	1	0	28	2196	0	1	0
9061	1	1	4	0	28	2196	0	1	0
9073	1	3	1	0	28	2196	0	1	0
9074	1	2	5	0	28	2196	0	1	0
9075	1	4	2	0	28	2196	0	1	0
9077	1	5	3	0	28	2196	0	1	0
9083	1	5	3	0	28	2196	0	1	0
9084	1	4	2	0	28	2196	0	1	0
9092	1	2	5	0	28	2196	0	1	0
9094	1	3	1	0	28	2196	0	1	0
9096	1	5	3	0	28	2196	0	1	0
9102	1	1	4	0	28	2196	0	1	0
9108	1	3	1	0	28	2196	0	1	0
9109	1	4	2	0	28	2196	0	1	0
9112	1	5	3	0	28	2196	0	1	0
9119	1	1	4	0	28	2196	0	1	0
9120	1	5	3	0	28	2196	0	1	0
9122	1	3	1	0	28	2196	0	1	0
9124	1	1	4	0	28	2196	0	1	0
9131	1	4	2	0	28	2196	0	1	0
9134	1	2	5	0	28	2196	0	1	0
9138	1	3	1	0	28	2196	0	1	0
9139	1	1	4	0	28	2196	0	1	0
9151	1	1	4	0	28	2196	0	1	0
9157	1	5	3	0	28	2196	0	1	0
9160	1	3	1	0	28	2196	0	1	0
9163	1	5	3	0	28	2196	0	1	0
9169	1	4	2	0	28	2196	0	1	0
9172	1	3	1	0	28	2196	0	1	0
9176	1	5	3	0	28	2196	0	1	0
9177	1	4	2	0	28	2196	0	1	0
9180	1	2	5	0	28	2196	0	1	0
9185	1	1	4	0	28	2196	0	1	0
9187	1	5	3	0	28	2196	0	1	0
9192	1	3	1	0	28	2196	0	1	0
9203	1	3	1	0	28	2196	0	1	0
9212	1	4	2	0	28	2196	0	1	0
9213	1	3	1	0	28	2196	0	1	0
9215	1	5	3	0	28	2196	0	1	0
9217	1	2	5	0	28	2196	0	1	0
9221	1	2	5	0	28	2196	0	1	0
9222	1	4	2	0	28	2196	0	1	0
9225	1	1	4	0	28	2196	0	1	0
9226	1	3	1	0	28	2196	0	1	0
9238	1	1	4	0	28	2196	0	1	0
9241	1	5	3	0	28	2196	0	1	0
9242	1	3	1	0	28	2196	0	1	0
9253	1	2	5	0	28	2196	0	1	0
9259	1	3	1	0	28	2196	0	1	0
9260	1	2	5	0	28	2196	0	1	0
9267	1	5	3	0	28	2196	0	1	0
9273	1	1	4	0	28	2196	0	1	0
9282	1	4	2	0	28	2196	0	1	0
9284	1	1	4	0	28	2196	0	1	0
9288	1	2	5	0	28	2196	0	1	0
9289	1	3	1	0	28	2196	0	1	0
9294	1	3	1	0	28	2196	0	1	0
9296	1	1	4	0	28	2196	0	1	0
9308	1	5	3	0	28	2196	0	1	0
9310	1	3	1	0	28	2196	0	1	0
9317	1	4	2	0	28	2196	0	1	0
9329	1	1	4	0	28	2196	0	1	0
9334	1	2	5	0	28	2196	0	1	0
9342	1	1	4	0	28	2196	0	1	0
9344	1	4	2	0	28	2196	0	1	0
9345	1	2	5	0	28	2196	0	1	0
9350	1	3	1	0	28	2196	0	1	0
9351	1	1	4	0	28	2196	0	1	0
9362	1	4	2	0	28	2196	0	1	0
9365	1	2	5	0	28	2196	0	1	0
9367	1	5	3	0	28	2196	0	1	0
9373	1	3	1	0	28	2196	0	1	0
9374	1	1	4	0	28	2196	0	1	0
9377	1	4	2	0	28	2196	0	1	0
9379	1	2	5	0	28	2196	0	1	0
9380	1	3	1	0	28	2196	0	1	0
9396	1	5	3	0	28	2196	0	1	0
9401	1	3	1	0	28	2196	0	1	0
9409	1	1	4	0	28	2196	0	1	0
9416	1	4	2	0	28	2196	0	1	0
9418	1	2	5	0	28	2196	0	1	0
9426	1	4	2	0	28	2196	0	1	0
9429	1	2	5	0	28	2196	0	1	0
9430	1	5	3	0	28	2196	0	1	0
9439	1	1	4	0	28	2196	0	1	0
9445	1	4	2	0	28	2196	0	1	0
9452	1	2	5	0	28	2196	0	1	0
9459	1	5	3	0	28	2196	0	1	0
9462	1	3	1	0	28	2196	0	1	0
9464	1	1	4	0	28	2196	0	1	0
9471	1	4	2	0	28	2196	0	1	0
9472	1	2	5	0	28	2196	0	1	0
9476	1	2	5	0	28	2196	0	1	0
9487	1	2	5	0	28	2196	0	1	0
9493	1	3	1	0	28	2196	0	1	0
9494	1	4	2	0	28	2196	0	1	0
9498	1	3	1	0	28	2196	0	1	0
9500	1	1	4	0	28	2196	0	1	0
9502	1	5	3	0	28	2196	0	1	0
9508	1	5	3	0	28	2196	0	1	0
9509	1	1	4	0	28	2196	0	1	0
9515	1	5	3	0	28	2196	0	1	0
9520	1	4	2	0	28	2196	0	1	0
9521	1	3	1	0	28	2196	0	1	0
9522	1	2	5	0	28	2196	0	1	0
9527	1	1	4	0	28	2196	0	1	0
9528	1	4	2	0	28	2196	0	1	0
9533	1	1	4	0	28	2196	0	1	0
9535	1	2	5	0	28	2196	0	1	0
9538	1	3	1	0	28	2196	0	1	0
9542	1	4	2	0	28	2196	0	1	0
9544	1	1	4	0	28	2196	0	1	0
9547	1	4	2	0	28	2196	0	1	0
9551	1	2	5	0	28	2196	0	1	0
9564	1	3	1	0	28	2196	0	1	0
9569	1	2	5	0	28	2196	0	1	0
9571	1	4	2	0	28	2196	0	1	0
9575	1	3	1	0	28	2196	0	1	0
9578	1	4	2	0	28	2196	0	1	0
9579	1	1	4	0	28	2196	0	1	0
9580	1	3	1	0	28	2196	0	1	0
9582	1	2	5	0	28	2196	0	1	0
9586	1	5	3	0	28	2196	0	1	0
9592	1	4	2	0	28	2196	0	1	0
9599	1	2	5	0	28	2196	0	1	0
9601	1	1	4	0	28	2196	0	1	0
9606	1	4	2	0	28	2196	0	1	0
9614	1	1	4	0	28	2196	0	1	0
9619	1	3	1	0	28	2196	0	1	0
9620	1	2	5	0	28	2196	0	1	0
9621	1	1	4	0	28	2196	0	1	0
9626	1	4	2	0	28	2196	0	1	0
9629	1	2	5	0	28	2196	0	1	0
9632	1	3	1	0	28	2196	0	1	0
9636	1	5	3	0	28	2196	0	1	0
9644	1	5	3	0	28	2196	0	1	0
9648	1	4	2	0	28	2196	0	1	0
9656	1	3	1	0	28	2196	0	1	0
9658	1	1	4	0	28	2196	0	1	0
9666	1	5	3	0	28	2196	0	1	0
9667	1	2	5	0	28	2196	0	1	0
9673	1	2	5	0	28	2196	0	1	0
9674	1	3	1	0	28	2196	0	1	0
9675	1	4	2	0	28	2196	0	1	0
9686	1	1	4	0	28	2196	0	1	0
9687	1	2	5	0	28	2196	0	1	0
9695	1	3	1	0	28	2196	0	1	0
9696	1	4	2	0	28	2196	0	1	0
9708	1	2	5	0	28	2196	0	1	0
9711	1	1	4	0	28	2196	0	1	0
9715	1	2	5	0	28	2196	0	1	0
9716	1	4	2	0	28	2196	0	1	0
9717	1	3	1	0	28	2196	0	1	0
9718	1	1	4	0	28	2196	0	1	0
9719	1	2	5	0	28	2196	0	1	0
9720	1	5	3	0	28	2196	0	1	0
9724	1	4	2	0	28	2196	0	1	0
9729	1	5	3	0	28	2196	0	1	0
9732	1	4	2	0	28	2196	0	1	0
9733	1	2	5	0	28	2196	0	1	0
9734	1	3	1	0	28	2196	0	1	0
9736	1	5	3	0	28	2196	0	1	0
9738	1	1	4	0	28	2196	0	1	0
9744	1	2	5	0	28	2196	0	1	0
9747	1	3	1	0	28	2196	0	1	0
9751	1	5	3	0	28	2196	0	1	0
9758	1	3	1	0	28	2196	0	1	0
9759	1	5	3	0	28	2196	0	1	0
9765	1	1	4	0	28	2196	0	1	0
9770	1	2	5	0	28	2196	0	1	0
9775	1	3	1	0	28	2196	0	1	0
9780	1	4	2	0	28	2196	0	1	0
9784	1	4	2	0	28	2196	0	1	0
9786	1	5	3	0	28	2196	0	1	0
9804	1	5	3	0	28	2196	0	1	0
9805	1	3	1	0	28	2196	0	1	0
9806	1	4	2	0	28	2196	0	1	0
9807	1	2	5	0	28	2196	0	1	0
9827	1	5	3	0	28	2196	0	1	0
9828	1	2	5	0	28	2196	0	1	0
9829	1	4	2	0	28	2196	0	1	0
9837	1	4	2	0	28	2196	0	1	0
9842	1	3	1	0	28	2196	0	1	0
9843	1	1	4	0	28	2196	0	1	0
9844	1	2	5	0	28	2196	0	1	0
9848	1	5	3	0	28	2196	0	1	0
9852	1	3	1	0	28	2196	0	1	0
9858	1	5	3	0	28	2196	0	1	0
9859	1	1	4	0	28	2196	0	1	0
9862	1	3	1	0	28	2196	0	1	0
9877	1	1	4	0	28	2196	0	1	0
9878	1	2	5	0	28	2196	0	1	0
9881	1	4	2	0	28	2196	0	1	0
9888	1	5	3	0	28	2196	0	1	0
9893	1	1	4	0	28	2196	0	1	0
9895	1	4	2	0	28	2196	0	1	0
9899	1	1	4	0	28	2196	0	1	0
9907	1	2	5	0	28	2196	0	1	0
9911	1	4	2	0	28	2196	0	1	0
9915	1	1	4	0	28	2196	0	1	0
9925	1	1	4	0	28	2196	0	1	0
9926	1	2	5	0	28	2196	0	1	0
9932	1	5	3	0	28	2196	0	1	0
9934	1	1	4	0	28	2196	0	1	0
9942	1	3	1	0	28	2196	0	1	0
9943	1	2	5	0	28	2196	0	1	0
9945	1	5	3	0	28	2196	0	1	0
9953	1	1	4	0	28	2196	0	1	0
9954	1	4	2	0	28	2196	0	1	0
9969	1	2	5	0	28	2196	0	1	0
9975	1	1	4	0	28	2196	0	1	0
9979	1	5	3	0	28	2196	0	1	0
9985	1	5	3	0	28	2196	0	1	0
9987	1	2	5	0	28	2196	0	1	0
9991	1	5	3	0	28	2196	0	1	0
9995	1	2	5	0	28	2196	0	1	0
10003	1	3	1	0	28	2196	0	1	0
10005	1	1	4	0	28	2196	0	1	0
10013	1	4	2	0	28	2196	0	1	0
10024	1	4	2	0	28	2196	0	1	0
10026	1	1	4	0	28	2196	0	1	0
10030	1	5	3	0	28	2196	0	1	0
10033	1	3	1	0	28	2196	0	1	0
10040	1	4	2	0	28	2196	0	1	0
10042	1	2	5	0	28	2196	0	1	0
10046	1	3	1	0	28	2196	0	1	0
10052	1	2	5	0	28	2196	0	1	0
10070	1	4	2	0	28	2196	0	1	0
10079	1	2	5	0	28	2196	0	1	0
10083	1	5	3	0	28	2196	0	1	0
10089	1	3	1	0	28	2196	0	1	0
10090	1	4	2	0	28	2196	0	1	0
10093	1	1	4	0	28	2196	0	1	0
10095	1	4	2	0	28	2196	0	1	0
10099	1	5	3	0	28	2196	0	1	0
10105	1	1	4	0	28	2196	0	1	0
10113	1	4	2	0	28	2196	0	1	0
10118	1	3	1	0	28	2196	0	1	0
10123	1	4	2	0	28	2196	0	1	0
10130	1	2	5	0	28	2196	0	1	0
10134	1	3	1	0	28	2196	0	1	0
10135	1	4	2	0	28	2196	0	1	0
10144	1	4	2	0	28	2196	0	1	0
10146	1	1	4	0	28	2196	0	1	0
10149	1	3	1	0	28	2196	0	1	0
10153	1	3	1	0	28	2196	0	1	0
10156	1	5	3	0	28	2196	0	1	0
10163	1	2	5	0	28	2196	0	1	0
10167	1	4	2	0	28	2196	0	1	0
10184	1	3	1	0	28	2196	0	1	0
10185	1	4	2	0	28	2196	0	1	0
10191	1	2	5	0	28	2196	0	1	0
10193	1	5	3	0	28	2196	0	1	0
10197	1	2	5	0	28	2196	0	1	0
10203	1	3	1	0	28	2196	0	1	0
10207	1	1	4	0	28	2196	0	1	0
10214	1	4	2	0	28	2196	0	1	0
10218	1	1	4	0	28	2196	0	1	0
10220	1	2	5	0	28	2196	0	1	0
10224	1	4	2	0	28	2196	0	1	0
10237	1	3	1	0	28	2196	0	1	0
10239	1	2	5	0	28	2196	0	1	0
10241	1	4	2	0	28	2196	0	1	0
10242	1	5	3	0	28	2196	0	1	0
10244	1	1	4	0	28	2196	0	1	0
10255	1	3	1	0	28	2196	0	1	0
10256	1	2	5	0	28	2196	0	1	0
10258	1	4	2	0	28	2196	0	1	0
10261	1	3	1	0	28	2196	0	1	0
10267	1	2	5	0	28	2196	0	1	0
10274	1	3	1	0	28	2196	0	1	0
10276	1	4	2	0	28	2196	0	1	0
10282	1	1	4	0	28	2196	0	1	0
10287	1	5	3	0	28	2196	0	1	0
10288	1	2	5	0	28	2196	0	1	0
10293	1	4	2	0	28	2196	0	1	0
10300	1	4	2	0	28	2196	0	1	0
10308	1	3	1	0	28	2196	0	1	0
10309	1	2	5	0	28	2196	0	1	0
10311	1	1	4	0	28	2196	0	1	0
10315	1	2	5	0	28	2196	0	1	0
10316	1	1	4	0	28	2196	0	1	0
10317	1	3	1	0	28	2196	0	1	0
10327	1	1	4	0	28	2196	0	1	0
10328	1	4	2	0	28	2196	0	1	0
10329	1	2	5	0	28	2196	0	1	0
10332	1	5	3	0	28	2196	0	1	0
10333	1	3	1	0	28	2196	0	1	0
10339	1	2	5	0	28	2196	0	1	0
10344	1	3	1	0	28	2196	0	1	0
10345	1	1	4	0	28	2196	0	1	0
10349	1	2	5	0	28	2196	0	1	0
10350	1	4	2	0	28	2196	0	1	0
10364	1	4	2	0	28	2196	0	1	0
10367	1	1	4	0	28	2196	0	1	0
10372	1	4	2	0	28	2196	0	1	0
10373	1	5	3	0	28	2196	0	1	0
10380	1	4	2	0	28	2196	0	1	0
10404	1	5	3	0	28	2196	0	1	0
10409	1	3	1	0	28	2196	0	1	0
10410	1	2	5	0	28	2196	0	1	0
10418	1	1	4	0	28	2196	0	1	0
10421	1	5	3	0	28	2196	0	1	0
10422	1	2	5	0	28	2196	0	1	0
10427	1	3	1	0	28	2196	0	1	0
10434	1	4	2	0	28	2196	0	1	0
10437	1	1	4	0	28	2196	0	1	0
10438	1	3	1	0	28	2196	0	1	0
10441	1	4	2	0	28	2196	0	1	0
10443	1	3	1	0	28	2196	0	1	0
10448	1	5	3	0	28	2196	0	1	0
10456	1	1	4	0	28	2196	0	1	0
10457	1	4	2	0	28	2196	0	1	0
10460	1	1	4	0	28	2196	0	1	0
10461	1	3	1	0	28	2196	0	1	0
10466	1	3	1	0	28	2196	0	1	0
10478	1	1	4	0	28	2196	0	1	0
10480	1	5	3	0	28	2196	0	1	0
10482	1	3	1	0	28	2196	0	1	0
10484	1	2	5	0	28	2196	0	1	0
10495	1	5	3	0	28	2196	0	1	0
10501	1	4	2	0	28	2196	0	1	0
10512	1	1	4	0	28	2196	0	1	0
10517	1	3	1	0	28	2196	0	1	0
10519	1	4	2	0	28	2196	0	1	0
10524	1	4	2	0	28	2196	0	1	0
10530	1	5	3	0	28	2196	0	1	0
10537	1	4	2	0	28	2196	0	1	0
10541	1	5	3	0	28	2196	0	1	0
10542	1	1	4	0	28	2196	0	1	0
10543	1	3	1	0	28	2196	0	1	0
10544	1	5	3	0	28	2196	0	1	0
10546	1	3	1	0	28	2196	0	1	0
10560	1	1	4	0	28	2196	0	1	0
10562	1	2	5	0	28	2196	0	1	0
10563	1	5	3	0	28	2196	0	1	0
10566	1	4	2	0	28	2196	0	1	0
10567	1	1	4	0	28	2196	0	1	0
10575	1	3	1	0	28	2196	0	1	0
10583	1	1	4	0	28	2196	0	1	0
10586	1	4	2	0	28	2196	0	1	0
10587	1	3	1	0	28	2196	0	1	0
10591	1	2	5	0	28	2196	0	1	0
10596	1	2	5	0	28	2196	0	1	0
10601	1	3	1	0	28	2196	0	1	0
10605	1	5	3	0	28	2196	0	1	0
10610	1	2	5	0	28	2196	0	1	0
10611	1	3	1	0	28	2196	0	1	0
10623	1	2	5	0	28	2196	0	1	0
10631	1	1	4	0	28	2196	0	1	0
10632	1	4	2	0	28	2196	0	1	0
10634	1	1	4	0	28	2196	0	1	0
10635	1	5	3	0	28	2196	0	1	0
10639	1	1	4	0	28	2196	0	1	0
10643	1	3	1	0	28	2196	0	1	0
10649	1	3	1	0	28	2196	0	1	0
10652	1	5	3	0	28	2196	0	1	0
10657	1	1	4	0	28	2196	0	1	0
10662	1	1	4	0	28	2196	0	1	0
10664	1	4	2	0	28	2196	0	1	0
10670	1	5	3	0	28	2196	0	1	0
10671	1	4	2	0	28	2196	0	1	0
10675	1	2	5	0	28	2196	0	1	0
10677	1	4	2	0	28	2196	0	1	0
10680	1	1	4	0	28	2196	0	1	0
10688	1	4	2	0	28	2196	0	1	0
10690	1	3	1	0	28	2196	0	1	0
10693	1	5	3	0	28	2196	0	1	0
10696	1	2	5	0	28	2196	0	1	0
10704	1	1	4	0	28	2196	0	1	0
10705	1	2	5	0	28	2196	0	1	0
10706	1	3	1	0	28	2196	0	1	0
10710	1	5	3	0	28	2196	0	1	0
10727	1	4	2	0	28	2196	0	1	0
10728	1	3	1	0	28	2196	0	1	0
10729	1	5	3	0	28	2196	0	1	0
10730	1	2	5	0	28	2196	0	1	0
10741	1	3	1	0	28	2196	0	1	0
10743	1	1	4	0	28	2196	0	1	0
10750	1	2	5	0	28	2196	0	1	0
10751	1	4	2	0	28	2196	0	1	0
10755	1	5	3	0	28	2196	0	1	0
10756	1	3	1	0	28	2196	0	1	0
10764	1	2	5	0	28	2196	0	1	0
10768	1	1	4	0	28	2196	0	1	0
10773	1	3	1	0	28	2196	0	1	0
10776	1	1	4	0	28	2196	0	1	0
10782	1	3	1	0	28	2196	0	1	0
10785	1	4	2	0	28	2196	0	1	0
10792	1	4	2	0	28	2196	0	1	0
10797	1	1	4	0	28	2196	0	1	0
10799	1	2	5	0	28	2196	0	1	0
10802	1	5	3	0	28	2196	0	1	0
10805	1	1	4	0	28	2196	0	1	0
10808	1	2	5	0	28	2196	0	1	0
10812	1	4	2	0	28	2196	0	1	0
10813	1	3	1	0	28	2196	0	1	0
10819	1	5	3	0	28	2196	0	1	0
10820	1	2	5	0	28	2196	0	1	0
10827	1	3	1	0	28	2196	0	1	0
10830	1	1	4	0	28	2196	0	1	0
10832	1	2	5	0	28	2196	0	1	0
10838	1	4	2	0	28	2196	0	1	0
10855	1	1	4	0	28	2196	0	1	0
10861	1	5	3	0	28	2196	0	1	0
10869	1	1	4	0	28	2196	0	1	0
10871	1	2	5	0	28	2196	0	1	0
10876	1	2	5	0	28	2196	0	1	0
10877	1	4	2	0	28	2196	0	1	0
10879	1	3	1	0	28	2196	0	1	0
10886	1	5	3	0	28	2196	0	1	0
10892	1	4	2	0	28	2196	0	1	0
10896	1	2	5	0	28	2196	0	1	0
10904	1	2	5	0	28	2196	0	1	0
10910	1	1	4	0	28	2196	0	1	0
10914	1	2	5	0	28	2196	0	1	0
10915	1	1	4	0	28	2196	0	1	0
10919	1	5	3	0	28	2196	0	1	0
10920	1	3	1	0	28	2196	0	1	0
10922	1	4	2	0	28	2196	0	1	0
10926	1	1	4	0	28	2196	0	1	0
10933	1	4	2	0	28	2196	0	1	0
10934	1	5	3	0	28	2196	0	1	0
10955	1	3	1	0	28	2196	0	1	0
10960	1	2	5	0	28	2196	0	1	0
10961	1	4	2	0	28	2196	0	1	0
10971	1	4	2	0	28	2196	0	1	0
10975	1	5	3	0	28	2196	0	1	0
10980	1	2	5	0	28	2196	0	1	0
10981	1	1	4	0	28	2196	0	1	0
10983	1	4	2	0	28	2196	0	1	0
10987	1	3	1	0	28	2196	0	1	0
10993	1	1	4	0	28	2196	0	1	0
10998	1	1	4	0	28	2196	0	1	0
10999	1	2	5	0	28	2196	0	1	0
11003	1	2	5	0	28	2196	0	1	0
11006	1	5	3	0	28	2196	0	1	0
11007	1	3	1	0	28	2196	0	1	0
11012	1	1	4	0	28	2196	0	1	0
11013	1	2	5	0	28	2196	0	1	0
11026	1	5	3	0	28	2196	0	1	0
11027	1	2	5	0	28	2196	0	1	0
11028	1	4	2	0	28	2196	0	1	0
11029	1	3	1	0	28	2196	0	1	0
11045	1	4	2	0	28	2196	0	1	0
11050	1	5	3	0	28	2196	0	1	0
11054	1	2	5	0	28	2196	0	1	0
11063	1	3	1	0	28	2196	0	1	0
11064	1	2	5	0	28	2196	0	1	0
11065	1	5	3	0	28	2196	0	1	0
11070	1	2	5	0	28	2196	0	1	0
11071	1	3	1	0	28	2196	0	1	0
11076	1	4	2	0	28	2196	0	1	0
11079	1	1	4	0	28	2196	0	1	0
11082	1	3	1	0	28	2196	0	1	0
11083	1	5	3	0	28	2196	0	1	0
11086	1	1	4	0	28	2196	0	1	0
11092	1	5	3	0	28	2196	0	1	0
11094	1	4	2	0	28	2196	0	1	0
11102	1	1	4	0	28	2196	0	1	0
11111	1	2	5	0	28	2196	0	1	0
11116	1	3	1	0	28	2196	0	1	0
11117	1	4	2	0	28	2196	0	1	0
11124	1	3	1	0	28	2196	0	1	0
11126	1	5	3	0	28	2196	0	1	0
11128	1	2	5	0	28	2196	0	1	0
11141	1	1	4	0	28	2196	0	1	0
11142	1	2	5	0	28	2196	0	1	0
11146	1	3	1	0	28	2196	0	1	0
11147	1	5	3	0	28	2196	0	1	0
11150	1	1	4	0	28	2196	0	1	0
11151	1	2	5	0	28	2196	0	1	0
11157	1	4	2	0	28	2196	0	1	0
11169	1	3	1	0	28	2196	0	1	0
11174	1	5	3	0	28	2196	0	1	0
11178	1	1	4	0	28	2196	0	1	0
11186	1	2	5	0	28	2196	0	1	0
11190	1	4	2	0	28	2196	0	1	0
11191	1	5	3	0	28	2196	0	1	0
11195	1	4	2	0	28	2196	0	1	0
11199	1	2	5	0	28	2196	0	1	0
11202	1	1	4	0	28	2196	0	1	0
11211	1	3	1	0	28	2196	0	1	0
11218	1	3	1	0	28	2196	0	1	0
11223	1	3	1	0	28	2196	0	1	0
11226	1	2	5	0	28	2196	0	1	0
11230	1	1	4	0	28	2196	0	1	0
11233	1	4	2	0	28	2196	0	1	0
11242	1	3	1	0	28	2196	0	1	0
11245	1	5	3	0	28	2196	0	1	0
11252	1	4	2	0	28	2196	0	1	0
11254	1	3	1	0	28	2196	0	1	0
11259	1	5	3	0	28	2196	0	1	0
11260	1	2	5	0	28	2196	0	1	0
11265	1	3	1	0	28	2196	0	1	0
11266	1	1	4	0	28	2196	0	1	0
11295	1	4	2	0	28	2196	0	1	0
11298	1	4	2	0	28	2196	0	1	0
11301	1	5	3	0	28	2196	0	1	0
11307	1	2	5	0	28	2196	0	1	0
11322	1	3	1	0	28	2196	0	1	0
11326	1	2	5	0	28	2196	0	1	0
11331	1	1	4	0	28	2196	0	1	0
11332	1	2	5	0	28	2196	0	1	0
11335	1	5	3	0	28	2196	0	1	0
11347	1	4	2	0	28	2196	0	1	0
11350	1	1	4	0	28	2196	0	1	0
11353	1	4	2	0	28	2196	0	1	0
11361	1	2	5	0	28	2196	0	1	0
11363	1	3	1	0	28	2196	0	1	0
11368	1	4	2	0	28	2196	0	1	0
11373	1	5	3	0	28	2196	0	1	0
11374	1	2	5	0	28	2196	0	1	0
11383	1	3	1	0	28	2196	0	1	0
11384	1	1	4	0	28	2196	0	1	0
11388	1	1	4	0	28	2196	0	1	0
11389	1	5	3	0	28	2196	0	1	0
11398	1	4	2	0	28	2196	0	1	0
11402	1	5	3	0	28	2196	0	1	0
11403	1	2	5	0	28	2196	0	1	0
11416	1	3	1	0	28	2196	0	1	0
11417	1	1	4	0	28	2196	0	1	0
11421	1	5	3	0	28	2196	0	1	0
11423	1	4	2	0	28	2196	0	1	0
11424	1	2	5	0	28	2196	0	1	0
11425	1	5	3	0	28	2196	0	1	0
11427	1	3	1	0	28	2196	0	1	0
11432	1	2	5	0	28	2196	0	1	0
11433	1	3	1	0	28	2196	0	1	0
11437	1	2	5	0	28	2196	0	1	0
11439	1	4	2	0	28	2196	0	1	0
11440	1	5	3	0	28	2196	0	1	0
11445	1	2	5	0	28	2196	0	1	0
11452	1	3	1	0	28	2196	0	1	0
11464	1	5	3	0	28	2196	0	1	0
11466	1	4	2	0	28	2196	0	1	0
11476	1	1	4	0	28	2196	0	1	0
11477	1	5	3	0	28	2196	0	1	0
11482	1	3	1	0	28	2196	0	1	0
11483	1	4	2	0	28	2196	0	1	0
11485	1	2	5	0	28	2196	0	1	0
11499	1	1	4	0	28	2196	0	1	0
11500	1	4	2	0	28	2196	0	1	0
11505	1	5	3	0	28	2196	0	1	0
11514	1	4	2	0	28	2196	0	1	0
11517	1	3	1	0	28	2196	0	1	0
11526	1	4	2	0	28	2196	0	1	0
11529	1	2	5	0	28	2196	0	1	0
11530	1	4	2	0	28	2196	0	1	0
11534	1	4	2	0	28	2196	0	1	0
11540	1	1	4	0	28	2196	0	1	0
11541	1	3	1	0	28	2196	0	1	0
11551	1	3	1	0	28	2196	0	1	0
11558	1	1	4	0	28	2196	0	1	0
11569	1	2	5	0	28	2196	0	1	0
11575	1	3	1	0	28	2196	0	1	0
11579	1	5	3	0	28	2196	0	1	0
11580	1	1	4	0	28	2196	0	1	0
11581	1	4	2	0	28	2196	0	1	0
11588	1	1	4	0	28	2196	0	1	0
11594	1	4	2	0	28	2196	0	1	0
11597	1	3	1	0	28	2196	0	1	0
11601	1	5	3	0	28	2196	0	1	0
11608	1	4	2	0	28	2196	0	1	0
11612	1	3	1	0	28	2196	0	1	0
11613	1	1	4	0	28	2196	0	1	0
11614	1	5	3	0	28	2196	0	1	0
11621	1	1	4	0	28	2196	0	1	0
11626	1	3	1	0	28	2196	0	1	0
11632	1	5	3	0	28	2196	0	1	0
11634	1	2	5	0	28	2196	0	1	0
11640	1	2	5	0	28	2196	0	1	0
11648	1	2	5	0	28	2196	0	1	0
11649	1	5	3	0	28	2196	0	1	0
11655	1	3	1	0	28	2196	0	1	0
11660	1	1	4	0	28	2196	0	1	0
11663	1	4	2	0	28	2196	0	1	0
11664	1	2	5	0	28	2196	0	1	0
11665	1	1	4	0	28	2196	0	1	0
11669	1	4	2	0	28	2196	0	1	0
11672	1	3	1	0	28	2196	0	1	0
11679	1	2	5	0	28	2196	0	1	0
11682	1	5	3	0	28	2196	0	1	0
11687	1	1	4	0	28	2196	0	1	0
11689	1	5	3	0	28	2196	0	1	0
11690	1	3	1	0	28	2196	0	1	0
11693	1	4	2	0	28	2196	0	1	0
11698	1	1	4	0	28	2196	0	1	0
11699	1	2	5	0	28	2196	0	1	0
11711	1	2	5	0	28	2196	0	1	0
11712	1	5	3	0	28	2196	0	1	0
11713	1	1	4	0	28	2196	0	1	0
11718	1	3	1	0	28	2196	0	1	0
11722	1	3	1	0	28	2196	0	1	0
11723	1	2	5	0	28	2196	0	1	0
11725	1	2	5	0	28	2196	0	1	0
11728	1	1	4	0	28	2196	0	1	0
11734	1	5	3	0	28	2196	0	1	0
11735	1	2	5	0	28	2196	0	1	0
11736	1	1	4	0	28	2196	0	1	0
11738	1	5	3	0	28	2196	0	1	0
11742	1	4	2	0	28	2196	0	1	0
11747	1	1	4	0	28	2196	0	1	0
11762	1	3	1	0	28	2196	0	1	0
11763	1	2	5	0	28	2196	0	1	0
11764	1	1	4	0	28	2196	0	1	0
11773	1	5	3	0	28	2196	0	1	0
11775	1	1	4	0	28	2196	0	1	0
11778	1	4	2	0	28	2196	0	1	0
11789	1	2	5	0	28	2196	0	1	0
11790	1	4	2	0	28	2196	0	1	0
11791	1	5	3	0	28	2196	0	1	0
11793	1	3	1	0	28	2196	0	1	0
11801	1	2	5	0	28	2196	0	1	0
11810	1	5	3	0	28	2196	0	1	0
11812	1	3	1	0	28	2196	0	1	0
11824	1	3	1	0	28	2196	0	1	0
11827	1	5	3	0	28	2196	0	1	0
11828	1	2	5	0	28	2196	0	1	0
11837	1	4	2	0	28	2196	0	1	0
11838	1	2	5	0	28	2196	0	1	0
11839	1	5	3	0	28	2196	0	1	0
11842	1	1	4	0	28	2196	0	1	0
11843	1	3	1	0	28	2196	0	1	0
11849	1	1	4	0	28	2196	0	1	0
11850	1	3	1	0	28	2196	0	1	0
11853	1	2	5	0	28	2196	0	1	0
11857	1	4	2	0	28	2196	0	1	0
11860	1	3	1	0	28	2196	0	1	0
11867	1	3	1	0	28	2196	0	1	0
11871	1	1	4	0	28	2196	0	1	0
11872	1	2	5	0	28	2196	0	1	0
11875	1	5	3	0	28	2196	0	1	0
11877	1	1	4	0	28	2196	0	1	0
11878	1	4	2	0	28	2196	0	1	0
11884	1	2	5	0	28	2196	0	1	0
11890	1	3	1	0	28	2196	0	1	0
11892	1	1	4	0	28	2196	0	1	0
11896	1	1	4	0	28	2196	0	1	0
11900	1	4	2	0	28	2196	0	1	0
11901	1	3	1	0	28	2196	0	1	0
11903	1	5	3	0	28	2196	0	1	0
11908	1	4	2	0	28	2196	0	1	0
11910	1	5	3	0	28	2196	0	1	0
11916	1	5	3	0	28	2196	0	1	0
11922	1	5	3	0	28	2196	0	1	0
11925	1	1	4	0	28	2196	0	1	0
11931	1	2	5	0	28	2196	0	1	0
11938	1	4	2	0	28	2196	0	1	0
11945	1	5	3	0	28	2196	0	1	0
11948	1	2	5	0	28	2196	0	1	0
11952	1	3	1	0	28	2196	0	1	0
11958	1	2	5	0	28	2196	0	1	0
11962	1	5	3	0	28	2196	0	1	0
11966	1	4	2	0	28	2196	0	1	0
11968	1	3	1	0	28	2196	0	1	0
11979	1	2	5	0	28	2196	0	1	0
11985	1	4	2	0	28	2196	0	1	0
11995	1	3	1	0	28	2196	0	1	0
11999	1	4	2	0	28	2196	0	1	0
12000	1	5	3	0	28	2196	0	1	0
12002	1	1	4	0	28	2196	0	1	0
12004	1	2	5	0	28	2196	0	1	0
12009	1	1	4	0	28	2196	0	1	0
12021	1	3	1	0	28	2196	0	1	0
12026	1	4	2	0	28	2196	0	1	0
12027	1	5	3	0	28	2196	0	1	0
12033	1	2	5	0	28	2196	0	1	0
12047	1	5	3	0	28	2196	0	1	0
12049	1	3	1	0	28	2196	0	1	0
12052	1	5	3	0	28	2196	0	1	0
12062	1	3	1	0	28	2196	0	1	0
12063	1	4	2	0	28	2196	0	1	0
12064	1	2	5	0	28	2196	0	1	0
12067	1	1	4	0	28	2196	0	1	0
12073	1	5	3	0	28	2196	0	1	0
12081	1	1	4	0	28	2196	0	1	0
12084	1	4	2	0	28	2196	0	1	0
12089	1	5	3	0	28	2196	0	1	0
12094	1	2	5	0	28	2196	0	1	0
12104	1	3	1	0	28	2196	0	1	0
12112	1	2	5	0	28	2196	0	1	0
12115	1	3	1	0	28	2196	0	1	0
12116	1	5	3	0	28	2196	0	1	0
12118	1	4	2	0	28	2196	0	1	0
12119	1	1	4	0	28	2196	0	1	0
12128	1	1	4	0	28	2196	0	1	0
12135	1	4	2	0	28	2196	0	1	0
12139	1	3	1	0	28	2196	0	1	0
12141	1	4	2	0	28	2196	0	1	0
12149	1	5	3	0	28	2196	0	1	0
12150	1	4	2	0	28	2196	0	1	0
12156	1	1	4	0	28	2196	0	1	0
12163	1	3	1	0	28	2196	0	1	0
12164	1	1	4	0	28	2196	0	1	0
12166	1	4	2	0	28	2196	0	1	0
12170	1	3	1	0	28	2196	0	1	0
12172	1	2	5	0	28	2196	0	1	0
12175	1	4	2	0	28	2196	0	1	0
12176	1	1	4	0	28	2196	0	1	0
12180	1	5	3	0	28	2196	0	1	0
12185	1	4	2	0	28	2196	0	1	0
12189	1	2	5	0	28	2196	0	1	0
12196	1	2	5	0	28	2196	0	1	0
12201	1	5	3	0	28	2196	0	1	0
12208	1	4	2	0	28	2196	0	1	0
12209	1	3	1	0	28	2196	0	1	0
12210	1	1	4	0	28	2196	0	1	0
12211	1	5	3	0	28	2196	0	1	0
12213	1	4	2	0	28	2196	0	1	0
12221	1	5	3	0	28	2196	0	1	0
12228	1	4	2	0	28	2196	0	1	0
12237	1	3	1	0	28	2196	0	1	0
12249	1	4	2	0	28	2196	0	1	0
12265	1	4	2	0	28	2196	0	1	0
12271	1	2	5	0	28	2196	0	1	0
12283	1	1	4	0	28	2196	0	1	0
12285	1	3	1	0	28	2196	0	1	0
12289	1	4	2	0	28	2196	0	1	0
12293	1	2	5	0	28	2196	0	1	0
12308	1	3	1	0	28	2196	0	1	0
12309	1	1	4	0	28	2196	0	1	0
12310	1	2	5	0	28	2196	0	1	0
12317	1	1	4	0	28	2196	0	1	0
12319	1	5	3	0	28	2196	0	1	0
12322	1	4	2	0	28	2196	0	1	0
12332	1	5	3	0	28	2196	0	1	0
12333	1	4	2	0	28	2196	0	1	0
12335	1	1	4	0	28	2196	0	1	0
12341	1	2	5	0	28	2196	0	1	0
12342	1	3	1	0	28	2196	0	1	0
12343	1	5	3	0	28	2196	0	1	0
12349	1	1	4	0	28	2196	0	1	0
12354	1	5	3	0	28	2196	0	1	0
12355	1	4	2	0	28	2196	0	1	0
12367	1	4	2	0	28	2196	0	1	0
12374	1	2	5	0	28	2196	0	1	0
12375	1	5	3	0	28	2196	0	1	0
12393	1	4	2	0	28	2196	0	1	0
12394	1	3	1	0	28	2196	0	1	0
12395	1	5	3	0	28	2196	0	1	0
12396	1	1	4	0	28	2196	0	1	0
12397	1	2	5	0	28	2196	0	1	0
12400	1	1	4	0	28	2196	0	1	0
12406	1	4	2	0	28	2196	0	1	0
12411	1	5	3	0	28	2196	0	1	0
12417	1	4	2	0	28	2196	0	1	0
12420	1	3	1	0	28	2196	0	1	0
12421	1	2	5	0	28	2196	0	1	0
12424	1	3	1	0	28	2196	0	1	0
12431	1	5	3	0	28	2196	0	1	0
12434	1	2	5	0	28	2196	0	1	0
12438	1	3	1	0	28	2196	0	1	0
12445	1	1	4	0	28	2196	0	1	0
12447	1	5	3	0	28	2196	0	1	0
12448	1	4	2	0	28	2196	0	1	0
12455	1	2	5	0	28	2196	0	1	0
12469	1	1	4	0	28	2196	0	1	0
12470	1	5	3	0	28	2196	0	1	0
12471	1	4	2	0	28	2196	0	1	0
12474	1	4	2	0	28	2196	0	1	0
12476	1	1	4	0	28	2196	0	1	0
12479	1	2	5	0	28	2196	0	1	0
12485	1	5	3	0	28	2196	0	1	0
12486	1	4	2	0	28	2196	0	1	0
12492	1	3	1	0	28	2196	0	1	0
12493	1	4	2	0	28	2196	0	1	0
12499	1	1	4	0	28	2196	0	1	0
12500	1	3	1	0	28	2196	0	1	0
12504	1	4	2	0	28	2196	0	1	0
12521	1	4	2	0	28	2196	0	1	0
12526	1	2	5	0	28	2196	0	1	0
12527	1	3	1	0	28	2196	0	1	0
12530	1	5	3	0	28	2196	0	1	0
12531	1	1	4	0	28	2196	0	1	0
12536	1	2	5	0	28	2196	0	1	0
12545	1	1	4	0	28	2196	0	1	0
12546	1	4	2	0	28	2196	0	1	0
12550	1	5	3	0	28	2196	0	1	0
12553	1	2	5	0	28	2196	0	1	0
12560	1	5	3	0	28	2196	0	1	0
12561	1	4	2	0	28	2196	0	1	0
12563	1	1	4	0	28	2196	0	1	0
12570	1	2	5	0	28	2196	0	1	0
12571	1	5	3	0	28	2196	0	1	0
12578	1	3	1	0	28	2196	0	1	0
12579	1	4	2	0	28	2196	0	1	0
12593	1	3	1	0	28	2196	0	1	0
12613	1	3	1	0	28	2196	0	1	0
12617	1	5	3	0	28	2196	0	1	0
12618	1	3	1	0	28	2196	0	1	0
12625	1	2	5	0	28	2196	0	1	0
12628	1	4	2	0	28	2196	0	1	0
12631	1	3	1	0	28	2196	0	1	0
12637	1	4	2	0	28	2196	0	1	0
12643	1	3	1	0	28	2196	0	1	0
12646	1	5	3	0	28	2196	0	1	0
12648	1	2	5	0	28	2196	0	1	0
12649	1	4	2	0	28	2196	0	1	0
12653	1	1	4	0	28	2196	0	1	0
12655	1	3	1	0	28	2196	0	1	0
12659	1	2	5	0	28	2196	0	1	0
12661	1	3	1	0	28	2196	0	1	0
12665	1	3	1	0	28	2196	0	1	0
12666	1	4	2	0	28	2196	0	1	0
12667	1	5	3	0	28	2196	0	1	0
12669	1	2	5	0	28	2196	0	1	0
12680	1	4	2	0	28	2196	0	1	0
12684	1	2	5	0	28	2196	0	1	0
12685	1	3	1	0	28	2196	0	1	0
12689	1	1	4	0	28	2196	0	1	0
12691	1	2	5	0	28	2196	0	1	0
12694	1	5	3	0	28	2196	0	1	0
12695	1	3	1	0	28	2196	0	1	0
12701	1	1	4	0	28	2196	0	1	0
12703	1	4	2	0	28	2196	0	1	0
12708	1	2	5	0	28	2196	0	1	0
12712	1	1	4	0	28	2196	0	1	0
12716	1	2	5	0	28	2196	0	1	0
12723	1	5	3	0	28	2196	0	1	0
12727	1	4	2	0	28	2196	0	1	0
12728	1	2	5	0	28	2196	0	1	0
12729	1	1	4	0	28	2196	0	1	0
12732	1	3	1	0	28	2196	0	1	0
12746	1	4	2	0	28	2196	0	1	0
12747	1	2	5	0	28	2196	0	1	0
12752	1	5	3	0	28	2196	0	1	0
12753	1	3	1	0	28	2196	0	1	0
12754	1	4	2	0	28	2196	0	1	0
12755	1	2	5	0	28	2196	0	1	0
12759	1	1	4	0	28	2196	0	1	0
12769	1	4	2	0	28	2196	0	1	0
12770	1	2	5	0	28	2196	0	1	0
12771	1	5	3	0	28	2196	0	1	0
12774	1	2	5	0	28	2196	0	1	0
12776	1	4	2	0	28	2196	0	1	0
12777	1	1	4	0	28	2196	0	1	0
12786	1	2	5	0	28	2196	0	1	0
12790	1	3	1	0	28	2196	0	1	0
12799	1	5	3	0	28	2196	0	1	0
12800	1	2	5	0	28	2196	0	1	0
12802	1	5	3	0	28	2196	0	1	0
12804	1	4	2	0	28	2196	0	1	0
12806	1	5	3	0	28	2196	0	1	0
12814	1	1	4	0	28	2196	0	1	0
12816	1	5	3	0	28	2196	0	1	0
12822	1	5	3	0	28	2196	0	1	0
12825	1	1	4	0	28	2196	0	1	0
12828	1	3	1	0	28	2196	0	1	0
12839	1	4	2	0	28	2196	0	1	0
12843	1	2	5	0	28	2196	0	1	0
12846	1	3	1	0	28	2196	0	1	0
12850	1	2	5	0	28	2196	0	1	0
12851	1	5	3	0	28	2196	0	1	0
12854	1	1	4	0	28	2196	0	1	0
12857	1	3	1	0	28	2196	0	1	0
12859	1	5	3	0	28	2196	0	1	0
12862	1	4	2	0	28	2196	0	1	0
12872	1	2	5	0	28	2196	0	1	0
12874	1	5	3	0	28	2196	0	1	0
12876	1	1	4	0	28	2196	0	1	0
12877	1	3	1	0	28	2196	0	1	0
12883	1	2	5	0	28	2196	0	1	0
12890	1	4	2	0	28	2196	0	1	0
12891	1	5	3	0	28	2196	0	1	0
12896	1	2	5	0	28	2196	0	1	0
12899	1	1	4	0	28	2196	0	1	0
12900	1	3	1	0	28	2196	0	1	0
12908	1	4	2	0	28	2196	0	1	0
12914	1	4	2	0	28	2196	0	1	0
12917	1	3	1	0	28	2196	0	1	0
12922	1	5	3	0	28	2196	0	1	0
12927	1	1	4	0	28	2196	0	1	0
12933	1	3	1	0	28	2196	0	1	0
12937	1	5	3	0	28	2196	0	1	0
12940	1	1	4	0	28	2196	0	1	0
12943	1	4	2	0	28	2196	0	1	0
12951	1	1	4	0	28	2196	0	1	0
12952	1	5	3	0	28	2196	0	1	0
12955	1	1	4	0	28	2196	0	1	0
12959	1	4	2	0	28	2196	0	1	0
12960	1	3	1	0	28	2196	0	1	0
12971	1	1	4	0	28	2196	0	1	0
12973	1	4	2	0	28	2196	0	1	0
12974	1	5	3	0	28	2196	0	1	0
12980	1	3	1	0	28	2196	0	1	0
12990	1	2	5	0	28	2196	0	1	0
12991	1	5	3	0	28	2196	0	1	0
12994	1	4	2	0	28	2196	0	1	0
12999	1	3	1	0	28	2196	0	1	0
13002	1	1	4	0	28	2196	0	1	0
13011	1	3	1	0	28	2196	0	1	0
13012	1	1	4	0	28	2196	0	1	0
13016	1	4	2	0	28	2196	0	1	0
13021	1	2	5	0	28	2196	0	1	0
13022	1	5	3	0	28	2196	0	1	0
13030	1	4	2	0	28	2196	0	1	0
13034	1	2	5	0	28	2196	0	1	0
13035	1	3	1	0	28	2196	0	1	0
13036	1	5	3	0	28	2196	0	1	0
13037	1	1	4	0	28	2196	0	1	0
13041	1	5	3	0	28	2196	0	1	0
13048	1	3	1	0	28	2196	0	1	0
13051	1	2	5	0	28	2196	0	1	0
13052	1	4	2	0	28	2196	0	1	0
13056	1	3	1	0	28	2196	0	1	0
13074	1	2	5	0	28	2196	0	1	0
13075	1	3	1	0	28	2196	0	1	0
13078	1	5	3	0	28	2196	0	1	0
13089	1	3	1	0	28	2196	0	1	0
13091	1	2	5	0	28	2196	0	1	0
13093	1	4	2	0	28	2196	0	1	0
13098	1	1	4	0	28	2196	0	1	0
13106	1	5	3	0	28	2196	0	1	0
13108	1	2	5	0	28	2196	0	1	0
13109	1	3	1	0	28	2196	0	1	0
13113	1	1	4	0	28	2196	0	1	0
13122	1	3	1	0	28	2196	0	1	0
13127	1	5	3	0	28	2196	0	1	0
13132	1	4	2	0	28	2196	0	1	0
13139	1	2	5	0	28	2196	0	1	0
13143	1	1	4	0	28	2196	0	1	0
13144	1	5	3	0	28	2196	0	1	0
13145	1	3	1	0	28	2196	0	1	0
13149	1	4	2	0	28	2196	0	1	0
13154	1	5	3	0	28	2196	0	1	0
13157	1	1	4	0	28	2196	0	1	0
13165	1	3	1	0	28	2196	0	1	0
13167	1	2	5	0	28	2196	0	1	0
13168	1	4	2	0	28	2196	0	1	0
13170	1	5	3	0	28	2196	0	1	0
13172	1	1	4	0	28	2196	0	1	0
13175	1	5	3	0	28	2196	0	1	0
13177	1	3	1	0	28	2196	0	1	0
13180	1	1	4	0	28	2196	0	1	0
13189	1	4	2	0	28	2196	0	1	0
13191	1	1	4	0	28	2196	0	1	0
13196	1	2	5	0	28	2196	0	1	0
13206	1	4	2	0	28	2196	0	1	0
13213	1	4	2	0	28	2196	0	1	0
13215	1	2	5	0	28	2196	0	1	0
13217	1	1	4	0	28	2196	0	1	0
13221	1	5	3	0	28	2196	0	1	0
13222	1	4	2	0	28	2196	0	1	0
13223	1	2	5	0	28	2196	0	1	0
13231	1	3	1	0	28	2196	0	1	0
13233	1	2	5	0	28	2196	0	1	0
13234	1	1	4	0	28	2196	0	1	0
13236	1	2	5	0	28	2196	0	1	0
13243	1	1	4	0	28	2196	0	1	0
13247	1	3	1	0	28	2196	0	1	0
13250	1	4	2	0	28	2196	0	1	0
13260	1	2	5	0	28	2196	0	1	0
13265	1	3	1	0	28	2196	0	1	0
13268	1	4	2	0	28	2196	0	1	0
13274	1	3	1	0	28	2196	0	1	0
13279	1	1	4	0	28	2196	0	1	0
13282	1	5	3	0	28	2196	0	1	0
13283	1	2	5	0	28	2196	0	1	0
13294	1	4	2	0	28	2196	0	1	0
13299	1	3	1	0	28	2196	0	1	0
13303	1	2	5	0	28	2196	0	1	0
13304	1	1	4	0	28	2196	0	1	0
13306	1	3	1	0	28	2196	0	1	0
13309	1	2	5	0	28	2196	0	1	0
13318	1	4	2	0	28	2196	0	1	0
13319	1	3	1	0	28	2196	0	1	0
13321	1	1	4	0	28	2196	0	1	0
13329	1	4	2	0	28	2196	0	1	0
13340	1	2	5	0	28	2196	0	1	0
13344	1	4	2	0	28	2196	0	1	0
13345	1	2	5	0	28	2196	0	1	0
13349	1	1	4	0	28	2196	0	1	0
13352	1	3	1	0	28	2196	0	1	0
13363	1	2	5	0	28	2196	0	1	0
13367	1	2	5	0	28	2196	0	1	0
13370	1	2	5	0	28	2196	0	1	0
13375	1	4	2	0	28	2196	0	1	0
13378	1	5	3	0	28	2196	0	1	0
13379	1	1	4	0	28	2196	0	1	0
13383	1	2	5	0	28	2196	0	1	0
13387	1	5	3	0	28	2196	0	1	0
13393	1	3	1	0	28	2196	0	1	0
13395	1	2	5	0	28	2196	0	1	0
13396	1	5	3	0	28	2196	0	1	0
13397	1	1	4	0	28	2196	0	1	0
13400	1	5	3	0	28	2196	0	1	0
13412	1	5	3	0	28	2196	0	1	0
13415	1	4	2	0	28	2196	0	1	0
13416	1	1	4	0	28	2196	0	1	0
13423	1	5	3	0	28	2196	0	1	0
13427	1	2	5	0	28	2196	0	1	0
13430	1	1	4	0	28	2196	0	1	0
13439	1	4	2	0	28	2196	0	1	0
13440	1	2	5	0	28	2196	0	1	0
13443	1	5	3	0	28	2196	0	1	0
13449	1	3	1	0	28	2196	0	1	0
13452	1	4	2	0	28	2196	0	1	0
13454	1	2	5	0	28	2196	0	1	0
13464	1	3	1	0	28	2196	0	1	0
13473	1	5	3	0	28	2196	0	1	0
13481	1	2	5	0	28	2196	0	1	0
13482	1	5	3	0	28	2196	0	1	0
13488	1	4	2	0	28	2196	0	1	0
13497	1	4	2	0	28	2196	0	1	0
13498	1	2	5	0	28	2196	0	1	0
13499	1	1	4	0	28	2196	0	1	0
13502	1	5	3	0	28	2196	0	1	0
13519	1	2	5	0	28	2196	0	1	0
13520	1	3	1	0	28	2196	0	1	0
13526	1	1	4	0	28	2196	0	1	0
