% time	cellId	IMSI	RNTI	sinrLinear	componentCarrierId
0.041	1	1	1	7604.26	0
0.081	1	1	1	5148.83	0
0.121	1	1	1	8203.72	0
0.161	1	1	1	14920.4	0
0.201	1	1	1	1685.63	0
0.241	1	1	1	4842.88	0
0.281	1	1	1	6840.67	0
0.321	1	1	1	1240.87	0
0.361	1	1	1	1743.32	0
0.401	1	1	1	2655.99	0
0.441	1	1	1	5098.67	0
0.481	1	1	1	2470.72	0
0.521	1	1	1	1162	0
0.561	1	1	1	920.5	0
0.601	1	1	1	366.615	0
0.641	1	1	1	439.976	0
0.681	1	1	1	310.868	0
0.721	1	1	1	1526.09	0
0.761	1	1	1	2134.91	0
0.801	1	1	1	2358.34	0
0.841	1	1	1	2639.32	0
0.881	1	1	1	1312.35	0
0.921	1	1	1	5033.87	0
0.961	1	1	1	3040.64	0
1.001	1	1	1	2974.35	0
1.041	1	1	1	1265.59	0
1.081	1	1	1	2193.89	0
1.121	1	1	1	5151.89	0
1.161	1	1	1	3885.49	0
1.201	1	1	1	3152.44	0
1.241	1	1	1	3044.56	0
1.281	1	1	1	2321.22	0
1.321	1	1	1	4694.66	0
1.361	1	1	1	5216.7	0
1.401	1	1	1	2907.19	0
1.441	1	1	1	5860.64	0
1.481	1	1	1	7813.06	0
1.521	1	1	1	2691.13	0
1.561	1	1	1	360.619	0
1.601	1	1	1	866.25	0
1.641	1	1	1	1662.35	0
1.681	1	1	1	815.764	0
1.721	1	1	1	861.998	0
1.761	1	1	1	2338.13	0
1.801	1	1	1	702.499	0
1.841	1	1	1	3278.49	0
1.881	1	1	1	1778.45	0
1.921	1	1	1	541.21	0
1.961	1	1	1	1835.15	0
2.001	1	1	1	1105.13	0
2.041	1	1	1	8846.94	0
2.081	1	1	1	12739.4	0
2.121	1	1	1	2173.76	0
2.161	1	1	1	2438.86	0
2.201	1	1	1	3939.03	0
2.241	1	1	1	7339.1	0
2.281	1	1	1	4299.23	0
2.321	1	1	1	1909.22	0
2.361	1	1	1	7388.03	0
2.401	1	1	1	7345.78	0
2.441	1	1	1	4141.31	0
2.481	1	1	1	1504.59	0
2.521	1	1	1	2761.87	0
2.561	1	1	1	7152.13	0
2.601	1	1	1	6385.32	0
2.641	1	1	1	607.823	0
2.681	1	1	1	1655.95	0
2.721	1	1	1	6544.22	0
2.761	1	1	1	702.908	0
2.801	1	1	1	1520.05	0
2.841	1	1	1	4072.5	0
2.881	1	1	1	6368.26	0
2.921	1	1	1	1759.88	0
2.961	1	1	1	1120.69	0
3.001	1	1	1	1206.76	0
3.041	1	1	1	1167.08	0
3.081	1	1	1	5591.38	0
3.121	1	1	1	1822.73	0
3.161	1	1	1	4404.2	0
3.201	1	1	1	3596.72	0
3.241	1	1	1	1978.76	0
3.281	1	1	1	1996.89	0
3.321	1	1	1	625.057	0
3.361	1	1	1	540.712	0
3.401	1	1	1	1509.9	0
3.441	1	1	1	2476.86	0
3.481	1	1	1	3498.81	0
3.521	1	1	1	1660.73	0
3.561	1	1	1	631.456	0
3.601	1	1	1	1476.44	0
3.641	1	1	1	2125.41	0
3.681	1	1	1	1964.7	0
3.721	1	1	1	2255.92	0
3.761	1	1	1	2160.75	0
3.801	1	1	1	561.978	0
3.841	1	1	1	1255.16	0
3.881	1	1	1	4547.79	0
3.921	1	1	1	973.128	0
3.961	1	1	1	1211.95	0
4.001	1	1	1	1730.72	0
4.041	1	1	1	3822.01	0
4.081	1	1	1	2279.65	0
4.121	1	1	1	1252.91	0
4.161	1	1	1	1378.26	0
4.201	1	1	1	1500.03	0
4.241	1	1	1	6834.85	0
4.281	1	1	1	6162.41	0
4.321	1	1	1	4325.21	0
4.361	1	1	1	6548.02	0
4.401	1	1	1	11389	0
4.441	1	1	1	8368.53	0
4.481	1	1	1	2712.72	0
4.521	1	1	1	639.006	0
4.561	1	1	1	1872.08	0
4.601	1	1	1	2597.35	0
4.641	1	1	1	922.189	0
4.681	1	1	1	1699.88	0
4.721	1	1	1	1233.12	0
4.761	1	1	1	2013.87	0
4.801	1	1	1	3870.73	0
4.841	1	1	1	4154.72	0
4.881	1	1	1	3600.69	0
4.921	1	1	1	723.277	0
4.961	1	1	1	4812.11	0
5.001	1	1	1	1235.69	0
5.041	1	1	1	1765.43	0
5.081	1	1	1	3220.24	0
5.121	1	1	1	3320.32	0
5.161	1	1	1	1547.1	0
5.201	1	1	1	772.456	0
5.241	1	1	1	695.699	0
5.281	1	1	1	1896.31	0
5.321	1	1	1	7701.25	0
5.361	1	1	1	2460.88	0
5.401	1	1	1	2871.34	0
5.441	1	1	1	6140.67	0
5.481	1	1	1	3873.77	0
5.521	1	1	1	1725.05	0
5.561	1	1	1	5153.17	0
5.601	1	1	1	4360.25	0
5.641	1	1	1	3410.24	0
5.681	1	1	1	4352.27	0
5.721	1	1	1	3036.6	0
5.761	1	1	1	2331.36	0
5.801	1	1	1	686.406	0
5.841	1	1	1	672.933	0
5.881	1	1	1	1288.29	0
5.921	1	1	1	2265.49	0
5.961	1	1	1	15347.8	0
6.001	1	1	1	1440.3	0
6.041	1	1	1	9603.48	0
6.081	1	1	1	3310.27	0
6.121	1	1	1	3949.19	0
6.161	1	1	1	6682.98	0
6.201	1	1	1	1115.22	0
6.241	1	1	1	1159.29	0
6.281	1	1	1	1302.8	0
6.321	1	1	1	1102.83	0
6.361	1	1	1	2009.76	0
6.401	1	1	1	2005.21	0
6.441	1	1	1	1597.54	0
6.481	1	1	1	2228.17	0
6.521	1	1	1	13293.3	0
6.561	1	1	1	6971.33	0
6.601	1	1	1	1529.39	0
6.641	1	1	1	1503.73	0
6.681	1	1	1	1535.08	0
6.721	1	1	1	2889.46	0
6.761	1	1	1	9436.53	0
6.801	1	1	1	3054.69	0
6.841	1	1	1	4125.4	0
6.881	1	1	1	4606.09	0
6.921	1	1	1	1369.81	0
6.961	1	1	1	4142.37	0
7.001	1	1	1	1438.97	0
7.041	1	1	1	973.044	0
7.081	1	1	1	920.198	0
7.121	1	1	1	1046.11	0
7.161	1	1	1	2197.87	0
7.201	1	1	1	1113.07	0
7.241	1	1	1	713.221	0
7.281	1	1	1	2398.95	0
7.321	1	1	1	6638.29	0
7.361	1	1	1	6835.48	0
7.401	1	1	1	2160.86	0
7.441	1	1	1	3948.75	0
7.481	1	1	1	9756.93	0
7.521	1	1	1	9252.61	0
7.561	1	1	1	2867.83	0
7.601	1	1	1	3373.25	0
7.641	1	1	1	1355.93	0
7.681	1	1	1	1168.24	0
7.721	1	1	1	973.995	0
7.761	1	1	1	4348.18	0
7.801	1	1	1	7227.32	0
7.841	1	1	1	3634.67	0
7.881	1	1	1	2769.35	0
7.921	1	1	1	6403.4	0
7.961	1	1	1	8618.55	0
8.001	1	1	1	1617.19	0
8.041	1	1	1	1524.3	0
8.081	1	1	1	5012.94	0
8.121	1	1	1	13440.7	0
8.161	1	1	1	1854.9	0
8.201	1	1	1	1260.84	0
8.241	1	1	1	1867.27	0
8.281	1	1	1	388.385	0
8.321	1	1	1	1665.63	0
8.361	1	1	1	3739.51	0
8.401	1	1	1	3411.48	0
8.441	1	1	1	2135.41	0
8.481	1	1	1	2461.73	0
8.521	1	1	1	5104.49	0
8.561	1	1	1	5975.91	0
8.601	1	1	1	1706.77	0
8.641	1	1	1	2508.49	0
8.681	1	1	1	2710.27	0
8.721	1	1	1	1013.1	0
8.761	1	1	1	867.464	0
8.801	1	1	1	1631.21	0
8.841	1	1	1	4021.98	0
8.881	1	1	1	3538.36	0
8.921	1	1	1	1737.76	0
8.961	1	1	1	1382.15	0
9.001	1	1	1	4357.25	0
9.041	1	1	1	1558.18	0
9.081	1	1	1	704.781	0
9.121	1	1	1	1928.9	0
9.161	1	1	1	3917.24	0
9.201	1	1	1	1295.21	0
9.241	1	1	1	1407.42	0
9.281	1	1	1	2542.68	0
9.321	1	1	1	5616.74	0
9.361	1	1	1	5835.37	0
9.401	1	1	1	1337.42	0
9.441	1	1	1	1457.83	0
9.481	1	1	1	2663.92	0
9.521	1	1	1	747.279	0
9.561	1	1	1	4907.84	0
9.601	1	1	1	7162.39	0
9.641	1	1	1	2142.43	0
9.681	1	1	1	1351.6	0
9.721	1	1	1	2090.78	0
9.761	1	1	1	6854.09	0
9.801	1	1	1	10091.3	0
9.841	1	1	1	2313.2	0
9.881	1	1	1	2466.96	0
9.921	1	1	1	8311.62	0
9.961	1	1	1	3629.86	0
10.001	1	1	1	1703.63	0
10.041	1	1	1	6203.78	0
10.081	1	1	1	1945.91	0
10.121	1	1	1	1974.68	0
10.161	1	1	1	1658.46	0
10.201	1	1	1	585.282	0
10.241	1	1	1	502.431	0
10.281	1	1	1	2893.11	0
10.321	1	1	1	8284.62	0
10.361	1	1	1	2293.17	0
10.401	1	1	1	2268.2	0
10.441	1	1	1	8131.39	0
10.481	1	1	1	3598.46	0
10.521	1	1	1	1816.89	0
10.561	1	1	1	1571.6	0
10.601	1	1	1	1911.2	0
10.641	1	1	1	765.399	0
10.681	1	1	1	4187.45	0
10.721	1	1	1	4914.32	0
10.761	1	1	1	4365.55	0
10.801	1	1	1	3762.98	0
10.841	1	1	1	2220.02	0
10.881	1	1	1	1622.9	0
10.921	1	1	1	890.226	0
10.961	1	1	1	1176.37	0
11.001	1	1	1	639.942	0
11.041	1	1	1	1810.17	0
11.081	1	1	1	880.708	0
11.121	1	1	1	1487.2	0
11.161	1	1	1	7285.35	0
11.201	1	1	1	6900.54	0
11.241	1	1	1	1491.23	0
11.281	1	1	1	1973.19	0
11.321	1	1	1	445.149	0
11.361	1	1	1	1912.53	0
11.401	1	1	1	4678.53	0
11.441	1	1	1	2005.23	0
11.481	1	1	1	2432.23	0
11.521	1	1	1	2591.25	0
11.561	1	1	1	891.232	0
11.601	1	1	1	3312.35	0
11.641	1	1	1	1670.19	0
11.681	1	1	1	4061.23	0
11.721	1	1	1	2053.85	0
11.761	1	1	1	764.735	0
11.801	1	1	1	13385.7	0
11.841	1	1	1	1793.81	0
11.881	1	1	1	1348.56	0
11.921	1	1	1	4885.73	0
11.961	1	1	1	2177.64	0
12.001	1	1	1	4599.71	0
12.041	1	1	1	2051.32	0
12.081	1	1	1	2908.53	0
12.121	1	1	1	2247.23	0
12.161	1	1	1	846.294	0
12.201	1	1	1	680.623	0
12.241	1	1	1	718.606	0
12.281	1	1	1	2000.11	0
12.321	1	1	1	2455.91	0
12.361	1	1	1	867.327	0
12.401	1	1	1	2041.51	0
12.441	1	1	1	5479.56	0
12.481	1	1	1	1674.12	0
12.521	1	1	1	421.05	0
12.561	1	1	1	838.614	0
12.601	1	1	1	2910.54	0
12.641	1	1	1	3361.33	0
12.681	1	1	1	5874.15	0
12.721	1	1	1	1590.35	0
12.761	1	1	1	2030.5	0
12.801	1	1	1	8432.83	0
12.841	1	1	1	2282.81	0
12.881	1	1	1	924.554	0
12.921	1	1	1	1844.55	0
12.961	1	1	1	7317.71	0
13.001	1	1	1	8804.17	0
13.041	1	1	1	1719.83	0
13.081	1	1	1	1141.41	0
13.121	1	1	1	1693.82	0
13.161	1	1	1	1671.3	0
13.201	1	1	1	2122.55	0
13.241	1	1	1	2686.12	0
13.281	1	1	1	4397.22	0
13.321	1	1	1	1206.07	0
13.361	1	1	1	2516.32	0
13.401	1	1	1	1777.11	0
13.441	1	1	1	627.206	0
13.481	1	1	1	1792.61	0
13.521	1	1	1	1466.6	0
13.561	1	1	1	2401.44	0
13.601	1	1	1	4250.32	0
13.641	1	1	1	1918.07	0
13.681	1	1	1	1218.23	0
13.721	1	1	1	736.658	0
13.761	1	1	1	6580.87	0
13.801	1	1	1	6237.57	0
13.841	1	1	1	6454.32	0
13.881	1	1	1	4424.24	0
13.921	1	1	1	4282.75	0
13.961	1	1	1	6041.25	0
14.001	1	1	1	1287.38	0
14.041	1	1	1	4436.99	0
14.081	1	1	1	1562.57	0
14.121	1	1	1	1641.37	0
14.161	1	1	1	472.228	0
14.201	1	1	1	115.745	0
14.241	1	1	1	403.597	0
14.281	1	1	1	650.424	0
14.321	1	1	1	1882.56	0
14.361	1	1	1	8292.8	0
14.401	1	1	1	2638.21	0
14.441	1	1	1	4316.24	0
14.481	1	1	1	2010.61	0
14.521	1	1	1	3162.77	0
14.561	1	1	1	907.693	0
14.601	1	1	1	7628.09	0
14.641	1	1	1	6398.16	0
14.681	1	1	1	2460.49	0
14.721	1	1	1	1271.26	0
14.761	1	1	1	1023.65	0
14.801	1	1	1	1163.38	0
14.841	1	1	1	3769.5	0
14.881	1	1	1	2105.78	0
14.921	1	1	1	1103.06	0
14.961	1	1	1	5522.62	0
15.001	1	1	1	3777.35	0
15.041	1	1	1	1931.15	0
15.081	1	1	1	5332.18	0
15.121	1	1	1	3394.48	0
15.161	1	1	1	1497.82	0
15.201	1	1	1	2605.22	0
15.241	1	1	1	2540.59	0
15.281	1	1	1	2602.85	0
15.321	1	1	1	2976.33	0
15.361	1	1	1	1372.87	0
15.401	1	1	1	1630.44	0
15.441	1	1	1	3680.29	0
15.481	1	1	1	2102.28	0
15.521	1	1	1	672.991	0
15.561	1	1	1	7411.71	0
15.601	1	1	1	6386.11	0
15.641	1	1	1	1328.93	0
15.681	1	1	1	8826.83	0
15.721	1	1	1	4555.45	0
15.761	1	1	1	930.626	0
15.801	1	1	1	1824.73	0
15.841	1	1	1	1416.79	0
15.881	1	1	1	1282.97	0
15.921	1	1	1	3134.02	0
15.961	1	1	1	7990	0
16.001	1	1	1	750.867	0
16.041	1	1	1	262.304	0
16.081	1	1	1	2795.28	0
16.121	1	1	1	1699.15	0
16.161	1	1	1	1054.86	0
16.201	1	1	1	6550.04	0
16.241	1	1	1	1256.29	0
16.281	1	1	1	4475.47	0
16.321	1	1	1	4936.87	0
16.361	1	1	1	2648.32	0
16.401	1	1	1	3206.57	0
16.441	1	1	1	2902.46	0
16.481	1	1	1	1532.68	0
16.521	1	1	1	9407.48	0
16.561	1	1	1	2229.41	0
16.601	1	1	1	2090	0
16.641	1	1	1	4019.22	0
16.681	1	1	1	609.099	0
16.721	1	1	1	741.877	0
16.761	1	1	1	1955.38	0
16.801	1	1	1	2467.12	0
16.841	1	1	1	2079.26	0
16.881	1	1	1	887.053	0
16.921	1	1	1	2004.55	0
16.961	1	1	1	1118.3	0
17.001	1	1	1	771.278	0
17.041	1	1	1	948.687	0
17.081	1	1	1	874.499	0
17.121	1	1	1	707.955	0
17.161	1	1	1	1199.17	0
17.201	1	1	1	3296.24	0
17.241	1	1	1	1307.98	0
17.281	1	1	1	1866.35	0
17.321	1	1	1	5341.37	0
17.361	1	1	1	1318.65	0
17.401	1	1	1	1466.62	0
17.441	1	1	1	2533.67	0
17.481	1	1	1	1608.13	0
17.521	1	1	1	1829.34	0
17.561	1	1	1	3913.45	0
17.601	1	1	1	3339.4	0
17.641	1	1	1	6544.34	0
17.681	1	1	1	8858.18	0
17.721	1	1	1	4207.63	0
17.761	1	1	1	7732.46	0
17.801	1	1	1	7057.72	0
17.841	1	1	1	3710.69	0
17.881	1	1	1	8202.73	0
17.921	1	1	1	6677.8	0
17.961	1	1	1	995.923	0
18.001	1	1	1	1830.39	0
18.041	1	1	1	4383.03	0
18.081	1	1	1	1610.05	0
18.121	1	1	1	3207.55	0
18.161	1	1	1	3226.57	0
18.201	1	1	1	1532.23	0
18.241	1	1	1	2455.21	0
18.281	1	1	1	2156.34	0
18.321	1	1	1	3833.08	0
18.361	1	1	1	2406.3	0
18.401	1	1	1	989.729	0
18.441	1	1	1	2121.62	0
18.481	1	1	1	1132.69	0
18.521	1	1	1	1435.86	0
18.561	1	1	1	1197.05	0
18.601	1	1	1	3037.97	0
18.641	1	1	1	1782.09	0
18.681	1	1	1	5285.95	0
18.721	1	1	1	7070.13	0
18.761	1	1	1	1491.51	0
18.801	1	1	1	2357.08	0
18.841	1	1	1	1224.27	0
18.881	1	1	1	581.783	0
18.921	1	1	1	3107.7	0
18.961	1	1	1	1624.54	0
19.001	1	1	1	4656.51	0
19.041	1	1	1	3570.61	0
19.081	1	1	1	2176.73	0
19.121	1	1	1	3101.28	0
19.161	1	1	1	993.718	0
19.201	1	1	1	587.908	0
19.241	1	1	1	7275.73	0
19.281	1	1	1	4039.32	0
19.321	1	1	1	2596.15	0
19.361	1	1	1	5491.52	0
19.401	1	1	1	2083.96	0
19.441	1	1	1	2296.54	0
19.481	1	1	1	818.361	0
19.521	1	1	1	1668.78	0
19.561	1	1	1	2589.96	0
19.601	1	1	1	10649.1	0
19.641	1	1	1	3284.72	0
19.681	1	1	1	2466.75	0
19.721	1	1	1	6296.06	0
19.761	1	1	1	9393.92	0
19.801	1	1	1	4316.96	0
19.841	1	1	1	1275	0
19.881	1	1	1	1121.64	0
19.921	1	1	1	2212.56	0
19.961	1	1	1	3309.05	0
20.001	1	1	1	1946.27	0
20.041	1	1	1	1077.88	0
20.081	1	1	1	822.606	0
20.121	1	1	1	894.345	0
20.161	1	1	1	1052.28	0
20.201	1	1	1	1802.15	0
20.241	1	1	1	1456.3	0
20.281	1	1	1	2386.66	0
20.321	1	1	1	5014.15	0
20.361	1	1	1	10196.7	0
20.401	1	1	1	3431.78	0
20.441	1	1	1	1017.53	0
20.481	1	1	1	5079.54	0
20.521	1	1	1	880.603	0
20.561	1	1	1	4609.11	0
20.601	1	1	1	11204.7	0
20.641	1	1	1	10591	0
20.681	1	1	1	6260.72	0
20.721	1	1	1	5915.91	0
20.761	1	1	1	4586.67	0
20.801	1	1	1	4281.28	0
20.841	1	1	1	4795.16	0
20.881	1	1	1	6021.81	0
20.921	1	1	1	2104.79	0
20.961	1	1	1	800.788	0
21.001	1	1	1	666.289	0
21.041	1	1	1	1354.94	0
21.081	1	1	1	3727.71	0
21.121	1	1	1	4786.99	0
21.161	1	1	1	15507	0
21.201	1	1	1	12572.5	0
21.241	1	1	1	3085.01	0
21.281	1	1	1	2168.57	0
21.321	1	1	1	1585.9	0
21.361	1	1	1	3134.6	0
21.401	1	1	1	1715.14	0
21.441	1	1	1	1090.13	0
21.481	1	1	1	1112.19	0
21.521	1	1	1	2761.94	0
21.561	1	1	1	4969	0
21.601	1	1	1	1420.93	0
21.641	1	1	1	999.837	0
21.681	1	1	1	396.906	0
21.721	1	1	1	3570.75	0
21.761	1	1	1	14150.7	0
21.801	1	1	1	1271.42	0
21.841	1	1	1	3437.96	0
21.881	1	1	1	3254.53	0
21.921	1	1	1	4610.21	0
21.961	1	1	1	11280	0
22.001	1	1	1	1756.04	0
22.041	1	1	1	1055.99	0
22.081	1	1	1	1231.29	0
22.121	1	1	1	382.177	0
22.161	1	1	1	1140.95	0
22.201	1	1	1	2008	0
22.241	1	1	1	1622.57	0
22.281	1	1	1	2729.91	0
22.321	1	1	1	1309.35	0
22.361	1	1	1	2139.47	0
22.401	1	1	1	4984.24	0
22.441	1	1	1	6191.59	0
22.481	1	1	1	9217.07	0
22.521	1	1	1	1009.22	0
22.561	1	1	1	2055.21	0
22.601	1	1	1	901.718	0
22.641	1	1	1	16976.7	0
22.681	1	1	1	8381.69	0
22.721	1	1	1	2483.72	0
22.761	1	1	1	2085.55	0
22.801	1	1	1	1417.65	0
22.841	1	1	1	1341.91	0
22.881	1	1	1	5853.83	0
22.921	1	1	1	8364.1	0
22.961	1	1	1	10301.6	0
23.001	1	1	1	1599.24	0
23.041	1	1	1	3276.09	0
23.081	1	1	1	1294.09	0
23.121	1	1	1	752.294	0
23.161	1	1	1	663.03	0
23.201	1	1	1	721.298	0
23.241	1	1	1	2559.27	0
23.281	1	1	1	3662.91	0
23.321	1	1	1	2006.3	0
23.361	1	1	1	3785.92	0
23.401	1	1	1	2149.27	0
23.441	1	1	1	2102.79	0
23.481	1	1	1	14499.1	0
23.521	1	1	1	591.307	0
23.561	1	1	1	2269.4	0
23.601	1	1	1	3531.22	0
23.641	1	1	1	4532.81	0
23.681	1	1	1	2559.09	0
23.721	1	1	1	2765.74	0
23.761	1	1	1	1240.73	0
23.801	1	1	1	1755.76	0
23.841	1	1	1	1386.53	0
23.881	1	1	1	641.105	0
23.921	1	1	1	3611.69	0
23.961	1	1	1	9418.4	0
24.001	1	1	1	1828.72	0
24.041	1	1	1	1472.92	0
24.081	1	1	1	2767.64	0
24.121	1	1	1	5182.36	0
24.161	1	1	1	4422.62	0
24.201	1	1	1	1077.13	0
24.241	1	1	1	873.565	0
24.281	1	1	1	2440.63	0
24.321	1	1	1	1624.54	0
24.361	1	1	1	1972.75	0
24.401	1	1	1	1260.05	0
24.441	1	1	1	471.089	0
24.481	1	1	1	1224.53	0
24.521	1	1	1	8645.93	0
24.561	1	1	1	2636.49	0
24.601	1	1	1	1342.01	0
24.641	1	1	1	6095.08	0
24.681	1	1	1	2672.44	0
24.721	1	1	1	1967.14	0
24.761	1	1	1	1383.13	0
24.801	1	1	1	1086.07	0
24.841	1	1	1	4187.66	0
24.881	1	1	1	3490.06	0
24.921	1	1	1	1818.68	0
24.961	1	1	1	1734.29	0
25.001	1	1	1	6819.53	0
25.041	1	1	1	2439.15	0
25.081	1	1	1	1142.75	0
25.121	1	1	1	2800.93	0
25.161	1	1	1	1613.64	0
25.201	1	1	1	1760.94	0
25.241	1	1	1	1492.79	0
25.281	1	1	1	708.306	0
25.321	1	1	1	687.454	0
25.361	1	1	1	534.095	0
25.401	1	1	1	1843.09	0
25.441	1	1	1	2011.4	0
25.481	1	1	1	987.058	0
25.521	1	1	1	2278.31	0
25.561	1	1	1	3206.59	0
25.601	1	1	1	9994.61	0
25.641	1	1	1	1149.76	0
25.681	1	1	1	673.072	0
25.721	1	1	1	1906.19	0
25.761	1	1	1	1767.42	0
25.801	1	1	1	4398.31	0
25.841	1	1	1	1699.4	0
25.881	1	1	1	1493.33	0
25.921	1	1	1	6991.8	0
25.961	1	1	1	2838.99	0
26.001	1	1	1	6113.02	0
26.041	1	1	1	1715.31	0
26.081	1	1	1	3140.53	0
26.121	1	1	1	2924.92	0
26.161	1	1	1	1332.25	0
26.201	1	1	1	1465.05	0
26.241	1	1	1	207.353	0
26.281	1	1	1	3070.06	0
26.321	1	1	1	5882.43	0
26.361	1	1	1	369.509	0
26.401	1	1	1	1727.05	0
26.441	1	1	1	3089.53	0
26.481	1	1	1	2476.01	0
26.521	1	1	1	1589.37	0
26.561	1	1	1	1792.32	0
26.601	1	1	1	2104.96	0
26.641	1	1	1	1058.3	0
26.681	1	1	1	596.924	0
26.721	1	1	1	3386.78	0
26.761	1	1	1	6670.33	0
26.801	1	1	1	7439.63	0
26.841	1	1	1	2432.1	0
26.881	1	1	1	1460.15	0
26.921	1	1	1	618.674	0
26.961	1	1	1	1781.12	0
27.001	1	1	1	2038.34	0
27.041	1	1	1	24160.3	0
27.081	1	1	1	2902.2	0
27.121	1	1	1	2060.7	0
27.161	1	1	1	4444.53	0
27.201	1	1	1	3753.64	0
27.241	1	1	1	2848.02	0
27.281	1	1	1	1210.58	0
27.321	1	1	1	2525.54	0
27.361	1	1	1	4473.79	0
27.401	1	1	1	9117.83	0
27.441	1	1	1	2809.53	0
27.481	1	1	1	790.422	0
27.521	1	1	1	1794.87	0
27.561	1	1	1	932.135	0
27.601	1	1	1	524.659	0
27.641	1	1	1	1492.71	0
27.681	1	1	1	3094.57	0
27.721	1	1	1	1399.55	0
27.761	1	1	1	970.277	0
27.801	1	1	1	1008.53	0
27.841	1	1	1	730.023	0
27.881	1	1	1	3272.61	0
27.921	1	1	1	4031.36	0
27.961	1	1	1	2156.19	0
28.001	1	1	1	6815.33	0
28.041	1	1	1	17592	0
28.081	1	1	1	2233.12	0
28.121	1	1	1	745.918	0
28.161	1	1	1	403.872	0
28.201	1	1	1	1170.54	0
28.241	1	1	1	730.348	0
28.281	1	1	1	776.68	0
28.321	1	1	1	2597.95	0
28.361	1	1	1	1376.75	0
28.401	1	1	1	3184.03	0
28.441	1	1	1	2233.57	0
28.481	1	1	1	2186.55	0
28.521	1	1	1	1160.7	0
28.561	1	1	1	421.38	0
28.601	1	1	1	709.09	0
28.641	1	1	1	1274.07	0
28.681	1	1	1	780.065	0
28.721	1	1	1	1179.84	0
28.761	1	1	1	1113.4	0
28.801	1	1	1	1808.46	0
28.841	1	1	1	2150.51	0
28.881	1	1	1	778.21	0
28.921	1	1	1	1516.78	0
28.961	1	1	1	2213.35	0
29.001	1	1	1	1448.04	0
29.041	1	1	1	921.571	0
29.081	1	1	1	628.539	0
29.121	1	1	1	1309.18	0
29.161	1	1	1	4263.65	0
29.201	1	1	1	3949.53	0
29.241	1	1	1	3119.03	0
29.281	1	1	1	2615.41	0
29.321	1	1	1	4179	0
29.361	1	1	1	4723.17	0
29.401	1	1	1	2238.99	0
29.441	1	1	1	2496.84	0
29.481	1	1	1	2343.13	0
29.521	1	1	1	4129.47	0
29.561	1	1	1	1051.05	0
29.601	1	1	1	3569.76	0
29.641	1	1	1	3726.89	0
29.681	1	1	1	1686.18	0
29.721	1	1	1	998.271	0
29.761	1	1	1	1461.59	0
29.801	1	1	1	1704.36	0
29.841	1	1	1	3388.87	0
29.881	1	1	1	3131.26	0
29.921	1	1	1	2802.5	0
29.961	1	1	1	2122.68	0
30.001	1	1	1	658.806	0
30.041	1	1	1	7897.96	0
30.081	1	1	1	3574.66	0
30.121	1	1	1	1396.88	0
30.161	1	1	1	2268.93	0
30.201	1	1	1	5465.95	0
30.241	1	1	1	5400.96	0
30.281	1	1	1	1794.59	0
30.321	1	1	1	1785.83	0
30.361	1	1	1	5077.17	0
30.401	1	1	1	3740.85	0
30.441	1	1	1	1145.32	0
30.481	1	1	1	521.666	0
30.521	1	1	1	1745.09	0
30.561	1	1	1	823.585	0
30.601	1	1	1	995.794	0
30.641	1	1	1	1434.38	0
30.681	1	1	1	2348.32	0
30.721	1	1	1	16908.1	0
30.761	1	1	1	6768.55	0
30.801	1	1	1	3686.8	0
30.841	1	1	1	3373.77	0
30.881	1	1	1	1324.6	0
30.921	1	1	1	1379.39	0
30.961	1	1	1	2573.36	0
31.001	1	1	1	1856.76	0
31.041	1	1	1	1231.85	0
31.081	1	1	1	8649.26	0
31.121	1	1	1	4497.53	0
31.161	1	1	1	2220.34	0
31.201	1	1	1	1521.92	0
31.241	1	1	1	3142.84	0
31.281	1	1	1	2487.75	0
31.321	1	1	1	292.209	0
31.361	1	1	1	401.624	0
31.401	1	1	1	1659.29	0
31.441	1	1	1	420.841	0
31.481	1	1	1	716.284	0
31.521	1	1	1	1884.66	0
31.561	1	1	1	2948.67	0
31.601	1	1	1	733.783	0
31.641	1	1	1	2565.85	0
31.681	1	1	1	1224.23	0
31.721	1	1	1	848.312	0
31.761	1	1	1	2993.23	0
31.801	1	1	1	986.599	0
31.841	1	1	1	936.165	0
31.881	1	1	1	1713.17	0
31.921	1	1	1	1790.07	0
31.961	1	1	1	2391.75	0
32.001	1	1	1	5969.04	0
32.041	1	1	1	3272.59	0
32.081	1	1	1	1832.14	0
32.121	1	1	1	2433.37	0
32.161	1	1	1	2053.34	0
32.201	1	1	1	1917.46	0
32.241	1	1	1	2072.56	0
32.281	1	1	1	4029.99	0
32.321	1	1	1	9558.02	0
32.361	1	1	1	3083.7	0
32.401	1	1	1	1051.51	0
32.441	1	1	1	702.029	0
32.481	1	1	1	1734.47	0
32.521	1	1	1	4573.88	0
32.561	1	1	1	5679.68	0
32.601	1	1	1	8849.8	0
32.641	1	1	1	7788.78	0
32.681	1	1	1	7775.3	0
32.721	1	1	1	3572.23	0
32.761	1	1	1	1549.63	0
32.801	1	1	1	2553.02	0
32.841	1	1	1	2349.02	0
32.881	1	1	1	913.274	0
32.921	1	1	1	3408.01	0
32.961	1	1	1	4941.28	0
33.001	1	1	1	3687.33	0
33.041	1	1	1	2264.58	0
33.081	1	1	1	7033.19	0
33.121	1	1	1	4598.21	0
33.161	1	1	1	3966.67	0
33.201	1	1	1	11124.4	0
33.241	1	1	1	6415.83	0
33.281	1	1	1	7483.4	0
33.321	1	1	1	3042.95	0
33.361	1	1	1	773.299	0
33.401	1	1	1	1135.73	0
33.441	1	1	1	800.408	0
33.481	1	1	1	692.043	0
33.521	1	1	1	1770.64	0
33.561	1	1	1	4476.95	0
33.601	1	1	1	11439.8	0
33.641	1	1	1	16898.7	0
33.681	1	1	1	4933.55	0
33.721	1	1	1	4004.41	0
33.761	1	1	1	3442.51	0
33.801	1	1	1	565.379	0
33.841	1	1	1	2470.45	0
33.881	1	1	1	1573.49	0
33.921	1	1	1	492.08	0
33.961	1	1	1	2804.77	0
34.001	1	1	1	891.857	0
34.041	1	1	1	3438.47	0
34.081	1	1	1	10817	0
34.121	1	1	1	10770.3	0
34.161	1	1	1	4472.28	0
34.201	1	1	1	3177.76	0
34.241	1	1	1	1291.11	0
34.281	1	1	1	3217.83	0
34.321	1	1	1	7364.18	0
34.361	1	1	1	8005.72	0
34.401	1	1	1	2593.98	0
34.441	1	1	1	1474.16	0
34.481	1	1	1	1434.92	0
34.521	1	1	1	1342.35	0
34.561	1	1	1	2519.48	0
34.601	1	1	1	1544.59	0
34.641	1	1	1	2708.23	0
34.681	1	1	1	4641.12	0
34.721	1	1	1	1976.72	0
34.761	1	1	1	4151.37	0
34.801	1	1	1	4365.39	0
34.841	1	1	1	7280.02	0
34.881	1	1	1	21916.2	0
34.921	1	1	1	13753.3	0
34.961	1	1	1	4861.11	0
35.001	1	1	1	1612.38	0
35.041	1	1	1	4496.79	0
35.081	1	1	1	5862.73	0
35.121	1	1	1	2836.42	0
35.161	1	1	1	4176.08	0
35.201	1	1	1	2772.01	0
35.241	1	1	1	2117.04	0
35.281	1	1	1	2166.76	0
35.321	1	1	1	1314.66	0
35.361	1	1	1	2621.65	0
35.401	1	1	1	229.169	0
35.441	1	1	1	1940.9	0
35.481	1	1	1	12650	0
35.521	1	1	1	4005.89	0
35.561	1	1	1	836.53	0
35.601	1	1	1	500.069	0
35.641	1	1	1	3002.3	0
35.681	1	1	1	3812.99	0
35.721	1	1	1	10471.7	0
35.761	1	1	1	889.197	0
35.801	1	1	1	1046.54	0
35.841	1	1	1	8966.28	0
35.881	1	1	1	399.836	0
35.921	1	1	1	584.939	0
35.961	1	1	1	2253.26	0
36.001	1	1	1	1271.21	0
36.041	1	1	1	4543.07	0
36.081	1	1	1	4049.7	0
36.121	1	1	1	2400.52	0
36.161	1	1	1	3039.25	0
36.201	1	1	1	1817.98	0
36.241	1	1	1	1469.75	0
36.281	1	1	1	524.45	0
36.321	1	1	1	992.76	0
36.361	1	1	1	1937.23	0
36.401	1	1	1	850.145	0
36.441	1	1	1	835.045	0
36.481	1	1	1	950.449	0
36.521	1	1	1	2451.22	0
36.561	1	1	1	7264.17	0
36.601	1	1	1	3825	0
36.641	1	1	1	6080.6	0
36.681	1	1	1	7728.54	0
36.721	1	1	1	1743.24	0
36.761	1	1	1	438.098	0
36.801	1	1	1	1130.05	0
36.841	1	1	1	1825.35	0
36.881	1	1	1	1608.47	0
36.921	1	1	1	1266.22	0
36.961	1	1	1	588.203	0
37.001	1	1	1	926.171	0
37.041	1	1	1	914.138	0
37.081	1	1	1	2227.02	0
37.121	1	1	1	3985.28	0
37.161	1	1	1	7755.71	0
37.201	1	1	1	1685.83	0
37.241	1	1	1	614.075	0
37.281	1	1	1	1083.85	0
37.321	1	1	1	1348.6	0
37.361	1	1	1	547.827	0
37.401	1	1	1	1553.39	0
37.441	1	1	1	5040.71	0
37.481	1	1	1	4858.89	0
37.521	1	1	1	3843.09	0
37.561	1	1	1	6718.68	0
37.601	1	1	1	4052.64	0
37.641	1	1	1	7794.03	0
37.681	1	1	1	1920.75	0
37.721	1	1	1	1037.18	0
37.761	1	1	1	3960.35	0
37.801	1	1	1	1172.06	0
37.841	1	1	1	3072.9	0
37.881	1	1	1	2434.92	0
37.921	1	1	1	1515.6	0
37.961	1	1	1	8294.82	0
38.001	1	1	1	3562.67	0
38.041	1	1	1	5796.18	0
38.081	1	1	1	5455.18	0
38.121	1	1	1	6810.25	0
38.161	1	1	1	1333.92	0
38.201	1	1	1	1861.23	0
38.241	1	1	1	1666.44	0
38.281	1	1	1	4048.97	0
38.321	1	1	1	25738	0
38.361	1	1	1	1479.73	0
38.401	1	1	1	2187.85	0
38.441	1	1	1	3192.33	0
38.481	1	1	1	548.507	0
38.521	1	1	1	1202.36	0
38.561	1	1	1	1147.13	0
38.601	1	1	1	3697.17	0
38.641	1	1	1	8571.14	0
38.681	1	1	1	4519.44	0
38.721	1	1	1	7811.82	0
38.761	1	1	1	8223.58	0
38.801	1	1	1	3096.35	0
38.841	1	1	1	7602.45	0
38.881	1	1	1	9596.37	0
38.921	1	1	1	1681.62	0
38.961	1	1	1	2077.56	0
39.001	1	1	1	5434.23	0
39.041	1	1	1	718.924	0
39.081	1	1	1	462.282	0
39.121	1	1	1	1575.66	0
39.161	1	1	1	526.237	0
39.201	1	1	1	607.11	0
39.241	1	1	1	1801.91	0
39.281	1	1	1	477.562	0
39.321	1	1	1	1573.88	0
39.361	1	1	1	1372.5	0
39.401	1	1	1	1018.85	0
39.441	1	1	1	5367.5	0
39.481	1	1	1	4138.46	0
39.521	1	1	1	2340.04	0
39.561	1	1	1	6091.54	0
39.601	1	1	1	11160.6	0
39.641	1	1	1	1454.07	0
39.681	1	1	1	2477.34	0
39.721	1	1	1	1133.22	0
39.761	1	1	1	1346.82	0
39.801	1	1	1	2376.44	0
39.841	1	1	1	273.916	0
39.881	1	1	1	334.849	0
39.921	1	1	1	3189.96	0
39.961	1	1	1	1157.56	0
40.001	1	1	1	2632.03	0
40.041	1	1	1	1089.98	0
40.081	1	1	1	1102.88	0
40.121	1	1	1	2426.28	0
40.161	1	1	1	1049.02	0
40.201	1	1	1	7410.56	0
40.241	1	1	1	9089.25	0
40.281	1	1	1	7257.49	0
40.321	1	1	1	2347.29	0
40.361	1	1	1	2265.33	0
40.401	1	1	1	4090.07	0
40.441	1	1	1	879.461	0
40.481	1	1	1	2781.52	0
40.521	1	1	1	7868.41	0
40.561	1	1	1	8606.25	0
40.601	1	1	1	3520.4	0
40.641	1	1	1	1832.51	0
40.681	1	1	1	1417.76	0
40.721	1	1	1	1890.77	0
40.761	1	1	1	3814.73	0
40.801	1	1	1	683.607	0
40.841	1	1	1	545.955	0
40.881	1	1	1	2986.96	0
40.921	1	1	1	4323.76	0
40.961	1	1	1	4566.35	0
41.001	1	1	1	1357.26	0
41.041	1	1	1	1572.3	0
41.081	1	1	1	1127.12	0
41.121	1	1	1	6243.79	0
41.161	1	1	1	1917.23	0
41.201	1	1	1	1025.23	0
41.241	1	1	1	9674.89	0
41.281	1	1	1	2365.75	0
41.321	1	1	1	3320.88	0
41.361	1	1	1	4133.14	0
41.401	1	1	1	4246.41	0
41.441	1	1	1	1448.92	0
41.481	1	1	1	322.636	0
41.521	1	1	1	3584.3	0
41.561	1	1	1	8648.91	0
41.601	1	1	1	1502.63	0
41.641	1	1	1	4094.12	0
41.681	1	1	1	1390.33	0
41.721	1	1	1	2704.16	0
41.761	1	1	1	13725.9	0
41.801	1	1	1	2155.19	0
41.841	1	1	1	628.428	0
41.881	1	1	1	2570.04	0
41.921	1	1	1	462.35	0
41.961	1	1	1	1159.9	0
42.001	1	1	1	2911.96	0
42.041	1	1	1	2101.54	0
42.081	1	1	1	1104.51	0
42.121	1	1	1	1423.73	0
42.161	1	1	1	1413	0
42.201	1	1	1	3398.38	0
42.241	1	1	1	10753.5	0
42.281	1	1	1	8143.62	0
42.321	1	1	1	2777.74	0
42.361	1	1	1	1023.19	0
42.401	1	1	1	2297.85	0
42.441	1	1	1	4003.19	0
42.481	1	1	1	3839.26	0
42.521	1	1	1	3823.22	0
42.561	1	1	1	16407.6	0
42.601	1	1	1	2689.32	0
42.641	1	1	1	691.832	0
42.681	1	1	1	5023.47	0
42.721	1	1	1	6199.86	0
42.761	1	1	1	1112.73	0
42.801	1	1	1	1718.21	0
42.841	1	1	1	5956.64	0
42.881	1	1	1	2936.86	0
42.921	1	1	1	8584.25	0
42.961	1	1	1	10493.4	0
43.001	1	1	1	2856.49	0
43.041	1	1	1	991.927	0
43.081	1	1	1	6393.66	0
43.121	1	1	1	3488.08	0
43.161	1	1	1	1015.41	0
43.201	1	1	1	2772.73	0
43.241	1	1	1	2819.49	0
43.281	1	1	1	2091.44	0
43.321	1	1	1	969.55	0
43.361	1	1	1	546.359	0
43.401	1	1	1	893.695	0
43.441	1	1	1	2109.67	0
43.481	1	1	1	1309.95	0
43.521	1	1	1	5153.38	0
43.561	1	1	1	810.392	0
43.601	1	1	1	5347.6	0
43.641	1	1	1	5625.28	0
43.681	1	1	1	683.541	0
43.721	1	1	1	1395.4	0
43.761	1	1	1	2215.41	0
43.801	1	1	1	1720.62	0
43.841	1	1	1	3799.07	0
43.881	1	1	1	1100.73	0
43.921	1	1	1	607.974	0
43.961	1	1	1	1705.17	0
44.001	1	1	1	3632.15	0
44.041	1	1	1	2834.69	0
44.081	1	1	1	2309.08	0
44.121	1	1	1	4753.36	0
44.161	1	1	1	1871.66	0
44.201	1	1	1	1922.97	0
44.241	1	1	1	1862.26	0
44.281	1	1	1	1462.52	0
44.321	1	1	1	1960.54	0
44.361	1	1	1	1834.31	0
44.401	1	1	1	1963.75	0
44.441	1	1	1	4909.03	0
44.481	1	1	1	4680.42	0
44.521	1	1	1	2460.59	0
44.561	1	1	1	1797.75	0
44.601	1	1	1	7916.46	0
44.641	1	1	1	8567.13	0
44.681	1	1	1	2313.89	0
44.721	1	1	1	3169.95	0
44.761	1	1	1	2691.44	0
44.801	1	1	1	3422.49	0
44.841	1	1	1	5745.04	0
44.881	1	1	1	6139.98	0
44.921	1	1	1	13178.1	0
44.961	1	1	1	21439.3	0
45.001	1	1	1	669.232	0
45.041	1	1	1	3258.03	0
45.081	1	1	1	4486.95	0
45.121	1	1	1	4771.47	0
45.161	1	1	1	2941.63	0
45.201	1	1	1	1712.45	0
45.241	1	1	1	3935.49	0
45.281	1	1	1	1219.37	0
45.321	1	1	1	498.247	0
45.361	1	1	1	1155.23	0
45.401	1	1	1	1378.87	0
45.441	1	1	1	6178.58	0
45.481	1	1	1	5102.97	0
45.521	1	1	1	11702.3	0
45.561	1	1	1	1513.54	0
45.601	1	1	1	2962.46	0
45.641	1	1	1	5705.99	0
45.681	1	1	1	1141.22	0
45.721	1	1	1	1050.6	0
45.761	1	1	1	2164.79	0
45.801	1	1	1	483.934	0
45.841	1	1	1	1473.17	0
45.881	1	1	1	1719.65	0
45.921	1	1	1	1888.49	0
45.961	1	1	1	3193.05	0
46.001	1	1	1	7268.19	0
46.041	1	1	1	1477.54	0
46.081	1	1	1	1338.19	0
46.121	1	1	1	2832.43	0
46.161	1	1	1	1444.82	0
46.201	1	1	1	1897.85	0
46.241	1	1	1	2758.2	0
46.281	1	1	1	4216.55	0
46.321	1	1	1	3044.82	0
46.361	1	1	1	1677.04	0
46.401	1	1	1	1598.04	0
46.441	1	1	1	3167.16	0
46.481	1	1	1	2403.87	0
46.521	1	1	1	5703.44	0
46.561	1	1	1	2243.73	0
46.601	1	1	1	2686.05	0
46.641	1	1	1	7466.13	0
46.681	1	1	1	1924.41	0
46.721	1	1	1	2321.41	0
46.761	1	1	1	589.659	0
46.801	1	1	1	1983.08	0
46.841	1	1	1	6076.32	0
46.881	1	1	1	927.776	0
46.921	1	1	1	1113.69	0
46.961	1	1	1	5514.33	0
47.001	1	1	1	3961.11	0
47.041	1	1	1	1247.66	0
47.081	1	1	1	9628.36	0
47.121	1	1	1	3886.95	0
47.161	1	1	1	481.758	0
47.201	1	1	1	2046.67	0
47.241	1	1	1	2890.6	0
47.281	1	1	1	2094.12	0
47.321	1	1	1	1530.18	0
47.361	1	1	1	1032.11	0
47.401	1	1	1	3358.05	0
47.441	1	1	1	2716.97	0
47.481	1	1	1	2092.45	0
47.521	1	1	1	1532.74	0
47.561	1	1	1	3588.63	0
47.601	1	1	1	1469.83	0
47.641	1	1	1	867.262	0
47.681	1	1	1	1284.19	0
47.721	1	1	1	841.985	0
47.761	1	1	1	1536.71	0
47.801	1	1	1	1435.36	0
47.841	1	1	1	2562.68	0
47.881	1	1	1	10045.2	0
47.921	1	1	1	8447.27	0
47.961	1	1	1	8410.29	0
48.001	1	1	1	2091.75	0
48.041	1	1	1	2440	0
48.081	1	1	1	5209.62	0
48.121	1	1	1	472.536	0
48.161	1	1	1	857.904	0
48.201	1	1	1	9849.54	0
48.241	1	1	1	1062.19	0
48.281	1	1	1	950.38	0
48.321	1	1	1	2618.42	0
48.361	1	1	1	4196.54	0
48.401	1	1	1	5100.87	0
48.441	1	1	1	4990.86	0
48.481	1	1	1	4956.27	0
48.521	1	1	1	1589.6	0
48.561	1	1	1	911.931	0
48.601	1	1	1	1455.54	0
48.641	1	1	1	1535.19	0
48.681	1	1	1	1038.18	0
48.721	1	1	1	1239.06	0
48.761	1	1	1	6126.54	0
48.801	1	1	1	3346.22	0
48.841	1	1	1	6213.86	0
48.881	1	1	1	8162.38	0
48.921	1	1	1	4449.63	0
48.961	1	1	1	2312.11	0
49.001	1	1	1	1483.46	0
49.041	1	1	1	1389.23	0
49.081	1	1	1	457.284	0
49.121	1	1	1	3587.95	0
49.161	1	1	1	14479.7	0
49.201	1	1	1	6695.99	0
49.241	1	1	1	4896.98	0
49.281	1	1	1	5645.96	0
49.321	1	1	1	4199.75	0
49.361	1	1	1	1377.4	0
49.401	1	1	1	409.002	0
49.441	1	1	1	957.122	0
49.481	1	1	1	1227.11	0
49.521	1	1	1	1210.01	0
49.561	1	1	1	2160.62	0
49.601	1	1	1	3765.33	0
49.641	1	1	1	1088.09	0
49.681	1	1	1	3596.27	0
49.721	1	1	1	878.883	0
49.761	1	1	1	11250.1	0
49.801	1	1	1	3399.17	0
49.841	1	1	1	1188.51	0
49.881	1	1	1	2005.27	0
49.921	1	1	1	1553.99	0
49.961	1	1	1	4675.04	0
50.001	1	1	1	9451.84	0
50.041	1	1	1	3037.37	0
50.081	1	1	1	725.629	0
50.121	1	1	1	3441.41	0
50.161	1	1	1	987.988	0
50.201	1	1	1	7407.46	0
50.241	1	1	1	2535.88	0
50.281	1	1	1	2039.12	0
50.321	1	1	1	5702.71	0
50.361	1	1	1	1093.11	0
50.401	1	1	1	1826.08	0
50.441	1	1	1	511.037	0
50.481	1	1	1	142.901	0
50.521	1	1	1	4194.54	0
50.561	1	1	1	3906.8	0
50.601	1	1	1	2704.04	0
50.641	1	1	1	407.089	0
50.681	1	1	1	1198.85	0
50.721	1	1	1	7768.19	0
50.761	1	1	1	1389.55	0
50.801	1	1	1	874.444	0
50.841	1	1	1	5863.36	0
50.881	1	1	1	6883.85	0
50.921	1	1	1	1435.32	0
50.961	1	1	1	1543.86	0
51.001	1	1	1	2697.61	0
51.041	1	1	1	1929.89	0
51.081	1	1	1	3110.63	0
51.121	1	1	1	999.161	0
51.161	1	1	1	1381.51	0
51.201	1	1	1	768.796	0
51.241	1	1	1	1161.25	0
51.281	1	1	1	1695.17	0
51.321	1	1	1	1195.65	0
51.361	1	1	1	4194.98	0
51.401	1	1	1	3955.8	0
51.441	1	1	1	7804.85	0
51.481	1	1	1	7992.56	0
51.521	1	1	1	6873.1	0
51.561	1	1	1	9229.23	0
51.601	1	1	1	11687.3	0
51.641	1	1	1	17011.7	0
51.681	1	1	1	3270.39	0
51.721	1	1	1	648.142	0
51.761	1	1	1	522.896	0
51.801	1	1	1	902.849	0
51.841	1	1	1	501.069	0
51.881	1	1	1	1120.88	0
51.921	1	1	1	2709.43	0
51.961	1	1	1	1324.21	0
52.001	1	1	1	881.953	0
52.041	1	1	1	1485.55	0
52.081	1	1	1	1925.98	0
52.121	1	1	1	2137.8	0
52.161	1	1	1	1826.77	0
52.201	1	1	1	1010.18	0
52.241	1	1	1	6771.27	0
52.281	1	1	1	7527.4	0
52.321	1	1	1	2165.63	0
52.361	1	1	1	3596.24	0
52.401	1	1	1	1944.39	0
52.441	1	1	1	5091.1	0
52.481	1	1	1	11223.3	0
52.521	1	1	1	1495	0
52.561	1	1	1	1938.31	0
52.601	1	1	1	1229.24	0
52.641	1	1	1	952.533	0
52.681	1	1	1	794.223	0
52.721	1	1	1	1995.88	0
52.761	1	1	1	3134.09	0
52.801	1	1	1	2720.68	0
52.841	1	1	1	1872.74	0
52.881	1	1	1	5354.24	0
52.921	1	1	1	11665.4	0
52.961	1	1	1	2438.07	0
53.001	1	1	1	3158.87	0
53.041	1	1	1	1918.23	0
53.081	1	1	1	2824.68	0
53.121	1	1	1	3434.11	0
53.161	1	1	1	697.706	0
53.201	1	1	1	2751.51	0
53.241	1	1	1	4810.51	0
53.281	1	1	1	1419.27	0
53.321	1	1	1	2015.38	0
53.361	1	1	1	2637.41	0
53.401	1	1	1	6041.56	0
53.441	1	1	1	1336.09	0
53.481	1	1	1	847.002	0
53.521	1	1	1	11372.7	0
53.561	1	1	1	835.459	0
53.601	1	1	1	543.235	0
53.641	1	1	1	797.594	0
53.681	1	1	1	1056.84	0
53.721	1	1	1	540.959	0
53.761	1	1	1	669.357	0
