% time	cellId	IMSI	RNTI	sinrLinear	componentCarrierId
0.041	1	1	1	219.616	0
0.081	1	1	1	328.83	0
0.121	1	1	1	469.043	0
0.161	1	1	1	2003.48	0
0.201	1	1	1	292.568	0
0.241	1	1	1	187.77	0
0.281	1	1	1	1507.44	0
0.321	1	1	1	621.77	0
0.361	1	1	1	300.784	0
0.401	1	1	1	482.364	0
0.441	1	1	1	674.242	0
0.481	1	1	1	366.824	0
0.521	1	1	1	1415.85	0
0.561	1	1	1	664.126	0
0.601	1	1	1	289.265	0
0.641	1	1	1	90.9356	0
0.681	1	1	1	901.276	0
0.721	1	1	1	1418.74	0
0.761	1	1	1	299.909	0
0.801	1	1	1	383.859	0
0.841	1	1	1	1147.13	0
0.881	1	1	1	851.549	0
0.921	1	1	1	242.915	0
0.961	1	1	1	224.084	0
1.001	1	1	1	546.143	0
1.041	1	1	1	805.772	0
1.081	1	1	1	425.96	0
1.121	1	1	1	188.923	0
1.161	1	1	1	531.369	0
1.201	1	1	1	447.912	0
1.241	1	1	1	253.861	0
1.281	1	1	1	337.197	0
1.321	1	1	1	154.158	0
1.361	1	1	1	195.76	0
1.401	1	1	1	222.928	0
1.441	1	1	1	122.785	0
1.481	1	1	1	200.728	0
1.521	1	1	1	1577.03	0
1.561	1	1	1	629.528	0
1.601	1	1	1	945.924	0
1.641	1	1	1	1029.31	0
1.681	1	1	1	325.973	0
1.721	1	1	1	627.432	0
1.761	1	1	1	731.926	0
1.801	1	1	1	468.142	0
1.841	1	1	1	992.128	0
1.881	1	1	1	1105.66	0
1.921	1	1	1	998.575	0
1.961	1	1	1	3191.81	0
2.001	1	1	1	391.754	0
2.041	1	1	1	72.9396	0
2.081	1	1	1	140.459	0
2.121	1	1	1	949.418	0
2.161	1	1	1	1533.88	0
2.201	1	1	1	1911.66	0
2.241	1	1	1	1912.52	0
2.281	1	1	1	2150.5	0
2.321	1	1	1	961.856	0
2.361	1	1	1	518.793	0
2.401	1	1	1	450.42	0
2.441	1	1	1	343.308	0
2.481	1	1	1	324.251	0
2.521	1	1	1	934.916	0
2.561	1	1	1	286.89	0
2.601	1	1	1	988.692	0
2.641	1	1	1	268.619	0
2.681	1	1	1	333.581	0
2.721	1	1	1	92.6912	0
2.761	1	1	1	164.276	0
2.801	1	1	1	1960.12	0
2.841	1	1	1	216.383	0
2.881	1	1	1	183.773	0
2.921	1	1	1	1171.42	0
2.961	1	1	1	418.232	0
3.001	1	1	1	1072.76	0
3.041	1	1	1	437.633	0
3.081	1	1	1	293.667	0
3.121	1	1	1	518.963	0
3.161	1	1	1	2389.49	0
3.201	1	1	1	380.474	0
3.241	1	1	1	432.841	0
3.281	1	1	1	739.307	0
3.321	1	1	1	352.561	0
3.361	1	1	1	835.315	0
3.401	1	1	1	184.738	0
3.441	1	1	1	77.3612	0
3.481	1	1	1	69.1569	0
3.521	1	1	1	473.123	0
3.561	1	1	1	533.877	0
3.601	1	1	1	367.474	0
3.641	1	1	1	301.288	0
3.681	1	1	1	952.48	0
3.721	1	1	1	246.898	0
3.761	1	1	1	318.34	0
3.801	1	1	1	573.977	0
3.841	1	1	1	418.447	0
3.881	1	1	1	404.604	0
3.921	1	1	1	64.5712	0
3.961	1	1	1	912.484	0
4.001	1	1	1	362.821	0
4.041	1	1	1	212.864	0
4.081	1	1	1	151.708	0
4.121	1	1	1	283.313	0
4.161	1	1	1	79.5611	0
4.201	1	1	1	341.318	0
4.241	1	1	1	1033.95	0
4.281	1	1	1	356.363	0
4.321	1	1	1	624.715	0
4.361	1	1	1	801.951	0
4.401	1	1	1	1016.9	0
4.441	1	1	1	721.858	0
4.481	1	1	1	1014.03	0
4.521	1	1	1	251.37	0
4.561	1	1	1	74.7302	0
4.601	1	1	1	70.4593	0
4.641	1	1	1	551.782	0
4.681	1	1	1	147.434	0
4.721	1	1	1	198.377	0
4.761	1	1	1	1333.75	0
4.801	1	1	1	393.976	0
4.841	1	1	1	256.982	0
4.881	1	1	1	224.193	0
4.921	1	1	1	195.395	0
4.961	1	1	1	924.918	0
5.001	1	1	1	891.547	0
5.041	1	1	1	1760.85	0
5.081	1	1	1	711.894	0
5.121	1	1	1	681.305	0
5.161	1	1	1	786.739	0
5.201	1	1	1	145.623	0
5.241	1	1	1	542.736	0
5.281	1	1	1	539.08	0
5.321	1	1	1	130.656	0
5.361	1	1	1	230.732	0
5.401	1	1	1	292.309	0
5.441	1	1	1	155.696	0
5.481	1	1	1	88.9131	0
5.521	1	1	1	303.973	0
5.561	1	1	1	100.143	0
5.601	1	1	1	126.613	0
5.641	1	1	1	333.578	0
5.681	1	1	1	459.716	0
5.721	1	1	1	616.081	0
5.761	1	1	1	563.619	0
5.801	1	1	1	1414.7	0
5.841	1	1	1	599.624	0
5.881	1	1	1	574.626	0
5.921	1	1	1	2754.57	0
5.961	1	1	1	544.048	0
6.001	1	1	1	688.45	0
6.041	1	1	1	604.131	0
6.081	1	1	1	207.114	0
6.121	1	1	1	526.462	0
6.161	1	1	1	236.078	0
6.201	1	1	1	103.858	0
6.241	1	1	1	324.618	0
6.281	1	1	1	297.636	0
6.321	1	1	1	172.869	0
6.361	1	1	1	265.496	0
6.401	1	1	1	132.81	0
6.441	1	1	1	276.498	0
6.481	1	1	1	123.657	0
6.521	1	1	1	312.599	0
6.561	1	1	1	294.639	0
6.601	1	1	1	520.717	0
6.641	1	1	1	406.614	0
6.681	1	1	1	435.195	0
6.721	1	1	1	425.249	0
6.761	1	1	1	389.929	0
6.801	1	1	1	742.968	0
6.841	1	1	1	627.385	0
6.881	1	1	1	363.974	0
6.921	1	1	1	348.665	0
6.961	1	1	1	551.883	0
7.001	1	1	1	774.203	0
7.041	1	1	1	1034.58	0
7.081	1	1	1	497.879	0
7.121	1	1	1	907.524	0
7.161	1	1	1	2029.47	0
7.201	1	1	1	201.049	0
7.241	1	1	1	601.033	0
7.281	1	1	1	1108.26	0
7.321	1	1	1	642.142	0
7.361	1	1	1	1083.28	0
7.401	1	1	1	786.246	0
7.441	1	1	1	1873.23	0
7.481	1	1	1	516.053	0
7.521	1	1	1	2124.59	0
7.561	1	1	1	774.13	0
7.601	1	1	1	220.225	0
7.641	1	1	1	380.959	0
7.681	1	1	1	69.7817	0
7.721	1	1	1	60.9032	0
7.761	1	1	1	88.7774	0
7.801	1	1	1	304.475	0
7.841	1	1	1	573.531	0
7.881	1	1	1	178.627	0
7.921	1	1	1	431.677	0
7.961	1	1	1	875.402	0
8.001	1	1	1	339.573	0
8.041	1	1	1	803.628	0
8.081	1	1	1	344.477	0
8.121	1	1	1	344.689	0
8.161	1	1	1	267.421	0
8.201	1	1	1	239.663	0
8.241	1	1	1	491.017	0
8.281	1	1	1	168.246	0
8.321	1	1	1	230.846	0
8.361	1	1	1	529.276	0
8.401	1	1	1	482.568	0
8.441	1	1	1	2461.65	0
8.481	1	1	1	247.297	0
8.521	1	1	1	1443.23	0
8.561	1	1	1	2114.65	0
8.601	1	1	1	4262.52	0
8.641	1	1	1	5971.79	0
8.681	1	1	1	2787.8	0
8.721	1	1	1	305.765	0
8.761	1	1	1	759.192	0
8.801	1	1	1	246.133	0
8.841	1	1	1	389.952	0
8.881	1	1	1	772.675	0
8.921	1	1	1	158.651	0
8.961	1	1	1	574.23	0
9.001	1	1	1	564.777	0
9.041	1	1	1	413.91	0
9.081	1	1	1	163.157	0
9.121	1	1	1	168.403	0
9.161	1	1	1	119.707	0
9.201	1	1	1	134.501	0
9.241	1	1	1	103.301	0
9.281	1	1	1	164.585	0
9.321	1	1	1	520.05	0
9.361	1	1	1	432.895	0
9.401	1	1	1	139.243	0
9.441	1	1	1	355.956	0
9.481	1	1	1	269.466	0
9.521	1	1	1	292.971	0
9.561	1	1	1	81.4914	0
9.601	1	1	1	1125.13	0
9.641	1	1	1	1635.64	0
9.681	1	1	1	1495.18	0
9.721	1	1	1	566.669	0
9.761	1	1	1	433.323	0
9.801	1	1	1	1133.35	0
9.841	1	1	1	569.396	0
9.881	1	1	1	239.624	0
9.921	1	1	1	306.153	0
9.961	1	1	1	679.434	0
10.001	1	1	1	1211.84	0
10.041	1	1	1	957.907	0
10.081	1	1	1	974.306	0
10.121	1	1	1	646.59	0
10.161	1	1	1	568.281	0
10.201	1	1	1	1328.92	0
10.241	1	1	1	912.143	0
10.281	1	1	1	455.074	0
10.321	1	1	1	920.747	0
10.361	1	1	1	1048.3	0
10.401	1	1	1	766.119	0
10.441	1	1	1	387.135	0
10.481	1	1	1	154.425	0
10.521	1	1	1	307.423	0
10.561	1	1	1	99.297	0
10.601	1	1	1	953.809	0
10.641	1	1	1	801.829	0
10.681	1	1	1	313.971	0
10.721	1	1	1	440.8	0
10.761	1	1	1	1068.69	0
10.801	1	1	1	1167.64	0
10.841	1	1	1	707.492	0
10.881	1	1	1	179.75	0
10.921	1	1	1	489.18	0
10.961	1	1	1	534.845	0
11.001	1	1	1	1602.47	0
11.041	1	1	1	1302.39	0
11.081	1	1	1	220.719	0
11.121	1	1	1	90.0526	0
11.161	1	1	1	121.405	0
11.201	1	1	1	218.949	0
11.241	1	1	1	90.55	0
11.281	1	1	1	377.623	0
11.321	1	1	1	343.667	0
11.361	1	1	1	386.964	0
11.401	1	1	1	630.397	0
11.441	1	1	1	232.234	0
11.481	1	1	1	1663.06	0
11.521	1	1	1	911.274	0
11.561	1	1	1	339.074	0
11.601	1	1	1	99.6158	0
11.641	1	1	1	573.599	0
11.681	1	1	1	304.701	0
11.721	1	1	1	124.926	0
11.761	1	1	1	327.159	0
11.801	1	1	1	304.56	0
11.841	1	1	1	217.032	0
11.881	1	1	1	258.203	0
11.921	1	1	1	507.117	0
11.961	1	1	1	427.511	0
12.001	1	1	1	882.345	0
12.041	1	1	1	181.935	0
12.081	1	1	1	316.797	0
12.121	1	1	1	380.945	0
12.161	1	1	1	126.659	0
12.201	1	1	1	372.473	0
12.241	1	1	1	42.9023	0
12.281	1	1	1	72.4778	0
12.321	1	1	1	429.704	0
12.361	1	1	1	253.804	0
12.401	1	1	1	301.601	0
12.441	1	1	1	1908.12	0
12.481	1	1	1	681.969	0
12.521	1	1	1	137.999	0
12.561	1	1	1	748.621	0
12.601	1	1	1	217.018	0
12.641	1	1	1	101.096	0
12.681	1	1	1	514.852	0
12.721	1	1	1	154.586	0
12.761	1	1	1	226.039	0
12.801	1	1	1	433.655	0
12.841	1	1	1	141.37	0
12.881	1	1	1	191.88	0
12.921	1	1	1	177.742	0
12.961	1	1	1	336.396	0
13.001	1	1	1	1412.55	0
13.041	1	1	1	437.307	0
13.081	1	1	1	436.514	0
13.121	1	1	1	145.505	0
13.161	1	1	1	114.652	0
13.201	1	1	1	317.423	0
13.241	1	1	1	364.172	0
13.281	1	1	1	611.363	0
13.321	1	1	1	834.433	0
13.361	1	1	1	560.128	0
13.401	1	1	1	390.817	0
13.441	1	1	1	122.504	0
13.481	1	1	1	75.6886	0
13.521	1	1	1	346.406	0
13.561	1	1	1	221.343	0
13.601	1	1	1	280.728	0
13.641	1	1	1	155.653	0
13.681	1	1	1	173.41	0
13.721	1	1	1	344.436	0
13.761	1	1	1	432.907	0
13.801	1	1	1	1026.07	0
13.841	1	1	1	388.502	0
13.881	1	1	1	441.953	0
13.921	1	1	1	540.558	0
13.961	1	1	1	148.36	0
14.001	1	1	1	265.599	0
14.041	1	1	1	210.141	0
14.081	1	1	1	1736.06	0
14.121	1	1	1	1239.48	0
14.161	1	1	1	471.316	0
14.201	1	1	1	349.661	0
14.241	1	1	1	579.505	0
14.281	1	1	1	148.652	0
14.321	1	1	1	1278.1	0
14.361	1	1	1	1028.14	0
14.401	1	1	1	578.054	0
14.441	1	1	1	1638.48	0
14.481	1	1	1	1244.85	0
14.521	1	1	1	161.122	0
14.561	1	1	1	139.5	0
14.601	1	1	1	424.543	0
14.641	1	1	1	132.661	0
14.681	1	1	1	106.325	0
14.721	1	1	1	281.758	0
14.761	1	1	1	225.554	0
14.801	1	1	1	279.877	0
14.841	1	1	1	310.796	0
14.881	1	1	1	421.98	0
14.921	1	1	1	499.834	0
14.961	1	1	1	37.3297	0
15.001	1	1	1	698.242	0
15.041	1	1	1	1132.24	0
15.081	1	1	1	584.285	0
15.121	1	1	1	492.329	0
15.161	1	1	1	538.857	0
15.201	1	1	1	354.798	0
15.241	1	1	1	459.689	0
15.281	1	1	1	269.94	0
15.321	1	1	1	681.994	0
15.361	1	1	1	896.69	0
15.401	1	1	1	129.648	0
15.441	1	1	1	366.925	0
15.481	1	1	1	916.62	0
15.521	1	1	1	290.201	0
15.561	1	1	1	601.556	0
15.601	1	1	1	1744	0
15.641	1	1	1	903.951	0
15.681	1	1	1	284.193	0
15.721	1	1	1	317.205	0
15.761	1	1	1	481.954	0
15.801	1	1	1	312.637	0
15.841	1	1	1	235.835	0
15.881	1	1	1	549.449	0
15.921	1	1	1	143.75	0
15.961	1	1	1	151.366	0
16.001	1	1	1	358.384	0
16.041	1	1	1	684.8	0
16.081	1	1	1	660.824	0
16.121	1	1	1	314.815	0
16.161	1	1	1	2145.74	0
16.201	1	1	1	1931.9	0
16.241	1	1	1	513.299	0
16.281	1	1	1	327.548	0
16.321	1	1	1	247.126	0
16.361	1	1	1	1195.24	0
16.401	1	1	1	446.07	0
16.441	1	1	1	37.7737	0
16.481	1	1	1	483.316	0
16.521	1	1	1	297.002	0
16.561	1	1	1	174.786	0
16.601	1	1	1	198.449	0
16.641	1	1	1	265.202	0
16.681	1	1	1	556.757	0
16.721	1	1	1	545.911	0
16.761	1	1	1	451.194	0
16.801	1	1	1	372.938	0
16.841	1	1	1	488.584	0
16.881	1	1	1	1119.51	0
16.921	1	1	1	731.988	0
16.961	1	1	1	630.289	0
17.001	1	1	1	709.31	0
17.041	1	1	1	213.742	0
17.081	1	1	1	293.792	0
17.121	1	1	1	705.354	0
17.161	1	1	1	603.282	0
17.201	1	1	1	1312.26	0
17.241	1	1	1	353.123	0
17.281	1	1	1	622.041	0
17.321	1	1	1	480.41	0
17.361	1	1	1	558.465	0
17.401	1	1	1	912.297	0
17.441	1	1	1	607.567	0
17.481	1	1	1	1420.32	0
17.521	1	1	1	1155.94	0
17.561	1	1	1	3540.92	0
17.601	1	1	1	3318.31	0
17.641	1	1	1	1772.08	0
17.681	1	1	1	160.882	0
17.721	1	1	1	364.638	0
17.761	1	1	1	307.838	0
17.801	1	1	1	103.314	0
17.841	1	1	1	325.225	0
17.881	1	1	1	89.6459	0
17.921	1	1	1	260.439	0
17.961	1	1	1	337.746	0
18.001	1	1	1	422.784	0
18.041	1	1	1	512.335	0
18.081	1	1	1	674.116	0
18.121	1	1	1	562.181	0
18.161	1	1	1	275.669	0
18.201	1	1	1	579.336	0
18.241	1	1	1	698.623	0
18.281	1	1	1	924.049	0
18.321	1	1	1	1002.01	0
18.361	1	1	1	592.818	0
18.401	1	1	1	983.598	0
18.441	1	1	1	208.345	0
18.481	1	1	1	435.752	0
18.521	1	1	1	163.521	0
18.561	1	1	1	266.669	0
18.601	1	1	1	420.108	0
18.641	1	1	1	207.58	0
18.681	1	1	1	144.13	0
18.721	1	1	1	137.653	0
18.761	1	1	1	102.095	0
18.801	1	1	1	223.022	0
18.841	1	1	1	450.348	0
18.881	1	1	1	918.506	0
18.921	1	1	1	932.872	0
18.961	1	1	1	644.245	0
19.001	1	1	1	541.364	0
19.041	1	1	1	270.848	0
19.081	1	1	1	1082.46	0
19.121	1	1	1	1236.75	0
19.161	1	1	1	1175.17	0
19.201	1	1	1	2386.1	0
19.241	1	1	1	1445.08	0
19.281	1	1	1	605.218	0
19.321	1	1	1	257.887	0
19.361	1	1	1	197.037	0
19.401	1	1	1	465.564	0
19.441	1	1	1	1197.85	0
19.481	1	1	1	560.501	0
19.521	1	1	1	639.819	0
19.561	1	1	1	552.622	0
19.601	1	1	1	872.644	0
19.641	1	1	1	580.493	0
19.681	1	1	1	558.821	0
19.721	1	1	1	857.812	0
19.761	1	1	1	585.452	0
19.801	1	1	1	706.23	0
19.841	1	1	1	1497.06	0
19.881	1	1	1	3318.54	0
19.921	1	1	1	1589.08	0
19.961	1	1	1	2441.16	0
20.001	1	1	1	181.578	0
20.041	1	1	1	244.172	0
20.081	1	1	1	751.023	0
20.121	1	1	1	228.249	0
20.161	1	1	1	116.383	0
20.201	1	1	1	254.303	0
20.241	1	1	1	548.864	0
20.281	1	1	1	494.978	0
20.321	1	1	1	381.421	0
20.361	1	1	1	452.963	0
20.401	1	1	1	632.342	0
20.441	1	1	1	441.007	0
20.481	1	1	1	223.661	0
20.521	1	1	1	41.2745	0
20.561	1	1	1	537.043	0
20.601	1	1	1	1109.85	0
20.641	1	1	1	164.91	0
20.681	1	1	1	822.641	0
20.721	1	1	1	1251.75	0
20.761	1	1	1	1029.25	0
20.801	1	1	1	1327.79	0
20.841	1	1	1	639.384	0
20.881	1	1	1	340.292	0
20.921	1	1	1	792.641	0
20.961	1	1	1	312.119	0
21.001	1	1	1	270.069	0
21.041	1	1	1	241.441	0
21.081	1	1	1	546.442	0
21.121	1	1	1	240.575	0
21.161	1	1	1	164.075	0
21.201	1	1	1	294.756	0
21.241	1	1	1	321.314	0
21.281	1	1	1	432.819	0
21.321	1	1	1	101.485	0
21.361	1	1	1	128.952	0
21.401	1	1	1	158.605	0
21.441	1	1	1	93.832	0
21.481	1	1	1	817.107	0
21.521	1	1	1	131.124	0
21.561	1	1	1	672.866	0
21.601	1	1	1	487.145	0
21.641	1	1	1	176.186	0
21.681	1	1	1	176.133	0
21.721	1	1	1	225.424	0
21.761	1	1	1	233.252	0
21.801	1	1	1	755.704	0
21.841	1	1	1	509.555	0
21.881	1	1	1	223.124	0
21.921	1	1	1	459.414	0
21.961	1	1	1	453.868	0
22.001	1	1	1	357.232	0
22.041	1	1	1	717.462	0
22.081	1	1	1	401.873	0
22.121	1	1	1	739.504	0
22.161	1	1	1	252.838	0
22.201	1	1	1	328.021	0
22.241	1	1	1	473.182	0
22.281	1	1	1	180.773	0
22.321	1	1	1	275.707	0
22.361	1	1	1	97.2887	0
22.401	1	1	1	33.1598	0
22.441	1	1	1	155.148	0
22.481	1	1	1	300.14	0
22.521	1	1	1	346.903	0
22.561	1	1	1	62.9716	0
22.601	1	1	1	1604.66	0
22.641	1	1	1	1803.49	0
22.681	1	1	1	384.702	0
22.721	1	1	1	347.042	0
22.761	1	1	1	357.475	0
22.801	1	1	1	141.758	0
22.841	1	1	1	77.2039	0
22.881	1	1	1	132.581	0
22.921	1	1	1	286.733	0
22.961	1	1	1	454.593	0
23.001	1	1	1	809.349	0
23.041	1	1	1	450.555	0
23.081	1	1	1	704.965	0
23.121	1	1	1	410.681	0
23.161	1	1	1	192.392	0
23.201	1	1	1	255.497	0
23.241	1	1	1	139.404	0
23.281	1	1	1	191.659	0
23.321	1	1	1	254.888	0
23.361	1	1	1	166.786	0
23.401	1	1	1	169.342	0
23.441	1	1	1	346.25	0
23.481	1	1	1	1109.79	0
23.521	1	1	1	1176.73	0
23.561	1	1	1	1023.62	0
23.601	1	1	1	586.202	0
23.641	1	1	1	383.231	0
23.681	1	1	1	746.425	0
23.721	1	1	1	293.932	0
23.761	1	1	1	206.808	0
23.801	1	1	1	223.421	0
23.841	1	1	1	451.82	0
23.881	1	1	1	311.985	0
23.921	1	1	1	123.726	0
23.961	1	1	1	281.66	0
24.001	1	1	1	288.337	0
24.041	1	1	1	493.607	0
24.081	1	1	1	410.59	0
24.121	1	1	1	918.841	0
24.161	1	1	1	274.433	0
24.201	1	1	1	228.424	0
24.241	1	1	1	350.457	0
24.281	1	1	1	399.833	0
24.321	1	1	1	322.408	0
24.361	1	1	1	199.33	0
24.401	1	1	1	471.053	0
24.441	1	1	1	139.387	0
24.481	1	1	1	357.959	0
24.521	1	1	1	185.042	0
24.561	1	1	1	627.831	0
24.601	1	1	1	215.254	0
24.641	1	1	1	200.296	0
24.681	1	1	1	502.748	0
24.721	1	1	1	324.107	0
24.761	1	1	1	329.539	0
24.801	1	1	1	337.772	0
24.841	1	1	1	453.077	0
24.881	1	1	1	1107.81	0
24.921	1	1	1	116.538	0
24.961	1	1	1	172.118	0
25.001	1	1	1	330.962	0
25.041	1	1	1	617.992	0
25.081	1	1	1	719.992	0
25.121	1	1	1	891.284	0
25.161	1	1	1	128.898	0
25.201	1	1	1	92.5156	0
25.241	1	1	1	374.009	0
25.281	1	1	1	381.094	0
25.321	1	1	1	382.544	0
25.361	1	1	1	409.874	0
25.401	1	1	1	370.509	0
25.441	1	1	1	575.403	0
25.481	1	1	1	576.02	0
25.521	1	1	1	773.351	0
25.561	1	1	1	637.757	0
25.601	1	1	1	666.375	0
25.641	1	1	1	692.19	0
25.681	1	1	1	122.804	0
25.721	1	1	1	523.226	0
25.761	1	1	1	457.368	0
25.801	1	1	1	281.698	0
25.841	1	1	1	212.927	0
25.881	1	1	1	273.511	0
25.921	1	1	1	1700.77	0
25.961	1	1	1	597.359	0
26.001	1	1	1	364.668	0
26.041	1	1	1	810.438	0
26.081	1	1	1	165.842	0
26.121	1	1	1	317.786	0
26.161	1	1	1	399.855	0
26.201	1	1	1	203.702	0
26.241	1	1	1	356.775	0
26.281	1	1	1	626.251	0
26.321	1	1	1	247.585	0
26.361	1	1	1	241.369	0
26.401	1	1	1	640.9	0
26.441	1	1	1	561.391	0
26.481	1	1	1	548.42	0
26.521	1	1	1	2000.22	0
26.561	1	1	1	1178.94	0
26.601	1	1	1	409.952	0
26.641	1	1	1	269.778	0
26.681	1	1	1	265.62	0
26.721	1	1	1	368.628	0
26.761	1	1	1	350.121	0
26.801	1	1	1	184.359	0
26.841	1	1	1	359.188	0
26.881	1	1	1	463.21	0
26.921	1	1	1	328.216	0
26.961	1	1	1	533.036	0
27.001	1	1	1	492.05	0
27.041	1	1	1	717.555	0
27.081	1	1	1	1032.99	0
27.121	1	1	1	459.649	0
27.161	1	1	1	674.041	0
27.201	1	1	1	323.958	0
27.241	1	1	1	1181.52	0
27.281	1	1	1	558.038	0
27.321	1	1	1	116.765	0
27.361	1	1	1	1143.87	0
27.401	1	1	1	568.193	0
27.441	1	1	1	776.967	0
27.481	1	1	1	384.946	0
27.521	1	1	1	414.978	0
27.561	1	1	1	150.299	0
27.601	1	1	1	1624.67	0
27.641	1	1	1	392.472	0
27.681	1	1	1	246.188	0
27.721	1	1	1	172.056	0
27.761	1	1	1	1412.79	0
27.801	1	1	1	2228.8	0
27.841	1	1	1	2024.72	0
27.881	1	1	1	1830.98	0
27.921	1	1	1	797.582	0
27.961	1	1	1	720.393	0
28.001	1	1	1	664.257	0
28.041	1	1	1	381.701	0
28.081	1	1	1	292.211	0
28.121	1	1	1	281.023	0
28.161	1	1	1	1173.53	0
28.201	1	1	1	680.724	0
28.241	1	1	1	147.458	0
28.281	1	1	1	1450.25	0
28.321	1	1	1	1095.92	0
28.361	1	1	1	343.679	0
28.401	1	1	1	561.194	0
28.441	1	1	1	376.809	0
28.481	1	1	1	137.293	0
28.521	1	1	1	422.42	0
28.561	1	1	1	438.203	0
28.601	1	1	1	183.296	0
28.641	1	1	1	447.314	0
28.681	1	1	1	140.172	0
28.721	1	1	1	122.162	0
28.761	1	1	1	370.599	0
28.801	1	1	1	691.141	0
28.841	1	1	1	823.927	0
28.881	1	1	1	3063.33	0
28.921	1	1	1	129.844	0
28.961	1	1	1	157.104	0
29.001	1	1	1	405.114	0
29.041	1	1	1	143.545	0
29.081	1	1	1	257.595	0
29.121	1	1	1	334.095	0
29.161	1	1	1	1608.3	0
29.201	1	1	1	825.084	0
29.241	1	1	1	352.543	0
29.281	1	1	1	1133.07	0
29.321	1	1	1	1549.86	0
29.361	1	1	1	366.007	0
29.401	1	1	1	234.032	0
29.441	1	1	1	767.242	0
29.481	1	1	1	887.998	0
29.521	1	1	1	135.645	0
29.561	1	1	1	397.953	0
29.601	1	1	1	376.139	0
29.641	1	1	1	253.126	0
29.681	1	1	1	1148.59	0
29.721	1	1	1	405.145	0
29.761	1	1	1	513.573	0
29.801	1	1	1	663.025	0
29.841	1	1	1	211.539	0
29.881	1	1	1	276.308	0
29.921	1	1	1	250.478	0
29.961	1	1	1	266.424	0
30.001	1	1	1	792.953	0
30.041	1	1	1	766.044	0
30.081	1	1	1	227.859	0
30.121	1	1	1	212.623	0
30.161	1	1	1	333.584	0
30.201	1	1	1	369.338	0
30.241	1	1	1	202.101	0
30.281	1	1	1	469.79	0
30.321	1	1	1	820.108	0
30.361	1	1	1	290.918	0
30.401	1	1	1	466.917	0
30.441	1	1	1	229.432	0
30.481	1	1	1	118.018	0
30.521	1	1	1	305.283	0
30.561	1	1	1	1019.54	0
30.601	1	1	1	1670.11	0
30.641	1	1	1	724.509	0
30.681	1	1	1	746.527	0
30.721	1	1	1	982.8	0
30.761	1	1	1	695.801	0
30.801	1	1	1	279.433	0
30.841	1	1	1	377.785	0
30.881	1	1	1	679.795	0
30.921	1	1	1	409.157	0
30.961	1	1	1	656.613	0
31.001	1	1	1	177.729	0
31.041	1	1	1	945.033	0
31.081	1	1	1	519.81	0
31.121	1	1	1	860.506	0
31.161	1	1	1	1150.28	0
31.201	1	1	1	639.528	0
31.241	1	1	1	2269.35	0
31.281	1	1	1	2137.21	0
31.321	1	1	1	323.013	0
31.361	1	1	1	568.092	0
31.401	1	1	1	350.298	0
31.441	1	1	1	252.961	0
31.481	1	1	1	714.741	0
31.521	1	1	1	370.675	0
31.561	1	1	1	1993.15	0
31.601	1	1	1	1260.76	0
31.641	1	1	1	2594.54	0
31.681	1	1	1	706.438	0
31.721	1	1	1	448.99	0
31.761	1	1	1	1148.63	0
31.801	1	1	1	180.77	0
31.841	1	1	1	797.197	0
31.881	1	1	1	527.518	0
31.921	1	1	1	151.304	0
31.961	1	1	1	950.008	0
32.001	1	1	1	307.526	0
32.041	1	1	1	535.374	0
32.081	1	1	1	790.374	0
32.121	1	1	1	205.011	0
32.161	1	1	1	338.89	0
32.201	1	1	1	310.626	0
32.241	1	1	1	307.003	0
32.281	1	1	1	408.319	0
32.321	1	1	1	186.73	0
32.361	1	1	1	174.747	0
32.401	1	1	1	513.75	0
32.441	1	1	1	1215.16	0
32.481	1	1	1	874.696	0
32.521	1	1	1	231.147	0
32.561	1	1	1	184.39	0
32.601	1	1	1	462.024	0
32.641	1	1	1	620.281	0
32.681	1	1	1	459.071	0
32.721	1	1	1	259.34	0
32.761	1	1	1	180.232	0
32.801	1	1	1	664.592	0
32.841	1	1	1	1762.12	0
32.881	1	1	1	580.391	0
32.921	1	1	1	730.932	0
32.961	1	1	1	1144.36	0
33.001	1	1	1	722.431	0
33.041	1	1	1	1876.78	0
33.081	1	1	1	1146.33	0
33.121	1	1	1	842.291	0
33.161	1	1	1	587.008	0
33.201	1	1	1	554.607	0
33.241	1	1	1	505.729	0
33.281	1	1	1	446.673	0
33.321	1	1	1	1502.74	0
33.361	1	1	1	1173.1	0
33.401	1	1	1	364.665	0
33.441	1	1	1	409.705	0
33.481	1	1	1	591.869	0
33.521	1	1	1	328.09	0
33.561	1	1	1	876.587	0
33.601	1	1	1	104.491	0
33.641	1	1	1	75.0116	0
33.681	1	1	1	505.036	0
33.721	1	1	1	816.604	0
33.761	1	1	1	473.602	0
33.801	1	1	1	200.937	0
33.841	1	1	1	351.155	0
33.881	1	1	1	310.336	0
33.921	1	1	1	283.942	0
33.961	1	1	1	202.571	0
34.001	1	1	1	266.49	0
34.041	1	1	1	425.525	0
34.081	1	1	1	647.908	0
34.121	1	1	1	277.564	0
34.161	1	1	1	212.357	0
34.201	1	1	1	142.034	0
34.241	1	1	1	272.371	0
34.281	1	1	1	153.953	0
34.321	1	1	1	59.9079	0
34.361	1	1	1	233.266	0
34.401	1	1	1	218.825	0
34.441	1	1	1	158.197	0
34.481	1	1	1	313.403	0
34.521	1	1	1	287.26	0
34.561	1	1	1	915.666	0
34.601	1	1	1	1349.36	0
34.641	1	1	1	664.782	0
34.681	1	1	1	716.63	0
34.721	1	1	1	1017.28	0
34.761	1	1	1	470.271	0
34.801	1	1	1	451.828	0
34.841	1	1	1	318.745	0
34.881	1	1	1	602.098	0
34.921	1	1	1	780.105	0
34.961	1	1	1	240.311	0
35.001	1	1	1	493.232	0
35.041	1	1	1	947.535	0
35.081	1	1	1	1759.95	0
35.121	1	1	1	670.358	0
35.161	1	1	1	339.939	0
35.201	1	1	1	341.567	0
35.241	1	1	1	495.336	0
35.281	1	1	1	387.481	0
35.321	1	1	1	642.294	0
35.361	1	1	1	528.938	0
35.401	1	1	1	480.104	0
35.441	1	1	1	338.42	0
35.481	1	1	1	74.8694	0
35.521	1	1	1	738.389	0
35.561	1	1	1	293.817	0
35.601	1	1	1	175.245	0
35.641	1	1	1	312.326	0
35.681	1	1	1	382.311	0
35.721	1	1	1	449.243	0
35.761	1	1	1	490.822	0
35.801	1	1	1	1643.56	0
35.841	1	1	1	177.314	0
35.881	1	1	1	359.816	0
35.921	1	1	1	739.224	0
35.961	1	1	1	121.403	0
36.001	1	1	1	780.287	0
36.041	1	1	1	909.626	0
36.081	1	1	1	1712.03	0
36.121	1	1	1	396.24	0
36.161	1	1	1	186.268	0
36.201	1	1	1	764.898	0
36.241	1	1	1	435.453	0
36.281	1	1	1	307.672	0
36.321	1	1	1	528.331	0
36.361	1	1	1	270.331	0
36.401	1	1	1	587.479	0
36.441	1	1	1	557.327	0
36.481	1	1	1	291.433	0
36.521	1	1	1	92.3969	0
36.561	1	1	1	231.517	0
36.601	1	1	1	145.667	0
36.641	1	1	1	738.015	0
36.681	1	1	1	718.397	0
36.721	1	1	1	671.303	0
36.761	1	1	1	1736	0
36.801	1	1	1	973.164	0
36.841	1	1	1	815.277	0
36.881	1	1	1	607.482	0
36.921	1	1	1	961.21	0
36.961	1	1	1	1650.62	0
37.001	1	1	1	384.403	0
37.041	1	1	1	495.205	0
37.081	1	1	1	429.771	0
37.121	1	1	1	382.373	0
37.161	1	1	1	578.282	0
37.201	1	1	1	556.517	0
37.241	1	1	1	202.4	0
37.281	1	1	1	77.539	0
37.321	1	1	1	124.262	0
37.361	1	1	1	554.817	0
37.401	1	1	1	1548.34	0
37.441	1	1	1	1892.97	0
37.481	1	1	1	529.318	0
37.521	1	1	1	123.201	0
37.561	1	1	1	676.14	0
37.601	1	1	1	884.102	0
37.641	1	1	1	361.268	0
37.681	1	1	1	413.894	0
37.721	1	1	1	217.682	0
37.761	1	1	1	1020	0
37.801	1	1	1	2616.91	0
37.841	1	1	1	554.491	0
37.881	1	1	1	608.047	0
37.921	1	1	1	1077.89	0
37.961	1	1	1	205.288	0
38.001	1	1	1	336.385	0
38.041	1	1	1	439.218	0
38.081	1	1	1	418.275	0
38.121	1	1	1	522.078	0
38.161	1	1	1	319.874	0
38.201	1	1	1	246.533	0
38.241	1	1	1	218.071	0
38.281	1	1	1	1189.28	0
38.321	1	1	1	1198.62	0
38.361	1	1	1	203.947	0
38.401	1	1	1	422.668	0
38.441	1	1	1	419.35	0
38.481	1	1	1	225.01	0
38.521	1	1	1	1813.31	0
38.561	1	1	1	214.634	0
38.601	1	1	1	826.482	0
38.641	1	1	1	1412.58	0
38.681	1	1	1	694.507	0
38.721	1	1	1	887.529	0
38.761	1	1	1	288.454	0
38.801	1	1	1	171.521	0
38.841	1	1	1	335.238	0
38.881	1	1	1	78.2943	0
38.921	1	1	1	823.448	0
38.961	1	1	1	491.992	0
39.001	1	1	1	230.488	0
39.041	1	1	1	443.71	0
39.081	1	1	1	832.762	0
39.121	1	1	1	270.725	0
39.161	1	1	1	291.061	0
39.201	1	1	1	419.133	0
39.241	1	1	1	1292.42	0
39.281	1	1	1	1897.84	0
39.321	1	1	1	935.488	0
39.361	1	1	1	794.635	0
39.401	1	1	1	834.581	0
39.441	1	1	1	149.573	0
39.481	1	1	1	837.779	0
39.521	1	1	1	598.794	0
39.561	1	1	1	243.181	0
39.601	1	1	1	284.146	0
39.641	1	1	1	156.021	0
39.681	1	1	1	269.278	0
39.721	1	1	1	403.637	0
39.761	1	1	1	125.985	0
39.801	1	1	1	94.7072	0
39.841	1	1	1	293.333	0
39.881	1	1	1	839.079	0
39.921	1	1	1	633.114	0
39.961	1	1	1	510.327	0
40.001	1	1	1	620.549	0
40.041	1	1	1	762.427	0
40.081	1	1	1	118.406	0
40.121	1	1	1	710.997	0
40.161	1	1	1	1154.97	0
40.201	1	1	1	297.928	0
40.241	1	1	1	2279.88	0
40.281	1	1	1	552.237	0
40.321	1	1	1	1113.52	0
40.361	1	1	1	3787.22	0
40.401	1	1	1	769.894	0
40.441	1	1	1	234.765	0
40.481	1	1	1	541.888	0
40.521	1	1	1	409.392	0
40.561	1	1	1	170.312	0
40.601	1	1	1	700.395	0
40.641	1	1	1	885.286	0
40.681	1	1	1	372.545	0
40.721	1	1	1	260.352	0
40.761	1	1	1	255.002	0
40.801	1	1	1	668.725	0
40.841	1	1	1	286.739	0
40.881	1	1	1	444.052	0
40.921	1	1	1	426.643	0
40.961	1	1	1	303.139	0
41.001	1	1	1	251.511	0
41.041	1	1	1	476.792	0
41.081	1	1	1	102.993	0
41.121	1	1	1	36.522	0
41.161	1	1	1	1100.74	0
41.201	1	1	1	284.383	0
41.241	1	1	1	714.669	0
41.281	1	1	1	1262.72	0
41.321	1	1	1	324.444	0
41.361	1	1	1	337.518	0
41.401	1	1	1	110.577	0
41.441	1	1	1	175.941	0
41.481	1	1	1	296.722	0
41.521	1	1	1	1686.26	0
41.561	1	1	1	367.43	0
41.601	1	1	1	182.381	0
41.641	1	1	1	850.312	0
41.681	1	1	1	309.849	0
41.721	1	1	1	164.636	0
41.761	1	1	1	226.633	0
41.801	1	1	1	223.504	0
41.841	1	1	1	232.93	0
41.881	1	1	1	962.756	0
41.921	1	1	1	370.721	0
41.961	1	1	1	243.109	0
42.001	1	1	1	666.727	0
42.041	1	1	1	967.578	0
42.081	1	1	1	1458.06	0
42.121	1	1	1	928.991	0
42.161	1	1	1	759.269	0
42.201	1	1	1	2099.84	0
42.241	1	1	1	1058.69	0
42.281	1	1	1	869.869	0
42.321	1	1	1	968.975	0
42.361	1	1	1	731.738	0
42.401	1	1	1	302.81	0
42.441	1	1	1	160.367	0
42.481	1	1	1	291.504	0
42.521	1	1	1	1128	0
42.561	1	1	1	1374.18	0
42.601	1	1	1	769.291	0
42.641	1	1	1	292.655	0
42.681	1	1	1	369.076	0
42.721	1	1	1	1186.04	0
42.761	1	1	1	1486.16	0
42.801	1	1	1	684.337	0
42.841	1	1	1	1561.67	0
42.881	1	1	1	535.435	0
42.921	1	1	1	509.869	0
42.961	1	1	1	378.251	0
43.001	1	1	1	207.121	0
43.041	1	1	1	1678.91	0
43.081	1	1	1	3700.25	0
43.121	1	1	1	3203.18	0
43.161	1	1	1	364.757	0
43.201	1	1	1	132.875	0
43.241	1	1	1	308.382	0
43.281	1	1	1	205.557	0
43.321	1	1	1	248.879	0
43.361	1	1	1	148.185	0
43.401	1	1	1	384.828	0
43.441	1	1	1	935.263	0
43.481	1	1	1	311.214	0
43.521	1	1	1	817.705	0
43.561	1	1	1	286.104	0
43.601	1	1	1	415.306	0
43.641	1	1	1	677.674	0
43.681	1	1	1	236.319	0
43.721	1	1	1	464.945	0
43.761	1	1	1	35.7276	0
43.801	1	1	1	228.552	0
43.841	1	1	1	1147.54	0
43.881	1	1	1	138.676	0
43.921	1	1	1	640.551	0
43.961	1	1	1	405.255	0
44.001	1	1	1	1408.89	0
44.041	1	1	1	485.878	0
44.081	1	1	1	665.691	0
44.121	1	1	1	739.883	0
44.161	1	1	1	569.612	0
44.201	1	1	1	207.671	0
44.241	1	1	1	76.988	0
44.281	1	1	1	242.452	0
44.321	1	1	1	696.079	0
44.361	1	1	1	230.972	0
44.401	1	1	1	240.432	0
44.441	1	1	1	1509.74	0
44.481	1	1	1	756.403	0
44.521	1	1	1	538.901	0
44.561	1	1	1	862.169	0
44.601	1	1	1	287.858	0
44.641	1	1	1	259.393	0
44.681	1	1	1	338.417	0
44.721	1	1	1	61.8132	0
44.761	1	1	1	82.195	0
44.801	1	1	1	231.551	0
44.841	1	1	1	413.441	0
44.881	1	1	1	1080.19	0
44.921	1	1	1	200.072	0
44.961	1	1	1	107.129	0
45.001	1	1	1	994.711	0
45.041	1	1	1	2311.56	0
45.081	1	1	1	893.034	0
45.121	1	1	1	1314.47	0
45.161	1	1	1	1964.59	0
45.201	1	1	1	511.349	0
45.241	1	1	1	422.044	0
45.281	1	1	1	197.32	0
45.321	1	1	1	265.506	0
45.361	1	1	1	241.568	0
45.401	1	1	1	91.8058	0
45.441	1	1	1	220.772	0
45.481	1	1	1	114.345	0
45.521	1	1	1	205.503	0
45.561	1	1	1	403.358	0
45.601	1	1	1	249.658	0
45.641	1	1	1	190.801	0
45.681	1	1	1	379.028	0
45.721	1	1	1	256.307	0
45.761	1	1	1	118.559	0
45.801	1	1	1	76.1922	0
45.841	1	1	1	135.296	0
45.881	1	1	1	38.7425	0
45.921	1	1	1	179.325	0
45.961	1	1	1	960.617	0
46.001	1	1	1	802.925	0
46.041	1	1	1	2013.89	0
46.081	1	1	1	321.272	0
46.121	1	1	1	193.378	0
46.161	1	1	1	46.2438	0
46.201	1	1	1	445.509	0
46.241	1	1	1	2362.63	0
46.281	1	1	1	309.001	0
46.321	1	1	1	512.77	0
46.361	1	1	1	2503.26	0
46.401	1	1	1	527.755	0
46.441	1	1	1	435.816	0
46.481	1	1	1	701.328	0
46.521	1	1	1	342.096	0
46.561	1	1	1	285.3	0
46.601	1	1	1	235.242	0
46.641	1	1	1	194.905	0
46.681	1	1	1	111.902	0
46.721	1	1	1	477.189	0
46.761	1	1	1	598.111	0
46.801	1	1	1	471.435	0
46.841	1	1	1	407.186	0
46.881	1	1	1	870.981	0
46.921	1	1	1	1809.68	0
46.961	1	1	1	497.519	0
47.001	1	1	1	406.736	0
47.041	1	1	1	207.202	0
47.081	1	1	1	335.922	0
47.121	1	1	1	680.29	0
47.161	1	1	1	292.598	0
47.201	1	1	1	97.9324	0
47.241	1	1	1	393.435	0
47.281	1	1	1	417.427	0
47.321	1	1	1	167.476	0
47.361	1	1	1	151.369	0
47.401	1	1	1	671.393	0
47.441	1	1	1	1521.02	0
47.481	1	1	1	526.329	0
47.521	1	1	1	435.423	0
47.561	1	1	1	332.312	0
47.601	1	1	1	159.71	0
47.641	1	1	1	267.422	0
47.681	1	1	1	277.65	0
47.721	1	1	1	284.849	0
47.761	1	1	1	313.467	0
47.801	1	1	1	194.013	0
47.841	1	1	1	942.369	0
47.881	1	1	1	128.854	0
47.921	1	1	1	78.296	0
47.961	1	1	1	188.043	0
48.001	1	1	1	670.207	0
48.041	1	1	1	358.2	0
48.081	1	1	1	1026.16	0
48.121	1	1	1	1640.01	0
48.161	1	1	1	609.53	0
48.201	1	1	1	256.936	0
48.241	1	1	1	322.508	0
48.281	1	1	1	446.8	0
48.321	1	1	1	320.384	0
48.361	1	1	1	286.912	0
48.401	1	1	1	170.967	0
48.441	1	1	1	219.458	0
48.481	1	1	1	274.952	0
48.521	1	1	1	399.7	0
48.561	1	1	1	664.734	0
48.601	1	1	1	2045.88	0
48.641	1	1	1	798.688	0
48.681	1	1	1	759.023	0
48.721	1	1	1	901.52	0
48.761	1	1	1	635.757	0
48.801	1	1	1	683.878	0
48.841	1	1	1	402.105	0
48.881	1	1	1	492.945	0
48.921	1	1	1	506.84	0
48.961	1	1	1	429.022	0
49.001	1	1	1	327.47	0
49.041	1	1	1	295.889	0
49.081	1	1	1	265.129	0
49.121	1	1	1	1141.99	0
49.161	1	1	1	627.532	0
49.201	1	1	1	681.183	0
49.241	1	1	1	2250.56	0
49.281	1	1	1	681.293	0
49.321	1	1	1	644.725	0
49.361	1	1	1	290.183	0
49.401	1	1	1	320.451	0
49.441	1	1	1	893.552	0
49.481	1	1	1	324.51	0
49.521	1	1	1	1221.48	0
49.561	1	1	1	516.764	0
49.601	1	1	1	306.06	0
49.641	1	1	1	778.93	0
49.681	1	1	1	206.546	0
49.721	1	1	1	142.273	0
49.761	1	1	1	717.942	0
49.801	1	1	1	1537.56	0
49.841	1	1	1	508.124	0
49.881	1	1	1	247.376	0
49.921	1	1	1	328.097	0
49.961	1	1	1	386.707	0
50.001	1	1	1	558.421	0
50.041	1	1	1	413.657	0
50.081	1	1	1	264.776	0
50.121	1	1	1	441.426	0
50.161	1	1	1	368.157	0
50.201	1	1	1	103.878	0
50.241	1	1	1	293.197	0
50.281	1	1	1	668.952	0
50.321	1	1	1	159.287	0
50.361	1	1	1	241.921	0
50.401	1	1	1	330.182	0
50.441	1	1	1	213.061	0
50.481	1	1	1	251.92	0
50.521	1	1	1	385.146	0
50.561	1	1	1	1093.71	0
50.601	1	1	1	756.71	0
50.641	1	1	1	531.757	0
50.681	1	1	1	344.537	0
50.721	1	1	1	961.004	0
50.761	1	1	1	1037.69	0
50.801	1	1	1	1475.06	0
50.841	1	1	1	842.8	0
50.881	1	1	1	567.632	0
50.921	1	1	1	594.199	0
50.961	1	1	1	344.792	0
51.001	1	1	1	309.915	0
51.041	1	1	1	491.576	0
51.081	1	1	1	282.287	0
51.121	1	1	1	877.313	0
51.161	1	1	1	875.541	0
51.201	1	1	1	352.839	0
51.241	1	1	1	182.89	0
51.281	1	1	1	341.122	0
51.321	1	1	1	128.752	0
51.361	1	1	1	293.343	0
51.401	1	1	1	604.343	0
51.441	1	1	1	2023.61	0
51.481	1	1	1	281.545	0
51.521	1	1	1	1501.24	0
51.561	1	1	1	228.868	0
51.601	1	1	1	615.199	0
51.641	1	1	1	241.7	0
51.681	1	1	1	388.3	0
51.721	1	1	1	273.533	0
51.761	1	1	1	117.173	0
51.801	1	1	1	906.608	0
51.841	1	1	1	567.273	0
51.881	1	1	1	267.761	0
51.921	1	1	1	476.432	0
51.961	1	1	1	756.761	0
52.001	1	1	1	3104.44	0
52.041	1	1	1	5981.28	0
52.081	1	1	1	530.158	0
52.121	1	1	1	1075.49	0
52.161	1	1	1	637.475	0
52.201	1	1	1	95.0646	0
52.241	1	1	1	283.204	0
52.281	1	1	1	209.239	0
52.321	1	1	1	307.736	0
52.361	1	1	1	873.87	0
52.401	1	1	1	441.77	0
52.441	1	1	1	235.872	0
52.481	1	1	1	242.017	0
52.521	1	1	1	179.553	0
52.561	1	1	1	350.181	0
52.601	1	1	1	525.336	0
52.641	1	1	1	189.462	0
52.681	1	1	1	706.211	0
52.721	1	1	1	1364.31	0
52.761	1	1	1	320.055	0
52.801	1	1	1	380.357	0
52.841	1	1	1	363.538	0
52.881	1	1	1	335.575	0
52.921	1	1	1	624.498	0
52.961	1	1	1	562.093	0
53.001	1	1	1	373.438	0
53.041	1	1	1	498.444	0
53.081	1	1	1	313.5	0
53.121	1	1	1	285.382	0
53.161	1	1	1	291.748	0
53.201	1	1	1	51.3882	0
53.241	1	1	1	414.217	0
53.281	1	1	1	292.993	0
53.321	1	1	1	315.199	0
53.361	1	1	1	1762.52	0
53.401	1	1	1	582.638	0
53.441	1	1	1	2186.94	0
53.481	1	1	1	3298.95	0
53.521	1	1	1	407.103	0
53.561	1	1	1	461.734	0
53.601	1	1	1	787.223	0
53.641	1	1	1	55.1336	0
53.681	1	1	1	367.389	0
53.721	1	1	1	2311.06	0
53.761	1	1	1	429.768	0
53.801	1	1	1	857.116	0
53.841	1	1	1	3899.03	0
53.881	1	1	1	1443.71	0
53.921	1	1	1	320.032	0
53.961	1	1	1	243.498	0
54.001	1	1	1	233.729	0
54.041	1	1	1	329.748	0
54.081	1	1	1	990.219	0
54.121	1	1	1	83.9927	0
54.161	1	1	1	160.689	0
54.201	1	1	1	192.107	0
54.241	1	1	1	84.6339	0
54.281	1	1	1	358.036	0
54.321	1	1	1	332.168	0
54.361	1	1	1	574.986	0
54.401	1	1	1	1039.06	0
54.441	1	1	1	604.155	0
54.481	1	1	1	1005.07	0
54.521	1	1	1	310.047	0
54.561	1	1	1	163.721	0
54.601	1	1	1	582.922	0
54.641	1	1	1	418.165	0
54.681	1	1	1	261.094	0
54.721	1	1	1	395.004	0
54.761	1	1	1	109.558	0
54.801	1	1	1	222.656	0
54.841	1	1	1	385.193	0
54.881	1	1	1	424.987	0
54.921	1	1	1	531.159	0
54.961	1	1	1	972.151	0
55.001	1	1	1	309.009	0
55.041	1	1	1	244.507	0
55.081	1	1	1	657.394	0
55.121	1	1	1	501.774	0
55.161	1	1	1	574.911	0
55.201	1	1	1	506.301	0
55.241	1	1	1	419.261	0
55.281	1	1	1	296.794	0
55.321	1	1	1	115.461	0
55.361	1	1	1	279.027	0
55.401	1	1	1	453.135	0
55.441	1	1	1	149.947	0
55.481	1	1	1	146.277	0
55.521	1	1	1	631.157	0
55.561	1	1	1	390.041	0
55.601	1	1	1	913.809	0
55.641	1	1	1	593.659	0
55.681	1	1	1	244.991	0
55.721	1	1	1	396.87	0
55.761	1	1	1	753.399	0
55.801	1	1	1	1138.47	0
55.841	1	1	1	594.614	0
55.881	1	1	1	216.995	0
55.921	1	1	1	345.725	0
55.961	1	1	1	295.122	0
56.001	1	1	1	400.376	0
56.041	1	1	1	654.656	0
56.081	1	1	1	896.7	0
56.121	1	1	1	156.039	0
56.161	1	1	1	250.739	0
56.201	1	1	1	186.853	0
56.241	1	1	1	109.672	0
56.281	1	1	1	309.079	0
56.321	1	1	1	116.83	0
56.361	1	1	1	151.489	0
56.401	1	1	1	400.324	0
56.441	1	1	1	307.81	0
56.481	1	1	1	251.583	0
56.521	1	1	1	812.862	0
56.561	1	1	1	2236.72	0
56.601	1	1	1	935.825	0
56.641	1	1	1	281.629	0
56.681	1	1	1	314.189	0
56.721	1	1	1	220.068	0
56.761	1	1	1	431.537	0
56.801	1	1	1	146.326	0
56.841	1	1	1	200.728	0
56.881	1	1	1	745.579	0
56.921	1	1	1	261.144	0
56.961	1	1	1	325.789	0
57.001	1	1	1	1276.67	0
57.041	1	1	1	460.936	0
57.081	1	1	1	223.247	0
57.121	1	1	1	144.3	0
57.161	1	1	1	1041.11	0
57.201	1	1	1	326.017	0
57.241	1	1	1	214.234	0
57.281	1	1	1	838.397	0
57.321	1	1	1	419.089	0
57.361	1	1	1	2429.19	0
57.401	1	1	1	3407.58	0
57.441	1	1	1	273.741	0
57.481	1	1	1	674.634	0
57.521	1	1	1	801.055	0
57.561	1	1	1	312.599	0
57.601	1	1	1	325.355	0
57.641	1	1	1	197.647	0
57.681	1	1	1	665.444	0
57.721	1	1	1	1068.87	0
57.761	1	1	1	1426.82	0
57.801	1	1	1	1818.74	0
57.841	1	1	1	2228.92	0
57.881	1	1	1	1366.8	0
57.921	1	1	1	310.394	0
57.961	1	1	1	585.773	0
58.001	1	1	1	1272.32	0
58.041	1	1	1	3084.07	0
58.081	1	1	1	561.727	0
58.121	1	1	1	254.372	0
58.161	1	1	1	224.87	0
58.201	1	1	1	222.063	0
58.241	1	1	1	200.457	0
58.281	1	1	1	225.285	0
58.321	1	1	1	308.666	0
58.361	1	1	1	526.066	0
58.401	1	1	1	334.341	0
58.441	1	1	1	363.273	0
58.481	1	1	1	924.052	0
58.521	1	1	1	404.525	0
58.561	1	1	1	81.5961	0
58.601	1	1	1	334.031	0
58.641	1	1	1	764.463	0
58.681	1	1	1	850.192	0
58.721	1	1	1	1227.21	0
58.761	1	1	1	255.638	0
58.801	1	1	1	255.175	0
58.841	1	1	1	432.319	0
58.881	1	1	1	285.924	0
58.921	1	1	1	158.749	0
58.961	1	1	1	58.8075	0
59.001	1	1	1	148.463	0
59.041	1	1	1	59.241	0
59.081	1	1	1	196.386	0
59.121	1	1	1	432.103	0
59.161	1	1	1	242.341	0
59.201	1	1	1	284.999	0
59.241	1	1	1	1732.44	0
59.281	1	1	1	619.206	0
59.321	1	1	1	1041.74	0
59.361	1	1	1	1002.45	0
59.401	1	1	1	581.593	0
59.441	1	1	1	552.009	0
59.481	1	1	1	485.724	0
59.521	1	1	1	182.895	0
59.561	1	1	1	108.607	0
59.601	1	1	1	188.192	0
59.641	1	1	1	437.43	0
59.681	1	1	1	200.297	0
59.721	1	1	1	180.938	0
59.761	1	1	1	153.593	0
59.801	1	1	1	56.9074	0
59.841	1	1	1	98.9826	0
59.881	1	1	1	210.229	0
59.921	1	1	1	1096.3	0
59.961	1	1	1	770.013	0
