% time	cellId	IMSI	RNTI	sinrLinear	componentCarrierId
0.041	1	1	1	9364.96	0
0.081	1	1	1	4797.24	0
0.121	1	1	1	12158.7	0
0.161	1	1	1	9580.74	0
0.201	1	1	1	10855.7	0
0.241	1	1	1	8644.38	0
0.281	1	1	1	5855.23	0
0.321	1	1	1	19209.1	0
0.361	1	1	1	8039.09	0
0.401	1	1	1	6011.96	0
0.441	1	1	1	14558.4	0
0.481	1	1	1	5909.41	0
0.521	1	1	1	5024.16	0
0.561	1	1	1	4227.81	0
0.601	1	1	1	1703.02	0
0.641	1	1	1	1525.16	0
0.681	1	1	1	1908.06	0
0.721	1	1	1	9134.84	0
0.761	1	1	1	6839.18	0
0.801	1	1	1	6981.46	0
0.841	1	1	1	12951.6	0
0.881	1	1	1	8045.94	0
0.921	1	1	1	13443.9	0
0.961	1	1	1	7427.09	0
1.001	1	1	1	4177.68	0
1.041	1	1	1	4763.04	0
1.081	1	1	1	8761.36	0
1.121	1	1	1	4740.71	0
1.161	1	1	1	3568.63	0
1.201	1	1	1	4801.49	0
1.241	1	1	1	4971.76	0
1.281	1	1	1	4303.81	0
1.321	1	1	1	3617.85	0
1.361	1	1	1	5310.64	0
1.401	1	1	1	5969.25	0
1.441	1	1	1	6097.54	0
1.481	1	1	1	4233.73	0
1.521	1	1	1	5746.17	0
1.561	1	1	1	2857.73	0
1.601	1	1	1	7191.03	0
1.641	1	1	1	7509.35	0
1.681	1	1	1	10441.1	0
1.721	1	1	1	6671.73	0
1.761	1	1	1	5535.85	0
1.801	1	1	1	5274.78	0
1.841	1	1	1	2337.4	0
1.881	1	1	1	3049.9	0
1.921	1	1	1	3743.46	0
1.961	1	1	1	4987.93	0
2.001	1	1	1	11723.8	0
2.041	1	1	1	11277.7	0
2.081	1	1	1	8308.61	0
2.121	1	1	1	11579.2	0
2.161	1	1	1	12308	0
2.201	1	1	1	7659.08	0
2.241	1	1	1	6216.18	0
2.281	1	1	1	12633.1	0
2.321	1	1	1	13722.4	0
2.361	1	1	1	4979.26	0
2.401	1	1	1	7683.23	0
2.441	1	1	1	7474.76	0
2.481	1	1	1	5935.94	0
2.521	1	1	1	4216.67	0
2.561	1	1	1	3446.63	0
2.601	1	1	1	3325.55	0
2.641	1	1	1	6624.08	0
2.681	1	1	1	6397.39	0
2.721	1	1	1	4213.75	0
2.761	1	1	1	5312.77	0
2.801	1	1	1	3314.48	0
2.841	1	1	1	10932.3	0
2.881	1	1	1	21288.3	0
2.921	1	1	1	11826.1	0
2.961	1	1	1	6522.5	0
3.001	1	1	1	25049.8	0
3.041	1	1	1	15090.4	0
3.081	1	1	1	8017.81	0
3.121	1	1	1	18369.1	0
3.161	1	1	1	8641.49	0
3.201	1	1	1	5990.86	0
3.241	1	1	1	2406.27	0
3.281	1	1	1	6420.49	0
3.321	1	1	1	19763	0
3.361	1	1	1	6167.35	0
3.401	1	1	1	4300.25	0
3.441	1	1	1	15812.8	0
3.481	1	1	1	8327.63	0
3.521	1	1	1	5096.05	0
3.561	1	1	1	12166	0
3.601	1	1	1	6943.85	0
3.641	1	1	1	25567.5	0
3.681	1	1	1	32861.3	0
3.721	1	1	1	5883.25	0
3.761	1	1	1	7946.09	0
3.801	1	1	1	9606.85	0
3.841	1	1	1	1472.04	0
3.881	1	1	1	5647.8	0
3.921	1	1	1	6989.36	0
3.961	1	1	1	9854.05	0
4.001	1	1	1	8672.64	0
4.041	1	1	1	14585.3	0
4.081	1	1	1	12626	0
4.121	1	1	1	5654.17	0
4.161	1	1	1	2728.14	0
4.201	1	1	1	3528.83	0
4.241	1	1	1	5899.05	0
4.281	1	1	1	5198.61	0
4.321	1	1	1	3878.66	0
4.361	1	1	1	9575.5	0
4.401	1	1	1	13824.1	0
4.441	1	1	1	13970.2	0
4.481	1	1	1	9289.58	0
4.521	1	1	1	1103.76	0
4.561	1	1	1	11639.4	0
4.601	1	1	1	13726.7	0
4.641	1	1	1	4397.05	0
4.681	1	1	1	4765.67	0
4.721	1	1	1	3895.65	0
4.761	1	1	1	1843.7	0
4.801	1	1	1	1961.39	0
4.841	1	1	1	3576.73	0
4.881	1	1	1	7875.25	0
4.921	1	1	1	7742.51	0
4.961	1	1	1	3641.3	0
5.001	1	1	1	13962.8	0
5.041	1	1	1	6673.27	0
5.081	1	1	1	5974.3	0
5.121	1	1	1	2383.54	0
5.161	1	1	1	2918.56	0
5.201	1	1	1	6094.5	0
5.241	1	1	1	3706.01	0
5.281	1	1	1	8446.63	0
5.321	1	1	1	6613.47	0
5.361	1	1	1	10552.5	0
5.401	1	1	1	13135.9	0
5.441	1	1	1	6289.38	0
5.481	1	1	1	22484.2	0
5.521	1	1	1	12799.6	0
5.561	1	1	1	17571.4	0
5.601	1	1	1	3322.36	0
5.641	1	1	1	12900.9	0
5.681	1	1	1	9878.01	0
5.721	1	1	1	6708.6	0
5.761	1	1	1	6958.53	0
5.801	1	1	1	3789.95	0
5.841	1	1	1	22304.8	0
5.881	1	1	1	14732.3	0
5.921	1	1	1	7638.42	0
5.961	1	1	1	6766.52	0
6.001	1	1	1	5351.78	0
6.041	1	1	1	7249.92	0
6.081	1	1	1	4453.97	0
6.121	1	1	1	5130.85	0
6.161	1	1	1	3919.37	0
6.201	1	1	1	6497.19	0
6.241	1	1	1	19538.3	0
6.281	1	1	1	16591.9	0
6.321	1	1	1	6312.96	0
6.361	1	1	1	8829.72	0
6.401	1	1	1	3826.39	0
6.441	1	1	1	5533.68	0
6.481	1	1	1	16825.4	0
6.521	1	1	1	14836	0
6.561	1	1	1	11367.5	0
6.601	1	1	1	4556.55	0
6.641	1	1	1	2739.22	0
6.681	1	1	1	3910.76	0
6.721	1	1	1	6218.93	0
6.761	1	1	1	4559.97	0
6.801	1	1	1	4577.55	0
6.841	1	1	1	10813.5	0
6.881	1	1	1	14132.5	0
6.921	1	1	1	13497	0
6.961	1	1	1	7866.81	0
7.001	1	1	1	3550.99	0
7.041	1	1	1	5149.27	0
7.081	1	1	1	3546.4	0
7.121	1	1	1	6151.47	0
7.161	1	1	1	4429.09	0
7.201	1	1	1	4871.01	0
7.241	1	1	1	9576.39	0
7.281	1	1	1	6267.17	0
7.321	1	1	1	3839.69	0
7.361	1	1	1	4150.69	0
7.401	1	1	1	1591.02	0
7.441	1	1	1	2231.46	0
7.481	1	1	1	10085.8	0
7.521	1	1	1	10665.7	0
7.561	1	1	1	8969.22	0
7.601	1	1	1	11718.4	0
7.641	1	1	1	9056.92	0
7.681	1	1	1	3055.18	0
7.721	1	1	1	4704.93	0
7.761	1	1	1	5204.2	0
7.801	1	1	1	4505.33	0
7.841	1	1	1	4185.71	0
7.881	1	1	1	3365.01	0
7.921	1	1	1	3473.16	0
7.961	1	1	1	5559.95	0
8.001	1	1	1	9817.14	0
8.041	1	1	1	17487.9	0
8.081	1	1	1	10837.5	0
8.121	1	1	1	12907.4	0
8.161	1	1	1	12493.4	0
8.201	1	1	1	6046.66	0
8.241	1	1	1	3587.9	0
8.281	1	1	1	3706.02	0
8.321	1	1	1	3919.14	0
8.361	1	1	1	5263.45	0
8.401	1	1	1	9180.78	0
8.441	1	1	1	6530.5	0
8.481	1	1	1	4969.12	0
8.521	1	1	1	16779.1	0
8.561	1	1	1	7878.06	0
8.601	1	1	1	10027.2	0
8.641	1	1	1	9455.3	0
8.681	1	1	1	10650.7	0
8.721	1	1	1	10704.8	0
8.761	1	1	1	3999.5	0
8.801	1	1	1	3927.55	0
8.841	1	1	1	5375.48	0
8.881	1	1	1	4653.47	0
8.921	1	1	1	4294.97	0
8.961	1	1	1	3686.51	0
9.001	1	1	1	5217.52	0
9.041	1	1	1	5880.15	0
9.081	1	1	1	2830.26	0
9.121	1	1	1	2631.19	0
9.161	1	1	1	3686.2	0
9.201	1	1	1	4353.95	0
9.241	1	1	1	7493.95	0
9.281	1	1	1	9881.1	0
9.321	1	1	1	12194.8	0
9.361	1	1	1	16345.9	0
9.401	1	1	1	9222.62	0
9.441	1	1	1	2361.22	0
9.481	1	1	1	9258.56	0
9.521	1	1	1	5383.07	0
9.561	1	1	1	4668.08	0
9.601	1	1	1	4303.18	0
9.641	1	1	1	3710.9	0
9.681	1	1	1	3034.61	0
9.721	1	1	1	5738.79	0
9.761	1	1	1	7071.84	0
9.801	1	1	1	4304.33	0
9.841	1	1	1	5247.77	0
9.881	1	1	1	2725.6	0
9.921	1	1	1	7611.76	0
9.961	1	1	1	20348.3	0
10.001	1	1	1	9479.17	0
10.041	1	1	1	5082.7	0
10.081	1	1	1	9649.8	0
10.121	1	1	1	15067.3	0
10.161	1	1	1	6302.1	0
10.201	1	1	1	6628.18	0
10.241	1	1	1	5517.93	0
10.281	1	1	1	4620.6	0
10.321	1	1	1	13250.4	0
10.361	1	1	1	12303.8	0
10.401	1	1	1	8676.98	0
10.441	1	1	1	16048.5	0
10.481	1	1	1	17549.6	0
10.521	1	1	1	6125.56	0
10.561	1	1	1	3271.87	0
10.601	1	1	1	4630.55	0
10.641	1	1	1	4932.08	0
10.681	1	1	1	4664.18	0
10.721	1	1	1	3523.55	0
10.761	1	1	1	4827.69	0
10.801	1	1	1	5896.47	0
10.841	1	1	1	6179.5	0
10.881	1	1	1	4826.84	0
10.921	1	1	1	4636.02	0
10.961	1	1	1	9235.09	0
11.001	1	1	1	7350.18	0
11.041	1	1	1	3307.51	0
11.081	1	1	1	21570.1	0
11.121	1	1	1	18972.2	0
11.161	1	1	1	7559.56	0
11.201	1	1	1	6946.51	0
11.241	1	1	1	5398.95	0
11.281	1	1	1	12907.8	0
11.321	1	1	1	9414.4	0
11.361	1	1	1	3818.13	0
11.401	1	1	1	11124.6	0
11.441	1	1	1	14835.3	0
11.481	1	1	1	10668.3	0
11.521	1	1	1	4149.9	0
11.561	1	1	1	6053.18	0
11.601	1	1	1	9609.36	0
11.641	1	1	1	5511.66	0
11.681	1	1	1	3964.07	0
11.721	1	1	1	3893.44	0
11.761	1	1	1	1611.28	0
11.801	1	1	1	2805.67	0
11.841	1	1	1	11986.3	0
11.881	1	1	1	20640.6	0
11.921	1	1	1	12074.7	0
11.961	1	1	1	11977.2	0
12.001	1	1	1	15775.8	0
12.041	1	1	1	9662.24	0
12.081	1	1	1	17814.1	0
12.121	1	1	1	12288.5	0
12.161	1	1	1	7817.16	0
12.201	1	1	1	10659.8	0
12.241	1	1	1	5566.63	0
12.281	1	1	1	12150.7	0
12.321	1	1	1	7850.59	0
12.361	1	1	1	2945.16	0
12.401	1	1	1	5007.94	0
12.441	1	1	1	5077.97	0
12.481	1	1	1	4452.29	0
12.521	1	1	1	5637.82	0
12.561	1	1	1	6756.54	0
12.601	1	1	1	3541.54	0
12.641	1	1	1	8367.39	0
12.681	1	1	1	13795.5	0
12.721	1	1	1	8641.13	0
12.761	1	1	1	11367.1	0
12.801	1	1	1	18970.4	0
12.841	1	1	1	9338.35	0
12.881	1	1	1	6595.38	0
12.921	1	1	1	15226.4	0
12.961	1	1	1	9413.42	0
13.001	1	1	1	15213.9	0
13.041	1	1	1	13808.1	0
13.081	1	1	1	10100.7	0
13.121	1	1	1	14114.1	0
13.161	1	1	1	9052.59	0
13.201	1	1	1	6625.83	0
13.241	1	1	1	3685.03	0
13.281	1	1	1	3588.95	0
13.321	1	1	1	6369.06	0
13.361	1	1	1	3577.56	0
13.401	1	1	1	7970.5	0
13.441	1	1	1	7023.09	0
13.481	1	1	1	9777.58	0
13.521	1	1	1	7387.77	0
13.561	1	1	1	9137.97	0
13.601	1	1	1	4508.74	0
13.641	1	1	1	4225.48	0
13.681	1	1	1	3305.72	0
13.721	1	1	1	1420.03	0
13.761	1	1	1	4207.43	0
13.801	1	1	1	15203.9	0
13.841	1	1	1	19224.4	0
13.881	1	1	1	8680.55	0
13.921	1	1	1	14492.6	0
13.961	1	1	1	16575.5	0
14.001	1	1	1	8641.49	0
14.041	1	1	1	5990.86	0
14.081	1	1	1	2406.27	0
14.121	1	1	1	6420.49	0
14.161	1	1	1	19763	0
14.201	1	1	1	6167.35	0
14.241	1	1	1	4300.25	0
14.281	1	1	1	15812.8	0
14.321	1	1	1	8327.63	0
14.361	1	1	1	3789.79	0
14.401	1	1	1	4978.17	0
14.441	1	1	1	2537.84	0
14.481	1	1	1	1794.94	0
14.521	1	1	1	14436.7	0
14.561	1	1	1	6056.55	0
14.601	1	1	1	18826.3	0
14.641	1	1	1	22802.2	0
14.681	1	1	1	6633.11	0
14.721	1	1	1	15898.8	0
14.761	1	1	1	13657.9	0
14.801	1	1	1	5509.02	0
14.841	1	1	1	4964.38	0
14.881	1	1	1	1757.68	0
14.921	1	1	1	16760.8	0
14.961	1	1	1	13593	0
15.001	1	1	1	13283.9	0
15.041	1	1	1	20490.1	0
15.081	1	1	1	11125.8	0
15.121	1	1	1	12960.9	0
15.161	1	1	1	17586.8	0
15.201	1	1	1	8499.44	0
15.241	1	1	1	9547.06	0
15.281	1	1	1	9782.97	0
15.321	1	1	1	10133.7	0
15.361	1	1	1	11684.7	0
15.401	1	1	1	4681.48	0
15.441	1	1	1	3593.55	0
15.481	1	1	1	5389.31	0
15.521	1	1	1	6196.46	0
15.561	1	1	1	15417.2	0
15.601	1	1	1	14820	0
15.641	1	1	1	10819.3	0
15.681	1	1	1	14140.2	0
15.721	1	1	1	9058.04	0
15.761	1	1	1	4357.29	0
15.801	1	1	1	3404.85	0
15.841	1	1	1	4018.34	0
15.881	1	1	1	3962.37	0
15.921	1	1	1	7625.75	0
15.961	1	1	1	8530.89	0
16.001	1	1	1	4227.02	0
16.041	1	1	1	5295.56	0
16.081	1	1	1	3314.87	0
16.121	1	1	1	11292.3	0
16.161	1	1	1	21293.6	0
16.201	1	1	1	6999.78	0
16.241	1	1	1	6600.69	0
16.281	1	1	1	8283.83	0
16.321	1	1	1	1921.74	0
16.361	1	1	1	10647.2	0
16.401	1	1	1	16512	0
16.441	1	1	1	9791.55	0
16.481	1	1	1	13301.6	0
16.521	1	1	1	13990.6	0
16.561	1	1	1	13636.6	0
16.601	1	1	1	6970.04	0
16.641	1	1	1	2853.69	0
16.681	1	1	1	1997.08	0
16.721	1	1	1	2503.12	0
16.761	1	1	1	5771.11	0
16.801	1	1	1	3559.79	0
16.841	1	1	1	8225.67	0
16.881	1	1	1	13355.6	0
16.921	1	1	1	14237.2	0
16.961	1	1	1	10636.7	0
17.001	1	1	1	9802.62	0
17.041	1	1	1	8492.04	0
17.081	1	1	1	10246.2	0
17.121	1	1	1	9504.51	0
17.161	1	1	1	12166.4	0
17.201	1	1	1	5866.43	0
17.241	1	1	1	3198.61	0
17.281	1	1	1	5319.58	0
17.321	1	1	1	4865.87	0
17.361	1	1	1	4380.83	0
17.401	1	1	1	3951.45	0
17.441	1	1	1	3027.08	0
17.481	1	1	1	4680.56	0
17.521	1	1	1	6079.47	0
17.561	1	1	1	12242.8	0
17.601	1	1	1	7236.52	0
17.641	1	1	1	2970.71	0
17.681	1	1	1	5127.07	0
17.721	1	1	1	4959.47	0
17.761	1	1	1	4429.42	0
17.801	1	1	1	4069.75	0
17.841	1	1	1	3143.2	0
17.881	1	1	1	4075.99	0
17.921	1	1	1	7298.09	0
17.961	1	1	1	5386.9	0
18.001	1	1	1	17177.5	0
18.041	1	1	1	19357.7	0
18.081	1	1	1	23130.1	0
18.121	1	1	1	9897.49	0
18.161	1	1	1	8576.46	0
18.201	1	1	1	8515.09	0
18.241	1	1	1	5054.89	0
18.281	1	1	1	15393.5	0
18.321	1	1	1	9775.48	0
18.361	1	1	1	4547.84	0
18.401	1	1	1	7631	0
18.441	1	1	1	3643.06	0
18.481	1	1	1	3374.11	0
18.521	1	1	1	7251.77	0
18.561	1	1	1	5987.68	0
18.601	1	1	1	11870	0
18.641	1	1	1	14334.5	0
18.681	1	1	1	5562.2	0
18.721	1	1	1	6999.74	0
18.761	1	1	1	9613.57	0
18.801	1	1	1	5828.13	0
18.841	1	1	1	9572.67	0
18.881	1	1	1	7038.51	0
18.921	1	1	1	9023.4	0
18.961	1	1	1	14382.5	0
19.001	1	1	1	3234.73	0
19.041	1	1	1	13385.1	0
19.081	1	1	1	9322.81	0
19.121	1	1	1	6981.09	0
19.161	1	1	1	6538.67	0
19.201	1	1	1	4100.42	0
19.241	1	1	1	22954.8	0
19.281	1	1	1	17320.4	0
19.321	1	1	1	7577.43	0
19.361	1	1	1	6572.8	0
19.401	1	1	1	5999.28	0
19.441	1	1	1	14735.8	0
19.481	1	1	1	8270.99	0
19.521	1	1	1	4668.61	0
19.561	1	1	1	4580	0
19.601	1	1	1	3503.44	0
19.641	1	1	1	4242.51	0
19.681	1	1	1	10802.6	0
19.721	1	1	1	10424	0
19.761	1	1	1	6215.14	0
19.801	1	1	1	7341.72	0
19.841	1	1	1	4388.76	0
19.881	1	1	1	4503.68	0
19.921	1	1	1	8767.93	0
19.961	1	1	1	4972.25	0
20.001	1	1	1	5319.58	0
20.041	1	1	1	4865.87	0
20.081	1	1	1	4380.83	0
20.121	1	1	1	3951.45	0
20.161	1	1	1	3027.08	0
20.201	1	1	1	4680.56	0
20.241	1	1	1	7391.99	0
20.281	1	1	1	4854.13	0
20.321	1	1	1	4853.8	0
20.361	1	1	1	4420.88	0
20.401	1	1	1	4932.81	0
20.441	1	1	1	17646.5	0
20.481	1	1	1	18677.7	0
20.521	1	1	1	3936.87	0
20.561	1	1	1	3846.43	0
20.601	1	1	1	6655.43	0
20.641	1	1	1	9052.51	0
20.681	1	1	1	5558.85	0
20.721	1	1	1	4859.82	0
20.761	1	1	1	2382.17	0
20.801	1	1	1	1645.86	0
20.841	1	1	1	1074.11	0
20.881	1	1	1	6358.21	0
20.921	1	1	1	9240.38	0
20.961	1	1	1	4849.46	0
21.001	1	1	1	8045.94	0
21.041	1	1	1	13443.9	0
21.081	1	1	1	7427.09	0
21.121	1	1	1	10721.2	0
21.161	1	1	1	18929.2	0
21.201	1	1	1	3966.76	0
21.241	1	1	1	11456.1	0
21.281	1	1	1	11289.4	0
21.321	1	1	1	6102.97	0
21.361	1	1	1	4793.9	0
21.401	1	1	1	2751.24	0
21.441	1	1	1	20325.5	0
21.481	1	1	1	19285.5	0
21.521	1	1	1	6945.46	0
21.561	1	1	1	2869.94	0
21.601	1	1	1	3866.42	0
21.641	1	1	1	2581.34	0
21.681	1	1	1	5679.28	0
21.721	1	1	1	6127.89	0
21.761	1	1	1	12045.5	0
21.801	1	1	1	15418.9	0
21.841	1	1	1	6408.21	0
21.881	1	1	1	13044.5	0
21.921	1	1	1	16430.7	0
21.961	1	1	1	10584.7	0
22.001	1	1	1	7659.08	0
22.041	1	1	1	6216.18	0
22.081	1	1	1	12633.1	0
22.121	1	1	1	13722.4	0
22.161	1	1	1	4979.26	0
22.201	1	1	1	3920.58	0
22.241	1	1	1	4912.92	0
22.281	1	1	1	5935.94	0
22.321	1	1	1	9767.95	0
22.361	1	1	1	6642.11	0
22.401	1	1	1	9875.87	0
22.441	1	1	1	14122.5	0
22.481	1	1	1	7914.46	0
22.521	1	1	1	9268.21	0
22.561	1	1	1	17522.3	0
22.601	1	1	1	7347.7	0
22.641	1	1	1	12677.1	0
22.681	1	1	1	12776.4	0
22.721	1	1	1	6287.99	0
22.761	1	1	1	3637.26	0
22.801	1	1	1	3663.53	0
22.841	1	1	1	3942.01	0
22.881	1	1	1	5066.33	0
22.921	1	1	1	9116.73	0
22.961	1	1	1	6729.77	0
23.001	1	1	1	16599.1	0
23.041	1	1	1	23196.8	0
23.081	1	1	1	13482.1	0
23.121	1	1	1	6685.69	0
23.161	1	1	1	10491.2	0
23.201	1	1	1	4189.55	0
23.241	1	1	1	10246.9	0
23.281	1	1	1	15018.5	0
23.321	1	1	1	5285.85	0
23.361	1	1	1	7990.51	0
23.401	1	1	1	6476.78	0
23.441	1	1	1	2905.63	0
23.481	1	1	1	3795.78	0
23.521	1	1	1	9648.55	0
23.561	1	1	1	9716.4	0
23.601	1	1	1	10232.6	0
23.641	1	1	1	11587.3	0
23.681	1	1	1	4531.6	0
23.721	1	1	1	3659.51	0
23.761	1	1	1	5389.61	0
23.801	1	1	1	4701.78	0
23.841	1	1	1	4324.9	0
23.881	1	1	1	3783.1	0
23.921	1	1	1	3003.9	0
23.961	1	1	1	5448.08	0
24.001	1	1	1	12440.8	0
24.041	1	1	1	13040.1	0
24.081	1	1	1	5610.12	0
24.121	1	1	1	3692.28	0
24.161	1	1	1	3621.88	0
24.201	1	1	1	3963	0
24.241	1	1	1	4882.71	0
24.281	1	1	1	9029.15	0
24.321	1	1	1	6935.79	0
24.361	1	1	1	4970.71	0
24.401	1	1	1	3588.4	0
24.441	1	1	1	1589.15	0
24.481	1	1	1	1304.04	0
24.521	1	1	1	5712.35	0
24.561	1	1	1	6083.48	0
24.601	1	1	1	5310.81	0
24.641	1	1	1	3940.76	0
24.681	1	1	1	7651.9	0
24.721	1	1	1	8969.42	0
24.761	1	1	1	4357.97	0
24.801	1	1	1	4269.51	0
24.841	1	1	1	3174.6	0
24.881	1	1	1	1414.49	0
24.921	1	1	1	4561.25	0
24.961	1	1	1	15820.2	0
25.001	1	1	1	4654.24	0
25.041	1	1	1	8179.93	0
25.081	1	1	1	8842.82	0
25.121	1	1	1	6097.92	0
25.161	1	1	1	9830.26	0
25.201	1	1	1	6407.32	0
25.241	1	1	1	10524.4	0
25.281	1	1	1	13835.7	0
25.321	1	1	1	7611.58	0
25.361	1	1	1	4373.33	0
25.401	1	1	1	1352.29	0
25.441	1	1	1	7263.15	0
25.481	1	1	1	9438.46	0
25.521	1	1	1	5393.64	0
25.561	1	1	1	5542.05	0
25.601	1	1	1	2488.44	0
25.641	1	1	1	2898.8	0
25.681	1	1	1	3724.78	0
25.721	1	1	1	4727.62	0
25.761	1	1	1	8101.19	0
25.801	1	1	1	10072.7	0
25.841	1	1	1	13054	0
25.881	1	1	1	16150.7	0
25.921	1	1	1	7142.05	0
25.961	1	1	1	2961.21	0
26.001	1	1	1	2596.65	0
26.041	1	1	1	7592.11	0
26.081	1	1	1	11832.6	0
26.121	1	1	1	7426.83	0
26.161	1	1	1	6709.75	0
26.201	1	1	1	6287.29	0
26.241	1	1	1	2785.76	0
26.281	1	1	1	7688.27	0
26.321	1	1	1	7166.59	0
26.361	1	1	1	3299.47	0
26.401	1	1	1	4409.26	0
26.441	1	1	1	4902.02	0
26.481	1	1	1	4845.73	0
26.521	1	1	1	7035.97	0
26.561	1	1	1	19971.2	0
26.601	1	1	1	15931	0
26.641	1	1	1	6216.87	0
26.681	1	1	1	8877.44	0
26.721	1	1	1	3468.79	0
26.761	1	1	1	6151.36	0
26.801	1	1	1	16973.1	0
26.841	1	1	1	11365.9	0
26.881	1	1	1	11567.7	0
26.921	1	1	1	13382	0
26.961	1	1	1	7640.91	0
27.001	1	1	1	3906.52	0
27.041	1	1	1	4375.91	0
27.081	1	1	1	2578.23	0
27.121	1	1	1	1539.18	0
27.161	1	1	1	6473.64	0
27.201	1	1	1	17106.6	0
27.241	1	1	1	14032.2	0
27.281	1	1	1	9298.59	0
27.321	1	1	1	16824.1	0
27.361	1	1	1	13610.3	0
27.401	1	1	1	7500.6	0
27.441	1	1	1	10665.7	0
27.481	1	1	1	8969.22	0
27.521	1	1	1	4435.46	0
27.561	1	1	1	5586.34	0
27.601	1	1	1	8549.41	0
27.641	1	1	1	6762.04	0
27.681	1	1	1	13434.9	0
27.721	1	1	1	7565.99	0
27.761	1	1	1	11776.8	0
27.801	1	1	1	25996.8	0
27.841	1	1	1	10345.1	0
27.881	1	1	1	11149.1	0
27.921	1	1	1	17422.4	0
27.961	1	1	1	6524.92	0
28.001	1	1	1	9738.32	0
28.041	1	1	1	13411.5	0
28.081	1	1	1	11337.9	0
28.121	1	1	1	6880.66	0
28.161	1	1	1	5166.48	0
28.201	1	1	1	2526.68	0
28.241	1	1	1	6273.94	0
28.281	1	1	1	4171.86	0
28.321	1	1	1	6036.34	0
28.361	1	1	1	8338.36	0
28.401	1	1	1	7109.35	0
28.441	1	1	1	14672.7	0
28.481	1	1	1	7715.42	0
28.521	1	1	1	9628.39	0
28.561	1	1	1	6934.69	0
28.601	1	1	1	9230.08	0
28.641	1	1	1	14334.7	0
28.681	1	1	1	8270.49	0
28.721	1	1	1	6402.11	0
28.761	1	1	1	1815.34	0
28.801	1	1	1	5707.08	0
28.841	1	1	1	10381.5	0
28.881	1	1	1	3908.55	0
28.921	1	1	1	11160.6	0
28.961	1	1	1	8073.32	0
29.001	1	1	1	4561.48	0
29.041	1	1	1	11193.7	0
29.081	1	1	1	14432.9	0
29.121	1	1	1	4987.59	0
29.161	1	1	1	8317.64	0
29.201	1	1	1	5993.75	0
29.241	1	1	1	2980.69	0
29.281	1	1	1	3693.52	0
29.321	1	1	1	2779.92	0
29.361	1	1	1	6033.75	0
29.401	1	1	1	6315.32	0
29.441	1	1	1	13470.2	0
29.481	1	1	1	14255.6	0
29.521	1	1	1	9936.8	0
29.561	1	1	1	14113.8	0
29.601	1	1	1	9350.82	0
29.641	1	1	1	6661.14	0
29.681	1	1	1	3894.48	0
29.721	1	1	1	3379.09	0
29.761	1	1	1	6437.39	0
29.801	1	1	1	3581.47	0
29.841	1	1	1	7736.75	0
29.881	1	1	1	7211.19	0
29.921	1	1	1	9318.17	0
29.961	1	1	1	12522.8	0
30.001	1	1	1	11122.3	0
30.041	1	1	1	14051.3	0
30.081	1	1	1	8365.68	0
30.121	1	1	1	4148.42	0
30.161	1	1	1	3433.41	0
30.201	1	1	1	4029.33	0
30.241	1	1	1	4099.74	0
30.281	1	1	1	8070.01	0
30.321	1	1	1	8175.89	0
30.361	1	1	1	5074.47	0
30.401	1	1	1	4404.72	0
30.441	1	1	1	1787.72	0
30.481	1	1	1	1577.91	0
30.521	1	1	1	4664.18	0
30.561	1	1	1	2724.02	0
30.601	1	1	1	4827.69	0
30.641	1	1	1	5896.47	0
30.681	1	1	1	6179.5	0
30.721	1	1	1	4826.84	0
30.761	1	1	1	4636.02	0
30.801	1	1	1	9235.09	0
30.841	1	1	1	7001.48	0
30.881	1	1	1	2520.82	0
30.921	1	1	1	4332.83	0
30.961	1	1	1	2208.02	0
31.001	1	1	1	4834.72	0
31.041	1	1	1	13239.3	0
31.081	1	1	1	11110.1	0
31.121	1	1	1	3547.39	0
31.161	1	1	1	9940.59	0
31.201	1	1	1	14805.4	0
31.241	1	1	1	11701.8	0
31.281	1	1	1	4807.84	0
31.321	1	1	1	2725.57	0
31.361	1	1	1	3806.83	0
31.401	1	1	1	6157.15	0
31.441	1	1	1	4718.84	0
31.481	1	1	1	4369.07	0
31.521	1	1	1	17792.6	0
31.561	1	1	1	17979	0
31.601	1	1	1	9296.13	0
31.641	1	1	1	16572.4	0
31.681	1	1	1	14453	0
31.721	1	1	1	7461.21	0
31.761	1	1	1	10620	0
31.801	1	1	1	9004.92	0
31.841	1	1	1	11638.8	0
31.881	1	1	1	9441.69	0
31.921	1	1	1	3143.65	0
31.961	1	1	1	4587.44	0
32.001	1	1	1	9263.9	0
32.041	1	1	1	6615.14	0
32.081	1	1	1	7192.98	0
32.121	1	1	1	11059.4	0
32.161	1	1	1	8040.9	0
32.201	1	1	1	13535.1	0
32.241	1	1	1	7185.43	0
32.281	1	1	1	11128.5	0
32.321	1	1	1	18704.4	0
32.361	1	1	1	3789.44	0
32.401	1	1	1	11773.4	0
32.441	1	1	1	11003.8	0
32.481	1	1	1	6213.67	0
32.521	1	1	1	3603.31	0
32.561	1	1	1	8568.67	0
32.601	1	1	1	13488.2	0
32.641	1	1	1	14187.4	0
32.681	1	1	1	10312.2	0
32.721	1	1	1	4016.79	0
32.761	1	1	1	4476.41	0
32.801	1	1	1	6144.6	0
32.841	1	1	1	2911.69	0
32.881	1	1	1	4952.23	0
32.921	1	1	1	4794.12	0
32.961	1	1	1	2408.77	0
33.001	1	1	1	13960.4	0
33.041	1	1	1	5178.42	0
33.081	1	1	1	12708.9	0
33.121	1	1	1	13311.7	0
33.161	1	1	1	2895.8	0
33.201	1	1	1	6560.93	0
33.241	1	1	1	10413.3	0
33.281	1	1	1	10390.9	0
33.321	1	1	1	12321.9	0
33.361	1	1	1	9698.45	0
33.401	1	1	1	8181.15	0
33.441	1	1	1	12779.2	0
33.481	1	1	1	10662.2	0
33.521	1	1	1	11714.5	0
33.561	1	1	1	5504.29	0
33.601	1	1	1	3489.97	0
33.641	1	1	1	3810.19	0
33.681	1	1	1	3867.99	0
33.721	1	1	1	5809.01	0
33.761	1	1	1	9231.1	0
33.801	1	1	1	6073.78	0
33.841	1	1	1	4951.64	0
33.881	1	1	1	2884.05	0
33.921	1	1	1	1611.83	0
33.961	1	1	1	1096.73	0
34.001	1	1	1	7222.91	0
34.041	1	1	1	17002	0
34.081	1	1	1	13043.3	0
34.121	1	1	1	11628.8	0
34.161	1	1	1	13757.2	0
34.201	1	1	1	7553.67	0
34.241	1	1	1	3929.14	0
34.281	1	1	1	3493.79	0
34.321	1	1	1	4018.19	0
34.361	1	1	1	4356.62	0
34.401	1	1	1	8553.73	0
34.441	1	1	1	7672.9	0
34.481	1	1	1	5002.17	0
34.521	1	1	1	12038.2	0
34.561	1	1	1	5710.62	0
34.601	1	1	1	3524.77	0
34.641	1	1	1	3769.7	0
34.681	1	1	1	3885.91	0
34.721	1	1	1	5583.16	0
34.761	1	1	1	9227.59	0
34.801	1	1	1	6250.07	0
34.841	1	1	1	4344.98	0
34.881	1	1	1	2560.49	0
34.921	1	1	1	1601.24	0
34.961	1	1	1	1061.71	0
35.001	1	1	1	9645.79	0
35.041	1	1	1	6149	0
35.081	1	1	1	7321.85	0
35.121	1	1	1	1675.01	0
35.161	1	1	1	3827.84	0
35.201	1	1	1	8661.41	0
35.241	1	1	1	4317.94	0
35.281	1	1	1	3728.66	0
35.321	1	1	1	4833.87	0
35.361	1	1	1	4976.2	0
35.401	1	1	1	4156.58	0
35.441	1	1	1	3718.37	0
35.481	1	1	1	5452.23	0
35.521	1	1	1	4879.64	0
35.561	1	1	1	5453.08	0
35.601	1	1	1	7829.37	0
35.641	1	1	1	9031.77	0
35.681	1	1	1	8034.94	0
35.721	1	1	1	2802.9	0
35.761	1	1	1	6841.83	0
35.801	1	1	1	11728.7	0
35.841	1	1	1	5013.66	0
35.881	1	1	1	7385.66	0
35.921	1	1	1	3699.54	0
35.961	1	1	1	8158.82	0
36.001	1	1	1	10490.9	0
36.041	1	1	1	4887.84	0
36.081	1	1	1	3409.24	0
36.121	1	1	1	3936.87	0
36.161	1	1	1	3846.43	0
36.201	1	1	1	6655.43	0
36.241	1	1	1	9052.51	0
36.281	1	1	1	5558.85	0
36.321	1	1	1	4859.82	0
36.361	1	1	1	2382.17	0
36.401	1	1	1	1645.86	0
36.441	1	1	1	1074.11	0
36.481	1	1	1	6358.21	0
36.521	1	1	1	6766.52	0
36.561	1	1	1	5396.17	0
36.601	1	1	1	14538.2	0
36.641	1	1	1	8839.46	0
36.681	1	1	1	3573.31	0
36.721	1	1	1	11492.2	0
36.761	1	1	1	14805	0
36.801	1	1	1	10306.9	0
36.841	1	1	1	3907.89	0
36.881	1	1	1	2811.23	0
36.921	1	1	1	4250.86	0
36.961	1	1	1	6317.9	0
37.001	1	1	1	7560	0
37.041	1	1	1	6354.75	0
37.081	1	1	1	8163.43	0
37.121	1	1	1	3054.23	0
37.161	1	1	1	3893.41	0
37.201	1	1	1	2603.88	0
37.241	1	1	1	4909.33	0
37.281	1	1	1	6146.35	0
37.321	1	1	1	9889.03	0
37.361	1	1	1	15460.4	0
37.401	1	1	1	7795.92	0
37.441	1	1	1	10387.6	0
37.481	1	1	1	15484.9	0
37.521	1	1	1	14391.6	0
37.561	1	1	1	15023.4	0
37.601	1	1	1	4532.48	0
37.641	1	1	1	4594.78	0
37.681	1	1	1	10776.5	0
37.721	1	1	1	3438.57	0
37.761	1	1	1	2691.21	0
37.801	1	1	1	8889.61	0
37.841	1	1	1	9765.1	0
37.881	1	1	1	7013.33	0
37.921	1	1	1	6906.87	0
37.961	1	1	1	5867.92	0
38.001	1	1	1	4814.71	0
38.041	1	1	1	4779.16	0
38.081	1	1	1	4486.28	0
38.121	1	1	1	4163.33	0
38.161	1	1	1	3311.59	0
38.201	1	1	1	3587.24	0
38.241	1	1	1	6363.71	0
38.281	1	1	1	5981.03	0
38.321	1	1	1	4307.63	0
38.361	1	1	1	5194.3	0
38.401	1	1	1	3397.05	0
38.441	1	1	1	12758.1	0
38.481	1	1	1	21147.3	0
38.521	1	1	1	6036.58	0
38.561	1	1	1	3741.38	0
38.601	1	1	1	2292.11	0
38.641	1	1	1	3555.27	0
38.681	1	1	1	3971.11	0
38.721	1	1	1	6478.17	0
38.761	1	1	1	9499.21	0
38.801	1	1	1	11135.4	0
38.841	1	1	1	15782.4	0
38.881	1	1	1	12394	0
38.921	1	1	1	2602.13	0
38.961	1	1	1	7136.26	0
39.001	1	1	1	2582.87	0
39.041	1	1	1	5006.09	0
39.081	1	1	1	6132.71	0
39.121	1	1	1	10118.9	0
39.161	1	1	1	16294.8	0
39.201	1	1	1	7591.29	0
39.241	1	1	1	10681.4	0
39.281	1	1	1	17326	0
39.321	1	1	1	11004.8	0
39.361	1	1	1	13229.1	0
39.401	1	1	1	12038.2	0
39.441	1	1	1	5710.62	0
39.481	1	1	1	3524.77	0
39.521	1	1	1	1583.69	0
39.561	1	1	1	5485.45	0
39.601	1	1	1	6005.39	0
39.641	1	1	1	5988.07	0
39.681	1	1	1	4044.49	0
39.721	1	1	1	6446.39	0
39.761	1	1	1	9534.93	0
39.801	1	1	1	5171.35	0
39.841	1	1	1	4042.8	0
39.881	1	1	1	3732.97	0
39.921	1	1	1	1526.86	0
39.961	1	1	1	3164.43	0
40.001	1	1	1	3904.83	0
40.041	1	1	1	4943.53	0
40.081	1	1	1	10758.1	0
40.121	1	1	1	4970.56	0
40.161	1	1	1	3066.17	0
40.201	1	1	1	9388.97	0
40.241	1	1	1	11435.5	0
40.281	1	1	1	6752.54	0
40.321	1	1	1	7042.02	0
40.361	1	1	1	5534.6	0
40.401	1	1	1	3499.32	0
40.441	1	1	1	8367.18	0
40.481	1	1	1	6257.79	0
40.521	1	1	1	8542.65	0
40.561	1	1	1	9969.01	0
40.601	1	1	1	5577.3	0
40.641	1	1	1	5943.79	0
40.681	1	1	1	4275.97	0
40.721	1	1	1	2202.49	0
40.761	1	1	1	3426.11	0
40.801	1	1	1	3854.11	0
40.841	1	1	1	5936.68	0
40.881	1	1	1	9206.88	0
