% start	end	CellId	IMSI	RNTI	LCID	nTxPDUs	TxBytes	nRxPDUs	RxBytes	delay	stdDev	min	max	PduSize	stdDev	min	max
0	0.25	1	1	1	4	14	2170	14	2170	0.00360082	0.000320877	0.00303884	0.00418175	155	0	155	155	
0.25	0.5	1	1	1	4	13	2015	13	2015	0.00333738	0.000210368	0.00307515	0.00385177	155	0	155	155	
0.5	0.75	1	1	1	4	9	1395	9	1395	0.00360432	0.000264667	0.00322705	0.00396822	155	0	155	155	
0.75	1	1	1	1	4	9	1395	9	1395	0.0036136	0.000275321	0.00310259	0.00395037	155	0	155	155	
1	1.25	1	1	1	4	9	1395	9	1395	0.0034579	0.000340287	0.00301894	0.00393209	155	0	155	155	
1.25	1.5	1	1	1	4	10	1550	10	1550	0.00346588	0.000250814	0.00303714	0.00381291	155	0	155	155	
1.5	1.75	1	1	1	4	11	1705	11	1705	0.00353732	0.000245735	0.00301534	0.00387494	155	0	155	155	
1.75	2	1	1	1	4	16	2480	16	2480	0.003548	0.000325916	0.00304101	0.00399594	155	0	155	155	
2	2.25	1	1	1	4	14	2170	14	2170	0.00354224	0.000325595	0.00301869	0.00392013	155	0	155	155	
2.25	2.5	1	1	1	4	13	2015	13	2015	0.00355865	0.00028154	0.0031518	0.00397866	155	0	155	155	
2.5	2.75	1	1	1	4	9	1395	9	1395	0.00337174	0.000280725	0.00304593	0.00392091	155	0	155	155	
2.75	3	1	1	1	4	12	1860	12	1860	0.00365423	0.000298228	0.0031758	0.00397999	155	0	155	155	
3	3.25	1	1	1	4	10	1550	10	1550	0.00341981	0.000329039	0.00305653	0.00398381	155	0	155	155	
3.25	3.5	1	1	1	4	13	2015	13	2015	0.00352204	0.000310262	0.00312524	0.0039268	155	0	155	155	
3.5	3.75	1	1	1	4	11	1705	10	1550	0.00341672	0.000320905	0.00308294	0.00391217	155	0	155	155	
3.75	4	1	1	1	4	9	1395	9	1395	0.00336249	0.000294911	0.00302157	0.00380977	155	0	155	155	
4	4.25	1	1	1	4	12	1860	13	2015	0.00338986	0.000313883	0.00300555	0.00393454	155	0	155	155	
4.25	4.5	1	1	1	4	8	1240	8	1240	0.00359569	0.000341627	0.00302646	0.00395559	155	0	155	155	
4.5	4.75	1	1	1	4	15	2325	15	2325	0.00348486	0.000277164	0.00306544	0.00393365	155	0	155	155	
4.75	5	1	1	1	4	9	1395	9	1395	0.00350527	0.000355748	0.00303324	0.00397239	155	0	155	155	
5	5.25	1	1	1	4	15	2325	15	2325	0.00358739	0.000323687	0.00310331	0.0039605	155	0	155	155	
5.25	5.5	1	1	1	4	13	2015	13	2015	0.00350219	0.000254751	0.0030239	0.00398474	155	0	155	155	
5.5	5.75	1	1	1	4	15	2325	15	2325	0.00354224	0.000234247	0.00324842	0.00398925	155	0	155	155	
5.75	6	1	1	1	4	9	1395	9	1395	0.00359266	0.000267801	0.00314978	0.00399224	155	0	155	155	
6	6.25	1	1	1	4	10	1550	10	1550	0.00339586	0.000323232	0.00303669	0.00397494	155	0	155	155	
6.25	6.5	1	1	1	4	13	2015	13	2015	0.00358879	0.000297866	0.00309679	0.00399593	155	0	155	155	
6.5	6.75	1	1	1	4	13	2015	12	1860	0.00353132	0.000280172	0.00320803	0.00396695	155	0	155	155	
6.75	7	1	1	1	4	11	1705	12	1860	0.00340701	0.000239495	0.00304051	0.00394633	155	0	155	155	
7	7.25	1	1	1	4	9	1395	9	1395	0.00351343	0.000294168	0.00302077	0.00393596	155	0	155	155	
7.25	7.5	1	1	1	4	8	1240	8	1240	0.00370153	0.000282118	0.00312748	0.0039499	155	0	155	155	
7.5	7.75	1	1	1	4	10	1550	10	1550	0.00330041	0.000255858	0.00304121	0.00379726	155	0	155	155	
7.75	8	1	1	1	4	14	2170	14	2170	0.0034772	0.000265152	0.00303141	0.00394124	155	0	155	155	
8	8.25	1	1	1	4	10	1550	9	1395	0.00340659	0.000236251	0.00311253	0.00373917	155	0	155	155	
8.25	8.5	1	1	1	4	19	2945	20	3100	0.00355196	0.000280896	0.00303868	0.00397969	155	0	155	155	
8.5	8.75	1	1	1	4	11	1705	11	1705	0.00360892	0.000266818	0.00312355	0.00396768	155	0	155	155	
8.75	9	1	1	1	4	9	1395	9	1395	0.00356348	0.000351576	0.00314504	0.00390651	155	0	155	155	
9	9.25	1	1	1	4	11	1705	11	1705	0.0034994	0.000259645	0.00301955	0.00389856	155	0	155	155	
9.25	9.5	1	1	1	4	9	1395	8	1240	0.00341806	0.000279525	0.00305998	0.00393721	155	0	155	155	
9.5	9.75	1	1	1	4	11	1705	12	1860	0.00356542	0.00021465	0.0032915	0.00386595	155	0	155	155	
9.75	10	1	1	1	4	15	2325	15	2325	0.00355214	0.000271044	0.00308844	0.00399177	155	0	155	155	
10	10.25	1	1	1	4	9	1395	9	1395	0.00355304	0.000293343	0.00313538	0.00394886	155	0	155	155	
10.25	10.5	1	1	1	4	14	2170	14	2170	0.00345712	0.000261464	0.00310237	0.00394832	155	0	155	155	
10.5	10.75	1	1	1	4	11	1705	11	1705	0.00365263	0.000296067	0.00310272	0.00399982	155	0	155	155	
10.75	11	1	1	1	4	9	1395	9	1395	0.00349497	0.000311029	0.00305621	0.00389378	155	0	155	155	
11	11.25	1	1	1	4	9	1395	9	1395	0.00354421	0.000304646	0.00306119	0.00392802	155	0	155	155	
11.25	11.5	1	1	1	4	11	1705	11	1705	0.00359802	0.000311287	0.00303702	0.00395703	155	0	155	155	
11.5	11.75	1	1	1	4	13	2015	13	2015	0.00346295	0.000289007	0.00302107	0.00375798	155	0	155	155	
11.75	12	1	1	1	4	13	2015	13	2015	0.0034581	0.000289566	0.00300348	0.00391383	155	0	155	155	
12	12.25	1	1	1	4	13	2015	13	2015	0.00352372	0.000272287	0.00319263	0.00398478	155	0	155	155	
12.25	12.5	1	1	1	4	10	1550	10	1550	0.00336571	0.000256786	0.0030508	0.00372181	155	0	155	155	
12.5	12.75	1	1	1	4	10	1550	9	1395	0.00339285	0.000193824	0.00306186	0.00368152	155	0	155	155	
12.75	13	1	1	1	4	14	2170	15	2325	0.00345529	0.000278385	0.00303403	0.00392428	155	0	155	155	
13	13.25	1	1	1	4	9	1395	9	1395	0.00343454	0.000255662	0.00311936	0.003965	155	0	155	155	
13.25	13.5	1	1	1	4	11	1705	11	1705	0.00343334	0.000303898	0.00300962	0.00386227	155	0	155	155	
13.5	13.75	1	1	1	4	15	2325	15	2325	0.00347233	0.000287563	0.00301602	0.00394544	155	0	155	155	
13.75	14	1	1	1	4	9	1395	9	1395	0.00354692	0.000242554	0.00327886	0.00388093	155	0	155	155	
14	14.25	1	1	1	4	7	1085	7	1085	0.00335682	0.000261114	0.00306651	0.00382607	155	0	155	155	
14.25	14.5	1	1	1	4	11	1705	11	1705	0.00355201	0.000219044	0.00318693	0.00387193	155	0	155	155	
14.5	14.75	1	1	1	4	10	1550	10	1550	0.00351141	0.000276961	0.00316047	0.00393806	155	0	155	155	
14.75	15	1	1	1	4	9	1395	9	1395	0.0035497	0.000287088	0.00318466	0.00390123	155	0	155	155	
15	15.25	1	1	1	4	12	1860	11	1705	0.00351277	0.000345202	0.00303165	0.00390631	155	0	155	155	
15.25	15.5	1	1	1	4	7	1085	8	1240	0.00346843	0.000376872	0.0030336	0.00397432	155	0	155	155	
15.5	15.75	1	1	1	4	11	1705	11	1705	0.00338923	0.000326807	0.00301657	0.00399297	155	0	155	155	
15.75	16	1	1	1	4	11	1705	11	1705	0.00327901	0.000279589	0.00301498	0.00386262	155	0	155	155	
16	16.25	1	1	1	4	13	2015	13	2015	0.00358498	0.000253352	0.00310521	0.00388964	155	0	155	155	
16.25	16.5	1	1	1	4	11	1705	11	1705	0.00356578	0.00027974	0.00318714	0.00397839	155	0	155	155	
16.5	16.75	1	1	1	4	13	2015	13	2015	0.0034596	0.000293853	0.00302754	0.00380527	155	0	155	155	
16.75	17	1	1	1	4	12	1860	12	1860	0.00345282	0.000255261	0.00301826	0.00387087	155	0	155	155	
17	17.25	1	1	1	4	7	1085	6	930	0.00343396	0.000377623	0.00300202	0.00389259	155	0	155	155	
17.25	17.5	1	1	1	4	10	1550	10	1550	0.00337097	0.000324681	0.00301821	0.00396762	155	0	155	155	
17.5	17.75	1	1	1	4	13	2015	14	2170	0.00356106	0.000306989	0.00310705	0.0039773	155	0	155	155	
17.75	18	1	1	1	4	10	1550	9	1395	0.0034235	0.000298168	0.00300264	0.00392744	155	0	155	155	
18	18.25	1	1	1	4	10	1550	11	1705	0.0033816	0.000248903	0.00301696	0.00371552	155	0	155	155	
18.25	18.5	1	1	1	4	6	930	6	930	0.00332831	0.000350913	0.00305565	0.00396454	155	0	155	155	
18.5	18.75	1	1	1	4	8	1240	7	1085	0.0036687	0.000317123	0.00309054	0.00397685	155	0	155	155	
18.75	19	1	1	1	4	11	1705	12	1860	0.00345569	0.000250443	0.00302934	0.0039843	155	0	155	155	
19	19.25	1	1	1	4	8	1240	8	1240	0.00346386	0.000389568	0.00301162	0.00397547	155	0	155	155	
19.25	19.5	1	1	1	4	9	1395	9	1395	0.0036242	0.000173685	0.0034195	0.00399591	155	0	155	155	
19.5	19.75	1	1	1	4	14	2170	14	2170	0.00339627	0.000280206	0.00300229	0.00399493	155	0	155	155	
19.75	20	1	1	1	4	14	2170	14	2170	0.00360102	0.000331346	0.0031131	0.00399223	155	0	155	155	
20	20.25	1	1	1	4	12	1860	11	1705	0.00339117	0.000272964	0.00305638	0.00393779	155	0	155	155	
20.25	20.5	1	1	1	4	11	1705	12	1860	0.00334217	0.000257233	0.00301795	0.0037935	155	0	155	155	
20.5	20.75	1	1	1	4	10	1550	10	1550	0.00329534	0.00023397	0.00301501	0.00370631	155	0	155	155	
20.75	21	1	1	1	4	10	1550	10	1550	0.00323648	0.000267467	0.0030065	0.00377371	155	0	155	155	
21	21.25	1	1	1	4	13	2015	13	2015	0.00348227	0.000334385	0.00307826	0.00398671	155	0	155	155	
21.25	21.5	1	1	1	4	9	1395	9	1395	0.00347945	0.000383821	0.00304429	0.00399924	155	0	155	155	
21.5	21.75	1	1	1	4	11	1705	11	1705	0.00348536	0.000254355	0.00309896	0.00375263	155	0	155	155	
21.75	22	1	1	1	4	11	1705	11	1705	0.00357287	0.000307281	0.00307203	0.0039972	155	0	155	155	
22	22.25	1	1	1	4	10	1550	10	1550	0.00347599	0.000284996	0.003057	0.00385641	155	0	155	155	
22.25	22.5	1	1	1	4	10	1550	9	1395	0.00356902	0.00029876	0.00302294	0.00394881	155	0	155	155	
22.5	22.75	1	1	1	4	9	1395	10	1550	0.00360158	0.000268624	0.00311014	0.00392028	155	0	155	155	
22.75	23	1	1	1	4	14	2170	14	2170	0.00349662	0.000278845	0.00301715	0.00387191	155	0	155	155	
23	23.25	1	1	1	4	7	1085	7	1085	0.0034923	0.000346585	0.00302246	0.00390875	155	0	155	155	
23.25	23.5	1	1	1	4	14	2170	14	2170	0.00352324	0.000315571	0.00302664	0.00398715	155	0	155	155	
23.5	23.75	1	1	1	4	13	2015	13	2015	0.00342435	0.000280742	0.00301762	0.00396181	155	0	155	155	
23.75	24	1	1	1	4	8	1240	8	1240	0.00359188	0.000362528	0.00304126	0.00390649	155	0	155	155	
24	24.25	1	1	1	4	11	1705	11	1705	0.00341738	0.000338983	0.00305928	0.00398315	155	0	155	155	
24.25	24.5	1	1	1	4	11	1705	11	1705	0.00357391	0.000223244	0.00313897	0.00382813	155	0	155	155	
24.5	24.75	1	1	1	4	9	1395	9	1395	0.00369345	0.000209229	0.00343651	0.00395918	155	0	155	155	
24.75	25	1	1	1	4	9	1395	9	1395	0.00347226	0.000383597	0.00300615	0.00399336	155	0	155	155	
25	25.25	1	1	1	4	10	1550	10	1550	0.00357586	0.00033745	0.00300677	0.00393626	155	0	155	155	
25.25	25.5	1	1	1	4	15	2325	15	2325	0.00347821	0.000228866	0.00304314	0.00391331	155	0	155	155	
25.5	25.75	1	1	1	4	13	2015	12	1860	0.00332958	0.000278189	0.00304824	0.00390374	155	0	155	155	
25.75	26	1	1	1	4	12	1860	13	2015	0.00341408	0.000340513	0.0030092	0.00398478	155	0	155	155	
26	26.25	1	1	1	4	12	1860	12	1860	0.00348732	0.000271725	0.00300168	0.00396878	155	0	155	155	
26.25	26.5	1	1	1	4	14	2170	14	2170	0.00350956	0.000308124	0.00307703	0.00393781	155	0	155	155	
26.5	26.75	1	1	1	4	11	1705	11	1705	0.00345131	0.000305032	0.0030187	0.00399824	155	0	155	155	
26.75	27	1	1	1	4	12	1860	11	1705	0.00363055	0.000250353	0.00316558	0.0039632	155	0	155	155	
27	27.25	1	1	1	4	13	2015	14	2170	0.00337265	0.00025703	0.00301743	0.00394136	155	0	155	155	
27.25	27.5	1	1	1	4	8	1240	8	1240	0.0035802	0.000318478	0.0031218	0.00397719	155	0	155	155	
27.5	27.75	1	1	1	4	10	1550	10	1550	0.0036363	0.000205378	0.00327386	0.00396104	155	0	155	155	
27.75	28	1	1	1	4	10	1550	10	1550	0.0035178	0.000276461	0.00311276	0.00392359	155	0	155	155	
28	28.25	1	1	1	4	13	2015	12	1860	0.00336077	0.00026246	0.00306189	0.00395065	155	0	155	155	
28.25	28.5	1	1	1	4	10	1550	11	1705	0.00356211	0.000361751	0.00301375	0.00398604	155	0	155	155	
28.5	28.75	1	1	1	4	13	2015	13	2015	0.00350263	0.000277946	0.00304622	0.00397736	155	0	155	155	
28.75	29	1	1	1	4	8	1240	8	1240	0.00364689	0.000326995	0.00300961	0.00397611	155	0	155	155	
29	29.25	1	1	1	4	15	2325	15	2325	0.00355741	0.000309339	0.00300822	0.00399169	155	0	155	155	
29.25	29.5	1	1	1	4	9	1395	9	1395	0.00360614	0.000222533	0.00325988	0.00399285	155	0	155	155	
29.5	29.75	1	1	1	4	12	1860	12	1860	0.00355877	0.000298642	0.00314595	0.00398672	155	0	155	155	
29.75	30	1	1	1	4	9	1395	9	1395	0.00350515	0.000333766	0.00306305	0.00397251	155	0	155	155	
30	30.25	1	1	1	4	14	2170	14	2170	0.00355908	0.000332366	0.00302691	0.00399982	155	0	155	155	
30.25	30.5	1	1	1	4	9	1395	8	1240	0.00344108	0.000318858	0.00304723	0.00398323	155	0	155	155	
30.5	30.75	1	1	1	4	9	1395	10	1550	0.00347424	0.000367388	0.00301916	0.00397916	155	0	155	155	
30.75	31	1	1	1	4	14	2170	13	2015	0.00351903	0.000319869	0.0031362	0.00394823	155	0	155	155	
31	31.25	1	1	1	4	12	1860	13	2015	0.00351058	0.000312525	0.00303922	0.0038913	155	0	155	155	
31.25	31.5	1	1	1	4	11	1705	11	1705	0.00345388	0.000308636	0.00305594	0.00399596	155	0	155	155	
31.5	31.75	1	1	1	4	10	1550	10	1550	0.00360549	0.000215459	0.00320892	0.00391073	155	0	155	155	
31.75	32	1	1	1	4	15	2325	15	2325	0.00359111	0.00035876	0.00305348	0.00397812	155	0	155	155	
32	32.25	1	1	1	4	12	1860	12	1860	0.00350152	0.000237796	0.003048	0.00385142	155	0	155	155	
32.25	32.5	1	1	1	4	12	1860	12	1860	0.00365593	0.000285496	0.00310609	0.00396576	155	0	155	155	
32.5	32.75	1	1	1	4	15	2325	14	2170	0.00356387	0.000284734	0.00314388	0.00393624	155	0	155	155	
32.75	33	1	1	1	4	10	1550	11	1705	0.00346487	0.000330533	0.00307917	0.00397178	155	0	155	155	
33	33.25	1	1	1	4	14	2170	14	2170	0.00345151	0.000155483	0.0031726	0.00368804	155	0	155	155	
33.25	33.5	1	1	1	4	13	2015	13	2015	0.00357696	0.000326859	0.00304762	0.00397958	155	0	155	155	
33.5	33.75	1	1	1	4	8	1240	8	1240	0.0036026	0.000256579	0.00321234	0.0039693	155	0	155	155	
33.75	34	1	1	1	4	16	2480	16	2480	0.00362217	0.000303959	0.00309961	0.00399618	155	0	155	155	
34	34.25	1	1	1	4	10	1550	10	1550	0.00337321	0.00026398	0.00301548	0.00371181	155	0	155	155	
34.25	34.5	1	1	1	4	11	1705	11	1705	0.00355453	0.000330072	0.00309752	0.00390479	155	0	155	155	
34.5	34.75	1	1	1	4	15	2325	15	2325	0.00350419	0.000383153	0.00300087	0.00399797	155	0	155	155	
34.75	35	1	1	1	4	13	2015	13	2015	0.0034465	0.000345149	0.00303837	0.00397858	155	0	155	155	
35	35.25	1	1	1	4	13	2015	13	2015	0.00349844	0.000318553	0.00304165	0.00396383	155	0	155	155	
35.25	35.5	1	1	1	4	12	1860	12	1860	0.00358541	0.00025121	0.00322877	0.00392257	155	0	155	155	
35.5	35.75	1	1	1	4	14	2170	14	2170	0.00348296	0.000307861	0.00301312	0.00399537	155	0	155	155	
35.75	36	1	1	1	4	12	1860	12	1860	0.0034893	0.000267394	0.00305608	0.00394199	155	0	155	155	
36	36.25	1	1	1	4	8	1240	8	1240	0.00350219	0.00032319	0.00301926	0.00388357	155	0	155	155	
36.25	36.5	1	1	1	4	12	1860	12	1860	0.00347085	0.000263275	0.00301423	0.00393171	155	0	155	155	
36.5	36.75	1	1	1	4	8	1240	8	1240	0.00344523	0.000244388	0.00309377	0.00374789	155	0	155	155	
36.75	37	1	1	1	4	8	1240	8	1240	0.00332276	0.00021502	0.00310779	0.00360751	155	0	155	155	
37	37.25	1	1	1	4	9	1395	9	1395	0.00341671	0.000302003	0.00304249	0.00398469	155	0	155	155	
37.25	37.5	1	1	1	4	13	2015	13	2015	0.00354615	0.000289736	0.00306383	0.00399703	155	0	155	155	
