% start	end	CellId	IMSI	RNTI	LCID	nTxPDUs	TxBytes	nRxPDUs	RxBytes	delay	stdDev	min	max	PduSize	stdDev	min	max
0	0.25	1	1	3	4	55	8525	52	8060	0.00886	0.00352408	0.00312531	0.0200548	155	0	155	155	
0	0.25	1	2	15	3	55	8525	54	8370	0.00791654	0.00302555	0.00304689	0.0129311	155	0	155	155	
0	0.25	1	3	16	3	53	8215	50	7750	0.00773359	0.00271906	0.00300379	0.0125443	155	0	155	155	
0	0.25	1	4	11	3	56	8680	56	8680	0.00798925	0.00281208	0.0030154	0.0127612	155	0	155	155	
0	0.25	1	5	1	3	57	8835	55	8525	0.00845508	0.00309908	0.00333456	0.0159321	155	0	155	155	
0	0.25	1	6	12	3	57	8835	56	8680	0.00811873	0.00286729	0.00333692	0.0129783	155	0	155	155	
0	0.25	1	7	10	3	60	9300	59	9145	0.00795898	0.0032936	0.00304106	0.0164026	155	0	155	155	
0	0.25	1	8	2	3	60	9300	59	9145	0.00801696	0.00294431	0.00306048	0.0130724	155	0	155	155	
0	0.25	1	9	9	3	56	8680	55	8525	0.00818218	0.00286448	0.00306482	0.012991	155	0	155	155	
0	0.25	1	10	4	3	59	9145	57	8835	0.00824249	0.00337321	0.00338043	0.0184656	155	0	155	155	
0.25	0.5	1	1	3	4	61	9455	63	9765	0.00806401	0.00291035	0.00318344	0.0129444	155	0	155	155	
0.25	0.5	1	2	15	3	62	9610	62	9610	0.00823732	0.00297822	0.00321478	0.0128108	155	0	155	155	
0.25	0.5	1	3	16	3	57	8835	56	8680	0.00724157	0.00303273	0.00314908	0.0129923	155	0	155	155	
0.25	0.5	1	4	11	3	60	9300	59	9145	0.00797461	0.00299887	0.0031376	0.0128916	155	0	155	155	
0.25	0.5	1	5	1	3	68	10540	67	10385	0.00785623	0.00286125	0.00308728	0.0129678	155	0	155	155	
0.25	0.5	1	6	12	3	61	9455	60	9300	0.0076063	0.00291608	0.00307189	0.0129202	155	0	155	155	
0.25	0.5	1	7	10	3	61	9455	62	9610	0.00831167	0.00307147	0.00304793	0.0139754	155	0	155	155	
0.25	0.5	1	8	2	3	61	9455	60	9300	0.00847952	0.0028002	0.00302368	0.0128919	155	0	155	155	
0.25	0.5	1	9	9	3	59	9145	58	8990	0.0079559	0.00289807	0.00300625	0.0126644	155	0	155	155	
0.25	0.5	1	10	4	3	58	8990	58	8990	0.00803883	0.00283465	0.0034055	0.0128129	155	0	155	155	
0.5	0.75	1	1	3	4	55	8525	53	8215	0.00820065	0.00299327	0.00324729	0.0127893	155	0	155	155	
0.5	0.75	1	2	15	3	63	9765	63	9765	0.00772221	0.00280153	0.00303216	0.0125231	155	0	155	155	
0.5	0.75	1	3	16	3	63	9765	66	10230	0.00816358	0.00296109	0.003016	0.0129531	155	0	155	155	
0.5	0.75	1	4	11	3	59	9145	59	9145	0.00769923	0.00284843	0.00322975	0.0128741	155	0	155	155	
0.5	0.75	1	5	1	3	62	9610	62	9610	0.00842186	0.00290609	0.00323076	0.0127437	155	0	155	155	
0.5	0.75	1	6	12	3	61	9455	62	9610	0.00789538	0.00288001	0.00326746	0.0129683	155	0	155	155	
0.5	0.75	1	7	10	3	64	9920	63	9765	0.00814275	0.00298045	0.00304251	0.0136916	155	0	155	155	
0.5	0.75	1	8	2	3	69	10695	70	10850	0.00791521	0.00298223	0.00307011	0.012932	155	0	155	155	
0.5	0.75	1	9	9	3	58	8990	60	9300	0.00771873	0.00281938	0.00308573	0.0127754	155	0	155	155	
0.5	0.75	1	10	4	3	70	10850	68	10540	0.00804299	0.00275076	0.00340349	0.0125858	155	0	155	155	
0.75	1	1	1	3	4	63	9765	64	9920	0.00846424	0.00280116	0.00338177	0.0129616	155	0	155	155	
0.75	1	1	2	15	3	66	10230	65	10075	0.00790224	0.00277155	0.00316328	0.0126974	155	0	155	155	
0.75	1	1	3	16	3	59	9145	60	9300	0.0078655	0.00276119	0.00300826	0.0129268	155	0	155	155	
0.75	1	1	4	11	3	65	10075	64	9920	0.00778775	0.00302624	0.00310789	0.0127815	155	0	155	155	
0.75	1	1	5	1	3	60	9300	60	9300	0.00797835	0.00295011	0.00304518	0.0128154	155	0	155	155	
0.75	1	1	6	12	3	60	9300	58	8990	0.00812905	0.0028945	0.00327212	0.0129524	155	0	155	155	
0.75	1	1	7	10	3	60	9300	60	9300	0.00825359	0.00294467	0.00307118	0.0129542	155	0	155	155	
0.75	1	1	8	2	3	62	9610	60	9300	0.00792336	0.00288391	0.00303519	0.0128825	155	0	155	155	
0.75	1	1	9	9	3	64	9920	63	9765	0.00755207	0.00287721	0.0031824	0.0128824	155	0	155	155	
0.75	1	1	10	4	3	60	9300	61	9455	0.00774557	0.00301167	0.00300751	0.0128323	155	0	155	155	
1	1.25	1	1	3	4	61	9455	60	9300	0.00812969	0.00278569	0.00315155	0.0129463	155	0	155	155	
1	1.25	1	2	15	3	62	9610	62	9610	0.00774806	0.00288853	0.00307635	0.0129675	155	0	155	155	
1	1.25	1	3	16	3	62	9610	61	9455	0.00850229	0.00286573	0.00322805	0.0129722	155	0	155	155	
1	1.25	1	4	11	3	63	9765	63	9765	0.00801492	0.00288359	0.0032133	0.0128364	155	0	155	155	
1	1.25	1	5	1	3	62	9610	62	9610	0.00804858	0.00279401	0.00321379	0.0129997	155	0	155	155	
1	1.25	1	6	12	3	59	9145	60	9300	0.00815383	0.00283175	0.00305448	0.0127045	155	0	155	155	
1	1.25	1	7	10	3	60	9300	59	9145	0.00834194	0.0028928	0.00332723	0.0138332	155	0	155	155	
1	1.25	1	8	2	3	63	9765	63	9765	0.00807749	0.00291282	0.00322139	0.0129709	155	0	155	155	
1	1.25	1	9	9	3	63	9765	62	9610	0.00798247	0.00291318	0.00328543	0.0127695	155	0	155	155	
1	1.25	1	10	4	3	69	10695	71	11005	0.00788495	0.00280153	0.00309974	0.0128223	155	0	155	155	
1.25	1.5	1	1	3	4	62	9610	62	9610	0.00775735	0.00302432	0.00309565	0.0129208	155	0	155	155	
1.25	1.5	1	2	15	3	66	10230	67	10385	0.0083152	0.00288532	0.00338544	0.0129609	155	0	155	155	
1.25	1.5	1	3	16	3	65	10075	64	9920	0.00801685	0.00293534	0.0030586	0.0129791	155	0	155	155	
1.25	1.5	1	4	11	3	60	9300	60	9300	0.00818918	0.00295536	0.00318123	0.0129854	155	0	155	155	
1.25	1.5	1	5	1	3	60	9300	61	9455	0.0078076	0.00293523	0.00307561	0.0123622	155	0	155	155	
1.25	1.5	1	6	12	3	64	9920	64	9920	0.00805471	0.00301638	0.00301042	0.0129821	155	0	155	155	
1.25	1.5	1	7	10	3	61	9455	62	9610	0.00764046	0.00283561	0.00315595	0.0131092	155	0	155	155	
1.25	1.5	1	8	2	3	64	9920	64	9920	0.0076782	0.00298392	0.00313716	0.0129183	155	0	155	155	
1.25	1.5	1	9	9	3	60	9300	60	9300	0.00782227	0.00280962	0.00302975	0.0129816	155	0	155	155	
1.25	1.5	1	10	4	3	68	10540	68	10540	0.00742393	0.00290215	0.00300378	0.0123923	155	0	155	155	
1.5	1.75	1	1	3	4	68	10540	70	10850	0.00799855	0.00294677	0.00301107	0.0127881	155	0	155	155	
1.5	1.75	1	2	15	3	59	9145	59	9145	0.00769183	0.00277487	0.00300519	0.0120959	155	0	155	155	
1.5	1.75	1	3	16	3	66	10230	67	10385	0.00736639	0.00293188	0.00309464	0.0127601	155	0	155	155	
1.5	1.75	1	4	11	3	65	10075	65	10075	0.0080985	0.00288104	0.00308956	0.0128856	155	0	155	155	
1.5	1.75	1	5	1	3	61	9455	60	9300	0.00809303	0.00277035	0.0031799	0.0124856	155	0	155	155	
1.5	1.75	1	6	12	3	64	9920	63	9765	0.00808659	0.00298129	0.00316621	0.012721	155	0	155	155	
1.5	1.75	1	7	10	3	60	9300	60	9300	0.00781784	0.00288071	0.00307861	0.0137652	155	0	155	155	
1.5	1.75	1	8	2	3	62	9610	62	9610	0.0079287	0.00287924	0.00327641	0.0128923	155	0	155	155	
1.5	1.75	1	9	9	3	63	9765	62	9610	0.00807674	0.00277084	0.0033333	0.0124829	155	0	155	155	
1.5	1.75	1	10	4	3	62	9610	62	9610	0.0077236	0.00282688	0.00306689	0.0126323	155	0	155	155	
1.75	2	1	1	3	4	63	9765	63	9765	0.0078452	0.002934	0.00314352	0.0127364	155	0	155	155	
1.75	2	1	2	15	3	54	8370	55	8525	0.00787311	0.00305433	0.0030238	0.0129326	155	0	155	155	
1.75	2	1	3	16	3	59	9145	58	8990	0.00795814	0.00287352	0.00316535	0.0127961	155	0	155	155	
1.75	2	1	4	11	3	63	9765	64	9920	0.00768106	0.00285255	0.00307482	0.012781	155	0	155	155	
1.75	2	1	5	1	3	62	9610	62	9610	0.007902	0.00289939	0.00310107	0.0129141	155	0	155	155	
1.75	2	1	6	12	3	61	9455	61	9455	0.00830949	0.0028708	0.00320395	0.0129582	155	0	155	155	
1.75	2	1	7	10	3	62	9610	62	9610	0.00818476	0.00297698	0.00302934	0.0135554	155	0	155	155	
1.75	2	1	8	2	3	62	9610	63	9765	0.00821339	0.00284531	0.00334522	0.0129522	155	0	155	155	
1.75	2	1	9	9	3	67	10385	67	10385	0.00773199	0.0030207	0.0031088	0.0129608	155	0	155	155	
1.75	2	1	10	4	3	62	9610	62	9610	0.00762134	0.00273165	0.00312109	0.01288	155	0	155	155	
2	2.25	1	1	3	4	58	8990	58	8990	0.00799351	0.00307159	0.00326801	0.0124209	155	0	155	155	
2	2.25	1	2	15	3	58	8990	57	8835	0.0079922	0.00292981	0.0030158	0.0125994	155	0	155	155	
2	2.25	1	3	16	3	66	10230	67	10385	0.00834086	0.00294823	0.00303753	0.0129573	155	0	155	155	
2	2.25	1	4	11	3	64	9920	62	9610	0.00800207	0.00282419	0.00327473	0.0129409	155	0	155	155	
2	2.25	1	5	1	3	63	9765	65	10075	0.00810471	0.00292234	0.00308272	0.0129324	155	0	155	155	
2	2.25	1	6	12	3	61	9455	62	9610	0.00790874	0.00295025	0.00330377	0.0128778	155	0	155	155	
2	2.25	1	7	10	3	63	9765	62	9610	0.00846865	0.0030587	0.00307278	0.0135301	155	0	155	155	
2	2.25	1	8	2	3	64	9920	63	9765	0.00788945	0.00274053	0.00324675	0.0128529	155	0	155	155	
2	2.25	1	9	9	3	61	9455	61	9455	0.00776025	0.0029997	0.00303882	0.012823	155	0	155	155	
2	2.25	1	10	4	3	62	9610	61	9455	0.00853361	0.00285365	0.00306614	0.0126978	155	0	155	155	
2.25	2.5	1	1	3	4	64	9920	64	9920	0.00787379	0.00287949	0.00303797	0.0129525	155	0	155	155	
2.25	2.5	1	2	15	3	63	9765	63	9765	0.00799198	0.00283026	0.00310316	0.0128204	155	0	155	155	
2.25	2.5	1	3	16	3	65	10075	64	9920	0.00777936	0.00279061	0.00309879	0.0128259	155	0	155	155	
2.25	2.5	1	4	11	3	64	9920	65	10075	0.00800657	0.00299541	0.00305922	0.0129062	155	0	155	155	
2.25	2.5	1	5	1	3	59	9145	60	9300	0.00816905	0.00263825	0.00328044	0.0127235	155	0	155	155	
2.25	2.5	1	6	12	3	63	9765	63	9765	0.00791973	0.00291839	0.00310606	0.0129745	155	0	155	155	
2.25	2.5	1	7	10	3	65	10075	66	10230	0.00814117	0.00309172	0.00301297	0.0137397	155	0	155	155	
2.25	2.5	1	8	2	3	56	8680	56	8680	0.0080027	0.00277256	0.00330559	0.0128925	155	0	155	155	
2.25	2.5	1	9	9	3	64	9920	65	10075	0.00841044	0.00290479	0.00302356	0.0129504	155	0	155	155	
2.25	2.5	1	10	4	3	62	9610	62	9610	0.00824745	0.00278851	0.0030277	0.012924	155	0	155	155	
2.5	2.75	1	1	3	4	64	9920	63	9765	0.00855602	0.00295667	0.00306224	0.0129769	155	0	155	155	
2.5	2.75	1	2	15	3	60	9300	59	9145	0.00802509	0.00295682	0.00326075	0.0127377	155	0	155	155	
2.5	2.75	1	3	16	3	60	9300	60	9300	0.00838654	0.00301084	0.00312851	0.0128127	155	0	155	155	
2.5	2.75	1	4	11	3	66	10230	66	10230	0.00804835	0.00284543	0.00315999	0.0127159	155	0	155	155	
2.5	2.75	1	5	1	3	62	9610	61	9455	0.00782503	0.00280651	0.00321228	0.0127743	155	0	155	155	
2.5	2.75	1	6	12	3	66	10230	65	10075	0.00799859	0.00303545	0.003046	0.0129177	155	0	155	155	
2.5	2.75	1	7	10	3	60	9300	59	9145	0.00774341	0.00304997	0.00312995	0.0133408	155	0	155	155	
2.5	2.75	1	8	2	3	63	9765	65	10075	0.0078655	0.00283752	0.00301385	0.0127434	155	0	155	155	
2.5	2.75	1	9	9	3	64	9920	63	9765	0.0083575	0.00277824	0.00399552	0.0128816	155	0	155	155	
2.5	2.75	1	10	4	3	60	9300	60	9300	0.00783816	0.00286948	0.00300189	0.012623	155	0	155	155	
2.75	3	1	1	3	4	63	9765	64	9920	0.00781614	0.00298553	0.00305869	0.0129605	155	0	155	155	
2.75	3	1	2	15	3	60	9300	60	9300	0.00774255	0.00293838	0.00300227	0.0127602	155	0	155	155	
2.75	3	1	3	16	3	63	9765	63	9765	0.00786358	0.0028614	0.00308068	0.0129723	155	0	155	155	
2.75	3	1	4	11	3	63	9765	62	9610	0.00811231	0.00285438	0.00317802	0.0129708	155	0	155	155	
2.75	3	1	5	1	3	64	9920	63	9765	0.00762351	0.00290295	0.00300395	0.0127587	155	0	155	155	
2.75	3	1	6	12	3	60	9300	60	9300	0.00789352	0.00285763	0.00302295	0.0128846	155	0	155	155	
2.75	3	1	7	10	3	64	9920	65	10075	0.00805192	0.00293666	0.0033388	0.0129812	155	0	155	155	
2.75	3	1	8	2	3	64	9920	64	9920	0.00821929	0.00303895	0.00308538	0.0128695	155	0	155	155	
2.75	3	1	9	9	3	62	9610	63	9765	0.00805595	0.0030432	0.00316545	0.0129721	155	0	155	155	
2.75	3	1	10	4	3	61	9455	61	9455	0.00792176	0.00274322	0.00346283	0.0129074	155	0	155	155	
3	3.25	1	1	3	4	59	9145	57	8835	0.00843157	0.00282618	0.0030146	0.0129615	155	0	155	155	
3	3.25	1	2	15	3	62	9610	62	9610	0.00809501	0.00302602	0.00315433	0.0128368	155	0	155	155	
3	3.25	1	3	16	3	63	9765	63	9765	0.00802449	0.00291411	0.00313357	0.0128107	155	0	155	155	
3	3.25	1	4	11	3	59	9145	60	9300	0.00779924	0.00286172	0.00315274	0.0129209	155	0	155	155	
3	3.25	1	5	1	3	62	9610	62	9610	0.00778509	0.00292243	0.00300144	0.0129686	155	0	155	155	
3	3.25	1	6	12	3	61	9455	64	9920	0.00770726	0.00295753	0.00306068	0.012993	155	0	155	155	
3	3.25	1	7	10	3	67	10385	65	10075	0.00788171	0.00292392	0.00303552	0.0138397	155	0	155	155	
3	3.25	1	8	2	3	61	9455	61	9455	0.00819481	0.00291551	0.00338623	0.0129879	155	0	155	155	
3	3.25	1	9	9	3	61	9455	61	9455	0.00820117	0.00281675	0.00301287	0.0128279	155	0	155	155	
3	3.25	1	10	4	3	61	9455	60	9300	0.00800494	0.0029089	0.0030736	0.0128965	155	0	155	155	
3.25	3.5	1	1	3	4	59	9145	60	9300	0.00810528	0.00295231	0.00334926	0.0128873	155	0	155	155	
3.25	3.5	1	2	15	3	59	9145	59	9145	0.00783286	0.00275511	0.00313101	0.0127174	155	0	155	155	
3.25	3.5	1	3	16	3	58	8990	58	8990	0.00790762	0.00289126	0.00308282	0.0129691	155	0	155	155	
3.25	3.5	1	4	11	3	57	8835	57	8835	0.00781824	0.0027286	0.00304295	0.0124126	155	0	155	155	
3.25	3.5	1	5	1	3	56	8680	56	8680	0.00784592	0.00272108	0.00314085	0.0124558	155	0	155	155	
3.25	3.5	1	6	12	3	62	9610	61	9455	0.00775746	0.00293612	0.00327853	0.0128157	155	0	155	155	
3.25	3.5	1	7	10	3	63	9765	65	10075	0.00795254	0.00297475	0.00318015	0.0138766	155	0	155	155	
3.25	3.5	1	8	2	3	61	9455	61	9455	0.00803834	0.00299712	0.00301311	0.0127406	155	0	155	155	
3.25	3.5	1	9	9	3	61	9455	60	9300	0.00764993	0.00292154	0.0030868	0.0126015	155	0	155	155	
3.25	3.5	1	10	4	3	60	9300	61	9455	0.00792555	0.00284952	0.00336329	0.0129147	155	0	155	155	
3.5	3.75	1	1	3	4	67	10385	67	10385	0.00765153	0.00289449	0.00325755	0.0137652	155	0	155	155	
3.5	3.75	1	2	15	3	62	9610	62	9610	0.00838151	0.00288157	0.00341254	0.0128228	155	0	155	155	
3.5	3.75	1	3	16	3	65	10075	65	10075	0.00805912	0.0028963	0.00350466	0.0129653	155	0	155	155	
3.5	3.75	1	4	11	3	61	9455	60	9300	0.00846581	0.00291441	0.00323707	0.0127431	155	0	155	155	
3.5	3.75	1	5	1	3	64	9920	64	9920	0.00762252	0.00284671	0.00300565	0.0124561	155	0	155	155	
3.5	3.75	1	6	12	3	59	9145	59	9145	0.0083026	0.00289236	0.00311815	0.0127018	155	0	155	155	
3.5	3.75	1	7	10	3	63	9765	61	9455	0.00780156	0.0028841	0.00308672	0.0126619	155	0	155	155	
3.5	3.75	1	8	2	3	67	10385	67	10385	0.00809662	0.00287311	0.00312828	0.0129012	155	0	155	155	
3.5	3.75	1	9	9	3	63	9765	65	10075	0.00798134	0.00295162	0.00315394	0.0128194	155	0	155	155	
3.5	3.75	1	10	4	3	64	9920	64	9920	0.00797123	0.00277156	0.00305183	0.0128419	155	0	155	155	
3.75	4	1	1	3	4	68	10540	68	10540	0.00794565	0.0029258	0.00309859	0.0128789	155	0	155	155	
3.75	4	1	2	15	3	63	9765	62	9610	0.0081345	0.0029652	0.00303047	0.01294	155	0	155	155	
3.75	4	1	3	16	3	65	10075	64	9920	0.00759032	0.00291542	0.00324162	0.0127499	155	0	155	155	
3.75	4	1	4	11	3	61	9455	61	9455	0.0083548	0.00305988	0.00310201	0.0128126	155	0	155	155	
3.75	4	1	5	1	3	57	8835	57	8835	0.00829879	0.00289934	0.00300024	0.0128915	155	0	155	155	
3.75	4	1	6	12	3	59	9145	59	9145	0.00822659	0.00294501	0.00313567	0.0129045	155	0	155	155	
3.75	4	1	7	10	3	61	9455	64	9920	0.00824984	0.00301561	0.00332123	0.0139232	155	0	155	155	
3.75	4	1	8	2	3	59	9145	58	8990	0.00802124	0.00291799	0.00315562	0.0126137	155	0	155	155	
3.75	4	1	9	9	3	61	9455	61	9455	0.00790868	0.00289441	0.0032462	0.0129969	155	0	155	155	
3.75	4	1	10	4	3	66	10230	66	10230	0.00786962	0.00294329	0.00303983	0.0124419	155	0	155	155	
4	4.25	1	1	3	4	62	9610	62	9610	0.00778432	0.00294391	0.00305316	0.0129259	155	0	155	155	
4	4.25	1	2	15	3	63	9765	63	9765	0.00809136	0.00303505	0.00310308	0.0129916	155	0	155	155	
4	4.25	1	3	16	3	63	9765	62	9610	0.00820793	0.00274921	0.00331076	0.012956	155	0	155	155	
4	4.25	1	4	11	3	54	8370	56	8680	0.00792399	0.00281464	0.00306172	0.0127448	155	0	155	155	
4	4.25	1	5	1	3	62	9610	63	9765	0.00769547	0.00286144	0.00311118	0.0124366	155	0	155	155	
4	4.25	1	6	12	3	59	9145	58	8990	0.00776678	0.00296983	0.0030326	0.0128011	155	0	155	155	
4	4.25	1	7	10	3	60	9300	58	8990	0.00778057	0.00290416	0.00300317	0.0126196	155	0	155	155	
4	4.25	1	8	2	3	62	9610	62	9610	0.00830984	0.00296076	0.00311659	0.0129408	155	0	155	155	
4	4.25	1	9	9	3	61	9455	61	9455	0.00776561	0.00274914	0.00332184	0.0127881	155	0	155	155	
4	4.25	1	10	4	3	57	8835	57	8835	0.00828176	0.00293149	0.00346446	0.0127451	155	0	155	155	
4.25	4.5	1	1	3	4	59	9145	59	9145	0.00760683	0.00297043	0.00303823	0.0127573	155	0	155	155	
4.25	4.5	1	2	15	3	65	10075	64	9920	0.0077139	0.00283276	0.00329241	0.0127457	155	0	155	155	
4.25	4.5	1	3	16	3	59	9145	60	9300	0.00828571	0.00287725	0.00319811	0.0129901	155	0	155	155	
4.25	4.5	1	4	11	3	60	9300	60	9300	0.00810585	0.00288296	0.00301189	0.0128022	155	0	155	155	
4.25	4.5	1	5	1	3	61	9455	60	9300	0.00815427	0.00290607	0.00333335	0.0129404	155	0	155	155	
4.25	4.5	1	6	12	3	63	9765	65	10075	0.00763419	0.00288147	0.00308442	0.0124584	155	0	155	155	
4.25	4.5	1	7	10	3	67	10385	67	10385	0.00812494	0.00284331	0.00340393	0.0135042	155	0	155	155	
4.25	4.5	1	8	2	3	61	9455	62	9610	0.00785635	0.00282268	0.00303894	0.0128818	155	0	155	155	
4.25	4.5	1	9	9	3	66	10230	66	10230	0.00764102	0.00288887	0.00300674	0.0125671	155	0	155	155	
4.25	4.5	1	10	4	3	60	9300	60	9300	0.00809455	0.00289502	0.00318128	0.0126054	155	0	155	155	
4.5	4.75	1	1	3	4	61	9455	60	9300	0.00807381	0.00294051	0.00300363	0.0129495	155	0	155	155	
4.5	4.75	1	2	15	3	61	9455	65	10075	0.00785982	0.00275142	0.00304943	0.0126304	155	0	155	155	
4.5	4.75	1	3	16	3	63	9765	63	9765	0.00803521	0.00286597	0.00329481	0.0126384	155	0	155	155	
4.5	4.75	1	4	11	3	59	9145	59	9145	0.00807415	0.00288539	0.0034388	0.0129248	155	0	155	155	
4.5	4.75	1	5	1	3	62	9610	61	9455	0.00813369	0.00283304	0.0035275	0.0127211	155	0	155	155	
4.5	4.75	1	6	12	3	67	10385	66	10230	0.00796074	0.00294661	0.00306237	0.012872	155	0	155	155	
4.5	4.75	1	7	10	3	62	9610	62	9610	0.00758409	0.00293945	0.00316217	0.0128911	155	0	155	155	
4.5	4.75	1	8	2	3	57	8835	57	8835	0.00780569	0.00317182	0.00301709	0.0129784	155	0	155	155	
4.5	4.75	1	9	9	3	65	10075	65	10075	0.00780745	0.00302162	0.0030013	0.0127711	155	0	155	155	
4.5	4.75	1	10	4	3	63	9765	63	9765	0.00810521	0.00289496	0.00304539	0.0127805	155	0	155	155	
4.75	5	1	1	3	4	63	9765	63	9765	0.00802088	0.00294733	0.00308819	0.0129562	155	0	155	155	
4.75	5	1	2	15	3	65	10075	65	10075	0.00784332	0.00294056	0.00303932	0.0128543	155	0	155	155	
4.75	5	1	3	16	3	63	9765	63	9765	0.00813011	0.002948	0.00305787	0.0128278	155	0	155	155	
4.75	5	1	4	11	3	57	8835	57	8835	0.00766321	0.00292863	0.00319	0.0128195	155	0	155	155	
4.75	5	1	5	1	3	64	9920	64	9920	0.00772999	0.00300374	0.00305699	0.0129517	155	0	155	155	
4.75	5	1	6	12	3	61	9455	60	9300	0.00815127	0.00275064	0.00310026	0.0129095	155	0	155	155	
4.75	5	1	7	10	3	61	9455	61	9455	0.00784249	0.00299399	0.00331213	0.0134705	155	0	155	155	
4.75	5	1	8	2	3	67	10385	66	10230	0.00806795	0.00286387	0.00301238	0.0129818	155	0	155	155	
4.75	5	1	9	9	3	58	8990	58	8990	0.00764382	0.00289906	0.00300505	0.0129144	155	0	155	155	
4.75	5	1	10	4	3	62	9610	61	9455	0.00794571	0.00286501	0.00327097	0.01279	155	0	155	155	
5	5.25	1	1	3	4	64	9920	64	9920	0.0080573	0.00288503	0.00305889	0.0128564	155	0	155	155	
5	5.25	1	2	15	3	61	9455	60	9300	0.00768212	0.0028764	0.00301655	0.0128531	155	0	155	155	
5	5.25	1	3	16	3	59	9145	61	9455	0.00799312	0.00291797	0.00303115	0.0129141	155	0	155	155	
5	5.25	1	4	11	3	64	9920	64	9920	0.00810527	0.00294022	0.00300645	0.0127458	155	0	155	155	
5	5.25	1	5	1	3	61	9455	62	9610	0.00792357	0.00292757	0.0031647	0.0129647	155	0	155	155	
5	5.25	1	6	12	3	59	9145	60	9300	0.00831118	0.0028824	0.00330677	0.0129243	155	0	155	155	
5	5.25	1	7	10	3	61	9455	60	9300	0.00812244	0.00308613	0.00303986	0.0132751	155	0	155	155	
5	5.25	1	8	2	3	62	9610	62	9610	0.00816499	0.00286079	0.00345596	0.0129232	155	0	155	155	
5	5.25	1	9	9	3	67	10385	67	10385	0.00795453	0.00293808	0.00308953	0.0129833	155	0	155	155	
5	5.25	1	10	4	3	63	9765	63	9765	0.00830005	0.00289809	0.00327855	0.0129957	155	0	155	155	
5.25	5.5	1	1	3	4	62	9610	63	9765	0.00759569	0.00287703	0.00301295	0.0129889	155	0	155	155	
5.25	5.5	1	2	15	3	60	9300	60	9300	0.00802122	0.00293686	0.00308168	0.012687	155	0	155	155	
5.25	5.5	1	3	16	3	68	10540	68	10540	0.00801223	0.00292154	0.00329075	0.0127401	155	0	155	155	
5.25	5.5	1	4	11	3	66	10230	65	10075	0.00758626	0.00295487	0.0030655	0.0128104	155	0	155	155	
5.25	5.5	1	5	1	3	66	10230	66	10230	0.00788657	0.00280106	0.00339227	0.0125675	155	0	155	155	
5.25	5.5	1	6	12	3	62	9610	62	9610	0.00789618	0.00286571	0.00315399	0.0129081	155	0	155	155	
5.25	5.5	1	7	10	3	65	10075	67	10385	0.00766987	0.00296125	0.00301103	0.0130881	155	0	155	155	
5.25	5.5	1	8	2	3	66	10230	65	10075	0.00783866	0.00293422	0.00302872	0.0128342	155	0	155	155	
5.25	5.5	1	9	9	3	62	9610	61	9455	0.00757119	0.00297261	0.00304973	0.0129355	155	0	155	155	
5.25	5.5	1	10	4	3	59	9145	60	9300	0.00753814	0.00290032	0.0032295	0.0126196	155	0	155	155	
5.5	5.75	1	1	3	4	59	9145	58	8990	0.00858426	0.00288394	0.00311726	0.0129807	155	0	155	155	
5.5	5.75	1	2	15	3	64	9920	64	9920	0.0077917	0.00283157	0.00307386	0.0128828	155	0	155	155	
5.5	5.75	1	3	16	3	58	8990	59	9145	0.00795533	0.00289903	0.0030569	0.0125575	155	0	155	155	
5.5	5.75	1	4	11	3	66	10230	66	10230	0.00801693	0.00287674	0.00326103	0.0127495	155	0	155	155	
5.5	5.75	1	5	1	3	66	10230	66	10230	0.00848011	0.0029376	0.00332773	0.0128763	155	0	155	155	
5.5	5.75	1	6	12	3	65	10075	63	9765	0.00781943	0.00280413	0.00301298	0.0129352	155	0	155	155	
5.5	5.75	1	7	10	3	63	9765	60	9300	0.00802102	0.00280293	0.00345511	0.0125507	155	0	155	155	
5.5	5.75	1	8	2	3	62	9610	63	9765	0.00782226	0.00299513	0.00302223	0.0126024	155	0	155	155	
5.5	5.75	1	9	9	3	64	9920	64	9920	0.00812752	0.00294668	0.00317566	0.0129076	155	0	155	155	
5.5	5.75	1	10	4	3	62	9610	64	9920	0.00847804	0.00291999	0.00302494	0.0127985	155	0	155	155	
5.75	6	1	1	3	4	67	10385	67	10385	0.00787089	0.00288703	0.00310364	0.0127052	155	0	155	155	
5.75	6	1	2	15	3	62	9610	62	9610	0.0082781	0.00288362	0.00340175	0.012884	155	0	155	155	
5.75	6	1	3	16	3	66	10230	64	9920	0.00811527	0.00296316	0.00304635	0.0129489	155	0	155	155	
5.75	6	1	4	11	3	62	9610	62	9610	0.00771604	0.0028515	0.00303569	0.0128925	155	0	155	155	
5.75	6	1	5	1	3	61	9455	60	9300	0.00778744	0.00272624	0.0032051	0.0125444	155	0	155	155	
5.75	6	1	6	12	3	64	9920	64	9920	0.00763297	0.00288168	0.00321886	0.0128208	155	0	155	155	
5.75	6	1	7	10	3	62	9610	65	10075	0.00817309	0.00290129	0.00323154	0.0133047	155	0	155	155	
5.75	6	1	8	2	3	56	8680	55	8525	0.00783686	0.00274554	0.00308178	0.0129525	155	0	155	155	
5.75	6	1	9	9	3	64	9920	64	9920	0.00805505	0.00283259	0.00300905	0.0129845	155	0	155	155	
5.75	6	1	10	4	3	64	9920	63	9765	0.0080908	0.00277704	0.00353928	0.0127961	155	0	155	155	
6	6.25	1	1	3	4	64	9920	66	10230	0.00807598	0.00303268	0.0030517	0.0127809	155	0	155	155	
6	6.25	1	2	15	3	61	9455	60	9300	0.0081686	0.00309052	0.00306536	0.0129894	155	0	155	155	
6	6.25	1	3	16	3	55	8525	56	8680	0.00837767	0.00266279	0.00321027	0.0125301	155	0	155	155	
6	6.25	1	4	11	3	65	10075	66	10230	0.00754916	0.00290698	0.00301757	0.0128079	155	0	155	155	
6	6.25	1	5	1	3	63	9765	62	9610	0.00803561	0.00292927	0.00326598	0.012997	155	0	155	155	
6	6.25	1	6	12	3	63	9765	64	9920	0.00778495	0.00289993	0.00312263	0.0129202	155	0	155	155	
6	6.25	1	7	10	3	63	9765	60	9300	0.00861598	0.00297245	0.00308961	0.0137683	155	0	155	155	
6	6.25	1	8	2	3	62	9610	63	9765	0.00798262	0.00275005	0.00300837	0.0124639	155	0	155	155	
6	6.25	1	9	9	3	60	9300	60	9300	0.0081662	0.00280831	0.00339349	0.0129467	155	0	155	155	
6	6.25	1	10	4	3	58	8990	58	8990	0.00805923	0.00284228	0.00303309	0.0128498	155	0	155	155	
6.25	6.5	1	1	3	4	64	9920	65	10075	0.00810629	0.00288148	0.0033782	0.0127911	155	0	155	155	
6.25	6.5	1	2	15	3	60	9300	61	9455	0.00784736	0.0027638	0.00330393	0.0123058	155	0	155	155	
6.25	6.5	1	3	16	3	63	9765	62	9610	0.00806306	0.00285881	0.00358638	0.0124414	155	0	155	155	
6.25	6.5	1	4	11	3	62	9610	61	9455	0.00822517	0.00287753	0.00303331	0.0129554	155	0	155	155	
6.25	6.5	1	5	1	3	58	8990	59	9145	0.00803676	0.00284369	0.0031947	0.0129523	155	0	155	155	
6.25	6.5	1	6	12	3	60	9300	59	9145	0.00825673	0.00298965	0.00339956	0.0128448	155	0	155	155	
6.25	6.5	1	7	10	3	66	10230	68	10540	0.00778383	0.00300121	0.00304795	0.0132395	155	0	155	155	
6.25	6.5	1	8	2	3	60	9300	59	9145	0.00823663	0.00279563	0.00326922	0.0129447	155	0	155	155	
6.25	6.5	1	9	9	3	62	9610	62	9610	0.00767983	0.00288322	0.00314885	0.0129591	155	0	155	155	
6.25	6.5	1	10	4	3	63	9765	63	9765	0.0083615	0.00307377	0.00300621	0.0129243	155	0	155	155	
6.5	6.75	1	1	3	4	60	9300	59	9145	0.00803886	0.00280689	0.00312801	0.0126867	155	0	155	155	
6.5	6.75	1	2	15	3	65	10075	64	9920	0.00844867	0.00294078	0.00317499	0.0129653	155	0	155	155	
6.5	6.75	1	3	16	3	58	8990	58	8990	0.0080947	0.00284305	0.00322941	0.0129335	155	0	155	155	
6.5	6.75	1	4	11	3	65	10075	64	9920	0.00811362	0.0028711	0.00341384	0.0129713	155	0	155	155	
6.5	6.75	1	5	1	3	61	9455	63	9765	0.00793394	0.00284685	0.00318273	0.0125465	155	0	155	155	
6.5	6.75	1	6	12	3	64	9920	64	9920	0.00782598	0.00289928	0.00334787	0.0129048	155	0	155	155	
6.5	6.75	1	7	10	3	61	9455	61	9455	0.00840929	0.00307443	0.003162	0.0139404	155	0	155	155	
6.5	6.75	1	8	2	3	68	10540	68	10540	0.00845454	0.00278726	0.00312353	0.0129111	155	0	155	155	
6.5	6.75	1	9	9	3	60	9300	60	9300	0.00838907	0.0028463	0.00344279	0.0127538	155	0	155	155	
6.5	6.75	1	10	4	3	59	9145	59	9145	0.00741123	0.00294837	0.00304201	0.012993	155	0	155	155	
6.75	7	1	1	3	4	63	9765	63	9765	0.00794628	0.00267613	0.00328688	0.0128645	155	0	155	155	
6.75	7	1	2	15	3	62	9610	62	9610	0.00825727	0.00289788	0.00303139	0.0129678	155	0	155	155	
6.75	7	1	3	16	3	63	9765	64	9920	0.00788127	0.00291888	0.00300063	0.0129489	155	0	155	155	
6.75	7	1	4	11	3	63	9765	63	9765	0.00783636	0.00276144	0.00314871	0.0123705	155	0	155	155	
6.75	7	1	5	1	3	67	10385	67	10385	0.00760831	0.00291967	0.00317629	0.0127322	155	0	155	155	
6.75	7	1	6	12	3	64	9920	64	9920	0.00813512	0.0029086	0.00335031	0.0127684	155	0	155	155	
6.75	7	1	7	10	3	64	9920	64	9920	0.00813628	0.00273987	0.00368219	0.0129428	155	0	155	155	
6.75	7	1	8	2	3	65	10075	65	10075	0.00801502	0.00285264	0.00338648	0.0127998	155	0	155	155	
6.75	7	1	9	9	3	61	9455	60	9300	0.00805673	0.00281178	0.00314564	0.0129569	155	0	155	155	
6.75	7	1	10	4	3	63	9765	63	9765	0.00793894	0.00293375	0.00325733	0.0139005	155	0	155	155	
7	7.25	1	1	3	4	65	10075	64	9920	0.008232	0.00285057	0.00316936	0.0128227	155	0	155	155	
7	7.25	1	2	15	3	58	8990	58	8990	0.00797787	0.00298287	0.00308078	0.0128497	155	0	155	155	
7	7.25	1	3	16	3	65	10075	63	9765	0.00798588	0.00296845	0.00311382	0.0127585	155	0	155	155	
7	7.25	1	4	11	3	64	9920	64	9920	0.00814188	0.00300303	0.00301784	0.0129613	155	0	155	155	
7	7.25	1	5	1	3	61	9455	61	9455	0.00809908	0.0028803	0.00310752	0.012807	155	0	155	155	
7	7.25	1	6	12	3	58	8990	58	8990	0.00855426	0.00269675	0.00339475	0.0126674	155	0	155	155	
7	7.25	1	7	10	3	67	10385	66	10230	0.00792411	0.00295288	0.00321086	0.0129875	155	0	155	155	
7	7.25	1	8	2	3	64	9920	67	10385	0.00794575	0.00277855	0.00304908	0.0128771	155	0	155	155	
7	7.25	1	9	9	3	59	9145	59	9145	0.00804418	0.00284057	0.003199	0.0127886	155	0	155	155	
7	7.25	1	10	4	3	63	9765	63	9765	0.00876311	0.00272517	0.00360738	0.0129869	155	0	155	155	
7.25	7.5	1	1	3	4	61	9455	62	9610	0.00778423	0.00300783	0.00314221	0.012967	155	0	155	155	
7.25	7.5	1	2	15	3	63	9765	62	9610	0.00787358	0.00282451	0.00333033	0.0129474	155	0	155	155	
7.25	7.5	1	3	16	3	60	9300	62	9610	0.00808582	0.00290526	0.00304164	0.0126668	155	0	155	155	
7.25	7.5	1	4	11	3	64	9920	64	9920	0.00816333	0.00290265	0.00304462	0.0129963	155	0	155	155	
7.25	7.5	1	5	1	3	61	9455	61	9455	0.00800763	0.00269887	0.00311298	0.0129493	155	0	155	155	
7.25	7.5	1	6	12	3	64	9920	64	9920	0.00737855	0.00292836	0.00309001	0.0124671	155	0	155	155	
7.25	7.5	1	7	10	3	63	9765	65	10075	0.00816206	0.00287351	0.00319499	0.0137981	155	0	155	155	
7.25	7.5	1	8	2	3	66	10230	65	10075	0.00800752	0.00287342	0.00329898	0.0127014	155	0	155	155	
7.25	7.5	1	9	9	3	62	9610	61	9455	0.00833595	0.00287276	0.00300554	0.0129519	155	0	155	155	
7.25	7.5	1	10	4	3	64	9920	64	9920	0.00762075	0.00279863	0.00300571	0.0128222	155	0	155	155	
7.5	7.75	1	1	3	4	59	9145	59	9145	0.00774797	0.00280341	0.0032651	0.0128435	155	0	155	155	
7.5	7.75	1	2	15	3	63	9765	64	9920	0.0082085	0.00285949	0.00386953	0.0129313	155	0	155	155	
7.5	7.75	1	3	16	3	66	10230	65	10075	0.00793452	0.00290227	0.00301315	0.0128806	155	0	155	155	
7.5	7.75	1	4	11	3	64	9920	65	10075	0.00768074	0.00286838	0.00302308	0.012861	155	0	155	155	
7.5	7.75	1	5	1	3	59	9145	59	9145	0.00746225	0.00270203	0.00309579	0.0126101	155	0	155	155	
7.5	7.75	1	6	12	3	66	10230	68	10540	0.0083434	0.00287992	0.00313626	0.0129739	155	0	155	155	
7.5	7.75	1	7	10	3	64	9920	62	9610	0.00804191	0.0028645	0.00321568	0.0129906	155	0	155	155	
7.5	7.75	1	8	2	3	61	9455	60	9300	0.00821219	0.00295308	0.00336107	0.0128631	155	0	155	155	
7.5	7.75	1	9	9	3	62	9610	63	9765	0.0082626	0.00281112	0.00328649	0.0128549	155	0	155	155	
7.5	7.75	1	10	4	3	67	10385	67	10385	0.00807389	0.00294826	0.00323744	0.0126244	155	0	155	155	
7.75	8	1	1	3	4	65	10075	64	9920	0.0082268	0.00285981	0.00300112	0.0128325	155	0	155	155	
7.75	8	1	2	15	3	67	10385	66	10230	0.00780268	0.00293853	0.00301196	0.0127604	155	0	155	155	
7.75	8	1	3	16	3	67	10385	67	10385	0.00778175	0.00288801	0.00305589	0.0129563	155	0	155	155	
7.75	8	1	4	11	3	64	9920	63	9765	0.00843851	0.00276545	0.00398128	0.0128889	155	0	155	155	
7.75	8	1	5	1	3	58	8990	58	8990	0.00817564	0.0028647	0.00300669	0.0129422	155	0	155	155	
7.75	8	1	6	12	3	58	8990	58	8990	0.00817321	0.00308441	0.00301104	0.0128187	155	0	155	155	
7.75	8	1	7	10	3	64	9920	66	10230	0.00859603	0.00298254	0.00319141	0.0136425	155	0	155	155	
7.75	8	1	8	2	3	62	9610	63	9765	0.00791821	0.00296568	0.00308479	0.0129523	155	0	155	155	
7.75	8	1	9	9	3	62	9610	63	9765	0.00818607	0.00298677	0.00317767	0.0129828	155	0	155	155	
7.75	8	1	10	4	3	57	8835	57	8835	0.00806599	0.0029571	0.00308513	0.0128042	155	0	155	155	
8	8.25	1	1	3	4	64	9920	65	10075	0.00833078	0.0029275	0.00337137	0.012908	155	0	155	155	
8	8.25	1	2	15	3	64	9920	64	9920	0.00769762	0.00294044	0.00304322	0.0129588	155	0	155	155	
8	8.25	1	3	16	3	62	9610	61	9455	0.00795961	0.00297087	0.00306578	0.012901	155	0	155	155	
8	8.25	1	4	11	3	62	9610	63	9765	0.00817556	0.0029702	0.00365129	0.012933	155	0	155	155	
8	8.25	1	5	1	3	63	9765	62	9610	0.00796582	0.00292581	0.0032162	0.0128765	155	0	155	155	
8	8.25	1	6	12	3	59	9145	59	9145	0.00801458	0.00300803	0.00311629	0.012961	155	0	155	155	
8	8.25	1	7	10	3	66	10230	64	9920	0.00817544	0.00303977	0.00323497	0.0135348	155	0	155	155	
8	8.25	1	8	2	3	62	9610	62	9610	0.00770824	0.0028252	0.00319071	0.01296	155	0	155	155	
8	8.25	1	9	9	3	62	9610	63	9765	0.00810616	0.00292679	0.00324237	0.0129441	155	0	155	155	
8	8.25	1	10	4	3	62	9610	62	9610	0.00799824	0.00290907	0.00314298	0.0126816	155	0	155	155	
8.25	8.5	1	1	3	4	65	10075	63	9765	0.00833216	0.0029983	0.00309601	0.0129966	155	0	155	155	
8.25	8.5	1	2	15	3	65	10075	65	10075	0.00780302	0.00281842	0.00311394	0.0127905	155	0	155	155	
8.25	8.5	1	3	16	3	60	9300	60	9300	0.0079744	0.0028783	0.00314926	0.0129689	155	0	155	155	
8.25	8.5	1	4	11	3	64	9920	63	9765	0.00784005	0.00292193	0.00307491	0.0128664	155	0	155	155	
8.25	8.5	1	5	1	3	64	9920	65	10075	0.00786313	0.00284162	0.00313771	0.0126456	155	0	155	155	
8.25	8.5	1	6	12	3	64	9920	64	9920	0.00785141	0.00294174	0.00320223	0.0129326	155	0	155	155	
8.25	8.5	1	7	10	3	62	9610	63	9765	0.00812402	0.00306361	0.00313459	0.0134105	155	0	155	155	
8.25	8.5	1	8	2	3	61	9455	61	9455	0.00786523	0.00291094	0.00305605	0.0129912	155	0	155	155	
8.25	8.5	1	9	9	3	62	9610	63	9765	0.00811568	0.00294589	0.00306912	0.0128058	155	0	155	155	
8.25	8.5	1	10	4	3	66	10230	65	10075	0.00790188	0.00273377	0.00337117	0.0124984	155	0	155	155	
8.5	8.75	1	1	3	4	63	9765	64	9920	0.00753548	0.0030525	0.0030324	0.0129903	155	0	155	155	
8.5	8.75	1	2	15	3	61	9455	62	9610	0.00815572	0.00299168	0.00305488	0.0137101	155	0	155	155	
8.5	8.75	1	3	16	3	61	9455	62	9610	0.00785702	0.00301262	0.00302786	0.0127545	155	0	155	155	
8.5	8.75	1	4	11	3	62	9610	64	9920	0.00806476	0.00283535	0.00328222	0.012977	155	0	155	155	
8.5	8.75	1	5	1	3	62	9610	62	9610	0.00739802	0.00276286	0.00305155	0.0129507	155	0	155	155	
8.5	8.75	1	6	12	3	59	9145	60	9300	0.00784583	0.00297967	0.00311235	0.0129495	155	0	155	155	
8.5	8.75	1	7	10	3	59	9145	58	8990	0.00799518	0.00299891	0.00316233	0.0129859	155	0	155	155	
8.5	8.75	1	8	2	3	60	9300	59	9145	0.00750534	0.00300297	0.00303185	0.0127859	155	0	155	155	
8.5	8.75	1	9	9	3	63	9765	62	9610	0.00794355	0.00301382	0.00301019	0.0129852	155	0	155	155	
8.5	8.75	1	10	4	3	58	8990	58	8990	0.00784238	0.0028995	0.00310613	0.0129293	155	0	155	155	
8.75	9	1	1	3	4	63	9765	62	9610	0.00780389	0.00281876	0.00308322	0.0126161	155	0	155	155	
8.75	9	1	2	15	3	59	9145	58	8990	0.00792526	0.00284296	0.00322066	0.0128541	155	0	155	155	
8.75	9	1	3	16	3	62	9610	60	9300	0.00809901	0.00290111	0.00302837	0.0129287	155	0	155	155	
8.75	9	1	4	11	3	63	9765	63	9765	0.00771743	0.0029045	0.00338819	0.0127704	155	0	155	155	
8.75	9	1	5	1	3	65	10075	64	9920	0.00830507	0.0029258	0.00309535	0.0129873	155	0	155	155	
8.75	9	1	6	12	3	63	9765	61	9455	0.00831731	0.00294851	0.0033924	0.012919	155	0	155	155	
8.75	9	1	7	10	3	63	9765	64	9920	0.00849828	0.00297404	0.00300306	0.0128858	155	0	155	155	
8.75	9	1	8	2	3	59	9145	59	9145	0.00773589	0.00285437	0.00328971	0.0129317	155	0	155	155	
8.75	9	1	9	9	3	60	9300	60	9300	0.00749779	0.00285465	0.00317071	0.0129933	155	0	155	155	
8.75	9	1	10	4	3	59	9145	59	9145	0.00794389	0.0029041	0.00300728	0.0129393	155	0	155	155	
9	9.25	1	1	3	4	58	8990	59	9145	0.00792312	0.00279542	0.00305652	0.0123058	155	0	155	155	
9	9.25	1	2	15	3	61	9455	63	9765	0.00828078	0.00290733	0.00333392	0.0129961	155	0	155	155	
9	9.25	1	3	16	3	61	9455	62	9610	0.0080835	0.00285945	0.00302006	0.012934	155	0	155	155	
9	9.25	1	4	11	3	63	9765	64	9920	0.0079281	0.00285064	0.00327424	0.0129993	155	0	155	155	
9	9.25	1	5	1	3	61	9455	62	9610	0.00781494	0.00279833	0.00321007	0.0129806	155	0	155	155	
9	9.25	1	6	12	3	62	9610	64	9920	0.0080772	0.00288678	0.0031651	0.012813	155	0	155	155	
9	9.25	1	7	10	3	55	8525	54	8370	0.008559	0.00306345	0.0030819	0.0130366	155	0	155	155	
9	9.25	1	8	2	3	54	8370	55	8525	0.00839683	0.00297108	0.00312232	0.0129783	155	0	155	155	
9	9.25	1	9	9	3	63	9765	62	9610	0.00823439	0.00296611	0.00302006	0.0129605	155	0	155	155	
9	9.25	1	10	4	3	61	9455	61	9455	0.00788016	0.00291308	0.00330119	0.0129212	155	0	155	155	
9.25	9.5	1	1	3	4	64	9920	63	9765	0.00781196	0.00291708	0.00317446	0.0129937	155	0	155	155	
9.25	9.5	1	2	15	3	57	8835	58	8990	0.008371	0.00300778	0.00300918	0.0129763	155	0	155	155	
9.25	9.5	1	3	16	3	62	9610	63	9765	0.00801737	0.00292642	0.00312536	0.0128463	155	0	155	155	
9.25	9.5	1	4	11	3	64	9920	64	9920	0.00837396	0.00293397	0.00318198	0.0129697	155	0	155	155	
9.25	9.5	1	5	1	3	68	10540	66	10230	0.00774553	0.00284828	0.00314259	0.0129541	155	0	155	155	
9.25	9.5	1	6	12	3	63	9765	62	9610	0.0078444	0.00295943	0.00310555	0.0127079	155	0	155	155	
9.25	9.5	1	7	10	3	66	10230	67	10385	0.00802571	0.00302434	0.00311321	0.0134311	155	0	155	155	
9.25	9.5	1	8	2	3	65	10075	65	10075	0.00816975	0.00297706	0.00315602	0.0129169	155	0	155	155	
9.25	9.5	1	9	9	3	64	9920	65	10075	0.00783008	0.00286864	0.00317212	0.0128425	155	0	155	155	
9.25	9.5	1	10	4	3	64	9920	64	9920	0.00800051	0.00290418	0.0031824	0.0129967	155	0	155	155	
9.5	9.75	1	1	3	4	61	9455	62	9610	0.00801078	0.00292979	0.00307071	0.0128892	155	0	155	155	
9.5	9.75	1	2	15	3	67	10385	65	10075	0.00811677	0.00286737	0.00330978	0.0128471	155	0	155	155	
9.5	9.75	1	3	16	3	66	10230	67	10385	0.00765287	0.00283576	0.00330785	0.0127567	155	0	155	155	
9.5	9.75	1	4	11	3	65	10075	63	9765	0.00817295	0.00286961	0.00300985	0.0129567	155	0	155	155	
9.5	9.75	1	5	1	3	67	10385	67	10385	0.00831171	0.00282776	0.00332616	0.0129828	155	0	155	155	
9.5	9.75	1	6	12	3	64	9920	64	9920	0.00786671	0.0027709	0.00310237	0.012981	155	0	155	155	
9.5	9.75	1	7	10	3	61	9455	61	9455	0.00836134	0.00295799	0.00343574	0.013043	155	0	155	155	
9.5	9.75	1	8	2	3	62	9610	61	9455	0.00756921	0.00281077	0.00307525	0.0123471	155	0	155	155	
9.5	9.75	1	9	9	3	64	9920	64	9920	0.00737075	0.00290703	0.00301801	0.012941	155	0	155	155	
9.5	9.75	1	10	4	3	61	9455	61	9455	0.00817759	0.0029353	0.00322009	0.0129625	155	0	155	155	
9.75	10	1	1	3	4	63	9765	62	9610	0.00794359	0.0028381	0.00301171	0.0129985	155	0	155	155	
9.75	10	1	2	15	3	69	10695	71	11005	0.00820903	0.00296669	0.00313953	0.012987	155	0	155	155	
9.75	10	1	3	16	3	60	9300	60	9300	0.00766534	0.00289373	0.00326637	0.0129041	155	0	155	155	
9.75	10	1	4	11	3	64	9920	64	9920	0.00768362	0.00281439	0.00307334	0.0127807	155	0	155	155	
9.75	10	1	5	1	3	63	9765	64	9920	0.0081581	0.0028242	0.00321985	0.0128649	155	0	155	155	
9.75	10	1	6	12	3	65	10075	63	9765	0.00800493	0.00288743	0.00344432	0.0129716	155	0	155	155	
9.75	10	1	7	10	3	67	10385	68	10540	0.00766153	0.00297812	0.00301706	0.0132375	155	0	155	155	
9.75	10	1	8	2	3	59	9145	59	9145	0.00760838	0.00281799	0.0033058	0.0127487	155	0	155	155	
9.75	10	1	9	9	3	59	9145	59	9145	0.00801678	0.00285179	0.00312515	0.0127321	155	0	155	155	
9.75	10	1	10	4	3	61	9455	61	9455	0.00785186	0.00293523	0.00307671	0.012657	155	0	155	155	
10	10.25	1	1	3	4	64	9920	66	10230	0.00828782	0.00291394	0.00308419	0.0128147	155	0	155	155	
10	10.25	1	2	15	3	64	9920	63	9765	0.0080577	0.00292156	0.00322712	0.0128903	155	0	155	155	
10	10.25	1	3	16	3	55	8525	55	8525	0.0078419	0.00298383	0.00321688	0.0129737	155	0	155	155	
10	10.25	1	4	11	3	57	8835	58	8990	0.00823994	0.00280234	0.00313057	0.0123844	155	0	155	155	
10	10.25	1	5	1	3	63	9765	63	9765	0.00786879	0.00280532	0.00325284	0.0122069	155	0	155	155	
10	10.25	1	6	12	3	61	9455	63	9765	0.00844546	0.00301011	0.00306193	0.0129616	155	0	155	155	
10	10.25	1	7	10	3	65	10075	64	9920	0.00769329	0.00303094	0.00312819	0.0128794	155	0	155	155	
10	10.25	1	8	2	3	64	9920	64	9920	0.00837858	0.00272365	0.0036494	0.0129553	155	0	155	155	
10	10.25	1	9	9	3	64	9920	63	9765	0.00814573	0.00292795	0.00325635	0.0128358	155	0	155	155	
10	10.25	1	10	4	3	65	10075	66	10230	0.00805543	0.00281868	0.00306481	0.0128444	155	0	155	155	
10.25	10.5	1	1	3	4	60	9300	58	8990	0.00811657	0.00310382	0.00309918	0.0129953	155	0	155	155	
10.25	10.5	1	2	15	3	66	10230	66	10230	0.00812251	0.00288976	0.00321862	0.0129449	155	0	155	155	
10.25	10.5	1	3	16	3	64	9920	64	9920	0.0077539	0.00285791	0.00305541	0.0129167	155	0	155	155	
10.25	10.5	1	4	11	3	67	10385	67	10385	0.0081119	0.00289271	0.00322162	0.0125561	155	0	155	155	
10.25	10.5	1	5	1	3	65	10075	64	9920	0.00795977	0.00284061	0.00364834	0.0127856	155	0	155	155	
10.25	10.5	1	6	12	3	62	9610	61	9455	0.00748335	0.00293281	0.0030981	0.0124836	155	0	155	155	
10.25	10.5	1	7	10	3	62	9610	62	9610	0.00773174	0.00298351	0.00300233	0.0139006	155	0	155	155	
10.25	10.5	1	8	2	3	59	9145	59	9145	0.00824081	0.00286642	0.00306749	0.0127053	155	0	155	155	
10.25	10.5	1	9	9	3	59	9145	59	9145	0.00796196	0.00303277	0.00306085	0.01286	155	0	155	155	
10.25	10.5	1	10	4	3	61	9455	62	9610	0.00789417	0.00296309	0.0033295	0.0129453	155	0	155	155	
10.5	10.75	1	1	3	4	60	9300	62	9610	0.00851321	0.00283275	0.00361225	0.0129344	155	0	155	155	
10.5	10.75	1	2	15	3	59	9145	58	8990	0.00783766	0.00295013	0.00301328	0.0129815	155	0	155	155	
10.5	10.75	1	3	16	3	61	9455	61	9455	0.00797479	0.00293901	0.00307384	0.0128619	155	0	155	155	
10.5	10.75	1	4	11	3	59	9145	58	8990	0.00796038	0.00280081	0.00336293	0.0127146	155	0	155	155	
10.5	10.75	1	5	1	3	65	10075	65	10075	0.00789222	0.00293189	0.00309085	0.0129027	155	0	155	155	
10.5	10.75	1	6	12	3	60	9300	58	8990	0.00794996	0.00296159	0.00311442	0.0129738	155	0	155	155	
10.5	10.75	1	7	10	3	60	9300	60	9300	0.00784725	0.00296493	0.00308834	0.0132109	155	0	155	155	
10.5	10.75	1	8	2	3	56	8680	55	8525	0.00796451	0.00299749	0.00300406	0.0128634	155	0	155	155	
10.5	10.75	1	9	9	3	63	9765	63	9765	0.00832019	0.00281834	0.00316377	0.012919	155	0	155	155	
10.5	10.75	1	10	4	3	67	10385	67	10385	0.00778244	0.00292669	0.00300297	0.0127859	155	0	155	155	
10.75	11	1	1	3	4	61	9455	62	9610	0.00787011	0.0029442	0.00318963	0.0126722	155	0	155	155	
10.75	11	1	2	15	3	60	9300	61	9455	0.00792418	0.00276211	0.00306593	0.0123089	155	0	155	155	
10.75	11	1	3	16	3	64	9920	63	9765	0.00851047	0.00288412	0.00313955	0.0129333	155	0	155	155	
10.75	11	1	4	11	3	61	9455	62	9610	0.00817135	0.00285449	0.00331433	0.0128337	155	0	155	155	
10.75	11	1	5	1	3	65	10075	65	10075	0.00798697	0.00295981	0.00335126	0.0128149	155	0	155	155	
10.75	11	1	6	12	3	64	9920	66	10230	0.00780087	0.00287475	0.00331232	0.0129844	155	0	155	155	
10.75	11	1	7	10	3	65	10075	65	10075	0.00779628	0.00292773	0.00304062	0.012943	155	0	155	155	
10.75	11	1	8	2	3	63	9765	63	9765	0.00815471	0.00274387	0.00306067	0.0129626	155	0	155	155	
10.75	11	1	9	9	3	62	9610	62	9610	0.00796542	0.00292761	0.00320368	0.0128748	155	0	155	155	
10.75	11	1	10	4	3	57	8835	56	8680	0.00786916	0.00295124	0.00309469	0.01288	155	0	155	155	
11	11.25	1	1	3	4	67	10385	66	10230	0.00784405	0.00279963	0.00301575	0.0129546	155	0	155	155	
11	11.25	1	2	15	3	63	9765	62	9610	0.00783086	0.00296158	0.00325524	0.0128565	155	0	155	155	
11	11.25	1	3	16	3	63	9765	63	9765	0.00800989	0.00289775	0.00311886	0.0126512	155	0	155	155	
11	11.25	1	4	11	3	57	8835	57	8835	0.00840448	0.00301898	0.00315635	0.0129992	155	0	155	155	
11	11.25	1	5	1	3	64	9920	64	9920	0.00826353	0.00291785	0.00300362	0.0127694	155	0	155	155	
11	11.25	1	6	12	3	64	9920	63	9765	0.00849891	0.00302165	0.00304427	0.0128876	155	0	155	155	
11	11.25	1	7	10	3	64	9920	65	10075	0.00843282	0.00277986	0.00348537	0.0129546	155	0	155	155	
11	11.25	1	8	2	3	64	9920	65	10075	0.00779019	0.00306502	0.00301008	0.0129666	155	0	155	155	
11	11.25	1	9	9	3	58	8990	59	9145	0.00728078	0.0026937	0.00324051	0.0123205	155	0	155	155	
11	11.25	1	10	4	3	66	10230	66	10230	0.00790995	0.00290327	0.00304599	0.0128871	155	0	155	155	
