% time	cellId	IMSI	RNTI	txMode	layer	mcs	size	rv	ndi	correct	ccId
34	1	3	3	0	0	28	2196	0	1	1	0
40	1	1	4	0	0	28	2196	0	1	1	0
42	1	5	2	0	0	28	2196	0	1	1	0
43	1	2	6	0	0	28	2196	0	1	1	0
52	1	5	2	0	0	28	2196	0	1	1	0
58	1	4	1	0	0	28	2196	0	1	1	0
61	1	1	4	0	0	28	2196	0	1	1	0
67	1	3	3	0	0	28	2196	0	1	1	0
70	1	1	4	0	0	28	2196	0	1	1	0
71	1	5	2	0	0	28	2196	0	1	1	0
74	1	2	6	0	0	28	2196	0	1	1	0
82	1	4	1	0	0	28	2196	0	1	1	0
83	1	5	2	0	0	28	2196	0	1	1	0
85	1	3	3	0	0	28	2196	0	1	1	0
86	1	5	2	0	0	28	2196	0	1	1	0
90	1	2	6	0	0	28	2196	0	1	1	0
92	1	1	4	0	0	28	2196	0	1	1	0
96	1	5	2	0	0	28	2196	0	1	1	0
103	1	4	1	0	0	28	2196	0	1	1	0
115	1	4	1	0	0	28	2196	0	1	1	0
117	1	1	4	0	0	28	2196	0	1	1	0
119	1	5	2	0	0	28	2196	0	1	1	0
131	1	5	2	0	0	28	2196	0	1	1	0
136	1	1	4	0	0	26	1836	0	1	1	0
140	1	4	1	0	0	28	2196	0	1	1	0
142	1	2	6	0	0	28	2196	0	1	1	0
144	1	5	2	0	0	28	2196	0	1	1	0
148	1	3	3	0	0	28	2196	0	1	1	0
156	1	4	1	0	0	28	2196	0	1	1	0
159	1	1	4	0	0	28	2196	0	1	1	0
164	1	4	1	0	0	28	2196	0	1	1	0
175	1	5	2	0	0	28	2196	0	1	1	0
176	1	4	1	0	0	28	2196	0	1	1	0
181	1	2	6	0	0	28	2196	0	1	1	0
182	1	1	4	0	0	28	2196	0	1	1	0
183	1	3	3	0	0	28	2196	0	1	1	0
192	1	1	4	0	0	28	2196	0	1	1	0
201	1	2	6	0	0	28	2196	0	1	1	0
203	1	3	3	0	0	28	2196	0	1	1	0
208	1	5	2	0	0	28	2196	0	1	1	0
213	1	3	3	0	0	28	2196	0	1	1	0
219	1	3	3	0	0	28	2196	0	1	1	0
220	1	4	1	0	0	28	2196	0	1	1	0
221	1	1	4	0	0	28	2196	0	1	1	0
223	1	5	2	0	0	28	2196	0	1	1	0
236	1	3	3	0	0	28	2196	0	1	1	0
237	1	2	6	0	0	28	2196	0	1	1	0
244	1	3	3	0	0	28	2196	0	1	1	0
249	1	3	3	0	0	28	2196	0	1	1	0
263	1	5	2	0	0	28	2196	0	1	1	0
267	1	2	6	0	0	28	2196	0	1	1	0
271	1	1	4	0	0	28	2196	0	1	1	0
277	1	4	1	0	0	28	2196	0	1	1	0
287	1	5	2	0	0	28	2196	0	1	1	0
302	1	1	4	0	0	28	2196	0	1	1	0
303	1	3	3	0	0	28	2196	0	1	1	0
304	1	5	2	0	0	28	2196	0	1	1	0
311	1	4	1	0	0	28	2196	0	1	1	0
317	1	1	4	0	0	28	2196	0	1	1	0
318	1	2	6	0	0	28	2196	0	1	1	0
319	1	5	2	0	0	28	2196	0	1	1	0
321	1	3	3	0	0	28	2196	0	1	1	0
327	1	2	6	0	0	28	2196	0	1	1	0
330	1	1	4	0	0	28	2196	0	1	1	0
341	1	5	2	0	0	28	2196	0	1	1	0
344	1	2	6	0	0	28	2196	0	1	1	0
348	1	3	3	0	0	28	2196	0	1	1	0
352	1	5	2	0	0	28	2196	0	1	1	0
356	1	3	3	0	0	28	2196	0	1	1	0
358	1	4	1	0	0	28	2196	0	1	1	0
374	1	5	2	0	0	26	1836	0	1	1	0
375	1	1	4	0	0	28	2196	0	1	1	0
378	1	2	6	0	0	28	2196	0	1	1	0
384	1	3	3	0	0	28	2196	0	1	1	0
387	1	5	2	0	0	26	1836	0	1	1	0
395	1	4	1	0	0	28	2196	0	1	1	0
397	1	2	6	0	0	28	2196	0	1	1	0
399	1	1	4	0	0	28	2196	0	1	1	0
406	1	5	2	0	0	28	2196	0	1	1	0
407	1	1	4	0	0	28	2196	0	1	1	0
413	1	2	6	0	0	28	2196	0	1	1	0
417	1	3	3	0	0	28	2196	0	1	1	0
419	1	4	1	0	0	28	2196	0	1	1	0
423	1	3	3	0	0	28	2196	0	1	1	0
424	1	2	6	0	0	24	1620	0	1	1	0
429	1	1	4	0	0	28	2196	0	1	1	0
431	1	4	1	0	0	28	2196	0	1	1	0
433	1	5	2	0	0	28	2196	0	1	1	0
435	1	1	4	0	0	28	2196	0	1	1	0
440	1	2	6	0	0	28	2196	0	1	1	0
444	1	4	1	0	0	28	2196	0	1	1	0
451	1	2	6	0	0	28	2196	0	1	1	0
460	1	3	3	0	0	28	2196	0	1	1	0
465	1	1	4	0	0	28	2196	0	1	1	0
471	1	3	3	0	0	28	2196	0	1	1	0
479	1	5	2	0	0	28	2196	0	1	1	0
480	1	3	3	0	0	28	2196	0	1	1	0
485	1	4	1	0	0	28	2196	0	1	1	0
487	1	2	6	0	0	28	2196	0	1	1	0
489	1	1	4	0	0	28	2196	0	1	1	0
493	1	5	2	0	0	28	2196	0	1	1	0
499	1	4	1	0	0	28	2196	0	1	1	0
502	1	1	4	0	0	28	2196	0	1	1	0
518	1	2	6	0	0	28	2196	0	1	1	0
520	1	5	2	0	0	28	2196	0	1	1	0
523	1	4	1	0	0	28	2196	0	1	1	0
532	1	1	4	0	0	28	2196	0	1	1	0
536	1	3	3	0	0	28	2196	0	1	1	0
539	1	5	2	0	0	28	2196	0	1	1	0
543	1	3	3	0	0	28	2196	0	1	1	0
548	1	4	1	0	0	28	2196	0	1	1	0
550	1	2	6	0	0	28	2196	0	1	1	0
562	1	2	6	0	0	28	2196	0	1	1	0
563	1	4	1	0	0	28	2196	0	1	1	0
567	1	5	2	0	0	28	2196	0	1	1	0
575	1	5	2	0	0	28	2196	0	1	1	0
576	1	3	3	0	0	28	2196	0	1	1	0
581	1	1	4	0	0	28	2196	0	1	1	0
592	1	4	1	0	0	28	2196	0	1	1	0
596	1	1	4	0	0	28	2196	0	1	1	0
599	1	2	6	0	0	28	2196	0	1	1	0
602	1	3	3	0	0	28	2196	0	1	1	0
607	1	5	2	0	0	24	1620	0	1	1	0
610	1	3	3	0	0	28	2196	0	1	1	0
615	1	4	1	0	0	28	2196	0	1	1	0
618	1	2	6	0	0	28	2196	0	1	1	0
619	1	3	3	0	0	28	185	0	1	1	0
619	1	5	2	0	0	28	2052	0	1	1	0
628	1	3	3	0	0	28	2196	0	1	1	0
632	1	4	1	0	0	28	2196	0	1	1	0
636	1	2	6	0	0	28	2196	0	1	1	0
640	1	5	2	0	0	28	2196	0	1	1	0
641	1	1	4	0	0	28	2196	0	1	1	0
644	1	1	4	0	0	28	2196	0	1	1	0
646	1	3	3	0	0	28	2196	0	1	1	0
654	1	1	4	0	0	28	2196	0	1	1	0
658	1	5	2	0	0	24	1620	0	1	1	0
660	1	2	6	0	0	28	2196	0	1	1	0
666	1	1	4	0	0	28	2196	0	1	1	0
671	1	5	2	0	0	24	1620	0	1	1	0
679	1	4	1	0	0	28	2196	0	1	1	0
681	1	2	6	0	0	28	2196	0	1	1	0
686	1	3	3	0	0	28	2196	0	1	1	0
691	1	4	1	0	0	28	2196	0	1	1	0
692	1	1	4	0	0	28	2196	0	1	1	0
704	1	2	6	0	0	28	2196	0	1	1	0
708	1	5	2	0	0	22	1383	0	1	1	0
709	1	3	3	0	0	28	2196	0	1	1	0
711	1	3	3	0	0	28	2196	0	1	1	0
715	1	5	2	0	0	14	775	0	1	1	0
716	1	4	1	0	0	28	2196	0	1	1	0
717	1	2	6	0	0	28	2196	0	1	1	0
723	1	1	4	0	0	28	2196	0	1	1	0
727	1	2	6	0	0	28	2196	0	1	1	0
731	1	3	3	0	0	28	2196	0	1	1	0
732	1	5	2	0	0	22	1383	0	1	1	0
740	1	3	3	0	0	28	2196	0	1	1	0
741	1	4	1	0	0	28	2196	0	1	1	0
750	1	2	6	0	0	28	2196	0	1	1	0
755	1	5	2	0	0	24	1620	0	1	1	0
759	1	1	4	0	0	28	2196	0	1	1	0
760	1	3	3	0	0	28	2196	0	1	1	0
761	1	2	6	0	0	28	2196	0	1	1	0
767	1	4	1	0	0	28	2196	0	1	1	0
768	1	1	4	0	0	28	2196	0	1	1	0
770	1	5	2	0	0	26	1836	0	1	1	0
779	1	5	2	0	0	28	2196	0	1	1	0
781	1	1	4	0	0	28	2196	0	1	1	0
783	1	4	1	0	0	28	2196	0	1	1	0
785	1	2	6	0	0	28	2196	0	1	1	0
787	1	3	3	0	0	28	2196	0	1	1	0
792	1	5	2	0	0	28	2196	0	1	1	0
795	1	4	1	0	0	26	1836	0	1	1	0
799	1	3	3	0	0	28	2196	0	1	1	0
800	1	1	4	0	0	28	2196	0	1	1	0
805	1	5	2	0	0	28	2196	0	1	1	0
815	1	2	6	0	0	28	2196	0	1	1	0
816	1	3	3	0	0	28	2196	0	1	1	0
818	1	4	1	0	0	28	2196	0	1	1	0
820	1	5	2	0	0	20	1191	0	1	1	0
837	1	4	1	0	0	28	2196	0	1	1	0
854	1	1	4	0	0	28	2196	0	1	1	0
856	1	5	2	0	0	28	2196	0	1	1	0
858	1	3	3	0	0	28	2196	0	1	1	0
861	1	2	6	0	0	28	2196	0	1	1	0
862	1	4	1	0	0	28	2196	0	1	1	0
868	1	3	3	0	0	28	2196	0	1	1	0
882	1	5	2	0	0	28	2196	0	1	1	0
889	1	2	6	0	0	28	2196	0	1	1	0
898	1	1	4	0	0	28	2196	0	1	1	0
899	1	2	6	0	0	22	1383	0	1	1	0
906	1	2	6	0	0	28	2196	0	1	1	0
916	1	5	2	0	0	28	2196	0	1	1	0
917	1	3	3	0	0	28	2196	0	1	1	0
921	1	4	1	0	0	28	2196	0	1	1	0
927	1	5	2	0	0	28	2196	0	1	1	0
932	1	3	3	0	0	28	2196	0	1	1	0
933	1	1	4	0	0	28	2196	0	1	1	0
945	1	2	6	0	0	28	2196	0	1	1	0
947	1	3	3	0	0	28	2196	0	1	1	0
955	1	1	4	0	0	28	2196	0	1	1	0
958	1	5	2	0	0	28	2196	0	1	1	0
959	1	4	1	0	0	28	2196	0	1	1	0
965	1	2	6	0	0	28	2196	0	1	1	0
974	1	3	3	0	0	28	2196	0	1	1	0
986	1	1	4	0	0	28	2196	0	1	1	0
988	1	4	1	0	0	28	2196	0	1	1	0
989	1	5	2	0	0	28	2196	0	1	1	0
997	1	2	6	0	0	28	2196	0	1	1	0
1004	1	3	3	0	0	28	2196	0	1	1	0
1011	1	4	1	0	0	28	2196	0	1	1	0
1013	1	5	2	0	0	28	2196	0	1	1	0
1014	1	2	6	0	0	28	2196	0	1	1	0
1016	1	4	1	0	0	28	2196	0	1	1	0
1020	1	2	6	0	0	28	2196	0	1	1	0
1021	1	1	4	0	0	28	2196	0	1	1	0
1024	1	3	3	0	0	28	2196	0	1	1	0
1033	1	1	4	0	0	28	2196	0	1	1	0
1034	1	3	3	0	0	28	2196	0	1	1	0
1039	1	2	6	0	0	28	2196	0	1	1	0
1044	1	4	1	0	0	24	1620	0	1	1	0
1048	1	4	1	0	0	28	2196	0	1	1	0
1050	1	5	2	0	0	28	2196	0	1	1	0
1053	1	2	6	0	0	24	1620	0	1	1	0
1058	1	4	1	0	0	28	2196	0	1	1	0
1059	1	3	3	0	0	28	2196	0	1	1	0
1060	1	2	6	0	0	28	2196	0	1	1	0
1064	1	1	4	0	0	28	2196	0	1	1	0
1068	1	4	1	0	0	28	2196	0	1	1	0
1079	1	5	2	0	0	28	2196	0	1	1	0
1095	1	4	1	0	0	28	2196	0	1	1	0
1099	1	5	2	0	0	28	2196	0	1	1	0
1103	1	2	6	0	0	28	2196	0	1	1	0
1105	1	3	3	0	0	28	2196	0	1	1	0
1106	1	1	4	0	0	28	2196	0	1	1	0
1112	1	5	2	0	0	28	2196	0	1	1	0
1113	1	3	3	0	0	28	2196	0	1	1	0
1114	1	2	6	0	0	28	2196	0	1	1	0
1115	1	1	4	0	0	28	2196	0	1	1	0
1116	1	4	1	0	0	28	2196	0	1	1	0
1124	1	1	4	0	0	28	2196	0	1	1	0
1132	1	5	2	0	0	28	2196	0	1	1	0
1134	1	3	3	0	0	28	2196	0	1	1	0
1142	1	5	2	0	0	22	1383	0	1	1	0
1146	1	1	4	0	0	28	2196	0	1	1	0
1148	1	2	6	0	0	28	2196	0	1	1	0
1149	1	5	2	0	0	28	2196	0	1	1	0
1153	1	4	1	0	0	28	2196	0	1	1	0
1154	1	3	3	0	0	28	2196	0	1	1	0
1159	1	5	2	0	0	26	1836	0	1	1	0
1166	1	5	2	0	0	26	1836	0	1	1	0
1168	1	4	1	0	0	28	2196	0	1	1	0
1171	1	5	2	0	0	26	1836	0	1	1	0
1174	1	3	3	0	0	28	2196	0	1	1	0
1187	1	4	1	0	0	28	2196	0	1	1	0
1193	1	4	1	0	0	28	2196	0	1	1	0
1195	1	2	6	0	0	28	2196	0	1	1	0
1206	1	1	4	0	0	28	2196	0	1	1	0
1210	1	5	2	0	0	26	1836	0	1	1	0
1215	1	2	6	0	0	28	2196	0	1	1	0
1217	1	4	1	0	0	28	2196	0	1	1	0
1223	1	3	3	0	0	28	2196	0	1	1	0
1226	1	1	4	0	0	28	2196	0	1	1	0
1229	1	2	6	0	0	28	2196	0	1	1	0
1230	1	3	3	0	0	28	2196	0	1	1	0
1239	1	5	2	0	0	28	2196	0	1	1	0
1243	1	1	4	0	0	28	2196	0	1	1	0
1249	1	1	4	0	0	28	2196	0	1	1	0
1252	1	3	3	0	0	28	2196	0	1	1	0
1260	1	5	2	0	0	22	1383	0	1	1	0
1261	1	2	6	0	0	28	2196	0	1	1	0
1266	1	3	3	0	0	28	2196	0	1	1	0
1271	1	5	2	0	0	26	1836	0	1	1	0
1272	1	4	1	0	0	28	2196	0	1	1	0
1279	1	4	1	0	0	28	2196	0	1	1	0
1282	1	5	2	0	0	28	2196	0	1	1	0
1283	1	1	4	0	0	28	2196	0	1	1	0
1285	1	4	1	0	0	28	2196	0	1	1	0
1296	1	3	3	0	0	28	2196	0	1	1	0
1310	1	2	6	0	0	28	2196	0	1	1	0
1311	1	3	3	0	0	28	2196	0	1	1	0
1313	1	1	4	0	0	28	2196	0	1	1	0
1317	1	3	3	0	0	28	2196	0	1	1	0
1320	1	2	6	0	0	28	2196	0	1	1	0
1321	1	4	1	0	0	28	2196	0	1	1	0
1326	1	5	2	0	0	28	2196	0	1	1	0
1332	1	1	4	0	0	28	2196	0	1	1	0
1333	1	4	1	0	0	28	2196	0	1	1	0
1334	1	2	6	0	0	22	1383	0	1	1	0
1346	1	2	6	0	0	28	2196	0	1	1	0
1348	1	1	4	0	0	28	2196	0	1	1	0
1354	1	4	1	0	0	28	2196	0	1	1	0
1357	1	4	1	0	0	28	2196	0	1	1	0
1358	1	5	2	0	0	28	2196	0	1	1	0
1365	1	2	6	0	0	28	2196	0	1	1	0
1366	1	1	4	0	0	28	2196	0	1	1	0
1369	1	5	2	0	0	28	2196	0	1	1	0
1373	1	1	4	0	0	28	2196	0	1	1	0
1374	1	4	1	0	0	28	2196	0	1	1	0
1378	1	2	6	0	0	28	2196	0	1	1	0
1383	1	1	4	0	0	28	2196	0	1	1	0
1387	1	3	3	0	0	28	2196	0	1	1	0
1400	1	2	6	0	0	28	2196	0	1	1	0
1406	1	3	3	0	0	28	2196	0	1	1	0
1407	1	1	4	0	0	28	2196	0	1	1	0
1418	1	5	2	0	0	28	2196	0	1	1	0
1419	1	3	3	0	0	28	2196	0	1	1	0
1420	1	2	6	0	0	28	2196	0	1	1	0
1425	1	3	3	0	0	28	2196	0	1	1	0
1430	1	1	4	0	0	28	2196	0	1	1	0
1433	1	4	1	0	0	28	2196	0	1	1	0
1436	1	2	6	0	0	28	2196	0	1	1	0
1439	1	5	2	0	0	26	1836	0	1	1	0
1440	1	3	3	0	0	28	2196	0	1	1	0
1450	1	2	6	0	0	28	2196	0	1	1	0
1451	1	3	3	0	0	24	1620	0	1	1	0
1456	1	5	2	0	0	28	2196	0	1	1	0
1457	1	2	6	0	0	28	2196	0	1	1	0
1458	1	3	3	0	0	28	2196	0	1	1	0
1463	1	4	1	0	0	28	2196	0	1	1	0
1468	1	1	4	0	0	28	2196	0	1	1	0
1474	1	5	2	0	0	28	2196	0	1	1	0
1481	1	5	2	0	0	28	2196	0	1	1	0
1500	1	4	1	0	0	28	2196	0	1	1	0
1501	1	5	2	0	0	28	2196	0	1	1	0
1503	1	2	6	0	0	28	2196	0	1	1	0
1508	1	2	6	0	0	28	2196	0	1	1	0
1510	1	1	4	0	0	28	2196	0	1	1	0
1514	1	4	1	0	0	28	2196	0	1	1	0
1515	1	5	2	0	0	28	2196	0	1	1	0
1516	1	2	6	0	0	28	2196	0	1	1	0
1525	1	1	4	0	0	28	2196	0	1	1	0
1532	1	2	6	0	0	28	2196	0	1	1	0
1534	1	5	2	0	0	26	1836	0	1	1	0
1538	1	4	1	0	0	28	2196	0	1	1	0
1544	1	4	1	0	0	28	2196	0	1	1	0
1549	1	3	3	0	0	28	2196	0	1	1	0
1550	1	1	4	0	0	28	2196	0	1	1	0
1551	1	2	6	0	0	28	2196	0	1	1	0
1552	1	4	1	0	0	28	2196	0	1	1	0
1558	1	5	2	0	0	18	967	0	1	1	0
1559	1	1	4	0	0	28	2196	0	1	1	0
1565	1	2	6	0	0	28	2196	0	1	1	0
1574	1	4	1	0	0	28	2196	0	1	1	0
1588	1	2	6	0	0	28	2196	0	1	1	0
1589	1	5	2	0	0	24	1620	0	1	1	0
1590	1	4	1	0	0	28	2196	0	1	1	0
1595	1	1	4	0	0	28	2196	0	1	1	0
1607	1	4	1	0	0	28	2196	0	1	1	0
1608	1	2	6	0	0	28	2196	0	1	1	0
1610	1	4	1	0	0	28	2196	0	1	1	0
1612	1	3	3	0	0	28	2196	0	1	1	0
1616	1	5	2	0	0	28	2196	0	1	1	0
1617	1	2	6	0	0	28	2196	0	1	1	0
1623	1	5	2	0	0	28	2196	0	1	1	0
1624	1	4	1	0	0	28	2196	0	1	1	0
1625	1	2	6	0	0	28	2196	0	1	1	0
1629	1	3	3	0	0	28	2196	0	1	1	0
1632	1	1	4	0	0	28	2196	0	1	1	0
1633	1	4	1	0	0	28	2196	0	1	1	0
1640	1	3	3	0	0	28	2196	0	1	1	0
1646	1	5	2	0	0	28	2196	0	1	1	0
1647	1	2	6	0	0	28	2196	0	1	1	0
1652	1	1	4	0	0	28	2196	0	1	1	0
1662	1	5	2	0	0	28	2196	0	1	1	0
1666	1	4	1	0	0	28	2196	0	1	1	0
1670	1	1	4	0	0	28	2196	0	1	1	0
1672	1	3	3	0	0	28	2196	0	1	1	0
1674	1	5	2	0	0	28	2196	0	1	1	0
1678	1	4	1	0	0	28	2196	0	1	1	0
1682	1	2	6	0	0	28	2196	0	1	1	0
1683	1	1	4	0	0	28	2196	0	1	1	0
1684	1	3	3	0	0	28	2196	0	1	1	0
1687	1	4	1	0	0	28	2196	0	1	1	0
1695	1	3	3	0	0	28	2196	0	1	1	0
1697	1	1	4	0	0	28	2196	0	1	1	0
1698	1	5	2	0	0	24	1620	0	1	1	0
1708	1	1	4	0	0	28	2196	0	1	1	0
1709	1	5	2	0	0	28	2196	0	1	1	0
1712	1	2	6	0	0	28	2196	0	1	1	0
1714	1	4	1	0	0	28	2196	0	1	1	0
1733	1	2	6	0	0	28	2196	0	1	1	0
1746	1	4	1	0	0	28	2196	0	1	1	0
1747	1	5	2	0	0	28	2196	0	1	1	0
1749	1	1	4	0	0	28	2196	0	1	1	0
1750	1	4	1	0	0	24	1620	0	1	1	0
1756	1	2	6	0	0	28	2196	0	1	1	0
1757	1	3	3	0	0	28	2196	0	1	1	0
1765	1	4	1	0	0	28	2196	0	1	1	0
1770	1	5	2	0	0	28	2196	0	1	1	0
1771	1	2	6	0	0	28	2196	0	1	1	0
1773	1	1	4	0	0	28	2196	0	1	1	0
1779	1	1	4	0	0	28	2196	0	1	1	0
1783	1	1	4	0	0	28	2196	0	1	1	0
1787	1	2	6	0	0	28	2196	0	1	1	0
1789	1	5	2	0	0	28	2196	0	1	1	0
1799	1	4	1	0	0	28	2196	0	1	1	0
1801	1	3	3	0	0	28	2196	0	1	1	0
1806	1	5	2	0	0	28	2196	0	1	1	0
1812	1	4	1	0	0	28	2196	0	1	1	0
1813	1	2	6	0	0	28	2196	0	1	1	0
1814	1	1	4	0	0	28	2196	0	1	1	0
1817	1	3	3	0	0	28	2196	0	1	1	0
1820	1	5	2	0	0	24	1620	0	1	1	0
1838	1	2	6	0	0	28	2196	0	1	1	0
1843	1	4	1	0	0	28	2196	0	1	1	0
1846	1	3	3	0	0	28	2196	0	1	1	0
1847	1	5	2	0	0	28	2196	0	1	1	0
1850	1	2	6	0	0	28	2196	0	1	1	0
1852	1	5	2	0	0	28	2196	0	1	1	0
1858	1	4	1	0	0	28	2196	0	1	1	0
1859	1	1	4	0	0	28	2196	0	1	1	0
1861	1	4	1	0	0	28	2196	0	1	1	0
1862	1	2	6	0	0	28	2196	0	1	1	0
1864	1	5	2	0	0	28	2196	0	1	1	0
1871	1	1	4	0	0	28	2196	0	1	1	0
1872	1	2	6	0	0	28	2196	0	1	1	0
1875	1	4	1	0	0	28	2196	0	1	1	0
1891	1	3	3	0	0	28	2196	0	1	1	0
1897	1	4	1	0	0	28	2196	0	1	1	0
1898	1	2	6	0	0	28	2196	0	1	1	0
1899	1	5	2	0	0	28	2196	0	1	1	0
1912	1	3	3	0	0	28	2196	0	1	1	0
1915	1	1	4	0	0	28	2196	0	1	1	0
1916	1	4	1	0	0	28	373	0	1	1	0
1916	1	5	2	0	0	28	1836	0	1	1	0
1921	1	2	6	0	0	28	2196	0	1	1	0
1922	1	5	2	0	0	20	1191	0	1	1	0
1927	1	1	4	0	0	28	2196	0	1	1	0
1932	1	3	3	0	0	28	2196	0	1	1	0
1943	1	3	3	0	0	28	2196	0	1	1	0
1944	1	4	1	0	0	28	2196	0	1	1	0
1945	1	5	2	0	0	28	2196	0	1	1	0
1962	1	1	4	0	0	28	2196	0	1	1	0
1978	1	5	2	0	0	22	1383	0	1	1	0
1981	1	3	3	0	0	28	2196	0	1	1	0
1993	1	3	3	0	0	28	2196	0	1	1	0
1996	1	2	6	0	0	28	2196	0	1	1	0
2000	1	1	4	0	0	28	2196	0	1	1	0
2001	1	4	1	0	0	28	2196	0	1	1	0
2005	1	4	1	0	0	28	2196	0	1	1	0
2006	1	1	4	0	0	28	2196	0	1	1	0
2014	1	1	4	0	0	28	2196	0	1	1	0
2018	1	4	1	0	0	28	2196	0	1	1	0
2025	1	2	6	0	0	28	2196	0	1	1	0
2026	1	3	3	0	0	28	2196	0	1	1	0
2027	1	4	1	0	0	28	2196	0	1	1	0
2029	1	1	4	0	0	28	2196	0	1	1	0
2039	1	5	2	0	0	28	2196	0	1	1	0
2040	1	1	4	0	0	28	2196	0	1	1	0
2043	1	4	1	0	0	28	2196	0	1	1	0
2052	1	2	6	0	0	28	2196	0	1	1	0
2053	1	4	1	0	0	28	2196	0	1	1	0
2055	1	3	3	0	0	28	2196	0	1	1	0
2062	1	3	3	0	0	28	2196	0	1	1	0
2063	1	1	4	0	0	24	1620	0	1	1	0
2067	1	1	4	0	0	28	2196	0	1	1	0
2068	1	5	2	0	0	28	2196	0	1	1	0
2073	1	2	6	0	0	28	2196	0	1	1	0
2076	1	3	3	0	0	28	2196	0	1	1	0
2079	1	1	4	0	0	28	2196	0	1	1	0
2085	1	4	1	0	0	28	2196	0	1	1	0
2092	1	5	2	0	0	28	2196	0	1	1	0
2102	1	2	6	0	0	28	2196	0	1	1	0
2105	1	4	1	0	0	28	2196	0	1	1	0
2111	1	5	2	0	0	28	2196	0	1	1	0
2112	1	2	6	0	0	28	2196	0	1	1	0
2120	1	1	4	0	0	28	2196	0	1	1	0
2123	1	5	2	0	0	28	2196	0	1	1	0
2128	1	5	2	0	0	28	2196	0	1	1	0
2135	1	4	1	0	0	28	2196	0	1	1	0
2137	1	2	6	0	0	28	2196	0	1	1	0
2141	1	2	6	0	0	28	2196	0	1	1	0
2150	1	5	2	0	0	28	2196	0	1	1	0
2155	1	3	3	0	0	28	2196	0	1	1	0
2156	1	2	6	0	0	28	2196	0	1	1	0
2159	1	5	2	0	0	28	2196	0	1	1	0
2162	1	3	3	0	0	28	2196	0	1	1	0
2163	1	1	4	0	0	28	2196	0	1	1	0
2175	1	1	4	0	0	28	2196	0	1	1	0
2177	1	4	1	0	0	28	2196	0	1	1	0
2182	1	1	4	0	0	28	2196	0	1	1	0
2183	1	5	2	0	0	20	1191	0	1	1	0
2190	1	3	3	0	0	28	2196	0	1	1	0
2198	1	5	2	0	0	28	2196	0	1	1	0
2202	1	4	1	0	0	28	2196	0	1	1	0
2203	1	3	3	0	0	28	2196	0	1	1	0
2213	1	5	2	0	0	28	2196	0	1	1	0
2218	1	2	6	0	0	28	2196	0	1	1	0
2223	1	3	3	0	0	28	2196	0	1	1	0
2224	1	5	2	0	0	28	2196	0	1	1	0
2228	1	1	4	0	0	28	2196	0	1	1	0
2233	1	2	6	0	0	28	2196	0	1	1	0
2240	1	4	1	0	0	28	2196	0	1	1	0
2244	1	3	3	0	0	28	2196	0	1	1	0
2254	1	1	4	0	0	28	2196	0	1	1	0
2255	1	2	6	0	0	28	2196	0	1	1	0
2256	1	4	1	0	0	28	2196	0	1	1	0
2260	1	3	3	0	0	28	2196	0	1	1	0
2269	1	2	6	0	0	28	2196	0	1	1	0
2276	1	3	3	0	0	28	2196	0	1	1	0
2277	1	5	2	0	0	28	2196	0	1	1	0
2278	1	1	4	0	0	28	2196	0	1	1	0
2280	1	2	6	0	0	28	2196	0	1	1	0
2283	1	4	1	0	0	28	2196	0	1	1	0
2284	1	3	3	0	0	28	2196	0	1	1	0
2286	1	5	2	0	0	28	2196	0	1	1	0
2295	1	3	3	0	0	28	2196	0	1	1	0
2301	1	4	1	0	0	28	2196	0	1	1	0
2311	1	1	4	0	0	28	2196	0	1	1	0
2312	1	3	3	0	0	28	185	0	1	1	0
2312	1	5	2	0	0	28	2052	0	1	1	0
2323	1	1	4	0	0	28	2196	0	1	1	0
2328	1	4	1	0	0	28	2196	0	1	1	0
2329	1	2	6	0	0	28	2196	0	1	1	0
2342	1	1	4	0	0	28	2196	0	1	1	0
2343	1	4	1	0	0	28	2196	0	1	1	0
2346	1	2	6	0	0	28	2196	0	1	1	0
2356	1	3	3	0	0	28	2196	0	1	1	0
2357	1	5	2	0	0	28	2196	0	1	1	0
2358	1	1	4	0	0	28	2196	0	1	1	0
2360	1	2	6	0	0	28	2196	0	1	1	0
2368	1	3	3	0	0	28	2196	0	1	1	0
2370	1	1	4	0	0	28	2196	0	1	1	0
2374	1	5	2	0	0	28	2196	0	1	1	0
2379	1	1	4	0	0	28	2196	0	1	1	0
2386	1	3	3	0	0	28	2196	0	1	1	0
2387	1	2	6	0	0	28	2196	0	1	1	0
2389	1	4	1	0	0	28	2196	0	1	1	0
2392	1	5	2	0	0	28	2196	0	1	1	0
2394	1	1	4	0	0	28	2196	0	1	1	0
2400	1	1	4	0	0	28	2196	0	1	1	0
2403	1	4	1	0	0	28	2196	0	1	1	0
2404	1	2	6	0	0	28	2196	0	1	1	0
2407	1	4	1	0	0	28	2196	0	1	1	0
2411	1	3	3	0	0	28	2196	0	1	1	0
2421	1	4	1	0	0	28	2196	0	1	1	0
2422	1	1	4	0	0	28	2196	0	1	1	0
2427	1	5	2	0	0	28	2196	0	1	1	0
2432	1	4	1	0	0	28	2196	0	1	1	0
2451	1	4	1	0	0	28	2196	0	1	1	0
2454	1	3	3	0	0	28	2196	0	1	1	0
2463	1	2	6	0	0	28	2196	0	1	1	0
2464	1	5	2	0	0	28	2196	0	1	1	0
2469	1	4	1	0	0	28	2196	0	1	1	0
2479	1	2	6	0	0	28	2196	0	1	1	0
2481	1	3	3	0	0	28	2196	0	1	1	0
2482	1	1	4	0	0	28	2196	0	1	1	0
2493	1	5	2	0	0	28	2196	0	1	1	0
2494	1	2	6	0	0	28	2196	0	1	1	0
2495	1	3	3	0	0	28	2196	0	1	1	0
2496	1	1	4	0	0	28	2196	0	1	1	0
2500	1	4	1	0	0	28	2196	0	1	1	0
2513	1	2	6	0	0	28	2196	0	1	1	0
2514	1	3	3	0	0	28	2196	0	1	1	0
2516	1	5	2	0	0	28	2196	0	1	1	0
2519	1	4	1	0	0	28	2196	0	1	1	0
2524	1	2	6	0	0	28	2196	0	1	1	0
2525	1	4	1	0	0	28	2196	0	1	1	0
2528	1	3	3	0	0	28	2196	0	1	1	0
2530	1	2	6	0	0	28	2196	0	1	1	0
2532	1	5	2	0	0	28	2196	0	1	1	0
2534	1	1	4	0	0	28	2196	0	1	1	0
2535	1	3	3	0	0	28	2196	0	1	1	0
2542	1	4	1	0	0	28	2196	0	1	1	0
2543	1	1	4	0	0	22	1383	0	1	1	0
2544	1	3	3	0	0	28	2196	0	1	1	0
2551	1	4	1	0	0	28	2196	0	1	1	0
2552	1	3	3	0	0	28	2196	0	1	1	0
2554	1	1	4	0	0	28	2196	0	1	1	0
2555	1	2	6	0	0	28	2196	0	1	1	0
2558	1	1	4	0	0	28	2196	0	1	1	0
2564	1	5	2	0	0	28	2196	0	1	1	0
2567	1	2	6	0	0	28	2196	0	1	1	0
2571	1	4	1	0	0	28	2196	0	1	1	0
2572	1	1	4	0	0	28	2196	0	1	1	0
2578	1	2	6	0	0	28	2196	0	1	1	0
2583	1	1	4	0	0	28	2196	0	1	1	0
2585	1	5	2	0	0	22	1383	0	1	1	0
2591	1	4	1	0	0	28	2196	0	1	1	0
2595	1	4	1	0	0	28	2196	0	1	1	0
2601	1	2	6	0	0	28	2196	0	1	1	0
2605	1	1	4	0	0	28	2196	0	1	1	0
2610	1	4	1	0	0	28	2196	0	1	1	0
2611	1	5	2	0	0	26	1836	0	1	1	0
2615	1	3	3	0	0	28	2196	0	1	1	0
2618	1	1	4	0	0	28	2196	0	1	1	0
2627	1	1	4	0	0	28	2196	0	1	1	0
2629	1	3	3	0	0	28	2196	0	1	1	0
2631	1	2	6	0	0	28	2196	0	1	1	0
2641	1	2	6	0	0	28	2196	0	1	1	0
2653	1	2	6	0	0	28	2196	0	1	1	0
2660	1	5	2	0	0	28	2196	0	1	1	0
2662	1	3	3	0	0	28	2196	0	1	1	0
2663	1	1	4	0	0	28	2196	0	1	1	0
2664	1	4	1	0	0	28	2196	0	1	1	0
2667	1	5	2	0	0	28	2196	0	1	1	0
2668	1	1	4	0	0	28	2196	0	1	1	0
2684	1	4	1	0	0	28	2196	0	1	1	0
2686	1	1	4	0	0	28	2196	0	1	1	0
2688	1	2	6	0	0	28	2196	0	1	1	0
2692	1	4	1	0	0	28	2196	0	1	1	0
2693	1	5	2	0	0	28	2196	0	1	1	0
2695	1	3	3	0	0	28	2196	0	1	1	0
2702	1	3	3	0	0	28	185	0	1	1	0
2702	1	5	2	0	0	28	2052	0	1	1	0
2707	1	2	6	0	0	28	2196	0	1	1	0
2708	1	4	1	0	0	28	2196	0	1	1	0
2709	1	1	4	0	0	28	2196	0	1	1	0
2711	1	4	1	0	0	28	2196	0	1	1	0
2717	1	5	2	0	0	24	1620	0	1	1	0
2722	1	1	4	0	0	28	2196	0	1	1	0
2727	1	2	6	0	0	28	2196	0	1	1	0
2728	1	4	1	0	0	28	2196	0	1	1	0
2731	1	3	3	0	0	28	2196	0	1	1	0
2742	1	4	1	0	0	28	2196	0	1	1	0
2743	1	5	2	0	0	28	2196	0	1	1	0
2750	1	1	4	0	0	28	2196	0	1	1	0
2752	1	4	1	0	0	28	2196	0	1	1	0
2754	1	1	4	0	0	28	2196	0	1	1	0
2760	1	4	1	0	0	28	2196	0	1	1	0
2770	1	2	6	0	0	28	2196	0	1	1	0
2775	1	5	2	0	0	28	2196	0	1	1	0
2776	1	1	4	0	0	28	2196	0	1	1	0
2787	1	2	6	0	0	28	2196	0	1	1	0
2791	1	5	2	0	0	28	2196	0	1	1	0
2795	1	1	4	0	0	28	2196	0	1	1	0
2805	1	1	4	0	0	24	1620	0	1	1	0
2809	1	4	1	0	0	28	2196	0	1	1	0
2812	1	5	2	0	0	26	1836	0	1	1	0
2821	1	1	4	0	0	28	2196	0	1	1	0
2831	1	3	3	0	0	28	2196	0	1	1	0
2832	1	5	2	0	0	28	2196	0	1	1	0
2837	1	4	1	0	0	28	2196	0	1	1	0
2839	1	1	4	0	0	28	2196	0	1	1	0
2844	1	1	4	0	0	28	2196	0	1	1	0
2848	1	5	2	0	0	28	2196	0	1	1	0
2850	1	4	1	0	0	28	2196	0	1	1	0
2859	1	3	3	0	0	28	2196	0	1	1	0
2870	1	3	3	0	0	28	2196	0	1	1	0
2872	1	5	2	0	0	6	309	0	1	1	0
2873	1	1	4	0	0	28	2196	0	1	1	0
2880	1	4	1	0	0	28	2196	0	1	1	0
2882	1	3	3	0	0	28	2196	0	1	1	0
2891	1	1	4	0	0	28	2196	0	1	1	0
2896	1	3	3	0	0	28	2196	0	1	1	0
2905	1	2	6	0	0	28	2196	0	1	1	0
2906	1	4	1	0	0	28	2196	0	1	1	0
2914	1	5	2	0	0	28	2196	0	1	1	0
2920	1	3	3	0	0	28	2196	0	1	1	0
2923	1	4	1	0	0	28	2196	0	1	1	0
2925	1	1	4	0	0	28	2196	0	1	1	0
2929	1	5	2	0	0	28	2196	0	1	1	0
2931	1	4	1	0	0	28	2196	0	1	1	0
2933	1	3	3	0	0	28	2196	0	1	1	0
2934	1	1	4	0	0	28	2196	0	1	1	0
2936	1	2	6	0	0	28	2196	0	1	1	0
2937	1	3	3	0	0	28	2196	0	1	1	0
2952	1	3	3	0	0	28	2196	0	1	1	0
2958	1	2	6	0	0	28	2196	0	1	1	0
2962	1	2	6	0	0	28	2196	0	1	1	0
2976	1	4	1	0	0	28	2196	0	1	1	0
2977	1	5	2	0	0	28	2196	0	1	1	0
2978	1	1	4	0	0	28	2196	0	1	1	0
2981	1	5	2	0	0	28	2196	0	1	1	0
2982	1	3	3	0	0	28	2196	0	1	1	0
2990	1	2	6	0	0	28	2196	0	1	1	0
2991	1	1	4	0	0	28	2196	0	1	1	0
2993	1	5	2	0	0	28	2196	0	1	1	0
2995	1	4	1	0	0	28	2196	0	1	1	0
3005	1	3	3	0	0	28	2196	0	1	1	0
3009	1	4	1	0	0	28	2196	0	1	1	0
3010	1	1	4	0	0	28	2196	0	1	1	0
3014	1	2	6	0	0	28	2196	0	1	1	0
3023	1	2	6	0	0	28	2196	0	1	1	0
3027	1	1	4	0	0	28	2196	0	1	1	0
3032	1	3	3	0	0	28	2196	0	1	1	0
3033	1	4	1	0	0	28	2196	0	1	1	0
3038	1	1	4	0	0	28	2196	0	1	1	0
3039	1	3	3	0	0	28	2196	0	1	1	0
3043	1	1	4	0	0	28	2196	0	1	1	0
3051	1	4	1	0	0	28	2196	0	1	1	0
3061	1	3	3	0	0	28	2196	0	1	1	0
3062	1	4	1	0	0	28	2196	0	1	1	0
3067	1	3	3	0	0	28	2196	0	1	1	0
3073	1	5	2	0	0	28	2196	0	1	1	0
3074	1	2	6	0	0	28	2196	0	1	1	0
3075	1	1	4	0	0	28	2196	0	1	1	0
3082	1	3	3	0	0	28	2196	0	1	1	0
3083	1	1	4	0	0	28	2196	0	1	1	0
3086	1	1	4	0	0	28	2196	0	1	1	0
3090	1	2	6	0	0	28	2196	0	1	1	0
3093	1	4	1	0	0	22	1383	0	1	1	0
3098	1	5	2	0	0	28	2196	0	1	1	0
3099	1	3	3	0	0	28	2196	0	1	1	0
3103	1	2	6	0	0	28	2196	0	1	1	0
3107	1	1	4	0	0	28	2196	0	1	1	0
3114	1	5	2	0	0	24	1620	0	1	1	0
3119	1	2	6	0	0	28	2196	0	1	1	0
3123	1	3	3	0	0	28	2196	0	1	1	0
3130	1	4	1	0	0	28	2196	0	1	1	0
3133	1	5	2	0	0	28	2196	0	1	1	0
3138	1	1	4	0	0	28	2196	0	1	1	0
3145	1	3	3	0	0	28	2196	0	1	1	0
3152	1	5	2	0	0	28	2196	0	1	1	0
3154	1	1	4	0	0	28	2196	0	1	1	0
3156	1	4	1	0	0	28	2196	0	1	1	0
3163	1	5	2	0	0	28	2196	0	1	1	0
3166	1	1	4	0	0	28	2196	0	1	1	0
3169	1	4	1	0	0	28	2196	0	1	1	0
3179	1	2	6	0	0	28	2196	0	1	1	0
3182	1	5	2	0	0	28	2196	0	1	1	0
3184	1	1	4	0	0	28	2196	0	1	1	0
3193	1	4	1	0	0	28	2196	0	1	1	0
3196	1	3	3	0	0	28	2196	0	1	1	0
3202	1	5	2	0	0	28	2196	0	1	1	0
3209	1	3	3	0	0	28	2196	0	1	1	0
3213	1	5	2	0	0	28	2196	0	1	1	0
3225	1	1	4	0	0	28	2196	0	1	1	0
3233	1	5	2	0	0	28	2196	0	1	1	0
3240	1	4	1	0	0	28	2196	0	1	1	0
3243	1	3	3	0	0	28	2196	0	1	1	0
3245	1	2	6	0	0	28	2196	0	1	1	0
3249	1	5	2	0	0	24	1620	0	1	1	0
3250	1	1	4	0	0	28	2196	0	1	1	0
3255	1	4	1	0	0	28	2196	0	1	1	0
3256	1	5	2	0	0	28	2196	0	1	1	0
3261	1	1	4	0	0	28	2196	0	1	1	0
3263	1	3	3	0	0	28	2196	0	1	1	0
3265	1	1	4	0	0	28	2196	0	1	1	0
3271	1	3	3	0	0	28	2196	0	1	1	0
3282	1	4	1	0	0	28	2196	0	1	1	0
3291	1	1	4	0	0	28	2196	0	1	1	0
3293	1	5	2	0	0	24	1620	0	1	1	0
3295	1	1	4	0	0	28	2196	0	1	1	0
3302	1	4	1	0	0	28	2196	0	1	1	0
3306	1	2	6	0	0	28	2196	0	1	1	0
3312	1	2	6	0	0	28	2196	0	1	1	0
3314	1	1	4	0	0	28	2196	0	1	1	0
3325	1	5	2	0	0	28	2196	0	1	1	0
3326	1	2	6	0	0	28	2196	0	1	1	0
3327	1	1	4	0	0	28	2196	0	1	1	0
3333	1	2	6	0	0	28	2196	0	1	1	0
3338	1	5	2	0	0	28	2196	0	1	1	0
3341	1	4	1	0	0	28	2196	0	1	1	0
3342	1	3	3	0	0	28	2196	0	1	1	0
3350	1	4	1	0	0	28	2196	0	1	1	0
3355	1	1	4	0	0	28	2196	0	1	1	0
3362	1	5	2	0	0	26	1836	0	1	1	0
3363	1	3	3	0	0	28	2196	0	1	1	0
3364	1	1	4	0	0	28	2196	0	1	1	0
3365	1	4	1	0	0	28	2196	0	1	1	0
3375	1	2	6	0	0	28	2196	0	1	1	0
3381	1	1	4	0	0	28	2196	0	1	1	0
3382	1	2	6	0	0	28	2196	0	1	1	0
3383	1	5	2	0	0	28	2196	0	1	1	0
3384	1	3	3	0	0	28	2196	0	1	1	0
3385	1	4	1	0	0	28	2196	0	1	1	0
3389	1	5	2	0	0	28	2196	0	1	1	0
3400	1	2	6	0	0	28	2196	0	1	1	0
3401	1	1	4	0	0	28	2196	0	1	1	0
3403	1	2	6	0	0	28	2196	0	1	1	0
3405	1	3	3	0	0	28	2196	0	1	1	0
3407	1	5	2	0	0	28	2196	0	1	1	0
3412	1	1	4	0	0	28	2196	0	1	1	0
3417	1	2	6	0	0	28	2196	0	1	1	0
3426	1	1	4	0	0	28	2196	0	1	1	0
3431	1	2	6	0	0	28	2196	0	1	1	0
3436	1	1	4	0	0	28	2196	0	1	1	0
3439	1	4	1	0	0	28	2196	0	1	1	0
3440	1	2	6	0	0	28	2196	0	1	1	0
3441	1	5	2	0	0	26	1836	0	1	1	0
3447	1	4	1	0	0	28	2196	0	1	1	0
3454	1	1	4	0	0	28	2196	0	1	1	0
3457	1	3	3	0	0	28	2196	0	1	1	0
3466	1	2	6	0	0	28	2196	0	1	1	0
3472	1	4	1	0	0	28	2196	0	1	1	0
3473	1	3	3	0	0	28	2196	0	1	1	0
3474	1	2	6	0	0	28	2196	0	1	1	0
3482	1	1	4	0	0	28	2196	0	1	1	0
3489	1	4	1	0	0	28	2196	0	1	1	0
3492	1	5	2	0	0	28	2196	0	1	1	0
3494	1	2	6	0	0	28	2196	0	1	1	0
3505	1	1	4	0	0	28	2196	0	1	1	0
3506	1	3	3	0	0	28	2196	0	1	1	0
3511	1	4	1	0	0	28	2196	0	1	1	0
3515	1	1	4	0	0	28	2196	0	1	1	0
3518	1	3	3	0	0	28	2196	0	1	1	0
3520	1	5	2	0	0	28	2196	0	1	1	0
3523	1	4	1	0	0	28	2196	0	1	1	0
3529	1	3	3	0	0	28	2196	0	1	1	0
3530	1	2	6	0	0	28	2196	0	1	1	0
3533	1	5	2	0	0	24	1620	0	1	1	0
3534	1	4	1	0	0	28	2196	0	1	1	0
3552	1	3	3	0	0	28	2196	0	1	1	0
3556	1	4	1	0	0	28	2196	0	1	1	0
3557	1	2	6	0	0	28	2196	0	1	1	0
3561	1	5	2	0	0	28	2196	0	1	1	0
3562	1	2	6	0	0	28	2196	0	1	1	0
3573	1	4	1	0	0	28	2196	0	1	1	0
3582	1	3	3	0	0	28	2196	0	1	1	0
3585	1	4	1	0	0	28	2196	0	1	1	0
3586	1	5	2	0	0	28	2196	0	1	1	0
3593	1	4	1	0	0	28	2196	0	1	1	0
3598	1	2	6	0	0	28	2196	0	1	1	0
3605	1	1	4	0	0	28	2196	0	1	1	0
3606	1	3	3	0	0	28	2196	0	1	1	0
3607	1	4	1	0	0	28	2196	0	1	1	0
3612	1	4	1	0	0	28	2196	0	1	1	0
3617	1	2	6	0	0	28	2196	0	1	1	0
3619	1	1	4	0	0	28	2196	0	1	1	0
3625	1	4	1	0	0	28	2196	0	1	1	0
3627	1	1	4	0	0	28	2196	0	1	1	0
3640	1	3	3	0	0	28	2196	0	1	1	0
3643	1	1	4	0	0	28	2196	0	1	1	0
3644	1	4	1	0	0	28	2196	0	1	1	0
3646	1	3	3	0	0	28	2196	0	1	1	0
3647	1	2	6	0	0	28	2196	0	1	1	0
3648	1	1	4	0	0	28	2196	0	1	1	0
3653	1	5	2	0	0	24	1620	0	1	1	0
3657	1	2	6	0	0	28	2196	0	1	1	0
3658	1	3	3	0	0	28	2196	0	1	1	0
3659	1	1	4	0	0	28	2196	0	1	1	0
3665	1	4	1	0	0	28	2196	0	1	1	0
3666	1	2	6	0	0	28	2196	0	1	1	0
3667	1	1	4	0	0	28	2196	0	1	1	0
3668	1	1	4	0	0	28	2196	0	1	1	0
3674	1	5	2	0	0	28	2196	0	1	1	0
3678	1	2	6	0	0	28	2196	0	1	1	0
3685	1	2	6	0	0	28	2196	0	1	1	0
3688	1	5	2	0	0	28	2196	0	1	1	0
3701	1	5	2	0	0	28	2196	0	1	1	0
3702	1	1	4	0	0	28	2196	0	1	1	0
3706	1	4	1	0	0	28	2196	0	1	1	0
3707	1	3	3	0	0	28	2196	0	1	1	0
3708	1	2	6	0	0	28	2196	0	1	1	0
3710	1	1	4	0	0	28	2196	0	1	1	0
3715	1	1	4	0	0	28	2196	0	1	1	0
3723	1	3	3	0	0	28	2196	0	1	1	0
3728	1	5	2	0	0	28	2196	0	1	1	0
3732	1	4	1	0	0	28	2196	0	1	1	0
3733	1	3	3	0	0	28	2196	0	1	1	0
3744	1	4	1	0	0	28	2196	0	1	1	0
3749	1	5	2	0	0	28	2196	0	1	1	0
3752	1	1	4	0	0	28	2196	0	1	1	0
3753	1	3	3	0	0	28	2196	0	1	1	0
3756	1	2	6	0	0	28	2196	0	1	1	0
3759	1	5	2	0	0	28	2196	0	1	1	0
3761	1	3	3	0	0	28	2196	0	1	1	0
3766	1	1	4	0	0	28	2196	0	1	1	0
3767	1	4	1	0	0	28	2196	0	1	1	0
3769	1	3	3	0	0	28	2196	0	1	1	0
3775	1	2	6	0	0	14	775	0	1	1	0
3780	1	5	2	0	0	22	1383	0	1	1	0
3781	1	4	1	0	0	28	2196	0	1	1	0
3788	1	1	4	0	0	28	2196	0	1	1	0
3805	1	3	3	0	0	28	2196	0	1	1	0
3808	1	4	1	0	0	28	2196	0	1	1	0
3816	1	4	1	0	0	28	2196	0	1	1	0
3817	1	5	2	0	0	28	2196	0	1	1	0
3819	1	4	1	0	0	28	2196	0	1	1	0
3822	1	2	6	0	0	28	2196	0	1	1	0
3827	1	4	1	0	0	28	2196	0	1	1	0
3835	1	4	1	0	0	28	2196	0	1	1	0
3848	1	1	4	0	0	28	2196	0	1	1	0
3849	1	4	1	0	0	28	2196	0	1	1	0
3850	1	2	6	0	0	28	2196	0	1	1	0
3861	1	3	3	0	0	28	2196	0	1	1	0
3863	1	5	2	0	0	28	2196	0	1	1	0
3869	1	2	6	0	0	28	2196	0	1	1	0
3882	1	1	4	0	0	24	1620	0	1	1	0
3884	1	5	2	0	0	28	2196	0	1	1	0
3885	1	3	3	0	0	28	2196	0	1	1	0
3892	1	4	1	0	0	28	2196	0	1	1	0
3895	1	1	4	0	0	28	2196	0	1	1	0
3898	1	2	6	0	0	28	2196	0	1	1	0
3899	1	4	1	0	0	28	2196	0	1	1	0
3903	1	5	2	0	0	28	2196	0	1	1	0
3907	1	3	3	0	0	28	2196	0	1	1	0
3915	1	1	4	0	0	28	2196	0	1	1	0
3916	1	5	2	0	0	28	2196	0	1	1	0
3917	1	3	3	0	0	28	2196	0	1	1	0
3926	1	2	6	0	0	28	2196	0	1	1	0
3940	1	4	1	0	0	28	2196	0	1	1	0
3941	1	3	3	0	0	28	2196	0	1	1	0
3945	1	2	6	0	0	28	2196	0	1	1	0
3946	1	3	3	0	0	28	2196	0	1	1	0
3949	1	1	4	0	0	28	2196	0	1	1	0
3963	1	1	4	0	0	28	2196	0	1	1	0
3964	1	4	1	0	0	28	2196	0	1	1	0
3967	1	2	6	0	0	24	1620	0	1	1	0
3970	1	5	2	0	0	24	1620	0	1	1	0
3971	1	3	3	0	0	28	2196	0	1	1	0
3972	1	1	4	0	0	28	2196	0	1	1	0
3976	1	4	1	0	0	28	2196	0	1	1	0
3978	1	3	3	0	0	28	2196	0	1	1	0
3987	1	3	3	0	0	28	2196	0	1	1	0
3990	1	1	4	0	0	28	2196	0	1	1	0
3995	1	4	1	0	0	28	2196	0	1	1	0
4000	1	2	6	0	0	28	2196	0	1	1	0
4003	1	1	4	0	0	28	2196	0	1	1	0
4004	1	3	3	0	0	28	2196	0	1	1	0
4005	1	5	2	0	0	28	2196	0	1	1	0
4007	1	4	1	0	0	28	2196	0	1	1	0
4018	1	2	6	0	0	28	2196	0	1	1	0
4028	1	2	6	0	0	28	2196	0	1	1	0
4039	1	4	1	0	0	28	2196	0	1	1	0
4043	1	2	6	0	0	28	2196	0	1	1	0
4046	1	1	4	0	0	28	2196	0	1	1	0
4048	1	3	3	0	0	28	2196	0	1	1	0
4049	1	5	2	0	0	24	1620	0	1	1	0
4054	1	4	1	0	0	28	2196	0	1	1	0
4055	1	1	4	0	0	28	2196	0	1	1	0
4056	1	3	3	0	0	28	2196	0	1	1	0
4064	1	1	4	0	0	28	2196	0	1	1	0
4066	1	2	6	0	0	28	2196	0	1	1	0
4069	1	4	1	0	0	28	2196	0	1	1	0
4072	1	1	4	0	0	28	2196	0	1	1	0
4076	1	2	6	0	0	28	2196	0	1	1	0
4080	1	2	6	0	0	28	2196	0	1	1	0
4081	1	5	2	0	0	28	2196	0	1	1	0
4085	1	3	3	0	0	28	2196	0	1	1	0
4086	1	4	1	0	0	28	2196	0	1	1	0
4092	1	4	1	0	0	28	2196	0	1	1	0
4095	1	5	2	0	0	28	2196	0	1	1	0
4096	1	3	3	0	0	28	2196	0	1	1	0
4097	1	1	4	0	0	28	2196	0	1	1	0
4107	1	4	1	0	0	28	2196	0	1	1	0
4112	1	2	6	0	0	28	2196	0	1	1	0
4124	1	3	3	0	0	28	2196	0	1	1	0
4129	1	2	6	0	0	28	2196	0	1	1	0
4135	1	1	4	0	0	28	2196	0	1	1	0
4142	1	5	2	0	0	22	1383	0	1	1	0
4152	1	4	1	0	0	28	2196	0	1	1	0
4154	1	1	4	0	0	28	185	0	1	1	0
4154	1	5	2	0	0	28	2052	0	1	1	0
4165	1	5	2	0	0	22	1383	0	1	1	0
4169	1	4	1	0	0	28	2196	0	1	1	0
4170	1	3	3	0	0	28	2196	0	1	1	0
4176	1	2	6	0	0	28	2196	0	1	1	0
4178	1	3	3	0	0	28	2196	0	1	1	0
4193	1	4	1	0	0	28	2196	0	1	1	0
4194	1	1	4	0	0	28	2196	0	1	1	0
4195	1	3	3	0	0	28	2196	0	1	1	0
4203	1	5	2	0	0	24	1620	0	1	1	0
4206	1	1	4	0	0	28	2196	0	1	1	0
4217	1	4	1	0	0	28	2196	0	1	1	0
4220	1	1	4	0	0	28	2196	0	1	1	0
4232	1	3	3	0	0	28	2196	0	1	1	0
4237	1	4	1	0	0	28	2196	0	1	1	0
4239	1	1	4	0	0	28	2196	0	1	1	0
4242	1	1	4	0	0	28	2196	0	1	1	0
4248	1	1	4	0	0	28	2196	0	1	1	0
4249	1	5	2	0	0	28	2196	0	1	1	0
4255	1	5	2	0	0	28	2196	0	1	1	0
4264	1	4	1	0	0	28	2196	0	1	1	0
4265	1	1	4	0	0	28	2196	0	1	1	0
4270	1	4	1	0	0	28	2196	0	1	1	0
4272	1	5	2	0	0	28	2196	0	1	1	0
4273	1	3	3	0	0	28	2196	0	1	1	0
4284	1	2	6	0	0	28	2196	0	1	1	0
4285	1	1	4	0	0	28	2196	0	1	1	0
4289	1	5	2	0	0	28	2196	0	1	1	0
4294	1	3	3	0	0	28	2196	0	1	1	0
4296	1	1	4	0	0	28	2196	0	1	1	0
4301	1	2	6	0	0	28	2196	0	1	1	0
4303	1	4	1	0	0	28	2196	0	1	1	0
4304	1	3	3	0	0	28	2196	0	1	1	0
4309	1	5	2	0	0	28	2196	0	1	1	0
4314	1	2	6	0	0	28	2196	0	1	1	0
4324	1	3	3	0	0	28	2196	0	1	1	0
4327	1	2	6	0	0	28	2196	0	1	1	0
4328	1	4	1	0	0	28	2196	0	1	1	0
4333	1	3	3	0	0	28	2196	0	1	1	0
4334	1	1	4	0	0	22	1383	0	1	1	0
4340	1	4	1	0	0	28	2196	0	1	1	0
4347	1	5	2	0	0	20	1191	0	1	1	0
4348	1	1	4	0	0	28	2196	0	1	1	0
4349	1	3	3	0	0	28	2196	0	1	1	0
4350	1	4	1	0	0	28	2196	0	1	1	0
4358	1	4	1	0	0	28	2196	0	1	1	0
4360	1	1	4	0	0	20	1191	0	1	1	0
4362	1	3	3	0	0	28	2196	0	1	1	0
4366	1	1	4	0	0	24	1620	0	1	1	0
4368	1	4	1	0	0	28	2196	0	1	1	0
4372	1	2	6	0	0	28	2196	0	1	1	0
4379	1	5	2	0	0	28	2196	0	1	1	0
4380	1	1	4	0	0	28	2196	0	1	1	0
4383	1	3	3	0	0	28	2196	0	1	1	0
4385	1	5	2	0	0	28	2196	0	1	1	0
4387	1	4	1	0	0	28	2196	0	1	1	0
4392	1	2	6	0	0	28	2196	0	1	1	0
4393	1	5	2	0	0	28	2196	0	1	1	0
4395	1	3	3	0	0	28	2196	0	1	1	0
4397	1	1	4	0	0	28	2196	0	1	1	0
4400	1	4	1	0	0	28	2196	0	1	1	0
4402	1	2	6	0	0	28	2196	0	1	1	0
4407	1	4	1	0	0	28	2196	0	1	1	0
4419	1	2	6	0	0	28	2196	0	1	1	0
4420	1	1	4	0	0	28	2196	0	1	1	0
4421	1	3	3	0	0	28	2196	0	1	1	0
4426	1	4	1	0	0	28	2196	0	1	1	0
4432	1	3	3	0	0	28	2196	0	1	1	0
4433	1	4	1	0	0	28	2196	0	1	1	0
4442	1	2	6	0	0	28	2196	0	1	1	0
4450	1	5	2	0	0	22	1383	0	1	1	0
4454	1	4	1	0	0	28	2196	0	1	1	0
4465	1	1	4	0	0	28	2196	0	1	1	0
4466	1	2	6	0	0	28	2196	0	1	1	0
4467	1	3	3	0	0	28	2196	0	1	1	0
4468	1	5	2	0	0	24	1620	0	1	1	0
4469	1	1	4	0	0	28	2196	0	1	1	0
4470	1	4	1	0	0	28	2196	0	1	1	0
4471	1	2	6	0	0	28	2196	0	1	1	0
4479	1	2	6	0	0	28	2196	0	1	1	0
4483	1	1	4	0	0	28	2196	0	1	1	0
4487	1	4	1	0	0	28	2196	0	1	1	0
4490	1	5	2	0	0	28	2196	0	1	1	0
4497	1	1	4	0	0	28	2196	0	1	1	0
4498	1	3	3	0	0	28	2196	0	1	1	0
4500	1	2	6	0	0	28	2196	0	1	1	0
4501	1	4	1	0	0	28	2196	0	1	1	0
4510	1	3	3	0	0	28	2196	0	1	1	0
4513	1	2	6	0	0	28	2196	0	1	1	0
4516	1	3	3	0	0	28	2196	0	1	1	0
4519	1	5	2	0	0	28	2196	0	1	1	0
4533	1	2	6	0	0	24	1620	0	1	1	0
4534	1	1	4	0	0	28	2196	0	1	1	0
4538	1	3	3	0	0	28	2196	0	1	1	0
4542	1	4	1	0	0	28	2196	0	1	1	0
4551	1	5	2	0	0	28	2196	0	1	1	0
4562	1	3	3	0	0	28	2196	0	1	1	0
4570	1	2	6	0	0	28	2196	0	1	1	0
4579	1	1	4	0	0	28	2196	0	1	1	0
4583	1	4	1	0	0	28	2196	0	1	1	0
4589	1	5	2	0	0	26	1836	0	1	1	0
4590	1	3	3	0	0	28	2196	0	1	1	0
4602	1	5	2	0	0	28	2196	0	1	1	0
4603	1	2	6	0	0	28	2196	0	1	1	0
4624	1	3	3	0	0	28	2196	0	1	1	0
4626	1	1	4	0	0	28	2196	0	1	1	0
4631	1	4	1	0	0	28	2196	0	1	1	0
4632	1	5	2	0	0	28	2196	0	1	1	0
4633	1	2	6	0	0	28	2196	0	1	1	0
4638	1	2	6	0	0	28	2196	0	1	1	0
4639	1	1	4	0	0	28	2196	0	1	1	0
4640	1	3	3	0	0	28	2196	0	1	1	0
4642	1	4	1	0	0	28	2196	0	1	1	0
4644	1	5	2	0	0	28	2196	0	1	1	0
4647	1	1	4	0	0	28	2196	0	1	1	0
4652	1	4	1	0	0	28	2196	0	1	1	0
4657	1	2	6	0	0	28	2196	0	1	1	0
4663	1	3	3	0	0	28	2196	0	1	1	0
4664	1	4	1	0	0	28	2196	0	1	1	0
4666	1	1	4	0	0	28	2196	0	1	1	0
4670	1	3	3	0	0	28	2196	0	1	1	0
4676	1	4	1	0	0	28	2196	0	1	1	0
4679	1	4	1	0	0	28	2196	0	1	1	0
4689	1	5	2	0	0	28	2196	0	1	1	0
4692	1	3	3	0	0	28	2196	0	1	1	0
4694	1	2	6	0	0	28	2196	0	1	1	0
4695	1	4	1	0	0	28	2196	0	1	1	0
4703	1	5	2	0	0	28	2196	0	1	1	0
4705	1	1	4	0	0	28	2196	0	1	1	0
4708	1	3	3	0	0	28	2196	0	1	1	0
4711	1	4	1	0	0	28	2196	0	1	1	0
4714	1	2	6	0	0	28	2196	0	1	1	0
4715	1	5	2	0	0	28	2196	0	1	1	0
4718	1	3	3	0	0	28	2196	0	1	1	0
4719	1	2	6	0	0	28	2196	0	1	1	0
4720	1	5	2	0	0	24	1620	0	1	1	0
4725	1	4	1	0	0	28	2196	0	1	1	0
4731	1	5	2	0	0	28	2196	0	1	1	0
4734	1	4	1	0	0	28	2196	0	1	1	0
4741	1	3	3	0	0	28	2196	0	1	1	0
4742	1	4	1	0	0	28	2196	0	1	1	0
4752	1	4	1	0	0	28	2196	0	1	1	0
4756	1	2	6	0	0	28	2196	0	1	1	0
4759	1	3	3	0	0	28	2196	0	1	1	0
4771	1	5	2	0	0	28	2196	0	1	1	0
4777	1	1	4	0	0	28	2196	0	1	1	0
4783	1	1	4	0	0	28	2196	0	1	1	0
4785	1	2	6	0	0	28	2196	0	1	1	0
4792	1	3	3	0	0	20	1191	0	1	1	0
4797	1	5	2	0	0	28	2196	0	1	1	0
4806	1	1	4	0	0	28	2196	0	1	1	0
4807	1	4	1	0	0	28	2196	0	1	1	0
4812	1	1	4	0	0	28	2196	0	1	1	0
4815	1	2	6	0	0	28	2196	0	1	1	0
4825	1	5	2	0	0	28	2196	0	1	1	0
4826	1	1	4	0	0	28	2196	0	1	1	0
4829	1	2	6	0	0	28	2196	0	1	1	0
4843	1	3	3	0	0	28	2196	0	1	1	0
4856	1	2	6	0	0	28	2196	0	1	1	0
4858	1	4	1	0	0	28	2196	0	1	1	0
4861	1	3	3	0	0	28	2196	0	1	1	0
4868	1	5	2	0	0	24	1620	0	1	1	0
4874	1	4	1	0	0	28	2196	0	1	1	0
4875	1	2	6	0	0	28	2196	0	1	1	0
4876	1	1	4	0	0	28	2196	0	1	1	0
4885	1	1	4	0	0	28	2196	0	1	1	0
4894	1	5	2	0	0	28	2196	0	1	1	0
4902	1	5	2	0	0	28	2196	0	1	1	0
4905	1	2	6	0	0	28	2196	0	1	1	0
4908	1	4	1	0	0	28	2196	0	1	1	0
4915	1	3	3	0	0	28	2196	0	1	1	0
4916	1	1	4	0	0	28	2196	0	1	1	0
4922	1	4	1	0	0	28	2196	0	1	1	0
4923	1	2	6	0	0	28	2196	0	1	1	0
4926	1	5	2	0	0	24	1620	0	1	1	0
4937	1	1	4	0	0	28	2196	0	1	1	0
4965	1	1	4	0	0	28	2196	0	1	1	0
4966	1	3	3	0	0	28	2196	0	1	1	0
4967	1	2	6	0	0	28	2196	0	1	1	0
4971	1	5	2	0	0	28	2196	0	1	1	0
4976	1	1	4	0	0	28	2196	0	1	1	0
4980	1	4	1	0	0	28	2196	0	1	1	0
4983	1	3	3	0	0	28	2196	0	1	1	0
4993	1	5	2	0	0	28	2196	0	1	1	0
4996	1	1	4	0	0	28	2196	0	1	1	0
4997	1	3	3	0	0	28	2196	0	1	1	0
4999	1	2	6	0	0	28	2196	0	1	1	0
5000	1	5	2	0	0	28	2196	0	1	1	0
5006	1	2	6	0	0	28	2196	0	1	1	0
5010	1	4	1	0	0	28	2196	0	1	1	0
5015	1	4	1	0	0	28	2196	0	1	1	0
5020	1	2	6	0	0	28	2196	0	1	1	0
5031	1	3	3	0	0	28	2196	0	1	1	0
5034	1	2	6	0	0	24	1620	0	1	1	0
5039	1	5	2	0	0	28	2196	0	1	1	0
5043	1	1	4	0	0	28	2196	0	1	1	0
5048	1	4	1	0	0	28	2196	0	1	1	0
5049	1	3	3	0	0	28	2196	0	1	1	0
5057	1	5	2	0	0	28	2196	0	1	1	0
5058	1	1	4	0	0	28	2196	0	1	1	0
5060	1	2	6	0	0	28	2196	0	1	1	0
5061	1	5	2	0	0	28	2196	0	1	1	0
5074	1	4	1	0	0	28	2196	0	1	1	0
5075	1	3	3	0	0	28	2196	0	1	1	0
5076	1	1	4	0	0	28	2196	0	1	1	0
5078	1	5	2	0	0	28	2196	0	1	1	0
5079	1	3	3	0	0	28	2196	0	1	1	0
5090	1	2	6	0	0	28	2196	0	1	1	0
5095	1	1	4	0	0	28	2196	0	1	1	0
5096	1	5	2	0	0	28	2196	0	1	1	0
5098	1	4	1	0	0	28	2196	0	1	1	0
5100	1	2	6	0	0	28	2196	0	1	1	0
5101	1	5	2	0	0	26	1836	0	1	1	0
5107	1	3	3	0	0	28	2196	0	1	1	0
5113	1	4	1	0	0	28	2196	0	1	1	0
5117	1	1	4	0	0	28	2196	0	1	1	0
5120	1	5	2	0	0	28	2196	0	1	1	0
5122	1	2	6	0	0	28	2196	0	1	1	0
5136	1	2	6	0	0	28	2196	0	1	1	0
5141	1	3	3	0	0	28	2196	0	1	1	0
5150	1	4	1	0	0	28	2196	0	1	1	0
5151	1	5	2	0	0	28	2196	0	1	1	0
5152	1	2	6	0	0	28	2196	0	1	1	0
5157	1	3	3	0	0	28	2196	0	1	1	0
5158	1	4	1	0	0	28	2196	0	1	1	0
5171	1	2	6	0	0	28	2196	0	1	1	0
5173	1	4	1	0	0	28	2196	0	1	1	0
5174	1	2	6	0	0	28	2196	0	1	1	0
5176	1	1	4	0	0	28	2196	0	1	1	0
5184	1	5	2	0	0	28	2196	0	1	1	0
5185	1	4	1	0	0	28	2196	0	1	1	0
5187	1	3	3	0	0	28	2196	0	1	1	0
5188	1	1	4	0	0	28	2196	0	1	1	0
5203	1	4	1	0	0	28	2196	0	1	1	0
5206	1	5	2	0	0	28	2196	0	1	1	0
5213	1	2	6	0	0	28	2196	0	1	1	0
5215	1	3	3	0	0	28	2196	0	1	1	0
5216	1	1	4	0	0	28	2196	0	1	1	0
5226	1	5	2	0	0	28	2196	0	1	1	0
5237	1	4	1	0	0	28	2196	0	1	1	0
5243	1	3	3	0	0	28	2196	0	1	1	0
5247	1	1	4	0	0	28	2196	0	1	1	0
5250	1	5	2	0	0	28	2196	0	1	1	0
5256	1	4	1	0	0	28	2196	0	1	1	0
5257	1	3	3	0	0	28	2196	0	1	1	0
5263	1	2	6	0	0	28	2196	0	1	1	0
5265	1	5	2	0	0	26	1836	0	1	1	0
5266	1	1	4	0	0	28	2196	0	1	1	0
5267	1	4	1	0	0	28	2196	0	1	1	0
5269	1	4	1	0	0	28	2196	0	1	1	0
5271	1	4	1	0	0	28	2196	0	1	1	0
5276	1	2	6	0	0	24	1620	0	1	1	0
5282	1	1	4	0	0	28	2196	0	1	1	0
5283	1	5	2	0	0	28	2196	0	1	1	0
5286	1	4	1	0	0	28	2196	0	1	1	0
5293	1	2	6	0	0	28	2196	0	1	1	0
5299	1	1	4	0	0	28	2196	0	1	1	0
5300	1	2	6	0	0	28	2196	0	1	1	0
5301	1	4	1	0	0	28	2196	0	1	1	0
5307	1	1	4	0	0	28	2196	0	1	1	0
5312	1	5	2	0	0	28	2196	0	1	1	0
5313	1	3	3	0	0	28	2196	0	1	1	0
5321	1	5	2	0	0	28	2196	0	1	1	0
5324	1	1	4	0	0	28	2196	0	1	1	0
5331	1	2	6	0	0	28	2196	0	1	1	0
5332	1	4	1	0	0	28	2196	0	1	1	0
5339	1	5	2	0	0	28	2196	0	1	1	0
5340	1	4	1	0	0	28	2196	0	1	1	0
5341	1	3	3	0	0	28	2196	0	1	1	0
5349	1	1	4	0	0	28	2196	0	1	1	0
5356	1	4	1	0	0	28	2196	0	1	1	0
5361	1	5	2	0	0	28	2196	0	1	1	0
5378	1	1	4	0	0	28	2196	0	1	1	0
5379	1	2	6	0	0	28	2196	0	1	1	0
5391	1	5	2	0	0	28	2196	0	1	1	0
5398	1	4	1	0	0	28	2196	0	1	1	0
5403	1	1	4	0	0	28	2196	0	1	1	0
5407	1	5	2	0	0	28	2196	0	1	1	0
5408	1	3	3	0	0	28	2196	0	1	1	0
5409	1	4	1	0	0	28	2196	0	1	1	0
5418	1	3	3	0	0	28	2196	0	1	1	0
5420	1	1	4	0	0	28	2196	0	1	1	0
5425	1	4	1	0	0	28	2196	0	1	1	0
5432	1	5	2	0	0	24	1620	0	1	1	0
5438	1	1	4	0	0	28	2196	0	1	1	0
5440	1	2	6	0	0	24	1620	0	1	1	0
5448	1	3	3	0	0	28	2196	0	1	1	0
5451	1	4	1	0	0	28	2196	0	1	1	0
5455	1	5	2	0	0	28	2196	0	1	1	0
5465	1	1	4	0	0	28	2196	0	1	1	0
5466	1	5	2	0	0	28	2196	0	1	1	0
5470	1	2	6	0	0	28	2196	0	1	1	0
5471	1	4	1	0	0	28	2196	0	1	1	0
5478	1	2	6	0	0	28	2196	0	1	1	0
5482	1	1	4	0	0	28	2196	0	1	1	0
5485	1	5	2	0	0	28	2196	0	1	1	0
5487	1	4	1	0	0	28	2196	0	1	1	0
5489	1	3	3	0	0	28	2196	0	1	1	0
5490	1	1	4	0	0	28	2196	0	1	1	0
5493	1	4	1	0	0	28	2196	0	1	1	0
5495	1	5	2	0	0	28	2196	0	1	1	0
5499	1	2	6	0	0	28	2196	0	1	1	0
5508	1	2	6	0	0	28	2196	0	1	1	0
5510	1	1	4	0	0	28	2196	0	1	1	0
5512	1	2	6	0	0	28	2196	0	1	1	0
5521	1	2	6	0	0	28	2196	0	1	1	0
5522	1	1	4	0	0	14	775	0	1	1	0
5531	1	2	6	0	0	28	2196	0	1	1	0
5533	1	3	3	0	0	28	2196	0	1	1	0
5535	1	1	4	0	0	28	2196	0	1	1	0
5537	1	3	3	0	0	28	2196	0	1	1	0
5538	1	2	6	0	0	28	2196	0	1	1	0
5542	1	5	2	0	0	28	2196	0	1	1	0
5544	1	1	4	0	0	28	2196	0	1	1	0
5545	1	4	1	0	0	28	2196	0	1	1	0
5547	1	3	3	0	0	28	2196	0	1	1	0
5558	1	2	6	0	0	24	1620	0	1	1	0
5559	1	5	2	0	0	28	2196	0	1	1	0
5560	1	1	4	0	0	28	2196	0	1	1	0
5562	1	4	1	0	0	28	2196	0	1	1	0
5566	1	3	3	0	0	28	2196	0	1	1	0
5570	1	4	1	0	0	28	2196	0	1	1	0
5571	1	2	6	0	0	24	1620	0	1	1	0
5579	1	1	4	0	0	28	2196	0	1	1	0
5588	1	1	4	0	0	28	2196	0	1	1	0
5589	1	3	3	0	0	28	2196	0	1	1	0
5592	1	5	2	0	0	24	1620	0	1	1	0
5594	1	4	1	0	0	28	2196	0	1	1	0
5595	1	2	6	0	0	28	2196	0	1	1	0
5600	1	3	3	0	0	28	2196	0	1	1	0
5601	1	4	1	0	0	28	2196	0	1	1	0
5605	1	1	4	0	0	28	2196	0	1	1	0
5613	1	3	3	0	0	28	2196	0	1	1	0
5614	1	2	6	0	0	28	2196	0	1	1	0
5622	1	2	6	0	0	28	2196	0	1	1	0
5623	1	4	1	0	0	28	2196	0	1	1	0
5627	1	1	4	0	0	28	2196	0	1	1	0
5628	1	5	2	0	0	28	2196	0	1	1	0
5630	1	3	3	0	0	28	2196	0	1	1	0
5631	1	2	6	0	0	28	2196	0	1	1	0
5634	1	2	6	0	0	28	2196	0	1	1	0
5642	1	5	2	0	0	28	2196	0	1	1	0
5644	1	3	3	0	0	28	2196	0	1	1	0
5660	1	4	1	0	0	28	2196	0	1	1	0
5661	1	1	4	0	0	28	2196	0	1	1	0
5662	1	2	6	0	0	28	2196	0	1	1	0
5664	1	5	2	0	0	28	2196	0	1	1	0
5670	1	3	3	0	0	28	2196	0	1	1	0
5671	1	5	2	0	0	28	2196	0	1	1	0
5673	1	4	1	0	0	28	2196	0	1	1	0
5685	1	2	6	0	0	28	2196	0	1	1	0
5687	1	1	4	0	0	26	1836	0	1	1	0
5690	1	5	2	0	0	28	2196	0	1	1	0
5697	1	4	1	0	0	28	2196	0	1	1	0
5699	1	2	6	0	0	28	2196	0	1	1	0
5702	1	5	2	0	0	28	2196	0	1	1	0
5704	1	3	3	0	0	28	2196	0	1	1	0
5714	1	1	4	0	0	28	2196	0	1	1	0
5715	1	2	6	0	0	28	2196	0	1	1	0
5717	1	5	2	0	0	28	2196	0	1	1	0
5726	1	1	4	0	0	28	2196	0	1	1	0
5729	1	3	3	0	0	28	2196	0	1	1	0
5735	1	4	1	0	0	28	2196	0	1	1	0
5739	1	5	2	0	0	22	1383	0	1	1	0
5742	1	1	4	0	0	28	2196	0	1	1	0
5751	1	4	1	0	0	28	2196	0	1	1	0
5754	1	3	3	0	0	28	2196	0	1	1	0
5758	1	2	6	0	0	28	2196	0	1	1	0
5766	1	1	4	0	0	28	2196	0	1	1	0
5774	1	2	6	0	0	28	2196	0	1	1	0
5779	1	4	1	0	0	28	2196	0	1	1	0
5782	1	5	2	0	0	28	2196	0	1	1	0
5790	1	2	6	0	0	28	2196	0	1	1	0
5792	1	3	3	0	0	28	2196	0	1	1	0
5807	1	4	1	0	0	28	2196	0	1	1	0
5813	1	1	4	0	0	28	2196	0	1	1	0
5817	1	1	4	0	0	28	2196	0	1	1	0
5820	1	1	4	0	0	28	2196	0	1	1	0
5824	1	5	2	0	0	28	2196	0	1	1	0
5825	1	3	3	0	0	28	2196	0	1	1	0
5828	1	1	4	0	0	28	2196	0	1	1	0
5830	1	2	6	0	0	28	2196	0	1	1	0
5833	1	1	4	0	0	28	2196	0	1	1	0
5842	1	5	2	0	0	28	2196	0	1	1	0
5845	1	4	1	0	0	28	2196	0	1	1	0
5846	1	1	4	0	0	28	2196	0	1	1	0
5849	1	1	4	0	0	28	2196	0	1	1	0
5857	1	4	1	0	0	28	2196	0	1	1	0
5866	1	1	4	0	0	28	2196	0	1	1	0
5867	1	4	1	0	0	28	2196	0	1	1	0
5877	1	3	3	0	0	28	2196	0	1	1	0
5878	1	4	1	0	0	28	2196	0	1	1	0
5881	1	5	2	0	0	28	2196	0	1	1	0
5886	1	1	4	0	0	28	2196	0	1	1	0
5894	1	5	2	0	0	28	2196	0	1	1	0
5896	1	2	6	0	0	28	2196	0	1	1	0
5899	1	1	4	0	0	28	2196	0	1	1	0
5903	1	2	6	0	0	28	2196	0	1	1	0
5907	1	4	1	0	0	28	2196	0	1	1	0
5909	1	1	4	0	0	28	2196	0	1	1	0
5912	1	5	2	0	0	26	1836	0	1	1	0
5916	1	2	6	0	0	24	1620	0	1	1	0
5918	1	1	4	0	0	28	2196	0	1	1	0
5927	1	4	1	0	0	28	2196	0	1	1	0
5928	1	3	3	0	0	28	2196	0	1	1	0
5931	1	2	6	0	0	28	2196	0	1	1	0
5935	1	1	4	0	0	28	2196	0	1	1	0
5941	1	4	1	0	0	28	2196	0	1	1	0
5942	1	3	3	0	0	28	2196	0	1	1	0
5947	1	1	4	0	0	28	2196	0	1	1	0
5948	1	4	1	0	0	28	2196	0	1	1	0
5955	1	1	4	0	0	28	2196	0	1	1	0
5959	1	2	6	0	0	28	2196	0	1	1	0
5962	1	3	3	0	0	28	2196	0	1	1	0
5970	1	5	2	0	0	28	2196	0	1	1	0
5971	1	2	6	0	0	24	1620	0	1	1	0
5972	1	1	4	0	0	28	2196	0	1	1	0
5974	1	3	3	0	0	28	2196	0	1	1	0
5975	1	4	1	0	0	28	2196	0	1	1	0
5978	1	2	6	0	0	28	2196	0	1	1	0
5984	1	5	2	0	0	28	2196	0	1	1	0
5985	1	2	6	0	0	28	2196	0	1	1	0
5986	1	4	1	0	0	28	2196	0	1	1	0
5994	1	4	1	0	0	28	2196	0	1	1	0
5997	1	3	3	0	0	28	2196	0	1	1	0
6001	1	2	6	0	0	28	2196	0	1	1	0
6003	1	1	4	0	0	22	1383	0	1	1	0
6004	1	5	2	0	0	28	2196	0	1	1	0
6011	1	3	3	0	0	28	2196	0	1	1	0
6012	1	4	1	0	0	28	2196	0	1	1	0
6021	1	5	2	0	0	28	2196	0	1	1	0
6025	1	2	6	0	0	28	2196	0	1	1	0
6026	1	1	4	0	0	28	2196	0	1	1	0
6036	1	4	1	0	0	28	2196	0	1	1	0
6037	1	5	2	0	0	28	2196	0	1	1	0
6038	1	2	6	0	0	28	2196	0	1	1	0
6043	1	3	3	0	0	28	2196	0	1	1	0
6051	1	1	4	0	0	28	2196	0	1	1	0
6058	1	2	6	0	0	28	2196	0	1	1	0
6063	1	3	3	0	0	28	2196	0	1	1	0
6064	1	1	4	0	0	28	2196	0	1	1	0
6066	1	5	2	0	0	28	2196	0	1	1	0
6081	1	3	3	0	0	28	2196	0	1	1	0
6085	1	1	4	0	0	28	2196	0	1	1	0
6086	1	4	1	0	0	28	2196	0	1	1	0
6101	1	2	6	0	0	28	2196	0	1	1	0
6102	1	5	2	0	0	22	1383	0	1	1	0
6103	1	3	3	0	0	28	2196	0	1	1	0
6107	1	4	1	0	0	28	2196	0	1	1	0
6111	1	5	2	0	0	28	2196	0	1	1	0
6112	1	4	1	0	0	28	2196	0	1	1	0
6117	1	2	6	0	0	28	2196	0	1	1	0
6118	1	1	4	0	0	28	2196	0	1	1	0
6123	1	1	4	0	0	28	2196	0	1	1	0
6134	1	3	3	0	0	28	2196	0	1	1	0
6135	1	5	2	0	0	26	1836	0	1	1	0
6136	1	4	1	0	0	28	2196	0	1	1	0
6146	1	4	1	0	0	28	2196	0	1	1	0
6156	1	4	1	0	0	28	2196	0	1	1	0
6159	1	1	4	0	0	28	2196	0	1	1	0
6165	1	5	2	0	0	24	1620	0	1	1	0
6169	1	5	2	0	0	26	1836	0	1	1	0
6175	1	2	6	0	0	28	2196	0	1	1	0
6179	1	3	3	0	0	28	2196	0	1	1	0
6184	1	3	3	0	0	28	2196	0	1	1	0
6185	1	1	4	0	0	28	2196	0	1	1	0
6186	1	4	1	0	0	28	2196	0	1	1	0
6189	1	2	6	0	0	28	2196	0	1	1	0
6191	1	3	3	0	0	28	2196	0	1	1	0
6203	1	4	1	0	0	28	2196	0	1	1	0
6206	1	3	3	0	0	28	2196	0	1	1	0
6209	1	4	1	0	0	28	2196	0	1	1	0
6216	1	4	1	0	0	28	2196	0	1	1	0
6221	1	4	1	0	0	24	1620	0	1	1	0
6224	1	5	2	0	0	26	1836	0	1	1	0
6225	1	1	4	0	0	28	2196	0	1	1	0
6226	1	3	3	0	0	28	2196	0	1	1	0
6232	1	1	4	0	0	28	2196	0	1	1	0
6233	1	3	3	0	0	28	2196	0	1	1	0
6236	1	5	2	0	0	28	2196	0	1	1	0
6240	1	2	6	0	0	28	2196	0	1	1	0
6242	1	4	1	0	0	28	2196	0	1	1	0
6255	1	4	1	0	0	28	2196	0	1	1	0
6257	1	2	6	0	0	28	2196	0	1	1	0
6260	1	5	2	0	0	28	2196	0	1	1	0
6262	1	4	1	0	0	28	2196	0	1	1	0
6265	1	2	6	0	0	28	2196	0	1	1	0
6269	1	5	2	0	0	28	2196	0	1	1	0
6275	1	1	4	0	0	28	2196	0	1	1	0
6283	1	3	3	0	0	28	2196	0	1	1	0
6289	1	1	4	0	0	28	2196	0	1	1	0
6295	1	5	2	0	0	28	2196	0	1	1	0
6296	1	4	1	0	0	28	2196	0	1	1	0
6305	1	1	4	0	0	20	1191	0	1	1	0
6308	1	5	2	0	0	28	2196	0	1	1	0
6313	1	1	4	0	0	28	2196	0	1	1	0
6320	1	3	3	0	0	28	2196	0	1	1	0
6326	1	2	6	0	0	28	2196	0	1	1	0
6331	1	4	1	0	0	28	2196	0	1	1	0
6337	1	3	3	0	0	28	2196	0	1	1	0
6346	1	2	6	0	0	28	2196	0	1	1	0
6348	1	5	2	0	0	28	2196	0	1	1	0
6351	1	3	3	0	0	28	2196	0	1	1	0
6354	1	4	1	0	0	28	2196	0	1	1	0
6365	1	4	1	0	0	28	185	0	1	1	0
6365	1	5	2	0	0	28	2052	0	1	1	0
6368	1	3	3	0	0	28	2196	0	1	1	0
6369	1	4	1	0	0	28	2196	0	1	1	0
6371	1	1	4	0	0	28	2196	0	1	1	0
6372	1	2	6	0	0	28	2196	0	1	1	0
6378	1	5	2	0	0	28	2196	0	1	1	0
6385	1	1	4	0	0	28	2196	0	1	1	0
6386	1	4	1	0	0	28	2196	0	1	1	0
6389	1	3	3	0	0	28	2196	0	1	1	0
6391	1	2	6	0	0	28	2196	0	1	1	0
6405	1	5	2	0	0	28	2196	0	1	1	0
6412	1	5	2	0	0	28	2196	0	1	1	0
6416	1	4	1	0	0	28	2196	0	1	1	0
6423	1	1	4	0	0	28	2196	0	1	1	0
6427	1	2	6	0	0	28	2196	0	1	1	0
6440	1	5	2	0	0	28	2196	0	1	1	0
6443	1	1	4	0	0	28	2052	0	1	1	0
6443	1	2	6	0	0	28	185	0	1	1	0
6444	1	3	3	0	0	28	2196	0	1	1	0
6446	1	1	4	0	0	28	2196	0	1	1	0
6451	1	3	3	0	0	28	2196	0	1	1	0
6457	1	3	3	0	0	28	2196	0	1	1	0
6460	1	4	1	0	0	28	2196	0	1	1	0
6462	1	2	6	0	0	28	2196	0	1	1	0
6469	1	5	2	0	0	22	1383	0	1	1	0
6472	1	4	1	0	0	28	2196	0	1	1	0
6482	1	2	6	0	0	28	2196	0	1	1	0
6485	1	1	4	0	0	28	2196	0	1	1	0
6492	1	5	2	0	0	28	2196	0	1	1	0
6499	1	3	3	0	0	28	2196	0	1	1	0
6503	1	4	1	0	0	28	2196	0	1	1	0
6505	1	2	6	0	0	28	2196	0	1	1	0
6510	1	1	4	0	0	24	1620	0	1	1	0
6513	1	3	3	0	0	28	2196	0	1	1	0
6517	1	5	2	0	0	28	2196	0	1	1	0
6519	1	3	3	0	0	28	2196	0	1	1	0
6531	1	2	6	0	0	28	2196	0	1	1	0
6535	1	4	1	0	0	28	2196	0	1	1	0
6538	1	2	6	0	0	28	2196	0	1	1	0
6541	1	5	2	0	0	28	2196	0	1	1	0
6542	1	2	6	0	0	28	2196	0	1	1	0
6546	1	1	4	0	0	28	2196	0	1	1	0
6552	1	3	3	0	0	28	2196	0	1	1	0
6554	1	2	6	0	0	28	2196	0	1	1	0
6565	1	3	3	0	0	28	2196	0	1	1	0
6571	1	1	4	0	0	28	2196	0	1	1	0
6572	1	5	2	0	0	28	2196	0	1	1	0
6573	1	3	3	0	0	28	2196	0	1	1	0
6576	1	5	2	0	0	28	2196	0	1	1	0
6577	1	2	6	0	0	28	2196	0	1	1	0
6580	1	4	1	0	0	28	2196	0	1	1	0
6585	1	5	2	0	0	28	2196	0	1	1	0
6590	1	3	3	0	0	28	2196	0	1	1	0
6593	1	1	4	0	0	28	2196	0	1	1	0
6595	1	2	6	0	0	28	2196	0	1	1	0
6599	1	5	2	0	0	28	2196	0	1	1	0
6605	1	4	1	0	0	28	2196	0	1	1	0
6610	1	2	6	0	0	28	2196	0	1	1	0
6611	1	5	2	0	0	28	2196	0	1	1	0
6614	1	5	2	0	0	28	2196	0	1	1	0
6620	1	1	4	0	0	28	2196	0	1	1	0
6631	1	3	3	0	0	24	1620	0	1	1	0
6638	1	3	3	0	0	28	2196	0	1	1	0
6642	1	3	3	0	0	28	2196	0	1	1	0
6650	1	4	1	0	0	28	2196	0	1	1	0
6651	1	1	4	0	0	28	2196	0	1	1	0
6652	1	2	6	0	0	28	2196	0	1	1	0
6653	1	5	2	0	0	28	2196	0	1	1	0
6656	1	3	3	0	0	28	2196	0	1	1	0
6660	1	5	2	0	0	28	2196	0	1	1	0
6672	1	1	4	0	0	28	2196	0	1	1	0
6676	1	5	2	0	0	28	2196	0	1	1	0
6680	1	4	1	0	0	28	2196	0	1	1	0
6681	1	2	6	0	0	28	2196	0	1	1	0
6690	1	1	4	0	0	28	2196	0	1	1	0
6691	1	3	3	0	0	28	2196	0	1	1	0
6706	1	2	6	0	0	28	2196	0	1	1	0
6710	1	4	1	0	0	28	2196	0	1	1	0
6716	1	5	2	0	0	26	1836	0	1	1	0
6723	1	5	2	0	0	28	2196	0	1	1	0
6726	1	1	4	0	0	28	2196	0	1	1	0
6728	1	3	3	0	0	28	2196	0	1	1	0
6732	1	5	2	0	0	26	1836	0	1	1	0
6739	1	3	3	0	0	28	2196	0	1	1	0
6740	1	4	1	0	0	28	2196	0	1	1	0
6763	1	4	1	0	0	28	2196	0	1	1	0
6765	1	5	2	0	0	28	2196	0	1	1	0
6780	1	1	4	0	0	28	2196	0	1	1	0
6787	1	2	6	0	0	28	2196	0	1	1	0
6790	1	5	2	0	0	28	2196	0	1	1	0
6795	1	3	3	0	0	28	2196	0	1	1	0
6800	1	5	2	0	0	24	1620	0	1	1	0
6805	1	3	3	0	0	28	2196	0	1	1	0
6813	1	4	1	0	0	28	2196	0	1	1	0
6814	1	1	4	0	0	28	2196	0	1	1	0
6821	1	2	6	0	0	28	2196	0	1	1	0
6823	1	1	4	0	0	28	2196	0	1	1	0
6829	1	3	3	0	0	28	2196	0	1	1	0
6836	1	4	1	0	0	28	2196	0	1	1	0
6837	1	1	4	0	0	28	2196	0	1	1	0
6838	1	5	2	0	0	28	2196	0	1	1	0
6842	1	2	6	0	0	28	2196	0	1	1	0
6846	1	4	1	0	0	28	2196	0	1	1	0
6847	1	3	3	0	0	28	2196	0	1	1	0
6849	1	2	6	0	0	28	2196	0	1	1	0
6851	1	1	4	0	0	28	2196	0	1	1	0
6854	1	5	2	0	0	28	2196	0	1	1	0
6867	1	3	3	0	0	28	2196	0	1	1	0
6870	1	2	6	0	0	28	2196	0	1	1	0
6874	1	3	3	0	0	28	2196	0	1	1	0
6877	1	4	1	0	0	28	2196	0	1	1	0
6879	1	1	4	0	0	28	2196	0	1	1	0
6892	1	4	1	0	0	28	2196	0	1	1	0
6895	1	5	2	0	0	28	2196	0	1	1	0
6898	1	3	3	0	0	28	2196	0	1	1	0
6902	1	4	1	0	0	28	2196	0	1	1	0
6910	1	4	1	0	0	28	2196	0	1	1	0
6911	1	5	2	0	0	28	2196	0	1	1	0
6913	1	1	4	0	0	28	2196	0	1	1	0
6914	1	3	3	0	0	28	2196	0	1	1	0
6922	1	3	3	0	0	28	2196	0	1	1	0
6925	1	5	2	0	0	28	2196	0	1	1	0
6932	1	2	6	0	0	28	2196	0	1	1	0
6935	1	1	4	0	0	28	2196	0	1	1	0
6954	1	2	6	0	0	28	2196	0	1	1	0
6959	1	4	1	0	0	28	2196	0	1	1	0
6961	1	2	6	0	0	28	2196	0	1	1	0
6969	1	4	1	0	0	28	2196	0	1	1	0
6970	1	3	3	0	0	18	967	0	1	1	0
6972	1	5	2	0	0	28	2196	0	1	1	0
6975	1	1	4	0	0	28	2196	0	1	1	0
6978	1	5	2	0	0	28	2196	0	1	1	0
6981	1	2	6	0	0	28	2196	0	1	1	0
6982	1	1	4	0	0	28	2196	0	1	1	0
6996	1	1	4	0	0	28	2196	0	1	1	0
6997	1	4	1	0	0	28	2196	0	1	1	0
6998	1	2	6	0	0	28	2196	0	1	1	0
7000	1	4	1	0	0	28	2196	0	1	1	0
7002	1	3	3	0	0	28	2196	0	1	1	0
7006	1	2	6	0	0	28	2196	0	1	1	0
7010	1	4	1	0	0	28	2196	0	1	1	0
7011	1	5	2	0	0	28	2196	0	1	1	0
7018	1	1	4	0	0	28	2196	0	1	1	0
7027	1	5	2	0	0	28	2196	0	1	1	0
7028	1	4	1	0	0	28	2196	0	1	1	0
7030	1	3	3	0	0	28	2196	0	1	1	0
7031	1	1	4	0	0	28	2196	0	1	1	0
7035	1	2	6	0	0	28	2196	0	1	1	0
7040	1	4	1	0	0	28	2196	0	1	1	0
7041	1	1	4	0	0	28	2196	0	1	1	0
7055	1	2	6	0	0	28	2196	0	1	1	0
7061	1	4	1	0	0	28	2196	0	1	1	0
7067	1	1	4	0	0	28	2196	0	1	1	0
7079	1	4	1	0	0	28	2196	0	1	1	0
7085	1	5	2	0	0	28	2196	0	1	1	0
7086	1	2	6	0	0	28	2196	0	1	1	0
7089	1	4	1	0	0	28	2196	0	1	1	0
7092	1	1	4	0	0	28	2196	0	1	1	0
7093	1	2	6	0	0	28	2196	0	1	1	0
7100	1	3	3	0	0	28	2196	0	1	1	0
7102	1	2	6	0	0	28	2196	0	1	1	0
7105	1	5	2	0	0	28	2196	0	1	1	0
7108	1	3	3	0	0	28	2196	0	1	1	0
7114	1	4	1	0	0	28	2196	0	1	1	0
7115	1	2	6	0	0	28	2196	0	1	1	0
7117	1	1	4	0	0	24	1620	0	1	1	0
7123	1	1	4	0	0	28	2196	0	1	1	0
7128	1	5	2	0	0	22	1383	0	1	1	0
7141	1	2	6	0	0	28	2196	0	1	1	0
7144	1	4	1	0	0	28	2196	0	1	1	0
7151	1	3	3	0	0	28	2196	0	1	1	0
7154	1	5	2	0	0	28	2196	0	1	1	0
7165	1	4	1	0	0	28	2196	0	1	1	0
7170	1	4	1	0	0	28	2196	0	1	1	0
7171	1	3	3	0	0	28	2196	0	1	1	0
7173	1	5	2	0	0	28	2196	0	1	1	0
7186	1	3	3	0	0	28	2196	0	1	1	0
7192	1	5	2	0	0	28	2196	0	1	1	0
7199	1	4	1	0	0	28	2196	0	1	1	0
7200	1	5	2	0	0	28	2196	0	1	1	0
7206	1	1	4	0	0	28	2196	0	1	1	0
7211	1	1	4	0	0	28	2196	0	1	1	0
7212	1	3	3	0	0	28	2196	0	1	1	0
7213	1	5	2	0	0	28	2196	0	1	1	0
7220	1	4	1	0	0	28	2196	0	1	1	0
7222	1	3	3	0	0	28	2196	0	1	1	0
7223	1	1	4	0	0	26	1836	0	1	1	0
7229	1	2	6	0	0	28	2196	0	1	1	0
7230	1	5	2	0	0	28	2196	0	1	1	0
7232	1	4	1	0	0	28	2196	0	1	1	0
7254	1	1	4	0	0	28	2196	0	1	1	0
7259	1	2	6	0	0	28	2196	0	1	1	0
7260	1	1	4	0	0	28	2196	0	1	1	0
7261	1	5	2	0	0	28	2196	0	1	1	0
7262	1	4	1	0	0	28	2196	0	1	1	0
7275	1	2	6	0	0	28	2196	0	1	1	0
7276	1	1	4	0	0	28	2196	0	1	1	0
7282	1	2	6	0	0	28	2196	0	1	1	0
7283	1	5	2	0	0	14	775	0	1	1	0
7290	1	3	3	0	0	28	2196	0	1	1	0
7293	1	3	3	0	0	28	2196	0	1	1	0
7312	1	2	6	0	0	28	2196	0	1	1	0
7313	1	5	2	0	0	24	1620	0	1	1	0
7316	1	1	4	0	0	28	2196	0	1	1	0
7321	1	2	6	0	0	28	2196	0	1	1	0
7323	1	1	4	0	0	28	2196	0	1	1	0
7329	1	1	4	0	0	28	2196	0	1	1	0
7335	1	1	4	0	0	28	2196	0	1	1	0
7339	1	2	6	0	0	28	2196	0	1	1	0
7342	1	4	1	0	0	28	2196	0	1	1	0
7343	1	3	3	0	0	28	2196	0	1	1	0
7344	1	1	4	0	0	28	2196	0	1	1	0
7348	1	3	3	0	0	28	2196	0	1	1	0
7349	1	1	4	0	0	28	2196	0	1	1	0
7354	1	2	6	0	0	28	2196	0	1	1	0
7357	1	3	3	0	0	28	2196	0	1	1	0
7361	1	5	2	0	0	28	2196	0	1	1	0
7363	1	2	6	0	0	28	2196	0	1	1	0
7369	1	4	1	0	0	28	2196	0	1	1	0
7371	1	5	2	0	0	28	2196	0	1	1	0
7372	1	1	4	0	0	28	2196	0	1	1	0
7375	1	1	4	0	0	28	2196	0	1	1	0
7378	1	5	2	0	0	28	2196	0	1	1	0
7381	1	3	3	0	0	28	2196	0	1	1	0
7382	1	2	6	0	0	28	2196	0	1	1	0
7397	1	1	4	0	0	28	2196	0	1	1	0
7398	1	3	3	0	0	28	2196	0	1	1	0
7406	1	3	3	0	0	28	2196	0	1	1	0
7407	1	2	6	0	0	28	2196	0	1	1	0
7412	1	2	6	0	0	28	2196	0	1	1	0
7417	1	5	2	0	0	28	2196	0	1	1	0
7421	1	2	6	0	0	28	2196	0	1	1	0
7422	1	4	1	0	0	28	2196	0	1	1	0
7425	1	4	1	0	0	28	2196	0	1	1	0
7429	1	3	3	0	0	28	2196	0	1	1	0
7432	1	5	2	0	0	28	2196	0	1	1	0
7433	1	2	6	0	0	26	1836	0	1	1	0
7436	1	5	2	0	0	28	2196	0	1	1	0
7443	1	3	3	0	0	28	2196	0	1	1	0
7444	1	1	4	0	0	28	2196	0	1	1	0
7445	1	2	6	0	0	28	2196	0	1	1	0
7453	1	4	1	0	0	28	2196	0	1	1	0
7454	1	1	4	0	0	28	2196	0	1	1	0
7469	1	2	6	0	0	26	1836	0	1	1	0
7471	1	5	2	0	0	28	2196	0	1	1	0
7474	1	3	3	0	0	28	2196	0	1	1	0
7479	1	3	3	0	0	20	1191	0	1	1	0
7480	1	4	1	0	0	28	2196	0	1	1	0
7484	1	1	4	0	0	28	2196	0	1	1	0
7486	1	5	2	0	0	28	2196	0	1	1	0
7487	1	2	6	0	0	24	1620	0	1	1	0
7496	1	1	4	0	0	28	2196	0	1	1	0
7502	1	3	3	0	0	28	2196	0	1	1	0
7505	1	1	4	0	0	28	2196	0	1	1	0
7507	1	5	2	0	0	28	2196	0	1	1	0
7510	1	4	1	0	0	28	2196	0	1	1	0
7514	1	2	6	0	0	28	2196	0	1	1	0
7517	1	4	1	0	0	28	2196	0	1	1	0
7518	1	5	2	0	0	14	775	0	1	1	0
7524	1	3	3	0	0	28	2196	0	1	1	0
7528	1	2	6	0	0	28	2196	0	1	1	0
7535	1	5	2	0	0	28	2196	0	1	1	0
7541	1	1	4	0	0	28	2196	0	1	1	0
7545	1	4	1	0	0	28	2196	0	1	1	0
7547	1	3	3	0	0	28	2196	0	1	1	0
7549	1	1	4	0	0	28	2196	0	1	1	0
7550	1	5	2	0	0	22	1383	0	1	1	0
7555	1	3	3	0	0	28	2196	0	1	1	0
7556	1	1	4	0	0	28	2196	0	1	1	0
7561	1	1	4	0	0	20	1191	0	1	1	0
7563	1	4	1	0	0	28	2196	0	1	1	0
7564	1	2	6	0	0	28	2196	0	1	1	0
7573	1	3	3	0	0	28	2196	0	1	1	0
7574	1	2	6	0	0	28	2196	0	1	1	0
7575	1	1	4	0	0	28	2196	0	1	1	0
7576	1	5	2	0	0	28	2196	0	1	1	0
7580	1	2	6	0	0	28	2196	0	1	1	0
7587	1	4	1	0	0	28	2196	0	1	1	0
7588	1	1	4	0	0	28	2196	0	1	1	0
7595	1	4	1	0	0	28	2196	0	1	1	0
7596	1	3	3	0	0	28	2196	0	1	1	0
7597	1	1	4	0	0	28	2196	0	1	1	0
7609	1	4	1	0	0	28	2196	0	1	1	0
7612	1	2	6	0	0	18	967	0	1	1	0
7613	1	5	2	0	0	20	1191	0	1	1	0
7614	1	1	4	0	0	28	2196	0	1	1	0
7623	1	3	3	0	0	28	2196	0	1	1	0
7624	1	2	6	0	0	28	2196	0	1	1	0
7626	1	4	1	0	0	28	2196	0	1	1	0
7633	1	2	6	0	0	28	2196	0	1	1	0
7639	1	5	2	0	0	28	2196	0	1	1	0
7642	1	1	4	0	0	28	2196	0	1	1	0
7643	1	2	6	0	0	28	2196	0	1	1	0
7644	1	4	1	0	0	28	2196	0	1	1	0
7648	1	5	2	0	0	28	2196	0	1	1	0
7649	1	1	4	0	0	28	2196	0	1	1	0
7663	1	4	1	0	0	28	2196	0	1	1	0
7665	1	2	6	0	0	28	2196	0	1	1	0
7667	1	4	1	0	0	28	2196	0	1	1	0
7671	1	1	4	0	0	28	2196	0	1	1	0
7674	1	3	3	0	0	28	2196	0	1	1	0
7680	1	5	2	0	0	20	1191	0	1	1	0
7684	1	3	3	0	0	28	2196	0	1	1	0
7687	1	4	1	0	0	28	2196	0	1	1	0
7688	1	2	6	0	0	28	2196	0	1	1	0
7696	1	5	2	0	0	26	1836	0	1	1	0
7697	1	4	1	0	0	28	2196	0	1	1	0
7698	1	1	4	0	0	28	2196	0	1	1	0
7704	1	4	1	0	0	28	2196	0	1	1	0
7706	1	3	3	0	0	28	2196	0	1	1	0
7707	1	2	6	0	0	28	2196	0	1	1	0
7713	1	1	4	0	0	28	2196	0	1	1	0
7716	1	5	2	0	0	28	2196	0	1	1	0
7717	1	3	3	0	0	28	2196	0	1	1	0
7721	1	3	3	0	0	28	2196	0	1	1	0
7728	1	2	6	0	0	28	2196	0	1	1	0
7732	1	5	2	0	0	28	2196	0	1	1	0
7733	1	4	1	0	0	28	2196	0	1	1	0
7739	1	1	4	0	0	28	2196	0	1	1	0
7743	1	2	6	0	0	28	2196	0	1	1	0
7747	1	2	6	0	0	28	2196	0	1	1	0
7752	1	3	3	0	0	28	2196	0	1	1	0
7759	1	2	6	0	0	28	2196	0	1	1	0
7760	1	5	2	0	0	28	2196	0	1	1	0
7766	1	1	4	0	0	28	2196	0	1	1	0
7769	1	5	2	0	0	28	2196	0	1	1	0
7781	1	5	2	0	0	20	1191	0	1	1	0
7785	1	2	6	0	0	28	2196	0	1	1	0
7790	1	3	3	0	0	28	2196	0	1	1	0
7794	1	1	4	0	0	28	2196	0	1	1	0
7796	1	4	1	0	0	28	2196	0	1	1	0
7809	1	4	1	0	0	28	2196	0	1	1	0
7814	1	4	1	0	0	28	2196	0	1	1	0
7826	1	3	3	0	0	28	2196	0	1	1	0
7827	1	1	4	0	0	28	2196	0	1	1	0
7830	1	2	6	0	0	28	2196	0	1	1	0
7831	1	4	1	0	0	28	2196	0	1	1	0
7837	1	1	4	0	0	28	2196	0	1	1	0
7845	1	5	2	0	0	28	2196	0	1	1	0
7850	1	5	2	0	0	28	2196	0	1	1	0
7852	1	3	3	0	0	28	2196	0	1	1	0
7855	1	2	6	0	0	28	2196	0	1	1	0
7860	1	4	1	0	0	28	2196	0	1	1	0
7863	1	3	3	0	0	28	2196	0	1	1	0
7869	1	2	6	0	0	28	2196	0	1	1	0
7872	1	5	2	0	0	28	2196	0	1	1	0
7875	1	3	3	0	0	28	2196	0	1	1	0
7882	1	1	4	0	0	28	2196	0	1	1	0
7885	1	4	1	0	0	28	2196	0	1	1	0
7888	1	5	2	0	0	28	2196	0	1	1	0
7893	1	5	2	0	0	28	2196	0	1	1	0
7898	1	3	3	0	0	28	2196	0	1	1	0
7901	1	2	6	0	0	28	2196	0	1	1	0
7908	1	4	1	0	0	28	2196	0	1	1	0
7909	1	5	2	0	0	28	2196	0	1	1	0
7911	1	2	6	0	0	28	2196	0	1	1	0
7926	1	2	6	0	0	28	2196	0	1	1	0
7930	1	3	3	0	0	28	2196	0	1	1	0
7939	1	4	1	0	0	28	2196	0	1	1	0
7941	1	1	4	0	0	28	2196	0	1	1	0
7944	1	5	2	0	0	28	2196	0	1	1	0
7947	1	4	1	0	0	28	2196	0	1	1	0
7953	1	1	4	0	0	28	2196	0	1	1	0
7956	1	3	3	0	0	28	2196	0	1	1	0
7957	1	4	1	0	0	28	2196	0	1	1	0
7960	1	5	2	0	0	28	2196	0	1	1	0
7963	1	2	6	0	0	28	2052	0	1	1	0
7963	1	3	3	0	0	28	185	0	1	1	0
7965	1	5	2	0	0	28	2196	0	1	1	0
7968	1	1	4	0	0	28	2196	0	1	1	0
7975	1	4	1	0	0	28	2196	0	1	1	0
7980	1	3	3	0	0	28	2196	0	1	1	0
7981	1	5	2	0	0	18	967	0	1	1	0
7989	1	5	2	0	0	28	2196	0	1	1	0
7990	1	4	1	0	0	28	2196	0	1	1	0
7993	1	2	6	0	0	28	2196	0	1	1	0
8004	1	5	2	0	0	28	2196	0	1	1	0
8008	1	1	4	0	0	28	2196	0	1	1	0
8011	1	2	6	0	0	28	2196	0	1	1	0
8012	1	1	4	0	0	18	967	0	1	1	0
8023	1	3	3	0	0	28	2196	0	1	1	0
8025	1	2	6	0	0	28	2196	0	1	1	0
8026	1	4	1	0	0	28	2196	0	1	1	0
8027	1	5	2	0	0	26	1836	0	1	1	0
8035	1	1	4	0	0	28	2196	0	1	1	0
8037	1	5	2	0	0	28	2196	0	1	1	0
8040	1	2	6	0	0	28	2196	0	1	1	0
8046	1	4	1	0	0	28	2196	0	1	1	0
8050	1	2	6	0	0	28	2196	0	1	1	0
8057	1	5	2	0	0	28	2196	0	1	1	0
8067	1	4	1	0	0	28	2196	0	1	1	0
8068	1	5	2	0	0	24	1620	0	1	1	0
8070	1	3	3	0	0	28	2196	0	1	1	0
8073	1	4	1	0	0	28	2196	0	1	1	0
8077	1	1	4	0	0	28	2196	0	1	1	0
8080	1	2	6	0	0	28	2196	0	1	1	0
8099	1	1	4	0	0	28	2196	0	1	1	0
8100	1	5	2	0	0	28	2196	0	1	1	0
8102	1	3	3	0	0	28	2196	0	1	1	0
8111	1	1	4	0	0	28	2196	0	1	1	0
8119	1	2	6	0	0	28	2196	0	1	1	0
8127	1	1	4	0	0	28	2196	0	1	1	0
8131	1	5	2	0	0	24	1620	0	1	1	0
8136	1	4	1	0	0	28	2196	0	1	1	0
8148	1	3	3	0	0	28	2196	0	1	1	0
8158	1	3	3	0	0	24	1620	0	1	1	0
8164	1	5	2	0	0	26	1836	0	1	1	0
8165	1	2	6	0	0	28	2196	0	1	1	0
8174	1	4	1	0	0	28	2196	0	1	1	0
8179	1	3	3	0	0	28	2196	0	1	1	0
8180	1	5	2	0	0	24	1620	0	1	1	0
8182	1	5	2	0	0	24	1620	0	1	1	0
8196	1	2	6	0	0	28	2196	0	1	1	0
8203	1	3	3	0	0	28	2196	0	1	1	0
8204	1	4	1	0	0	28	2196	0	1	1	0
8211	1	1	4	0	0	28	2196	0	1	1	0
8214	1	5	2	0	0	26	1836	0	1	1	0
8218	1	2	6	0	0	28	2196	0	1	1	0
8224	1	4	1	0	0	28	2196	0	1	1	0
8229	1	5	2	0	0	18	967	0	1	1	0
8239	1	1	4	0	0	28	2196	0	1	1	0
8246	1	2	6	0	0	28	2196	0	1	1	0
8247	1	4	1	0	0	28	2196	0	1	1	0
8248	1	1	4	0	0	28	2196	0	1	1	0
8249	1	5	2	0	0	22	1383	0	1	1	0
8258	1	4	1	0	0	28	2196	0	1	1	0
8264	1	3	3	0	0	28	2196	0	1	1	0
8269	1	5	2	0	0	24	1620	0	1	1	0
8277	1	3	3	0	0	28	2196	0	1	1	0
8285	1	4	1	0	0	28	2196	0	1	1	0
8290	1	5	2	0	0	28	2196	0	1	1	0
8298	1	5	2	0	0	28	2196	0	1	1	0
8300	1	2	6	0	0	28	2196	0	1	1	0
8307	1	3	3	0	0	28	2196	0	1	1	0
8311	1	1	4	0	0	28	2196	0	1	1	0
8320	1	4	1	0	0	28	2196	0	1	1	0
8321	1	3	3	0	0	28	2196	0	1	1	0
8327	1	5	2	0	0	28	2196	0	1	1	0
8328	1	2	6	0	0	28	2196	0	1	1	0
8340	1	4	1	0	0	28	2196	0	1	1	0
8345	1	2	6	0	0	28	2196	0	1	1	0
8355	1	4	1	0	0	28	2196	0	1	1	0
8357	1	5	2	0	0	28	2196	0	1	1	0
8365	1	4	1	0	0	28	2196	0	1	1	0
8370	1	3	3	0	0	28	2196	0	1	1	0
8371	1	5	2	0	0	28	2196	0	1	1	0
8377	1	5	2	0	0	28	2196	0	1	1	0
8378	1	1	4	0	0	28	2196	0	1	1	0
8383	1	1	4	0	0	28	2196	0	1	1	0
8386	1	4	1	0	0	28	2196	0	1	1	0
8388	1	2	6	0	0	28	2196	0	1	1	0
8394	1	5	2	0	0	28	2196	0	1	1	0
8403	1	3	3	0	0	28	2196	0	1	1	0
8409	1	3	3	0	0	28	2196	0	1	1	0
8410	1	5	2	0	0	28	2196	0	1	1	0
8412	1	4	1	0	0	28	2196	0	1	1	0
8413	1	1	4	0	0	28	2196	0	1	1	0
8414	1	2	6	0	0	28	2196	0	1	1	0
8420	1	4	1	0	0	28	2196	0	1	1	0
8423	1	4	1	0	0	28	2196	0	1	1	0
8438	1	2	6	0	0	28	2196	0	1	1	0
8439	1	4	1	0	0	28	2196	0	1	1	0
8443	1	1	4	0	0	28	2196	0	1	1	0
8450	1	2	6	0	0	28	2196	0	1	1	0
8453	1	4	1	0	0	28	2196	0	1	1	0
8458	1	5	2	0	0	28	2196	0	1	1	0
8459	1	3	3	0	0	28	2196	0	1	1	0
8462	1	4	1	0	0	28	2196	0	1	1	0
8470	1	4	1	0	0	28	2196	0	1	1	0
8475	1	3	3	0	0	28	2196	0	1	1	0
8476	1	2	6	0	0	28	2196	0	1	1	0
8477	1	5	2	0	0	28	2196	0	1	1	0
8478	1	4	1	0	0	28	2196	0	1	1	0
8485	1	5	2	0	0	28	2196	0	1	1	0
8488	1	1	4	0	0	28	2196	0	1	1	0
8497	1	5	2	0	0	28	2196	0	1	1	0
8498	1	1	4	0	0	28	2196	0	1	1	0
8500	1	2	6	0	0	22	1383	0	1	1	0
8501	1	3	3	0	0	28	2196	0	1	1	0
8514	1	1	4	0	0	28	2196	0	1	1	0
8527	1	3	3	0	0	28	2196	0	1	1	0
8531	1	4	1	0	0	28	2196	0	1	1	0
8533	1	5	2	0	0	28	2196	0	1	1	0
8535	1	2	6	0	0	28	2196	0	1	1	0
8540	1	1	4	0	0	28	2196	0	1	1	0
8541	1	4	1	0	0	28	2196	0	1	1	0
8547	1	4	1	0	0	28	2196	0	1	1	0
8550	1	5	2	0	0	28	2196	0	1	1	0
8556	1	2	6	0	0	28	2196	0	1	1	0
8560	1	4	1	0	0	28	2196	0	1	1	0
8566	1	4	1	0	0	28	2196	0	1	1	0
8569	1	1	4	0	0	28	2196	0	1	1	0
8570	1	3	3	0	0	28	2196	0	1	1	0
8575	1	5	2	0	0	28	2196	0	1	1	0
8578	1	1	4	0	0	28	2196	0	1	1	0
8580	1	2	6	0	0	28	2196	0	1	1	0
8582	1	3	3	0	0	28	2196	0	1	1	0
8592	1	4	1	0	0	28	2196	0	1	1	0
8610	1	5	2	0	0	22	1383	0	1	1	0
8613	1	3	3	0	0	28	2196	0	1	1	0
8614	1	2	6	0	0	28	2196	0	1	1	0
8616	1	1	4	0	0	28	2196	0	1	1	0
8626	1	2	6	0	0	28	2196	0	1	1	0
8628	1	3	3	0	0	28	2196	0	1	1	0
8634	1	5	2	0	0	28	2196	0	1	1	0
8639	1	3	3	0	0	28	2196	0	1	1	0
8645	1	2	6	0	0	28	2196	0	1	1	0
8650	1	4	1	0	0	28	2196	0	1	1	0
8653	1	1	4	0	0	24	1620	0	1	1	0
8654	1	3	3	0	0	28	2196	0	1	1	0
8660	1	1	4	0	0	28	2196	0	1	1	0
8663	1	3	3	0	0	28	2196	0	1	1	0
8668	1	5	2	0	0	28	2196	0	1	1	0
8673	1	1	4	0	0	28	2196	0	1	1	0
8674	1	4	1	0	0	28	2196	0	1	1	0
8679	1	3	3	0	0	28	2196	0	1	1	0
8686	1	4	1	0	0	28	2196	0	1	1	0
8690	1	5	2	0	0	28	2196	0	1	1	0
8696	1	1	4	0	0	28	2196	0	1	1	0
8703	1	2	6	0	0	28	2196	0	1	1	0
8704	1	3	3	0	0	28	2196	0	1	1	0
8710	1	2	6	0	0	28	2196	0	1	1	0
8712	1	4	1	0	0	28	2196	0	1	1	0
8713	1	1	4	0	0	28	2196	0	1	1	0
8721	1	3	3	0	0	28	185	0	1	1	0
8721	1	4	1	0	0	28	2052	0	1	1	0
8723	1	1	4	0	0	28	2196	0	1	1	0
8731	1	5	2	0	0	28	2196	0	1	1	0
8740	1	2	6	0	0	28	2196	0	1	1	0
8741	1	3	3	0	0	28	2196	0	1	1	0
8744	1	4	1	0	0	28	2196	0	1	1	0
8757	1	3	3	0	0	28	2196	0	1	1	0
8758	1	4	1	0	0	28	2196	0	1	1	0
8759	1	2	6	0	0	28	2196	0	1	1	0
8760	1	1	4	0	0	28	2196	0	1	1	0
8770	1	4	1	0	0	28	2196	0	1	1	0
8771	1	3	3	0	0	28	2196	0	1	1	0
8774	1	2	6	0	0	28	2196	0	1	1	0
8786	1	5	2	0	0	28	2196	0	1	1	0
8787	1	3	3	0	0	28	2196	0	1	1	0
8790	1	3	3	0	0	28	2196	0	1	1	0
8792	1	4	1	0	0	28	2196	0	1	1	0
8793	1	2	6	0	0	28	2196	0	1	1	0
8809	1	2	6	0	0	28	2196	0	1	1	0
8815	1	2	6	0	0	28	2196	0	1	1	0
8819	1	3	3	0	0	28	2196	0	1	1	0
8825	1	5	2	0	0	28	2196	0	1	1	0
8830	1	3	3	0	0	28	2196	0	1	1	0
8835	1	2	6	0	0	28	2196	0	1	1	0
8843	1	1	4	0	0	22	1383	0	1	1	0
8845	1	2	6	0	0	28	2196	0	1	1	0
8848	1	4	1	0	0	28	2196	0	1	1	0
8853	1	1	4	0	0	28	2196	0	1	1	0
8859	1	5	2	0	0	24	1620	0	1	1	0
8863	1	1	4	0	0	28	2196	0	1	1	0
8871	1	3	3	0	0	28	2196	0	1	1	0
8877	1	4	1	0	0	28	2196	0	1	1	0
8881	1	3	3	0	0	28	2196	0	1	1	0
8883	1	5	2	0	0	28	2196	0	1	1	0
8886	1	2	6	0	0	28	2196	0	1	1	0
8887	1	5	2	0	0	28	2196	0	1	1	0
8903	1	2	6	0	0	28	2196	0	1	1	0
8905	1	1	4	0	0	28	2196	0	1	1	0
8907	1	5	2	0	0	28	2196	0	1	1	0
8908	1	3	3	0	0	28	2196	0	1	1	0
8909	1	2	6	0	0	28	2196	0	1	1	0
8917	1	2	6	0	0	28	2196	0	1	1	0
8918	1	1	4	0	0	28	2196	0	1	1	0
8923	1	4	1	0	0	28	2196	0	1	1	0
8934	1	4	1	0	0	28	2196	0	1	1	0
8939	1	5	2	0	0	28	2196	0	1	1	0
8940	1	3	3	0	0	28	2196	0	1	1	0
8942	1	4	1	0	0	28	2196	0	1	1	0
8947	1	1	4	0	0	28	2196	0	1	1	0
8949	1	5	2	0	0	28	2196	0	1	1	0
8962	1	1	4	0	0	28	2196	0	1	1	0
8965	1	4	1	0	0	28	2196	0	1	1	0
8968	1	5	2	0	0	28	2196	0	1	1	0
8973	1	4	1	0	0	28	2196	0	1	1	0
8974	1	3	3	0	0	28	2196	0	1	1	0
8976	1	4	1	0	0	28	2196	0	1	1	0
8984	1	1	4	0	0	28	2196	0	1	1	0
8991	1	5	2	0	0	28	2196	0	1	1	0
8993	1	4	1	0	0	28	2196	0	1	1	0
8995	1	3	3	0	0	28	2196	0	1	1	0
9002	1	2	6	0	0	28	2196	0	1	1	0
9003	1	1	4	0	0	20	1191	0	1	1	0
9013	1	2	6	0	0	28	2196	0	1	1	0
9017	1	1	4	0	0	28	2196	0	1	1	0
9018	1	4	1	0	0	28	2196	0	1	1	0
9021	1	3	3	0	0	28	2196	0	1	1	0
9027	1	5	2	0	0	24	1620	0	1	1	0
9028	1	1	4	0	0	28	2196	0	1	1	0
9030	1	2	6	0	0	28	2196	0	1	1	0
9035	1	4	1	0	0	28	2196	0	1	1	0
9041	1	3	3	0	0	28	2196	0	1	1	0
9042	1	1	4	0	0	28	2196	0	1	1	0
9046	1	5	2	0	0	26	1836	0	1	1	0
9049	1	1	4	0	0	28	2196	0	1	1	0
9062	1	3	3	0	0	28	2196	0	1	1	0
9063	1	1	4	0	0	28	2196	0	1	1	0
9064	1	4	1	0	0	28	2196	0	1	1	0
9071	1	4	1	0	0	28	2196	0	1	1	0
9078	1	3	3	0	0	28	2196	0	1	1	0
9082	1	4	1	0	0	28	2196	0	1	1	0
9086	1	2	6	0	0	28	2196	0	1	1	0
9087	1	5	2	0	0	28	2196	0	1	1	0
9094	1	3	3	0	0	28	2196	0	1	1	0
9098	1	1	4	0	0	28	2196	0	1	1	0
9101	1	2	6	0	0	28	2196	0	1	1	0
9107	1	3	3	0	0	24	1620	0	1	1	0
9108	1	5	2	0	0	28	2196	0	1	1	0
9109	1	1	4	0	0	28	2196	0	1	1	0
9118	1	4	1	0	0	28	2196	0	1	1	0
9133	1	1	4	0	0	28	2196	0	1	1	0
9136	1	2	6	0	0	28	2196	0	1	1	0
9140	1	4	1	0	0	28	2196	0	1	1	0
9145	1	5	2	0	0	28	2196	0	1	1	0
9147	1	3	3	0	0	28	2196	0	1	1	0
9155	1	4	1	0	0	28	2196	0	1	1	0
9158	1	1	4	0	0	28	2196	0	1	1	0
9160	1	3	3	0	0	28	2196	0	1	1	0
9162	1	2	6	0	0	28	2196	0	1	1	0
9168	1	5	2	0	0	28	2196	0	1	1	0
9178	1	4	1	0	0	28	2196	0	1	1	0
9181	1	5	2	0	0	28	2196	0	1	1	0
9183	1	2	6	0	0	28	2196	0	1	1	0
9184	1	1	4	0	0	28	2196	0	1	1	0
9187	1	4	1	0	0	28	2196	0	1	1	0
9194	1	2	6	0	0	28	2196	0	1	1	0
9195	1	1	4	0	0	28	2196	0	1	1	0
9199	1	4	1	0	0	28	2196	0	1	1	0
9210	1	1	4	0	0	28	2196	0	1	1	0
9220	1	1	4	0	0	28	2196	0	1	1	0
9223	1	2	6	0	0	28	2196	0	1	1	0
9226	1	5	2	0	0	28	2196	0	1	1	0
9227	1	4	1	0	0	28	2196	0	1	1	0
9231	1	3	3	0	0	28	2196	0	1	1	0
9235	1	3	3	0	0	28	2196	0	1	1	0
9240	1	3	3	0	0	28	2196	0	1	1	0
9245	1	2	6	0	0	28	2196	0	1	1	0
9246	1	1	4	0	0	28	2196	0	1	1	0
9247	1	3	3	0	0	28	2196	0	1	1	0
9258	1	5	2	0	0	28	2196	0	1	1	0
9259	1	2	6	0	0	28	2196	0	1	1	0
9261	1	4	1	0	0	28	2196	0	1	1	0
9263	1	1	4	0	0	28	2196	0	1	1	0
9269	1	5	2	0	0	28	2196	0	1	1	0
9276	1	2	6	0	0	28	2196	0	1	1	0
9277	1	3	3	0	0	22	1383	0	1	1	0
9291	1	1	4	0	0	28	2196	0	1	1	0
9298	1	4	1	0	0	28	2196	0	1	1	0
9306	1	2	6	0	0	28	2196	0	1	1	0
9308	1	3	3	0	0	28	2196	0	1	1	0
9309	1	1	4	0	0	28	2196	0	1	1	0
9313	1	5	2	0	0	24	1620	0	1	1	0
9330	1	1	4	0	0	28	2196	0	1	1	0
9337	1	2	6	0	0	28	2196	0	1	1	0
9339	1	5	2	0	0	28	2196	0	1	1	0
9346	1	4	1	0	0	28	2196	0	1	1	0
9347	1	1	4	0	0	28	2196	0	1	1	0
9348	1	2	6	0	0	28	2196	0	1	1	0
9355	1	3	3	0	0	28	2196	0	1	1	0
9362	1	2	6	0	0	28	2196	0	1	1	0
9364	1	4	1	0	0	28	185	0	1	1	0
9364	1	5	2	0	0	28	2052	0	1	1	0
9375	1	1	4	0	0	28	2196	0	1	1	0
9383	1	3	3	0	0	28	2196	0	1	1	0
9388	1	5	2	0	0	24	1620	0	1	1	0
9395	1	3	3	0	0	28	2196	0	1	1	0
9398	1	4	1	0	0	28	2196	0	1	1	0
9403	1	3	3	0	0	28	2196	0	1	1	0
9405	1	4	1	0	0	28	2196	0	1	1	0
9407	1	1	4	0	0	28	185	0	1	1	0
9407	1	5	2	0	0	28	2052	0	1	1	0
9414	1	5	2	0	0	28	2196	0	1	1	0
9420	1	4	1	0	0	28	2196	0	1	1	0
9422	1	2	6	0	0	28	2196	0	1	1	0
9427	1	5	2	0	0	28	2196	0	1	1	0
9435	1	4	1	0	0	28	2196	0	1	1	0
9439	1	3	3	0	0	28	2196	0	1	1	0
9453	1	3	3	0	0	28	2196	0	1	1	0
9458	1	1	4	0	0	28	2196	0	1	1	0
9464	1	4	1	0	0	28	2196	0	1	1	0
9465	1	5	2	0	0	28	2196	0	1	1	0
9469	1	2	6	0	0	28	2196	0	1	1	0
9473	1	1	4	0	0	28	2196	0	1	1	0
9475	1	4	1	0	0	28	2196	0	1	1	0
9476	1	3	3	0	0	28	2196	0	1	1	0
9483	1	2	6	0	0	28	2196	0	1	1	0
9494	1	3	3	0	0	28	2196	0	1	1	0
9502	1	5	2	0	0	28	2196	0	1	1	0
9504	1	1	4	0	0	28	2196	0	1	1	0
9508	1	4	1	0	0	28	2196	0	1	1	0
9512	1	1	4	0	0	28	2196	0	1	1	0
9513	1	3	3	0	0	28	2196	0	1	1	0
9514	1	4	1	0	0	28	2196	0	1	1	0
9519	1	4	1	0	0	28	2196	0	1	1	0
9522	1	2	6	0	0	28	2196	0	1	1	0
9533	1	5	2	0	0	28	2196	0	1	1	0
9537	1	1	4	0	0	28	2196	0	1	1	0
9538	1	4	1	0	0	28	2196	0	1	1	0
9541	1	2	6	0	0	28	2196	0	1	1	0
9544	1	3	3	0	0	28	2196	0	1	1	0
9549	1	1	4	0	0	28	2196	0	1	1	0
9552	1	4	1	0	0	28	2196	0	1	1	0
9558	1	5	2	0	0	24	1620	0	1	1	0
9564	1	2	6	0	0	28	2196	0	1	1	0
9568	1	5	2	0	0	28	2196	0	1	1	0
9572	1	1	4	0	0	28	2196	0	1	1	0
9573	1	5	2	0	0	28	2196	0	1	1	0
9574	1	4	1	0	0	28	2196	0	1	1	0
9577	1	3	3	0	0	28	2196	0	1	1	0
9586	1	4	1	0	0	28	2196	0	1	1	0
9587	1	1	4	0	0	28	2196	0	1	1	0
9588	1	5	2	0	0	28	2196	0	1	1	0
9589	1	3	3	0	0	28	2196	0	1	1	0
9602	1	1	4	0	0	22	1383	0	1	1	0
9607	1	2	6	0	0	28	2196	0	1	1	0
9612	1	2	6	0	0	28	2196	0	1	1	0
9614	1	1	4	0	0	28	2196	0	1	1	0
9622	1	5	2	0	0	22	1383	0	1	1	0
9629	1	2	6	0	0	28	2196	0	1	1	0
9630	1	5	2	0	0	28	2196	0	1	1	0
9631	1	4	1	0	0	28	2196	0	1	1	0
9634	1	2	6	0	0	28	2196	0	1	1	0
9636	1	1	4	0	0	26	1836	0	1	1	0
9653	1	1	4	0	0	28	2196	0	1	1	0
9657	1	2	6	0	0	24	1620	0	1	1	0
9663	1	3	3	0	0	28	2196	0	1	1	0
9664	1	2	6	0	0	28	2196	0	1	1	0
9665	1	1	4	0	0	28	2196	0	1	1	0
9666	1	5	2	0	0	28	2196	0	1	1	0
9676	1	5	2	0	0	28	2196	0	1	1	0
9678	1	2	6	0	0	28	2196	0	1	1	0
9679	1	4	1	0	0	20	1191	0	1	1	0
9685	1	3	3	0	0	28	2196	0	1	1	0
9691	1	5	2	0	0	28	2196	0	1	1	0
9694	1	2	6	0	0	28	2196	0	1	1	0
9695	1	4	1	0	0	28	2196	0	1	1	0
9699	1	1	4	0	0	28	2196	0	1	1	0
9706	1	5	2	0	0	28	2196	0	1	1	0
9709	1	2	6	0	0	28	2196	0	1	1	0
9711	1	4	1	0	0	28	2196	0	1	1	0
9715	1	2	6	0	0	28	2196	0	1	1	0
9718	1	4	1	0	0	28	2196	0	1	1	0
9725	1	2	6	0	0	28	2196	0	1	1	0
9741	1	1	4	0	0	28	2196	0	1	1	0
9743	1	4	1	0	0	28	2196	0	1	1	0
9744	1	5	2	0	0	28	2196	0	1	1	0
9751	1	3	3	0	0	28	2196	0	1	1	0
9755	1	2	6	0	0	28	2196	0	1	1	0
9758	1	5	2	0	0	28	2196	0	1	1	0
9778	1	3	3	0	0	28	2196	0	1	1	0
9781	1	1	4	0	0	28	2196	0	1	1	0
9782	1	5	2	0	0	28	2196	0	1	1	0
9783	1	2	6	0	0	28	2196	0	1	1	0
9787	1	4	1	0	0	28	2196	0	1	1	0
9798	1	2	6	0	0	28	2196	0	1	1	0
9799	1	1	4	0	0	28	2196	0	1	1	0
9801	1	3	3	0	0	28	2196	0	1	1	0
9803	1	4	1	0	0	28	2196	0	1	1	0
9807	1	1	4	0	0	28	2196	0	1	1	0
9817	1	2	6	0	0	28	2196	0	1	1	0
9818	1	5	2	0	0	28	2196	0	1	1	0
9830	1	2	6	0	0	28	2196	0	1	1	0
9834	1	5	2	0	0	24	1620	0	1	1	0
9835	1	3	3	0	0	26	1836	0	1	1	0
9843	1	5	2	0	0	28	2196	0	1	1	0
9844	1	2	6	0	0	28	2196	0	1	1	0
9846	1	5	2	0	0	28	2196	0	1	1	0
9849	1	1	4	0	0	28	2196	0	1	1	0
9853	1	2	6	0	0	28	2196	0	1	1	0
9858	1	4	1	0	0	28	2196	0	1	1	0
9863	1	4	1	0	0	28	2196	0	1	1	0
9866	1	5	2	0	0	26	1836	0	1	1	0
9870	1	3	3	0	0	28	2196	0	1	1	0
9879	1	4	1	0	0	28	2196	0	1	1	0
9882	1	3	3	0	0	28	2196	0	1	1	0
9884	1	1	4	0	0	24	1620	0	1	1	0
9888	1	5	2	0	0	28	2196	0	1	1	0
9896	1	2	6	0	0	28	2196	0	1	1	0
9897	1	5	2	0	0	28	2196	0	1	1	0
9898	1	4	1	0	0	28	2196	0	1	1	0
9899	1	5	2	0	0	28	2196	0	1	1	0
9901	1	3	3	0	0	28	2196	0	1	1	0
9903	1	1	4	0	0	28	2196	0	1	1	0
9904	1	2	6	0	0	28	2196	0	1	1	0
9913	1	2	6	0	0	28	2196	0	1	1	0
9925	1	4	1	0	0	28	2196	0	1	1	0
9927	1	1	4	0	0	28	2196	0	1	1	0
9928	1	5	2	0	0	12	597	0	1	1	0
9936	1	1	4	0	0	28	2196	0	1	1	0
9937	1	3	3	0	0	28	2196	0	1	1	0
9939	1	4	1	0	0	28	2196	0	1	1	0
9940	1	2	6	0	0	28	2196	0	1	1	0
9947	1	2	6	0	0	28	2196	0	1	1	0
9958	1	4	1	0	0	28	2196	0	1	1	0
9966	1	5	2	0	0	28	2196	0	1	1	0
9975	1	3	3	0	0	28	2196	0	1	1	0
9979	1	1	4	0	0	28	2196	0	1	1	0
9985	1	5	2	0	0	28	2196	0	1	1	0
9986	1	4	1	0	0	28	2196	0	1	1	0
9987	1	1	4	0	0	28	2196	0	1	1	0
9988	1	2	6	0	0	28	2196	0	1	1	0
9989	1	5	2	0	0	28	2196	0	1	1	0
9996	1	1	4	0	0	28	2196	0	1	1	0
10001	1	1	4	0	0	28	2196	0	1	1	0
10003	1	2	6	0	0	28	2196	0	1	1	0
10009	1	3	3	0	0	28	2196	0	1	1	0
10018	1	2	6	0	0	28	2196	0	1	1	0
10021	1	4	1	0	0	28	2196	0	1	1	0
10026	1	2	6	0	0	28	2196	0	1	1	0
10027	1	1	4	0	0	28	2196	0	1	1	0
10028	1	3	3	0	0	28	2196	0	1	1	0
10030	1	4	1	0	0	28	2196	0	1	1	0
10041	1	1	4	0	0	28	2196	0	1	1	0
10046	1	4	1	0	0	28	2196	0	1	1	0
10064	1	4	1	0	0	28	2196	0	1	1	0
10065	1	5	2	0	0	28	2196	0	1	1	0
10072	1	2	6	0	0	28	2196	0	1	1	0
10074	1	4	1	0	0	28	2196	0	1	1	0
10081	1	4	1	0	0	28	2196	0	1	1	0
10082	1	1	4	0	0	28	2196	0	1	1	0
10089	1	4	1	0	0	28	2196	0	1	1	0
10097	1	3	3	0	0	28	2196	0	1	1	0
10100	1	1	4	0	0	28	2196	0	1	1	0
10103	1	2	6	0	0	28	2196	0	1	1	0
10109	1	5	2	0	0	28	2196	0	1	1	0
10111	1	2	6	0	0	28	2196	0	1	1	0
10116	1	5	2	0	0	28	2196	0	1	1	0
10129	1	3	3	0	0	28	2196	0	1	1	0
10130	1	5	2	0	0	28	2196	0	1	1	0
10131	1	1	4	0	0	28	2196	0	1	1	0
10139	1	3	3	0	0	28	2196	0	1	1	0
10148	1	3	3	0	0	28	2196	0	1	1	0
10149	1	2	6	0	0	28	2196	0	1	1	0
10150	1	1	4	0	0	28	2196	0	1	1	0
10156	1	5	2	0	0	20	1191	0	1	1	0
10164	1	2	6	0	0	28	2196	0	1	1	0
10166	1	3	3	0	0	28	2196	0	1	1	0
10168	1	4	1	0	0	28	2196	0	1	1	0
10169	1	1	4	0	0	28	2196	0	1	1	0
10173	1	3	3	0	0	28	2196	0	1	1	0
10174	1	4	1	0	0	28	2196	0	1	1	0
10176	1	3	3	0	0	28	2196	0	1	1	0
10177	1	1	4	0	0	28	2196	0	1	1	0
10178	1	2	6	0	0	28	2196	0	1	1	0
10187	1	5	2	0	0	28	2196	0	1	1	0
10188	1	4	1	0	0	28	2196	0	1	1	0
10189	1	3	3	0	0	28	2196	0	1	1	0
10197	1	1	4	0	0	28	2196	0	1	1	0
10201	1	2	6	0	0	28	2196	0	1	1	0
10202	1	3	3	0	0	28	2196	0	1	1	0
10205	1	4	1	0	0	28	2196	0	1	1	0
10216	1	2	6	0	0	28	2196	0	1	1	0
10219	1	4	1	0	0	28	2196	0	1	1	0
10221	1	1	4	0	0	28	2196	0	1	1	0
10222	1	2	6	0	0	28	2196	0	1	1	0
10233	1	1	4	0	0	28	2196	0	1	1	0
10238	1	4	1	0	0	28	2196	0	1	1	0
10242	1	1	4	0	0	28	2196	0	1	1	0
10247	1	2	6	0	0	28	2196	0	1	1	0
10248	1	1	4	0	0	28	2196	0	1	1	0
10249	1	4	1	0	0	28	2196	0	1	1	0
10255	1	3	3	0	0	28	2196	0	1	1	0
10261	1	5	2	0	0	28	2196	0	1	1	0
10263	1	2	6	0	0	28	2196	0	1	1	0
10273	1	2	6	0	0	28	2196	0	1	1	0
10279	1	3	3	0	0	28	2196	0	1	1	0
10287	1	3	3	0	0	28	2196	0	1	1	0
10292	1	5	2	0	0	28	2196	0	1	1	0
10293	1	1	4	0	0	28	2196	0	1	1	0
10296	1	2	6	0	0	28	2196	0	1	1	0
10300	1	4	1	0	0	28	2196	0	1	1	0
10309	1	2	6	0	0	28	2196	0	1	1	0
10310	1	4	1	0	0	28	2196	0	1	1	0
10311	1	3	3	0	0	28	2196	0	1	1	0
10314	1	1	4	0	0	28	2196	0	1	1	0
10320	1	5	2	0	0	28	2196	0	1	1	0
10322	1	1	4	0	0	28	2196	0	1	1	0
10323	1	3	3	0	0	28	2196	0	1	1	0
10330	1	2	6	0	0	28	2196	0	1	1	0
10335	1	3	3	0	0	28	2196	0	1	1	0
10336	1	4	1	0	0	28	2196	0	1	1	0
10346	1	3	3	0	0	28	2196	0	1	1	0
10353	1	5	2	0	0	22	1383	0	1	1	0
10360	1	4	1	0	0	28	2196	0	1	1	0
10366	1	5	2	0	0	20	1191	0	1	1	0
10369	1	1	4	0	0	28	2196	0	1	1	0
10370	1	4	1	0	0	28	2196	0	1	1	0
10374	1	2	6	0	0	28	2196	0	1	1	0
10378	1	2	6	0	0	28	2196	0	1	1	0
10384	1	3	3	0	0	28	2196	0	1	1	0
10385	1	5	2	0	0	28	2196	0	1	1	0
10388	1	2	6	0	0	28	2196	0	1	1	0
10397	1	1	4	0	0	28	2196	0	1	1	0
10403	1	1	4	0	0	28	2196	0	1	1	0
10404	1	5	2	0	0	28	2196	0	1	1	0
10411	1	3	3	0	0	28	2196	0	1	1	0
10416	1	2	6	0	0	28	2196	0	1	1	0
10417	1	4	1	0	0	28	2196	0	1	1	0
10420	1	2	6	0	0	28	2196	0	1	1	0
10422	1	3	3	0	0	28	2196	0	1	1	0
10425	1	5	2	0	0	28	2196	0	1	1	0
10426	1	3	3	0	0	28	2196	0	1	1	0
10427	1	4	1	0	0	28	2196	0	1	1	0
10433	1	2	6	0	0	28	2196	0	1	1	0
10436	1	1	4	0	0	28	2196	0	1	1	0
10449	1	4	1	0	0	28	2196	0	1	1	0
10462	1	2	6	0	0	28	2196	0	1	1	0
10472	1	5	2	0	0	28	2196	0	1	1	0
10474	1	1	4	0	0	28	2196	0	1	1	0
10491	1	4	1	0	0	28	2196	0	1	1	0
10492	1	5	2	0	0	28	2196	0	1	1	0
10501	1	3	3	0	0	28	2196	0	1	1	0
10502	1	2	6	0	0	28	2196	0	1	1	0
10505	1	5	2	0	0	28	2196	0	1	1	0
10507	1	1	4	0	0	28	2196	0	1	1	0
10514	1	2	6	0	0	28	2196	0	1	1	0
10524	1	4	1	0	0	28	2196	0	1	1	0
10540	1	3	3	0	0	28	2196	0	1	1	0
10542	1	5	2	0	0	28	2196	0	1	1	0
10543	1	1	4	0	0	28	2196	0	1	1	0
10549	1	4	1	0	0	28	2196	0	1	1	0
10554	1	3	3	0	0	28	2196	0	1	1	0
10555	1	1	4	0	0	20	1191	0	1	1	0
10559	1	5	2	0	0	26	1836	0	1	1	0
10567	1	1	4	0	0	28	2196	0	1	1	0
10570	1	3	3	0	0	28	2196	0	1	1	0
10572	1	1	4	0	0	28	2196	0	1	1	0
10576	1	3	3	0	0	28	2196	0	1	1	0
10577	1	4	1	0	0	28	2196	0	1	1	0
10580	1	5	2	0	0	28	2196	0	1	1	0
10582	1	5	2	0	0	28	2196	0	1	1	0
10583	1	1	4	0	0	28	2196	0	1	1	0
10584	1	2	6	0	0	28	2196	0	1	1	0
10591	1	4	1	0	0	28	2196	0	1	1	0
10592	1	1	4	0	0	28	2196	0	1	1	0
10594	1	3	3	0	0	28	2196	0	1	1	0
10596	1	2	6	0	0	28	2196	0	1	1	0
10597	1	5	2	0	0	28	2196	0	1	1	0
10603	1	2	6	0	0	22	1383	0	1	1	0
10604	1	3	3	0	0	28	2196	0	1	1	0
10607	1	4	1	0	0	28	2196	0	1	1	0
10614	1	1	4	0	0	28	2196	0	1	1	0
10619	1	2	6	0	0	28	2196	0	1	1	0
10620	1	5	2	0	0	28	2196	0	1	1	0
10626	1	3	3	0	0	28	2196	0	1	1	0
10627	1	1	4	0	0	28	2196	0	1	1	0
10641	1	5	2	0	0	28	2196	0	1	1	0
10644	1	1	4	0	0	28	2196	0	1	1	0
10653	1	2	6	0	0	28	2196	0	1	1	0
10655	1	1	4	0	0	28	2196	0	1	1	0
10656	1	4	1	0	0	28	2196	0	1	1	0
10657	1	5	2	0	0	28	2196	0	1	1	0
10674	1	4	1	0	0	28	2196	0	1	1	0
10676	1	2	6	0	0	28	2196	0	1	1	0
10680	1	1	4	0	0	24	1620	0	1	1	0
10686	1	4	1	0	0	28	2196	0	1	1	0
10689	1	5	2	0	0	26	1836	0	1	1	0
10701	1	2	6	0	0	28	2196	0	1	1	0
10702	1	5	2	0	0	28	2196	0	1	1	0
10703	1	1	4	0	0	28	2196	0	1	1	0
10718	1	4	1	0	0	28	2196	0	1	1	0
10724	1	5	2	0	0	28	2196	0	1	1	0
10727	1	1	4	0	0	28	2196	0	1	1	0
10728	1	3	3	0	0	28	2196	0	1	1	0
10733	1	2	6	0	0	28	2196	0	1	1	0
10739	1	3	3	0	0	28	2196	0	1	1	0
10747	1	3	3	0	0	28	2196	0	1	1	0
10748	1	5	2	0	0	28	2196	0	1	1	0
10750	1	4	1	0	0	28	2196	0	1	1	0
10754	1	2	6	0	0	28	2196	0	1	1	0
10755	1	3	3	0	0	28	2196	0	1	1	0
10764	1	1	4	0	0	28	2196	0	1	1	0
10766	1	5	2	0	0	28	2196	0	1	1	0
10777	1	1	4	0	0	28	2196	0	1	1	0
10779	1	4	1	0	0	28	2196	0	1	1	0
10781	1	1	4	0	0	28	2196	0	1	1	0
10782	1	5	2	0	0	20	1191	0	1	1	0
10794	1	3	3	0	0	28	2196	0	1	1	0
10797	1	2	6	0	0	28	2196	0	1	1	0
10802	1	5	2	0	0	28	2196	0	1	1	0
10807	1	3	3	0	0	28	2196	0	1	1	0
10811	1	2	6	0	0	28	2196	0	1	1	0
10812	1	4	1	0	0	28	2196	0	1	1	0
10818	1	1	4	0	0	24	1620	0	1	1	0
10819	1	4	1	0	0	28	2196	0	1	1	0
10821	1	3	3	0	0	28	2196	0	1	1	0
10823	1	2	6	0	0	28	2196	0	1	1	0
10832	1	1	4	0	0	28	2196	0	1	1	0
10835	1	3	3	0	0	28	2196	0	1	1	0
10846	1	2	6	0	0	28	2196	0	1	1	0
10848	1	3	3	0	0	28	2196	0	1	1	0
10849	1	1	4	0	0	28	2196	0	1	1	0
10852	1	4	1	0	0	28	2196	0	1	1	0
10859	1	5	2	0	0	28	2196	0	1	1	0
10860	1	4	1	0	0	28	2196	0	1	1	0
10861	1	1	4	0	0	28	2196	0	1	1	0
10862	1	3	3	0	0	28	2196	0	1	1	0
10868	1	2	6	0	0	28	2196	0	1	1	0
10871	1	3	3	0	0	28	2196	0	1	1	0
10883	1	1	4	0	0	28	2196	0	1	1	0
10884	1	4	1	0	0	28	2196	0	1	1	0
10885	1	2	6	0	0	28	2196	0	1	1	0
10887	1	4	1	0	0	28	2196	0	1	1	0
10892	1	5	2	0	0	24	1620	0	1	1	0
10898	1	3	3	0	0	28	2196	0	1	1	0
10906	1	1	4	0	0	28	2196	0	1	1	0
10912	1	5	2	0	0	28	2196	0	1	1	0
10914	1	2	6	0	0	28	2196	0	1	1	0
10917	1	5	2	0	0	28	2196	0	1	1	0
10920	1	1	4	0	0	28	2196	0	1	1	0
10926	1	5	2	0	0	24	1620	0	1	1	0
10927	1	3	3	0	0	28	2196	0	1	1	0
10930	1	2	6	0	0	28	2196	0	1	1	0
10931	1	5	2	0	0	28	2196	0	1	1	0
10933	1	4	1	0	0	28	2196	0	1	1	0
10944	1	2	6	0	0	28	2196	0	1	1	0
10950	1	2	6	0	0	28	2196	0	1	1	0
10961	1	4	1	0	0	28	2196	0	1	1	0
10962	1	1	4	0	0	28	2196	0	1	1	0
10964	1	5	2	0	0	24	1620	0	1	1	0
10967	1	4	1	0	0	28	2196	0	1	1	0
10970	1	2	6	0	0	28	2196	0	1	1	0
10973	1	5	2	0	0	6	309	0	1	1	0
10974	1	4	1	0	0	28	2196	0	1	1	0
10986	1	2	6	0	0	28	2196	0	1	1	0
10988	1	4	1	0	0	28	2196	0	1	1	0
10991	1	1	4	0	0	28	2196	0	1	1	0
10993	1	3	3	0	0	28	2196	0	1	1	0
11011	1	5	2	0	0	28	2196	0	1	1	0
11014	1	1	4	0	0	28	2196	0	1	1	0
11016	1	4	1	0	0	28	2196	0	1	1	0
11019	1	2	6	0	0	28	2196	0	1	1	0
11034	1	1	4	0	0	28	2196	0	1	1	0
11037	1	2	6	0	0	28	2196	0	1	1	0
11040	1	3	3	0	0	28	2196	0	1	1	0
11041	1	1	4	0	0	28	2196	0	1	1	0
11042	1	2	6	0	0	28	2196	0	1	1	0
11047	1	3	3	0	0	28	2196	0	1	1	0
11049	1	4	1	0	0	28	2196	0	1	1	0
11056	1	3	3	0	0	28	2196	0	1	1	0
11062	1	2	6	0	0	28	2196	0	1	1	0
11070	1	1	4	0	0	28	2196	0	1	1	0
11080	1	2	6	0	0	28	2196	0	1	1	0
11084	1	1	4	0	0	28	2196	0	1	1	0
11086	1	5	2	0	0	28	2196	0	1	1	0
11094	1	4	1	0	0	28	2196	0	1	1	0
11101	1	3	3	0	0	28	2196	0	1	1	0
11104	1	1	4	0	0	28	2196	0	1	1	0
11105	1	2	6	0	0	28	2196	0	1	1	0
11112	1	2	6	0	0	28	2196	0	1	1	0
11114	1	5	2	0	0	28	2196	0	1	1	0
11116	1	1	4	0	0	28	2196	0	1	1	0
11122	1	5	2	0	0	28	2196	0	1	1	0
11124	1	1	4	0	0	28	2196	0	1	1	0
11127	1	5	2	0	0	28	2196	0	1	1	0
11130	1	3	3	0	0	28	2196	0	1	1	0
11131	1	2	6	0	0	28	2196	0	1	1	0
11140	1	3	3	0	0	28	2196	0	1	1	0
11152	1	3	3	0	0	28	2196	0	1	1	0
11169	1	5	2	0	0	28	2196	0	1	1	0
11170	1	3	3	0	0	28	2196	0	1	1	0
11174	1	5	2	0	0	28	2196	0	1	1	0
11177	1	1	4	0	0	28	2196	0	1	1	0
11179	1	2	6	0	0	28	2196	0	1	1	0
11186	1	3	3	0	0	28	2196	0	1	1	0
11187	1	5	2	0	0	28	2196	0	1	1	0
11200	1	5	2	0	0	28	2196	0	1	1	0
11203	1	4	1	0	0	28	2196	0	1	1	0
11211	1	2	6	0	0	28	2196	0	1	1	0
11218	1	4	1	0	0	28	2196	0	1	1	0
11227	1	5	2	0	0	28	2196	0	1	1	0
11231	1	2	6	0	0	28	2196	0	1	1	0
11232	1	1	4	0	0	20	1191	0	1	1	0
11236	1	4	1	0	0	28	2196	0	1	1	0
11247	1	3	3	0	0	28	2196	0	1	1	0
11251	1	5	2	0	0	28	2196	0	1	1	0
11252	1	4	1	0	0	28	2196	0	1	1	0
11257	1	2	6	0	0	28	2196	0	1	1	0
11259	1	1	4	0	0	28	2196	0	1	1	0
11260	1	5	2	0	0	26	1836	0	1	1	0
11262	1	4	1	0	0	28	2196	0	1	1	0
11270	1	5	2	0	0	28	2196	0	1	1	0
11271	1	1	4	0	0	28	2196	0	1	1	0
11280	1	4	1	0	0	28	2196	0	1	1	0
11285	1	4	1	0	0	28	2196	0	1	1	0
11290	1	1	4	0	0	28	2196	0	1	1	0
11291	1	3	3	0	0	28	2196	0	1	1	0
11292	1	5	2	0	0	28	2196	0	1	1	0
11293	1	4	1	0	0	28	2196	0	1	1	0
11296	1	2	6	0	0	28	2196	0	1	1	0
11298	1	3	3	0	0	28	2196	0	1	1	0
11307	1	2	6	0	0	28	2196	0	1	1	0
11311	1	5	2	0	0	28	2196	0	1	1	0
11315	1	3	3	0	0	28	2196	0	1	1	0
11316	1	2	6	0	0	28	2196	0	1	1	0
11317	1	1	4	0	0	28	2196	0	1	1	0
11324	1	3	3	0	0	28	2196	0	1	1	0
11328	1	5	2	0	0	14	775	0	1	1	0
11331	1	2	6	0	0	28	2196	0	1	1	0
11343	1	3	3	0	0	28	2196	0	1	1	0
11354	1	1	4	0	0	28	2196	0	1	1	0
11355	1	3	3	0	0	28	2196	0	1	1	0
11363	1	5	2	0	0	28	2196	0	1	1	0
11377	1	1	4	0	0	28	2196	0	1	1	0
11382	1	1	4	0	0	28	2196	0	1	1	0
11383	1	4	1	0	0	28	2196	0	1	1	0
11391	1	5	2	0	0	22	1383	0	1	1	0
11394	1	3	3	0	0	28	2196	0	1	1	0
11396	1	4	1	0	0	28	2196	0	1	1	0
11401	1	2	6	0	0	28	2196	0	1	1	0
11404	1	4	1	0	0	28	2196	0	1	1	0
11410	1	2	6	0	0	28	2196	0	1	1	0
11418	1	4	1	0	0	28	2196	0	1	1	0
11424	1	5	2	0	0	28	2196	0	1	1	0
11428	1	1	4	0	0	28	2196	0	1	1	0
11435	1	4	1	0	0	28	2196	0	1	1	0
11436	1	5	2	0	0	28	2196	0	1	1	0
11440	1	2	6	0	0	28	2196	0	1	1	0
11444	1	1	4	0	0	28	2196	0	1	1	0
11452	1	3	3	0	0	28	2196	0	1	1	0
11458	1	4	1	0	0	28	2196	0	1	1	0
11476	1	3	3	0	0	28	2196	0	1	1	0
11477	1	1	4	0	0	28	2196	0	1	1	0
11485	1	2	6	0	0	28	2196	0	1	1	0
11489	1	3	3	0	0	28	2196	0	1	1	0
11491	1	2	6	0	0	28	2196	0	1	1	0
11492	1	1	4	0	0	28	2196	0	1	1	0
11494	1	5	2	0	0	20	1191	0	1	1	0
11505	1	3	3	0	0	28	2196	0	1	1	0
11506	1	4	1	0	0	28	2196	0	1	1	0
11507	1	2	6	0	0	28	2196	0	1	1	0
11510	1	5	2	0	0	28	2196	0	1	1	0
11524	1	1	4	0	0	28	2196	0	1	1	0
11526	1	5	2	0	0	28	2196	0	1	1	0
11527	1	3	3	0	0	28	2196	0	1	1	0
11528	1	4	1	0	0	28	2196	0	1	1	0
11532	1	2	6	0	0	28	2196	0	1	1	0
11533	1	4	1	0	0	28	2196	0	1	1	0
11546	1	3	3	0	0	28	2196	0	1	1	0
11548	1	1	4	0	0	28	2196	0	1	1	0
11551	1	5	2	0	0	28	2196	0	1	1	0
11559	1	1	4	0	0	28	2196	0	1	1	0
11560	1	3	3	0	0	28	2196	0	1	1	0
11566	1	1	4	0	0	18	967	0	1	1	0
11575	1	5	2	0	0	28	2196	0	1	1	0
11587	1	4	1	0	0	28	2196	0	1	1	0
11588	1	1	4	0	0	28	2196	0	1	1	0
11592	1	5	2	0	0	20	1191	0	1	1	0
11596	1	3	3	0	0	28	2196	0	1	1	0
11606	1	2	6	0	0	28	2196	0	1	1	0
11607	1	1	4	0	0	28	2196	0	1	1	0
11610	1	4	1	0	0	28	2196	0	1	1	0
11611	1	3	3	0	0	28	2196	0	1	1	0
11616	1	4	1	0	0	28	2196	0	1	1	0
11617	1	2	6	0	0	28	2196	0	1	1	0
11618	1	5	2	0	0	28	2196	0	1	1	0
11627	1	5	2	0	0	28	2196	0	1	1	0
11628	1	1	4	0	0	28	2196	0	1	1	0
11629	1	3	3	0	0	28	2196	0	1	1	0
11632	1	2	6	0	0	28	2196	0	1	1	0
11637	1	4	1	0	0	28	2196	0	1	1	0
11638	1	1	4	0	0	28	2196	0	1	1	0
11639	1	5	2	0	0	28	2196	0	1	1	0
11643	1	2	6	0	0	28	2196	0	1	1	0
11646	1	4	1	0	0	28	2196	0	1	1	0
11666	1	3	3	0	0	28	2196	0	1	1	0
11667	1	4	1	0	0	28	2196	0	1	1	0
11668	1	1	4	0	0	28	2196	0	1	1	0
11673	1	5	2	0	0	28	2196	0	1	1	0
11678	1	5	2	0	0	28	2196	0	1	1	0
11679	1	4	1	0	0	28	2196	0	1	1	0
11687	1	3	3	0	0	28	2196	0	1	1	0
11694	1	3	3	0	0	28	2196	0	1	1	0
11696	1	4	1	0	0	28	2196	0	1	1	0
11706	1	4	1	0	0	28	2196	0	1	1	0
11707	1	2	6	0	0	28	2196	0	1	1	0
11711	1	1	4	0	0	28	2196	0	1	1	0
11713	1	3	3	0	0	28	2196	0	1	1	0
11714	1	4	1	0	0	28	2196	0	1	1	0
11717	1	2	6	0	0	28	2196	0	1	1	0
11718	1	5	2	0	0	28	2196	0	1	1	0
11719	1	1	4	0	0	28	2196	0	1	1	0
11728	1	2	6	0	0	28	2196	0	1	1	0
11737	1	4	1	0	0	28	2196	0	1	1	0
11751	1	5	2	0	0	28	2196	0	1	1	0
11752	1	4	1	0	0	28	2196	0	1	1	0
11756	1	3	3	0	0	28	2196	0	1	1	0
11757	1	4	1	0	0	28	2196	0	1	1	0
11760	1	1	4	0	0	28	2196	0	1	1	0
11765	1	1	4	0	0	28	2196	0	1	1	0
11770	1	4	1	0	0	28	2196	0	1	1	0
11781	1	1	4	0	0	28	2196	0	1	1	0
11784	1	2	6	0	0	28	2196	0	1	1	0
11789	1	5	2	0	0	28	2196	0	1	1	0
11790	1	2	6	0	0	28	2196	0	1	1	0
11798	1	1	4	0	0	28	2052	0	1	1	0
11798	1	4	1	0	0	28	185	0	1	1	0
11806	1	3	3	0	0	28	2196	0	1	1	0
11807	1	2	6	0	0	28	2196	0	1	1	0
11811	1	5	2	0	0	26	1836	0	1	1	0
11814	1	2	6	0	0	28	2196	0	1	1	0
11815	1	1	4	0	0	28	2196	0	1	1	0
11818	1	2	6	0	0	28	2196	0	1	1	0
11819	1	5	2	0	0	28	2196	0	1	1	0
11825	1	2	6	0	0	28	2196	0	1	1	0
11826	1	1	4	0	0	28	2196	0	1	1	0
11842	1	5	2	0	0	28	2196	0	1	1	0
11848	1	5	2	0	0	28	2196	0	1	1	0
11850	1	2	6	0	0	28	2196	0	1	1	0
11853	1	4	1	0	0	28	2196	0	1	1	0
11858	1	3	3	0	0	28	2196	0	1	1	0
11861	1	1	4	0	0	28	2196	0	1	1	0
11863	1	4	1	0	0	28	2196	0	1	1	0
11864	1	1	4	0	0	28	2196	0	1	1	0
11870	1	2	6	0	0	26	1836	0	1	1	0
11892	1	5	2	0	0	28	2196	0	1	1	0
11898	1	2	6	0	0	28	2196	0	1	1	0
11900	1	1	4	0	0	28	2196	0	1	1	0
11904	1	3	3	0	0	28	2196	0	1	1	0
11913	1	5	2	0	0	28	2196	0	1	1	0
11918	1	2	6	0	0	28	2196	0	1	1	0
11924	1	4	1	0	0	28	2196	0	1	1	0
11927	1	1	4	0	0	24	1620	0	1	1	0
11931	1	2	6	0	0	28	2196	0	1	1	0
11949	1	3	3	0	0	28	2196	0	1	1	0
11958	1	5	2	0	0	20	1191	0	1	1	0
11961	1	3	3	0	0	28	2196	0	1	1	0
11970	1	5	2	0	0	26	1836	0	1	1	0
11972	1	1	4	0	0	28	2196	0	1	1	0
11973	1	3	3	0	0	28	2196	0	1	1	0
11980	1	5	2	0	0	28	2196	0	1	1	0
11981	1	2	6	0	0	28	2196	0	1	1	0
11993	1	3	3	0	0	28	2196	0	1	1	0
11996	1	4	1	0	0	28	2196	0	1	1	0
11997	1	5	2	0	0	14	775	0	1	1	0
12005	1	1	4	0	0	28	2196	0	1	1	0
12006	1	3	3	0	0	28	2196	0	1	1	0
12007	1	5	2	0	0	28	2196	0	1	1	0
12016	1	5	2	0	0	28	2196	0	1	1	0
12020	1	4	1	0	0	28	2196	0	1	1	0
12032	1	2	6	0	0	28	2196	0	1	1	0
12036	1	5	2	0	0	28	2196	0	1	1	0
12038	1	4	1	0	0	24	1620	0	1	1	0
12046	1	1	4	0	0	28	2196	0	1	1	0
12047	1	3	3	0	0	28	2196	0	1	1	0
12054	1	2	6	0	0	28	2196	0	1	1	0
12055	1	5	2	0	0	28	2196	0	1	1	0
12061	1	3	3	0	0	28	2196	0	1	1	0
12070	1	1	4	0	0	28	2196	0	1	1	0
12085	1	5	2	0	0	28	2196	0	1	1	0
12087	1	3	3	0	0	28	2196	0	1	1	0
12089	1	4	1	0	0	28	2196	0	1	1	0
12090	1	5	2	0	0	28	2196	0	1	1	0
12091	1	1	4	0	0	28	2196	0	1	1	0
12097	1	2	6	0	0	28	2196	0	1	1	0
12105	1	1	4	0	0	28	2196	0	1	1	0
12112	1	4	1	0	0	28	2196	0	1	1	0
12116	1	3	3	0	0	28	2196	0	1	1	0
12117	1	2	6	0	0	28	2196	0	1	1	0
12121	1	4	1	0	0	28	2196	0	1	1	0
12122	1	1	4	0	0	28	2196	0	1	1	0
12124	1	5	2	0	0	28	2196	0	1	1	0
12127	1	2	6	0	0	28	2196	0	1	1	0
12137	1	1	4	0	0	28	2196	0	1	1	0
12138	1	2	6	0	0	28	2196	0	1	1	0
12143	1	3	3	0	0	28	2196	0	1	1	0
12145	1	2	6	0	0	28	2196	0	1	1	0
12150	1	2	6	0	0	28	2196	0	1	1	0
12162	1	3	3	0	0	28	2196	0	1	1	0
12165	1	2	6	0	0	28	2196	0	1	1	0
12173	1	5	2	0	0	28	2196	0	1	1	0
12178	1	1	4	0	0	28	2196	0	1	1	0
12179	1	3	3	0	0	28	2196	0	1	1	0
12181	1	4	1	0	0	28	2196	0	1	1	0
12191	1	1	4	0	0	28	2196	0	1	1	0
12192	1	4	1	0	0	28	2196	0	1	1	0
12193	1	3	3	0	0	28	2196	0	1	1	0
12196	1	1	4	0	0	28	2196	0	1	1	0
12197	1	3	3	0	0	28	2196	0	1	1	0
12207	1	2	6	0	0	28	2196	0	1	1	0
12212	1	3	3	0	0	28	2196	0	1	1	0
12213	1	2	6	0	0	28	2196	0	1	1	0
12215	1	4	1	0	0	28	2196	0	1	1	0
12217	1	5	2	0	0	28	2196	0	1	1	0
12218	1	3	3	0	0	28	2196	0	1	1	0
12219	1	1	4	0	0	28	2196	0	1	1	0
12222	1	3	3	0	0	28	2196	0	1	1	0
12229	1	1	4	0	0	28	2196	0	1	1	0
12231	1	2	6	0	0	28	2196	0	1	1	0
12235	1	4	1	0	0	28	2196	0	1	1	0
12236	1	5	2	0	0	26	1836	0	1	1	0
12241	1	2	6	0	0	28	2196	0	1	1	0
12242	1	4	1	0	0	28	2196	0	1	1	0
12246	1	3	3	0	0	28	2196	0	1	1	0
12250	1	5	2	0	0	28	2196	0	1	1	0
12252	1	3	3	0	0	28	2196	0	1	1	0
12259	1	2	6	0	0	28	2196	0	1	1	0
12260	1	1	4	0	0	28	2196	0	1	1	0
12263	1	5	2	0	0	28	2196	0	1	1	0
12268	1	1	4	0	0	28	2196	0	1	1	0
12271	1	5	2	0	0	28	2196	0	1	1	0
12272	1	4	1	0	0	28	2196	0	1	1	0
12281	1	3	3	0	0	28	2196	0	1	1	0
12290	1	5	2	0	0	28	2196	0	1	1	0
12291	1	3	3	0	0	28	2196	0	1	1	0
12299	1	4	1	0	0	28	2196	0	1	1	0
12301	1	2	6	0	0	28	2196	0	1	1	0
12302	1	5	2	0	0	28	2196	0	1	1	0
12315	1	4	1	0	0	28	2196	0	1	1	0
12316	1	3	3	0	0	28	2196	0	1	1	0
12323	1	1	4	0	0	28	2196	0	1	1	0
12325	1	5	2	0	0	20	1191	0	1	1	0
12326	1	4	1	0	0	28	2196	0	1	1	0
12332	1	2	6	0	0	28	2196	0	1	1	0
12341	1	1	4	0	0	28	2196	0	1	1	0
12342	1	4	1	0	0	28	2196	0	1	1	0
12343	1	3	3	0	0	28	2196	0	1	1	0
12351	1	5	2	0	0	28	2196	0	1	1	0
12353	1	2	6	0	0	28	2196	0	1	1	0
12355	1	1	4	0	0	28	2196	0	1	1	0
12356	1	3	3	0	0	28	2196	0	1	1	0
12372	1	4	1	0	0	28	2196	0	1	1	0
12376	1	5	2	0	0	28	2196	0	1	1	0
12377	1	4	1	0	0	28	2196	0	1	1	0
12378	1	3	3	0	0	28	2196	0	1	1	0
12383	1	1	4	0	0	28	2196	0	1	1	0
12390	1	3	3	0	0	28	2196	0	1	1	0
12394	1	4	1	0	0	28	2196	0	1	1	0
12406	1	5	2	0	0	28	2196	0	1	1	0
12410	1	1	4	0	0	28	2196	0	1	1	0
12411	1	4	1	0	0	28	2196	0	1	1	0
12419	1	2	6	0	0	28	2196	0	1	1	0
12423	1	3	3	0	0	28	2196	0	1	1	0
12427	1	1	4	0	0	28	2196	0	1	1	0
12430	1	4	1	0	0	28	2196	0	1	1	0
12432	1	5	2	0	0	28	2196	0	1	1	0
12440	1	3	3	0	0	28	2196	0	1	1	0
12446	1	2	6	0	0	28	2196	0	1	1	0
12447	1	1	4	0	0	28	2196	0	1	1	0
12459	1	3	3	0	0	28	2196	0	1	1	0
12463	1	4	1	0	0	28	373	0	1	1	0
12463	1	5	2	0	0	26	1527	0	1	1	0
12464	1	3	3	0	0	28	2196	0	1	1	0
12469	1	2	6	0	0	28	2196	0	1	1	0
12470	1	3	3	0	0	28	2196	0	1	1	0
12474	1	5	2	0	0	28	2196	0	1	1	0
12479	1	3	3	0	0	28	2196	0	1	1	0
12480	1	1	4	0	0	28	2196	0	1	1	0
12496	1	2	6	0	0	28	2196	0	1	1	0
12497	1	1	4	0	0	28	2196	0	1	1	0
12503	1	5	2	0	0	28	2196	0	1	1	0
12504	1	1	4	0	0	28	2196	0	1	1	0
12511	1	4	1	0	0	28	2196	0	1	1	0
12517	1	2	6	0	0	28	2196	0	1	1	0
12523	1	3	3	0	0	28	2196	0	1	1	0
12525	1	5	2	0	0	28	2196	0	1	1	0
12527	1	2	6	0	0	28	2196	0	1	1	0
12539	1	1	4	0	0	28	2196	0	1	1	0
12547	1	5	2	0	0	28	2196	0	1	1	0
12548	1	3	3	0	0	28	2196	0	1	1	0
12551	1	1	4	0	0	26	1836	0	1	1	0
12556	1	4	1	0	0	28	2196	0	1	1	0
12558	1	2	6	0	0	28	2196	0	1	1	0
12563	1	5	2	0	0	26	1836	0	1	1	0
12567	1	1	4	0	0	28	2196	0	1	1	0
12569	1	3	3	0	0	28	2196	0	1	1	0
12570	1	4	1	0	0	28	2196	0	1	1	0
12571	1	5	2	0	0	28	2196	0	1	1	0
12580	1	2	6	0	0	28	2196	0	1	1	0
12581	1	5	2	0	0	28	2196	0	1	1	0
12586	1	5	2	0	0	28	2196	0	1	1	0
12594	1	1	4	0	0	28	2196	0	1	1	0
12597	1	1	4	0	0	28	2196	0	1	1	0
12598	1	3	3	0	0	28	2196	0	1	1	0
12604	1	2	6	0	0	28	2196	0	1	1	0
12610	1	4	1	0	0	28	2196	0	1	1	0
12611	1	5	2	0	0	22	1383	0	1	1	0
12619	1	1	4	0	0	28	2196	0	1	1	0
12635	1	3	3	0	0	28	2196	0	1	1	0
12639	1	5	2	0	0	12	597	0	1	1	0
12650	1	1	4	0	0	28	2196	0	1	1	0
12652	1	4	1	0	0	28	2196	0	1	1	0
12662	1	3	3	0	0	28	2196	0	1	1	0
12666	1	2	6	0	0	28	2196	0	1	1	0
12672	1	2	6	0	0	28	2196	0	1	1	0
12673	1	4	1	0	0	28	2196	0	1	1	0
12677	1	5	2	0	0	28	2196	0	1	1	0
12680	1	2	6	0	0	28	2196	0	1	1	0
12692	1	4	1	0	0	28	2196	0	1	1	0
12697	1	2	6	0	0	28	2196	0	1	1	0
12700	1	1	4	0	0	28	2196	0	1	1	0
12706	1	2	6	0	0	28	2196	0	1	1	0
12708	1	4	1	0	0	28	2196	0	1	1	0
12712	1	1	4	0	0	28	2196	0	1	1	0
12713	1	3	3	0	0	28	2196	0	1	1	0
12724	1	4	1	0	0	28	2196	0	1	1	0
12730	1	2	6	0	0	28	2196	0	1	1	0
12734	1	3	3	0	0	28	2196	0	1	1	0
12735	1	1	4	0	0	28	2196	0	1	1	0
12739	1	2	6	0	0	28	2196	0	1	1	0
12745	1	3	3	0	0	28	2196	0	1	1	0
12748	1	4	1	0	0	28	2196	0	1	1	0
12752	1	1	4	0	0	28	2196	0	1	1	0
12753	1	5	2	0	0	28	2196	0	1	1	0
12763	1	5	2	0	0	28	2196	0	1	1	0
12767	1	4	1	0	0	28	2196	0	1	1	0
12770	1	4	1	0	0	28	2196	0	1	1	0
12771	1	3	3	0	0	28	2196	0	1	1	0
12774	1	2	6	0	0	28	2196	0	1	1	0
12776	1	1	4	0	0	28	2196	0	1	1	0
12787	1	5	2	0	0	28	2196	0	1	1	0
12788	1	1	4	0	0	28	2196	0	1	1	0
12803	1	2	6	0	0	28	2196	0	1	1	0
12809	1	4	1	0	0	28	2196	0	1	1	0
12818	1	3	3	0	0	28	2196	0	1	1	0
12821	1	2	6	0	0	28	2196	0	1	1	0
12822	1	5	2	0	0	28	2196	0	1	1	0
12826	1	4	1	0	0	28	2196	0	1	1	0
12834	1	1	4	0	0	28	2196	0	1	1	0
12841	1	4	1	0	0	28	2196	0	1	1	0
12843	1	2	6	0	0	24	1620	0	1	1	0
12850	1	3	3	0	0	28	2196	0	1	1	0
12851	1	5	2	0	0	28	2196	0	1	1	0
12854	1	5	2	0	0	28	2196	0	1	1	0
12858	1	2	6	0	0	28	2196	0	1	1	0
12862	1	2	6	0	0	28	2196	0	1	1	0
12863	1	4	1	0	0	28	2196	0	1	1	0
12869	1	3	3	0	0	28	2196	0	1	1	0
12870	1	4	1	0	0	28	2196	0	1	1	0
12878	1	3	3	0	0	28	2196	0	1	1	0
12880	1	1	4	0	0	28	2196	0	1	1	0
12881	1	4	1	0	0	28	2196	0	1	1	0
12889	1	2	6	0	0	28	2196	0	1	1	0
12895	1	1	4	0	0	22	1383	0	1	1	0
12899	1	5	2	0	0	28	2196	0	1	1	0
12900	1	2	6	0	0	28	2196	0	1	1	0
12908	1	4	1	0	0	28	2196	0	1	1	0
12914	1	4	1	0	0	28	2196	0	1	1	0
12919	1	1	4	0	0	28	2196	0	1	1	0
12924	1	3	3	0	0	28	2196	0	1	1	0
12925	1	2	6	0	0	28	2196	0	1	1	0
12930	1	4	1	0	0	28	2196	0	1	1	0
12935	1	3	3	0	0	28	2196	0	1	1	0
12936	1	5	2	0	0	22	1383	0	1	1	0
12946	1	2	6	0	0	28	2196	0	1	1	0
12954	1	3	3	0	0	28	2196	0	1	1	0
12956	1	2	6	0	0	28	2196	0	1	1	0
12959	1	4	1	0	0	28	2196	0	1	1	0
12964	1	1	4	0	0	28	2196	0	1	1	0
12969	1	4	1	0	0	28	2196	0	1	1	0
12971	1	1	4	0	0	28	2196	0	1	1	0
12972	1	2	6	0	0	28	2196	0	1	1	0
12977	1	4	1	0	0	28	2196	0	1	1	0
12981	1	5	2	0	0	28	2196	0	1	1	0
12985	1	3	3	0	0	28	2196	0	1	1	0
12987	1	5	2	0	0	28	2196	0	1	1	0
12988	1	1	4	0	0	28	2196	0	1	1	0
12994	1	4	1	0	0	28	2196	0	1	1	0
12995	1	1	4	0	0	28	2196	0	1	1	0
12999	1	5	2	0	0	28	2196	0	1	1	0
13006	1	5	2	0	0	28	2196	0	1	1	0
13018	1	2	6	0	0	28	2196	0	1	1	0
13020	1	5	2	0	0	18	967	0	1	1	0
13021	1	4	1	0	0	28	2196	0	1	1	0
13025	1	2	6	0	0	28	2196	0	1	1	0
13031	1	5	2	0	0	28	2196	0	1	1	0
13032	1	4	1	0	0	28	2196	0	1	1	0
13038	1	5	2	0	0	28	2196	0	1	1	0
13041	1	1	4	0	0	28	2196	0	1	1	0
13044	1	3	3	0	0	28	2196	0	1	1	0
13045	1	5	2	0	0	22	1383	0	1	1	0
13048	1	2	6	0	0	28	2196	0	1	1	0
13054	1	2	6	0	0	28	2196	0	1	1	0
13058	1	1	4	0	0	28	2196	0	1	1	0
13065	1	3	3	0	0	28	2196	0	1	1	0
13072	1	2	6	0	0	28	2196	0	1	1	0
13075	1	5	2	0	0	28	2196	0	1	1	0
13081	1	1	4	0	0	28	2196	0	1	1	0
13095	1	3	3	0	0	28	2196	0	1	1	0
13104	1	1	4	0	0	28	2196	0	1	1	0
13107	1	5	2	0	0	26	1836	0	1	1	0
13117	1	4	1	0	0	22	1383	0	1	1	0
13122	1	3	3	0	0	28	2196	0	1	1	0
13124	1	5	2	0	0	22	1383	0	1	1	0
13131	1	2	6	0	0	28	2196	0	1	1	0
13134	1	1	4	0	0	28	2196	0	1	1	0
13137	1	3	3	0	0	28	2196	0	1	1	0
13140	1	5	2	0	0	28	2196	0	1	1	0
13141	1	1	4	0	0	28	2196	0	1	1	0
13142	1	4	1	0	0	28	2196	0	1	1	0
13148	1	3	3	0	0	28	2196	0	1	1	0
13156	1	1	4	0	0	28	2196	0	1	1	0
13159	1	2	6	0	0	28	2196	0	1	1	0
13163	1	4	1	0	0	28	2196	0	1	1	0
13164	1	3	3	0	0	28	2196	0	1	1	0
13166	1	5	2	0	0	28	2196	0	1	1	0
13171	1	1	4	0	0	28	2196	0	1	1	0
13173	1	4	1	0	0	28	2196	0	1	1	0
13175	1	1	4	0	0	28	2196	0	1	1	0
13183	1	2	6	0	0	28	2196	0	1	1	0
13184	1	5	2	0	0	28	2196	0	1	1	0
13188	1	1	4	0	0	28	2196	0	1	1	0
13196	1	2	6	0	0	24	1620	0	1	1	0
13200	1	5	2	0	0	26	1836	0	1	1	0
13201	1	4	1	0	0	28	2196	0	1	1	0
13208	1	5	2	0	0	26	1836	0	1	1	0
13225	1	2	6	0	0	28	2196	0	1	1	0
13235	1	4	1	0	0	28	2196	0	1	1	0
13236	1	5	2	0	0	24	1620	0	1	1	0
13244	1	3	3	0	0	28	2196	0	1	1	0
13245	1	4	1	0	0	28	2196	0	1	1	0
13249	1	1	4	0	0	28	2196	0	1	1	0
13256	1	5	2	0	0	28	2196	0	1	1	0
13274	1	2	6	0	0	28	2196	0	1	1	0
13277	1	5	2	0	0	28	2196	0	1	1	0
13283	1	1	4	0	0	24	1620	0	1	1	0
13286	1	2	6	0	0	28	2196	0	1	1	0
13289	1	4	1	0	0	28	2196	0	1	1	0
13294	1	5	2	0	0	28	2196	0	1	1	0
13302	1	1	4	0	0	28	2196	0	1	1	0
13304	1	2	6	0	0	22	1383	0	1	1	0
13305	1	3	3	0	0	28	2196	0	1	1	0
13307	1	2	6	0	0	28	2196	0	1	1	0
13321	1	5	2	0	0	28	2196	0	1	1	0
13326	1	3	3	0	0	28	2196	0	1	1	0
13328	1	1	4	0	0	28	2196	0	1	1	0
13335	1	4	1	0	0	28	2196	0	1	1	0
13339	1	3	3	0	0	28	2196	0	1	1	0
13340	1	2	6	0	0	28	2196	0	1	1	0
13341	1	1	4	0	0	28	2196	0	1	1	0
13345	1	2	6	0	0	28	2196	0	1	1	0
13351	1	5	2	0	0	28	2196	0	1	1	0
13353	1	4	1	0	0	28	2196	0	1	1	0
13361	1	2	6	0	0	28	2196	0	1	1	0
13364	1	1	4	0	0	28	2196	0	1	1	0
13365	1	5	2	0	0	20	1191	0	1	1	0
13367	1	3	3	0	0	28	2196	0	1	1	0
13371	1	2	6	0	0	28	2196	0	1	1	0
13375	1	3	3	0	0	28	2196	0	1	1	0
13378	1	2	6	0	0	28	2196	0	1	1	0
13379	1	1	4	0	0	28	2196	0	1	1	0
13385	1	2	6	0	0	28	2196	0	1	1	0
13391	1	1	4	0	0	28	2196	0	1	1	0
13393	1	3	3	0	0	28	2196	0	1	1	0
13394	1	4	1	0	0	28	2196	0	1	1	0
13397	1	1	4	0	0	28	2196	0	1	1	0
13404	1	2	6	0	0	28	2196	0	1	1	0
13418	1	3	3	0	0	28	2196	0	1	1	0
13420	1	4	1	0	0	28	2196	0	1	1	0
13429	1	5	2	0	0	28	2196	0	1	1	0
13430	1	4	1	0	0	28	2196	0	1	1	0
13431	1	1	4	0	0	28	2196	0	1	1	0
13434	1	4	1	0	0	28	2196	0	1	1	0
13438	1	5	2	0	0	28	2196	0	1	1	0
13442	1	3	3	0	0	28	2196	0	1	1	0
13447	1	3	3	0	0	28	2196	0	1	1	0
13460	1	4	1	0	0	28	2196	0	1	1	0
13461	1	3	3	0	0	28	2196	0	1	1	0
13464	1	4	1	0	0	28	2196	0	1	1	0
13468	1	1	4	0	0	28	2196	0	1	1	0
13469	1	3	3	0	0	28	2196	0	1	1	0
13471	1	2	6	0	0	28	2196	0	1	1	0
13477	1	4	1	0	0	28	2196	0	1	1	0
13482	1	2	6	0	0	28	2196	0	1	1	0
13483	1	1	4	0	0	28	2196	0	1	1	0
13489	1	4	1	0	0	28	2196	0	1	1	0
13496	1	5	2	0	0	28	2196	0	1	1	0
13504	1	2	6	0	0	28	2196	0	1	1	0
13510	1	3	3	0	0	28	2196	0	1	1	0
13513	1	1	4	0	0	28	2196	0	1	1	0
13514	1	2	6	0	0	28	2196	0	1	1	0
13517	1	5	2	0	0	28	2196	0	1	1	0
13524	1	3	3	0	0	28	2196	0	1	1	0
13526	1	1	4	0	0	28	2196	0	1	1	0
13527	1	5	2	0	0	28	2196	0	1	1	0
13531	1	2	6	0	0	28	2196	0	1	1	0
13535	1	4	1	0	0	28	2196	0	1	1	0
13542	1	2	6	0	0	28	2196	0	1	1	0
13547	1	1	4	0	0	28	2196	0	1	1	0
13551	1	4	1	0	0	28	2196	0	1	1	0
13555	1	4	1	0	0	28	2196	0	1	1	0
13559	1	5	2	0	0	28	2196	0	1	1	0
13562	1	3	3	0	0	28	2196	0	1	1	0
13565	1	1	4	0	0	28	2196	0	1	1	0
13567	1	2	6	0	0	28	2196	0	1	1	0
13575	1	3	3	0	0	28	2196	0	1	1	0
13579	1	2	6	0	0	28	2196	0	1	1	0
13580	1	3	3	0	0	28	2196	0	1	1	0
13583	1	4	1	0	0	28	2196	0	1	1	0
13584	1	3	3	0	0	28	2196	0	1	1	0
13587	1	1	4	0	0	28	2196	0	1	1	0
13588	1	2	6	0	0	24	1620	0	1	1	0
13590	1	3	3	0	0	28	2196	0	1	1	0
13601	1	1	4	0	0	28	2196	0	1	1	0
13603	1	5	2	0	0	28	2196	0	1	1	0
13604	1	4	1	0	0	28	2196	0	1	1	0
13615	1	2	6	0	0	28	2196	0	1	1	0
13617	1	4	1	0	0	28	2196	0	1	1	0
13618	1	1	4	0	0	28	2196	0	1	1	0
13620	1	5	2	0	0	28	2196	0	1	1	0
13626	1	1	4	0	0	28	2196	0	1	1	0
13630	1	1	4	0	0	28	2196	0	1	1	0
13634	1	2	6	0	0	28	2196	0	1	1	0
13635	1	4	1	0	0	28	2196	0	1	1	0
13642	1	4	1	0	0	28	2196	0	1	1	0
13649	1	1	4	0	0	28	2196	0	1	1	0
13652	1	4	1	0	0	28	2196	0	1	1	0
13660	1	1	4	0	0	28	2196	0	1	1	0
13663	1	4	1	0	0	28	2196	0	1	1	0
13671	1	2	6	0	0	28	2196	0	1	1	0
13672	1	5	2	0	0	28	2196	0	1	1	0
13673	1	4	1	0	0	28	2196	0	1	1	0
13675	1	3	3	0	0	28	2196	0	1	1	0
13676	1	1	4	0	0	28	2196	0	1	1	0
13678	1	2	6	0	0	28	2196	0	1	1	0
13683	1	3	3	0	0	28	2196	0	1	1	0
13685	1	2	6	0	0	28	2196	0	1	1	0
13687	1	5	2	0	0	28	2196	0	1	1	0
13688	1	1	4	0	0	28	2196	0	1	1	0
13700	1	4	1	0	0	28	2196	0	1	1	0
13701	1	1	4	0	0	28	2196	0	1	1	0
13711	1	5	2	0	0	28	2196	0	1	1	0
13714	1	1	4	0	0	28	2196	0	1	1	0
13718	1	3	3	0	0	28	2196	0	1	1	0
13731	1	4	1	0	0	28	2196	0	1	1	0
13737	1	2	6	0	0	28	2196	0	1	1	0
13743	1	5	2	0	0	22	1383	0	1	1	0
13744	1	4	1	0	0	28	2196	0	1	1	0
13745	1	1	4	0	0	28	2196	0	1	1	0
13751	1	4	1	0	0	28	2196	0	1	1	0
13757	1	2	6	0	0	28	2196	0	1	1	0
13759	1	3	3	0	0	28	2196	0	1	1	0
13765	1	4	1	0	0	28	2196	0	1	1	0
13768	1	2	6	0	0	28	2196	0	1	1	0
13769	1	3	3	0	0	28	2196	0	1	1	0
13776	1	4	1	0	0	28	2196	0	1	1	0
13784	1	4	1	0	0	28	2196	0	1	1	0
13785	1	2	6	0	0	28	2196	0	1	1	0
13786	1	1	4	0	0	28	2196	0	1	1	0
13796	1	3	3	0	0	28	2196	0	1	1	0
13802	1	5	2	0	0	26	1836	0	1	1	0
13804	1	3	3	0	0	28	2196	0	1	1	0
13808	1	1	4	0	0	28	2196	0	1	1	0
13814	1	2	6	0	0	28	2196	0	1	1	0
13817	1	1	4	0	0	28	2196	0	1	1	0
13830	1	4	1	0	0	28	2196	0	1	1	0
13832	1	2	6	0	0	28	2196	0	1	1	0
13834	1	3	3	0	0	28	2196	0	1	1	0
13840	1	4	1	0	0	28	2196	0	1	1	0
13842	1	1	4	0	0	28	2196	0	1	1	0
13849	1	2	6	0	0	28	2196	0	1	1	0
13850	1	5	2	0	0	28	2196	0	1	1	0
13857	1	3	3	0	0	28	2196	0	1	1	0
