% time	cellId	IMSI	RNTI	sinrLinear	componentCarrierId
0.041	1	4	1	4496.59	0
0.042	1	8	2	20726.5	0
0.043	1	3	3	5324.57	0
0.044	1	7	4	700.389	0
0.047	1	5	7	448.51	0
0.048	1	1	8	56857	0
0.049	1	2	9	443.253	0
0.05	1	6	10	782.885	0
0.053	1	10	13	28555.6	0
0.054	1	9	14	4496.59	0
0.081	1	4	1	4496.59	0
0.082	1	8	2	20726.5	0
0.083	1	3	3	5324.57	0
0.084	1	7	4	700.389	0
0.087	1	5	7	448.51	0
0.088	1	1	8	56857	0
0.089	1	2	9	443.253	0
0.09	1	6	10	782.885	0
0.093	1	10	13	28555.6	0
0.094	1	9	14	4496.59	0
0.121	1	4	1	4496.59	0
0.122	1	8	2	20726.5	0
0.123	1	3	3	5324.57	0
0.124	1	7	4	700.389	0
0.127	1	5	7	448.51	0
0.128	1	1	8	56857	0
0.129	1	2	9	443.253	0
0.13	1	6	10	782.885	0
0.133	1	10	13	28555.6	0
0.134	1	9	14	4496.59	0
0.161	1	4	1	4496.59	0
0.162	1	8	2	20726.5	0
0.163	1	3	3	5324.57	0
0.164	1	7	4	700.389	0
0.167	1	5	7	448.51	0
0.168	1	1	8	56857	0
0.169	1	2	9	443.253	0
0.17	1	6	10	782.885	0
0.173	1	10	13	28555.6	0
0.174	1	9	14	4496.59	0
0.201	1	4	1	4496.59	0
0.202	1	8	2	20726.5	0
0.203	1	3	3	5324.57	0
0.204	1	7	4	700.389	0
0.207	1	5	7	448.51	0
0.208	1	1	8	56857	0
0.209	1	2	9	443.253	0
0.21	1	6	10	782.885	0
0.213	1	10	13	28555.6	0
0.214	1	9	14	4496.59	0
0.241	1	4	1	4496.59	0
0.242	1	8	2	20726.5	0
0.243	1	3	3	5324.57	0
0.244	1	7	4	700.389	0
0.247	1	5	7	448.51	0
0.248	1	1	8	56857	0
0.249	1	2	9	443.253	0
0.25	1	6	10	782.885	0
0.253	1	10	13	28555.6	0
0.254	1	9	14	4496.59	0
0.281	1	4	1	4496.59	0
0.282	1	8	2	20726.5	0
0.283	1	3	3	5324.57	0
0.284	1	7	4	700.389	0
0.287	1	5	7	448.51	0
0.288	1	1	8	56857	0
0.289	1	2	9	443.253	0
0.29	1	6	10	782.885	0
0.293	1	10	13	28555.6	0
0.294	1	9	14	4496.59	0
0.321	1	4	1	4496.59	0
0.322	1	8	2	20726.5	0
0.323	1	3	3	5324.57	0
0.324	1	7	4	700.389	0
0.327	1	5	7	448.51	0
0.328	1	1	8	56857	0
0.329	1	2	9	443.253	0
0.33	1	6	10	782.885	0
0.333	1	10	13	28555.6	0
0.334	1	9	14	4496.59	0
0.361	1	4	1	4496.59	0
0.362	1	8	2	20726.5	0
0.363	1	3	3	5324.57	0
0.364	1	7	4	700.389	0
0.367	1	5	7	448.51	0
0.368	1	1	8	56857	0
0.369	1	2	9	443.253	0
0.37	1	6	10	782.885	0
0.373	1	10	13	28555.6	0
0.374	1	9	14	4496.59	0
0.401	1	4	1	4496.59	0
0.402	1	8	2	20726.5	0
0.403	1	3	3	5324.57	0
0.404	1	7	4	700.389	0
0.407	1	5	7	448.51	0
0.408	1	1	8	56857	0
0.409	1	2	9	443.253	0
0.41	1	6	10	782.885	0
0.413	1	10	13	28555.6	0
0.414	1	9	14	4496.59	0
0.441	1	4	1	4496.59	0
0.442	1	8	2	20726.5	0
0.443	1	3	3	5324.57	0
0.444	1	7	4	700.389	0
0.447	1	5	7	448.51	0
0.448	1	1	8	56857	0
0.449	1	2	9	443.253	0
0.45	1	6	10	782.885	0
0.453	1	10	13	28555.6	0
0.454	1	9	14	4496.59	0
0.481	1	4	1	4496.59	0
0.482	1	8	2	20726.5	0
0.483	1	3	3	5324.57	0
0.484	1	7	4	700.389	0
0.487	1	5	7	448.51	0
0.488	1	1	8	56857	0
0.489	1	2	9	443.253	0
0.49	1	6	10	782.885	0
0.493	1	10	13	28555.6	0
0.494	1	9	14	4496.59	0
0.521	1	4	1	4496.59	0
0.522	1	8	2	20726.5	0
0.523	1	3	3	5324.57	0
0.524	1	7	4	700.389	0
0.527	1	5	7	448.51	0
0.528	1	1	8	56857	0
0.529	1	2	9	443.253	0
0.53	1	6	10	782.885	0
0.533	1	10	13	28555.6	0
0.534	1	9	14	4496.59	0
0.561	1	4	1	4496.59	0
0.562	1	8	2	20726.5	0
0.563	1	3	3	5324.57	0
0.564	1	7	4	700.389	0
0.567	1	5	7	448.51	0
0.568	1	1	8	56857	0
0.569	1	2	9	443.253	0
0.57	1	6	10	782.885	0
0.573	1	10	13	28555.6	0
0.574	1	9	14	4496.59	0
0.601	1	4	1	4496.59	0
0.602	1	8	2	20726.5	0
0.603	1	3	3	5324.57	0
0.604	1	7	4	700.389	0
0.607	1	5	7	448.51	0
0.608	1	1	8	56857	0
0.609	1	2	9	443.253	0
0.61	1	6	10	782.885	0
0.613	1	10	13	28555.6	0
0.614	1	9	14	4496.59	0
0.641	1	4	1	4496.59	0
0.642	1	8	2	20726.5	0
0.643	1	3	3	5324.57	0
0.644	1	7	4	700.389	0
0.647	1	5	7	448.51	0
0.648	1	1	8	56857	0
0.649	1	2	9	443.253	0
0.65	1	6	10	782.885	0
0.653	1	10	13	28555.6	0
0.654	1	9	14	4496.59	0
0.681	1	4	1	4496.59	0
0.682	1	8	2	20726.5	0
0.683	1	3	3	5324.57	0
0.684	1	7	4	700.389	0
0.687	1	5	7	448.51	0
0.688	1	1	8	56857	0
0.689	1	2	9	443.253	0
0.69	1	6	10	782.885	0
0.693	1	10	13	28555.6	0
0.694	1	9	14	4496.59	0
0.721	1	4	1	4496.59	0
0.722	1	8	2	20726.5	0
0.723	1	3	3	5324.57	0
0.724	1	7	4	700.389	0
0.727	1	5	7	448.51	0
0.728	1	1	8	56857	0
0.729	1	2	9	443.253	0
0.73	1	6	10	782.885	0
0.733	1	10	13	28555.6	0
0.734	1	9	14	4496.59	0
0.761	1	4	1	4496.59	0
0.762	1	8	2	20726.5	0
0.763	1	3	3	5324.57	0
0.764	1	7	4	700.389	0
0.767	1	5	7	448.51	0
0.768	1	1	8	56857	0
0.769	1	2	9	443.253	0
0.77	1	6	10	782.885	0
0.773	1	10	13	28555.6	0
0.774	1	9	14	4496.59	0
0.801	1	4	1	4496.59	0
0.802	1	8	2	20726.5	0
0.803	1	3	3	5324.57	0
0.804	1	7	4	700.389	0
0.807	1	5	7	448.51	0
0.808	1	1	8	56857	0
0.809	1	2	9	443.253	0
0.81	1	6	10	782.885	0
0.813	1	10	13	28555.6	0
0.814	1	9	14	4496.59	0
0.841	1	4	1	4496.59	0
0.842	1	8	2	20726.5	0
0.843	1	3	3	5324.57	0
0.844	1	7	4	700.389	0
0.847	1	5	7	448.51	0
0.848	1	1	8	56857	0
0.849	1	2	9	443.253	0
0.85	1	6	10	782.885	0
0.853	1	10	13	28555.6	0
0.854	1	9	14	4496.59	0
0.881	1	4	1	4496.59	0
0.882	1	8	2	20726.5	0
0.883	1	3	3	5324.57	0
0.884	1	7	4	700.389	0
0.887	1	5	7	448.51	0
0.888	1	1	8	56857	0
0.889	1	2	9	443.253	0
0.89	1	6	10	782.885	0
0.893	1	10	13	28555.6	0
0.894	1	9	14	4496.59	0
0.921	1	4	1	4496.59	0
0.922	1	8	2	20726.5	0
0.923	1	3	3	5324.57	0
0.924	1	7	4	700.389	0
0.927	1	5	7	448.51	0
0.928	1	1	8	56857	0
0.929	1	2	9	443.253	0
0.93	1	6	10	782.885	0
0.933	1	10	13	28555.6	0
0.934	1	9	14	4496.59	0
0.961	1	4	1	4496.59	0
0.962	1	8	2	20726.5	0
0.963	1	3	3	5324.57	0
0.964	1	7	4	700.389	0
0.967	1	5	7	448.51	0
0.968	1	1	8	56857	0
0.969	1	2	9	443.253	0
0.97	1	6	10	782.885	0
0.973	1	10	13	28555.6	0
0.974	1	9	14	4496.59	0
1.001	1	4	1	4496.59	0
1.002	1	8	2	20726.5	0
1.003	1	3	3	5324.57	0
1.004	1	7	4	700.389	0
1.007	1	5	7	448.51	0
1.008	1	1	8	56857	0
1.009	1	2	9	443.253	0
1.01	1	6	10	782.885	0
1.013	1	10	13	28555.6	0
1.014	1	9	14	4496.59	0
1.041	1	4	1	4496.59	0
1.042	1	8	2	20726.5	0
1.043	1	3	3	5324.57	0
1.044	1	7	4	700.389	0
1.047	1	5	7	448.51	0
1.048	1	1	8	56857	0
1.049	1	2	9	443.253	0
1.05	1	6	10	782.885	0
1.053	1	10	13	28555.6	0
1.054	1	9	14	4496.59	0
1.081	1	4	1	4496.59	0
1.082	1	8	2	20726.5	0
1.083	1	3	3	5324.57	0
1.084	1	7	4	700.389	0
1.087	1	5	7	448.51	0
1.088	1	1	8	56857	0
1.089	1	2	9	443.253	0
1.09	1	6	10	782.885	0
1.093	1	10	13	28555.6	0
1.094	1	9	14	4496.59	0
1.121	1	4	1	4496.59	0
1.122	1	8	2	20726.5	0
1.123	1	3	3	5324.57	0
1.124	1	7	4	700.389	0
1.127	1	5	7	448.51	0
1.128	1	1	8	56857	0
1.129	1	2	9	443.253	0
1.13	1	6	10	782.885	0
1.133	1	10	13	28555.6	0
1.134	1	9	14	4496.59	0
1.161	1	4	1	4496.59	0
1.162	1	8	2	20726.5	0
1.163	1	3	3	5324.57	0
1.164	1	7	4	700.389	0
1.167	1	5	7	448.51	0
1.168	1	1	8	56857	0
1.169	1	2	9	443.253	0
1.17	1	6	10	782.885	0
1.173	1	10	13	28555.6	0
1.174	1	9	14	4496.59	0
1.201	1	4	1	4496.59	0
1.202	1	8	2	20726.5	0
1.203	1	3	3	5324.57	0
1.204	1	7	4	700.389	0
1.207	1	5	7	448.51	0
1.208	1	1	8	56857	0
1.209	1	2	9	443.253	0
1.21	1	6	10	782.885	0
1.213	1	10	13	28555.6	0
1.214	1	9	14	4496.59	0
1.241	1	4	1	4496.59	0
1.242	1	8	2	20726.5	0
1.243	1	3	3	5324.57	0
1.244	1	7	4	700.389	0
1.247	1	5	7	448.51	0
1.248	1	1	8	56857	0
1.249	1	2	9	443.253	0
1.25	1	6	10	782.885	0
1.253	1	10	13	28555.6	0
1.254	1	9	14	4496.59	0
1.281	1	4	1	4496.59	0
1.282	1	8	2	20726.5	0
1.283	1	3	3	5324.57	0
1.284	1	7	4	700.389	0
1.287	1	5	7	448.51	0
1.288	1	1	8	56857	0
1.289	1	2	9	443.253	0
1.29	1	6	10	782.885	0
1.293	1	10	13	28555.6	0
1.294	1	9	14	4496.59	0
1.321	1	4	1	4496.59	0
1.322	1	8	2	20726.5	0
1.323	1	3	3	5324.57	0
1.324	1	7	4	700.389	0
1.327	1	5	7	448.51	0
1.328	1	1	8	56857	0
1.329	1	2	9	443.253	0
1.33	1	6	10	782.885	0
1.333	1	10	13	28555.6	0
1.334	1	9	14	4496.59	0
1.361	1	4	1	4496.59	0
1.362	1	8	2	20726.5	0
1.363	1	3	3	5324.57	0
1.364	1	7	4	700.389	0
1.367	1	5	7	448.51	0
1.368	1	1	8	56857	0
1.369	1	2	9	443.253	0
1.37	1	6	10	782.885	0
1.373	1	10	13	28555.6	0
1.374	1	9	14	4496.59	0
1.401	1	4	1	4496.59	0
1.402	1	8	2	20726.5	0
1.403	1	3	3	5324.57	0
1.404	1	7	4	700.389	0
1.407	1	5	7	448.51	0
1.408	1	1	8	56857	0
1.409	1	2	9	443.253	0
1.41	1	6	10	782.885	0
1.413	1	10	13	28555.6	0
1.414	1	9	14	4496.59	0
1.441	1	4	1	4496.59	0
1.442	1	8	2	20726.5	0
1.443	1	3	3	5324.57	0
1.444	1	7	4	700.389	0
1.447	1	5	7	448.51	0
1.448	1	1	8	56857	0
1.449	1	2	9	443.253	0
1.45	1	6	10	782.885	0
1.453	1	10	13	28555.6	0
1.454	1	9	14	4496.59	0
1.481	1	4	1	4496.59	0
1.482	1	8	2	20726.5	0
1.483	1	3	3	5324.57	0
1.484	1	7	4	700.389	0
1.487	1	5	7	448.51	0
1.488	1	1	8	56857	0
1.489	1	2	9	443.253	0
1.49	1	6	10	782.885	0
1.493	1	10	13	28555.6	0
1.494	1	9	14	4496.59	0
1.521	1	4	1	4496.59	0
1.522	1	8	2	20726.5	0
1.523	1	3	3	5324.57	0
1.524	1	7	4	700.389	0
1.527	1	5	7	448.51	0
1.528	1	1	8	56857	0
1.529	1	2	9	443.253	0
1.53	1	6	10	782.885	0
1.533	1	10	13	28555.6	0
1.534	1	9	14	4496.59	0
1.561	1	4	1	4496.59	0
1.562	1	8	2	20726.5	0
1.563	1	3	3	5324.57	0
1.564	1	7	4	700.389	0
1.567	1	5	7	448.51	0
1.568	1	1	8	56857	0
1.569	1	2	9	443.253	0
1.57	1	6	10	782.885	0
1.573	1	10	13	28555.6	0
1.574	1	9	14	4496.59	0
1.601	1	4	1	4496.59	0
1.602	1	8	2	20726.5	0
1.603	1	3	3	5324.57	0
1.604	1	7	4	700.389	0
1.607	1	5	7	448.51	0
1.608	1	1	8	56857	0
1.609	1	2	9	443.253	0
1.61	1	6	10	782.885	0
1.613	1	10	13	28555.6	0
1.614	1	9	14	4496.59	0
1.641	1	4	1	4496.59	0
1.642	1	8	2	20726.5	0
1.643	1	3	3	5324.57	0
1.644	1	7	4	700.389	0
1.647	1	5	7	448.51	0
1.648	1	1	8	56857	0
1.649	1	2	9	443.253	0
1.65	1	6	10	782.885	0
1.653	1	10	13	28555.6	0
1.654	1	9	14	4496.59	0
1.681	1	4	1	4496.59	0
1.682	1	8	2	20726.5	0
1.683	1	3	3	5324.57	0
1.684	1	7	4	700.389	0
1.687	1	5	7	448.51	0
1.688	1	1	8	56857	0
1.689	1	2	9	443.253	0
1.69	1	6	10	782.885	0
1.693	1	10	13	28555.6	0
1.694	1	9	14	4496.59	0
1.721	1	4	1	4496.59	0
1.722	1	8	2	20726.5	0
1.723	1	3	3	5324.57	0
1.724	1	7	4	700.389	0
1.727	1	5	7	448.51	0
1.728	1	1	8	56857	0
1.729	1	2	9	443.253	0
1.73	1	6	10	782.885	0
1.733	1	10	13	28555.6	0
1.734	1	9	14	4496.59	0
1.761	1	4	1	4496.59	0
1.762	1	8	2	20726.5	0
1.763	1	3	3	5324.57	0
1.764	1	7	4	700.389	0
1.767	1	5	7	448.51	0
1.768	1	1	8	56857	0
1.769	1	2	9	443.253	0
1.77	1	6	10	782.885	0
1.773	1	10	13	28555.6	0
1.774	1	9	14	4496.59	0
1.801	1	4	1	4496.59	0
1.802	1	8	2	20726.5	0
1.803	1	3	3	5324.57	0
1.804	1	7	4	700.389	0
1.807	1	5	7	448.51	0
1.808	1	1	8	56857	0
1.809	1	2	9	443.253	0
1.81	1	6	10	782.885	0
1.813	1	10	13	28555.6	0
1.814	1	9	14	4496.59	0
1.841	1	4	1	4496.59	0
1.842	1	8	2	20726.5	0
1.843	1	3	3	5324.57	0
1.844	1	7	4	700.389	0
1.847	1	5	7	448.51	0
1.848	1	1	8	56857	0
1.849	1	2	9	443.253	0
1.85	1	6	10	782.885	0
1.853	1	10	13	28555.6	0
1.854	1	9	14	4496.59	0
1.881	1	4	1	4496.59	0
1.882	1	8	2	20726.5	0
1.883	1	3	3	5324.57	0
1.884	1	7	4	700.389	0
1.887	1	5	7	448.51	0
1.888	1	1	8	56857	0
1.889	1	2	9	443.253	0
1.89	1	6	10	782.885	0
1.893	1	10	13	28555.6	0
1.894	1	9	14	4496.59	0
1.921	1	4	1	4496.59	0
1.922	1	8	2	20726.5	0
1.923	1	3	3	5324.57	0
1.924	1	7	4	700.389	0
1.927	1	5	7	448.51	0
1.928	1	1	8	56857	0
1.929	1	2	9	443.253	0
1.93	1	6	10	782.885	0
1.933	1	10	13	28555.6	0
1.934	1	9	14	4496.59	0
1.961	1	4	1	4496.59	0
1.962	1	8	2	20726.5	0
1.963	1	3	3	5324.57	0
1.964	1	7	4	700.389	0
1.967	1	5	7	448.51	0
1.968	1	1	8	56857	0
1.969	1	2	9	443.253	0
1.97	1	6	10	782.885	0
1.973	1	10	13	28555.6	0
1.974	1	9	14	4496.59	0
2.001	1	4	1	4496.59	0
2.002	1	8	2	20726.5	0
2.003	1	3	3	5324.57	0
2.004	1	7	4	700.389	0
2.007	1	5	7	448.51	0
2.008	1	1	8	56857	0
2.009	1	2	9	443.253	0
2.01	1	6	10	782.885	0
2.013	1	10	13	28555.6	0
2.014	1	9	14	4496.59	0
2.041	1	4	1	4496.59	0
2.042	1	8	2	20726.5	0
2.043	1	3	3	5324.57	0
2.044	1	7	4	700.389	0
2.047	1	5	7	448.51	0
2.048	1	1	8	56857	0
2.049	1	2	9	443.253	0
2.05	1	6	10	782.885	0
2.053	1	10	13	28555.6	0
2.054	1	9	14	4496.59	0
2.081	1	4	1	4496.59	0
2.082	1	8	2	20726.5	0
2.083	1	3	3	5324.57	0
2.084	1	7	4	700.389	0
2.087	1	5	7	448.51	0
2.088	1	1	8	56857	0
2.089	1	2	9	443.253	0
2.09	1	6	10	782.885	0
2.093	1	10	13	28555.6	0
2.094	1	9	14	4496.59	0
2.121	1	4	1	4496.59	0
2.122	1	8	2	20726.5	0
2.123	1	3	3	5324.57	0
2.124	1	7	4	700.389	0
2.127	1	5	7	448.51	0
2.128	1	1	8	56857	0
2.129	1	2	9	443.253	0
2.13	1	6	10	782.885	0
2.133	1	10	13	28555.6	0
2.134	1	9	14	4496.59	0
2.161	1	4	1	4496.59	0
2.162	1	8	2	20726.5	0
2.163	1	3	3	5324.57	0
2.164	1	7	4	700.389	0
2.167	1	5	7	448.51	0
2.168	1	1	8	56857	0
2.169	1	2	9	443.253	0
2.17	1	6	10	782.885	0
2.173	1	10	13	28555.6	0
2.174	1	9	14	4496.59	0
2.201	1	4	1	4496.59	0
2.202	1	8	2	20726.5	0
2.203	1	3	3	5324.57	0
2.204	1	7	4	700.389	0
2.207	1	5	7	448.51	0
2.208	1	1	8	56857	0
2.209	1	2	9	443.253	0
2.21	1	6	10	782.885	0
2.213	1	10	13	28555.6	0
2.214	1	9	14	4496.59	0
2.241	1	4	1	4496.59	0
2.242	1	8	2	20726.5	0
2.243	1	3	3	5324.57	0
2.244	1	7	4	700.389	0
2.247	1	5	7	448.51	0
2.248	1	1	8	56857	0
2.249	1	2	9	443.253	0
2.25	1	6	10	782.885	0
2.253	1	10	13	28555.6	0
2.254	1	9	14	4496.59	0
2.281	1	4	1	4496.59	0
2.282	1	8	2	20726.5	0
2.283	1	3	3	5324.57	0
2.284	1	7	4	700.389	0
2.287	1	5	7	448.51	0
2.288	1	1	8	56857	0
2.289	1	2	9	443.253	0
2.29	1	6	10	782.885	0
2.293	1	10	13	28555.6	0
2.294	1	9	14	4496.59	0
2.321	1	4	1	4496.59	0
2.322	1	8	2	20726.5	0
2.323	1	3	3	5324.57	0
2.324	1	7	4	700.389	0
2.327	1	5	7	448.51	0
2.328	1	1	8	56857	0
2.329	1	2	9	443.253	0
2.33	1	6	10	782.885	0
2.333	1	10	13	28555.6	0
2.334	1	9	14	4496.59	0
2.361	1	4	1	4496.59	0
2.362	1	8	2	20726.5	0
2.363	1	3	3	5324.57	0
2.364	1	7	4	700.389	0
2.367	1	5	7	448.51	0
2.368	1	1	8	56857	0
2.369	1	2	9	443.253	0
2.37	1	6	10	782.885	0
2.373	1	10	13	28555.6	0
2.374	1	9	14	4496.59	0
2.401	1	4	1	4496.59	0
2.402	1	8	2	20726.5	0
2.403	1	3	3	5324.57	0
2.404	1	7	4	700.389	0
2.407	1	5	7	448.51	0
2.408	1	1	8	56857	0
2.409	1	2	9	443.253	0
2.41	1	6	10	782.885	0
2.413	1	10	13	28555.6	0
2.414	1	9	14	4496.59	0
2.441	1	4	1	4496.59	0
2.442	1	8	2	20726.5	0
2.443	1	3	3	5324.57	0
2.444	1	7	4	700.389	0
2.447	1	5	7	448.51	0
2.448	1	1	8	56857	0
2.449	1	2	9	443.253	0
2.45	1	6	10	782.885	0
2.453	1	10	13	28555.6	0
2.454	1	9	14	4496.59	0
2.481	1	4	1	4496.59	0
2.482	1	8	2	20726.5	0
2.483	1	3	3	5324.57	0
2.484	1	7	4	700.389	0
2.487	1	5	7	448.51	0
2.488	1	1	8	56857	0
2.489	1	2	9	443.253	0
2.49	1	6	10	782.885	0
2.493	1	10	13	28555.6	0
2.494	1	9	14	4496.59	0
2.521	1	4	1	4496.59	0
2.522	1	8	2	20726.5	0
2.523	1	3	3	5324.57	0
2.524	1	7	4	700.389	0
2.527	1	5	7	448.51	0
2.528	1	1	8	56857	0
2.529	1	2	9	443.253	0
2.53	1	6	10	782.885	0
2.533	1	10	13	28555.6	0
2.534	1	9	14	4496.59	0
2.561	1	4	1	4496.59	0
2.562	1	8	2	20726.5	0
2.563	1	3	3	5324.57	0
2.564	1	7	4	700.389	0
2.567	1	5	7	448.51	0
2.568	1	1	8	56857	0
2.569	1	2	9	443.253	0
2.57	1	6	10	782.885	0
2.573	1	10	13	28555.6	0
2.574	1	9	14	4496.59	0
2.601	1	4	1	4496.59	0
2.602	1	8	2	20726.5	0
2.603	1	3	3	5324.57	0
2.604	1	7	4	700.389	0
2.607	1	5	7	448.51	0
2.608	1	1	8	56857	0
2.609	1	2	9	443.253	0
2.61	1	6	10	782.885	0
2.613	1	10	13	28555.6	0
2.614	1	9	14	4496.59	0
2.641	1	4	1	4496.59	0
2.642	1	8	2	20726.5	0
2.643	1	3	3	5324.57	0
2.644	1	7	4	700.389	0
2.647	1	5	7	448.51	0
2.648	1	1	8	56857	0
2.649	1	2	9	443.253	0
2.65	1	6	10	782.885	0
2.653	1	10	13	28555.6	0
2.654	1	9	14	4496.59	0
2.681	1	4	1	4496.59	0
2.682	1	8	2	20726.5	0
2.683	1	3	3	5324.57	0
2.684	1	7	4	700.389	0
2.687	1	5	7	448.51	0
2.688	1	1	8	56857	0
2.689	1	2	9	443.253	0
2.69	1	6	10	782.885	0
2.693	1	10	13	28555.6	0
2.694	1	9	14	4496.59	0
2.721	1	4	1	4496.59	0
2.722	1	8	2	20726.5	0
2.723	1	3	3	5324.57	0
2.724	1	7	4	700.389	0
2.727	1	5	7	448.51	0
2.728	1	1	8	56857	0
2.729	1	2	9	443.253	0
2.73	1	6	10	782.885	0
2.733	1	10	13	28555.6	0
2.734	1	9	14	4496.59	0
2.761	1	4	1	4496.59	0
2.762	1	8	2	20726.5	0
2.763	1	3	3	5324.57	0
2.764	1	7	4	700.389	0
2.767	1	5	7	448.51	0
2.768	1	1	8	56857	0
2.769	1	2	9	443.253	0
2.77	1	6	10	782.885	0
2.773	1	10	13	28555.6	0
2.774	1	9	14	4496.59	0
2.801	1	4	1	4496.59	0
2.802	1	8	2	20726.5	0
2.803	1	3	3	5324.57	0
2.804	1	7	4	700.389	0
2.807	1	5	7	448.51	0
2.808	1	1	8	56857	0
2.809	1	2	9	443.253	0
2.81	1	6	10	782.885	0
2.813	1	10	13	28555.6	0
2.814	1	9	14	4496.59	0
2.841	1	4	1	4496.59	0
2.842	1	8	2	20726.5	0
2.843	1	3	3	5324.57	0
2.844	1	7	4	700.389	0
2.847	1	5	7	448.51	0
2.848	1	1	8	56857	0
2.849	1	2	9	443.253	0
2.85	1	6	10	782.885	0
2.853	1	10	13	28555.6	0
2.854	1	9	14	4496.59	0
2.881	1	4	1	4496.59	0
2.882	1	8	2	20726.5	0
2.883	1	3	3	5324.57	0
2.884	1	7	4	700.389	0
2.887	1	5	7	448.51	0
2.888	1	1	8	56857	0
2.889	1	2	9	443.253	0
2.89	1	6	10	782.885	0
2.893	1	10	13	28555.6	0
2.894	1	9	14	4496.59	0
2.921	1	4	1	4496.59	0
2.922	1	8	2	20726.5	0
2.923	1	3	3	5324.57	0
2.924	1	7	4	700.389	0
2.927	1	5	7	448.51	0
2.928	1	1	8	56857	0
2.929	1	2	9	443.253	0
2.93	1	6	10	782.885	0
2.933	1	10	13	28555.6	0
2.934	1	9	14	4496.59	0
2.961	1	4	1	4496.59	0
2.962	1	8	2	20726.5	0
2.963	1	3	3	5324.57	0
2.964	1	7	4	700.389	0
2.967	1	5	7	448.51	0
2.968	1	1	8	56857	0
2.969	1	2	9	443.253	0
2.97	1	6	10	782.885	0
2.973	1	10	13	28555.6	0
2.974	1	9	14	4496.59	0
3.001	1	4	1	4496.59	0
3.002	1	8	2	20726.5	0
3.003	1	3	3	5324.57	0
3.004	1	7	4	700.389	0
3.007	1	5	7	448.51	0
3.008	1	1	8	56857	0
3.009	1	2	9	443.253	0
3.01	1	6	10	782.885	0
3.013	1	10	13	28555.6	0
3.014	1	9	14	4496.59	0
3.041	1	4	1	4496.59	0
3.042	1	8	2	20726.5	0
3.043	1	3	3	5324.57	0
3.044	1	7	4	700.389	0
3.047	1	5	7	448.51	0
3.048	1	1	8	56857	0
3.049	1	2	9	443.253	0
3.05	1	6	10	782.885	0
3.053	1	10	13	28555.6	0
3.054	1	9	14	4496.59	0
3.081	1	4	1	4496.59	0
3.082	1	8	2	20726.5	0
3.083	1	3	3	5324.57	0
3.084	1	7	4	700.389	0
3.087	1	5	7	448.51	0
3.088	1	1	8	56857	0
3.089	1	2	9	443.253	0
3.09	1	6	10	782.885	0
3.093	1	10	13	28555.6	0
3.094	1	9	14	4496.59	0
3.121	1	4	1	4496.59	0
3.122	1	8	2	20726.5	0
3.123	1	3	3	5324.57	0
3.124	1	7	4	700.389	0
3.127	1	5	7	448.51	0
3.128	1	1	8	56857	0
3.129	1	2	9	443.253	0
3.13	1	6	10	782.885	0
3.133	1	10	13	28555.6	0
3.134	1	9	14	4496.59	0
3.161	1	4	1	4496.59	0
3.162	1	8	2	20726.5	0
3.163	1	3	3	5324.57	0
3.164	1	7	4	700.389	0
3.167	1	5	7	448.51	0
3.168	1	1	8	56857	0
3.169	1	2	9	443.253	0
3.17	1	6	10	782.885	0
3.173	1	10	13	28555.6	0
3.174	1	9	14	4496.59	0
3.201	1	4	1	4496.59	0
3.202	1	8	2	20726.5	0
3.203	1	3	3	5324.57	0
3.204	1	7	4	700.389	0
3.207	1	5	7	448.51	0
3.208	1	1	8	56857	0
3.209	1	2	9	443.253	0
3.21	1	6	10	782.885	0
3.213	1	10	13	28555.6	0
3.214	1	9	14	4496.59	0
3.241	1	4	1	4496.59	0
3.242	1	8	2	20726.5	0
3.243	1	3	3	5324.57	0
3.244	1	7	4	700.389	0
3.247	1	5	7	448.51	0
3.248	1	1	8	56857	0
3.249	1	2	9	443.253	0
3.25	1	6	10	782.885	0
3.253	1	10	13	28555.6	0
3.254	1	9	14	4496.59	0
3.281	1	4	1	4496.59	0
3.282	1	8	2	20726.5	0
3.283	1	3	3	5324.57	0
3.284	1	7	4	700.389	0
3.287	1	5	7	448.51	0
3.288	1	1	8	56857	0
3.289	1	2	9	443.253	0
3.29	1	6	10	782.885	0
3.293	1	10	13	28555.6	0
3.294	1	9	14	4496.59	0
3.321	1	4	1	4496.59	0
3.322	1	8	2	20726.5	0
3.323	1	3	3	5324.57	0
3.324	1	7	4	700.389	0
3.327	1	5	7	448.51	0
3.328	1	1	8	56857	0
3.329	1	2	9	443.253	0
3.33	1	6	10	782.885	0
3.333	1	10	13	28555.6	0
3.334	1	9	14	4496.59	0
3.361	1	4	1	4496.59	0
3.362	1	8	2	20726.5	0
3.363	1	3	3	5324.57	0
3.364	1	7	4	700.389	0
3.367	1	5	7	448.51	0
3.368	1	1	8	56857	0
3.369	1	2	9	443.253	0
3.37	1	6	10	782.885	0
3.373	1	10	13	28555.6	0
3.374	1	9	14	4496.59	0
3.401	1	4	1	4496.59	0
3.402	1	8	2	20726.5	0
3.403	1	3	3	5324.57	0
3.404	1	7	4	700.389	0
3.407	1	5	7	448.51	0
3.408	1	1	8	56857	0
3.409	1	2	9	443.253	0
3.41	1	6	10	782.885	0
3.413	1	10	13	28555.6	0
3.414	1	9	14	4496.59	0
3.441	1	4	1	4496.59	0
3.442	1	8	2	20726.5	0
3.443	1	3	3	5324.57	0
3.444	1	7	4	700.389	0
3.447	1	5	7	448.51	0
3.448	1	1	8	56857	0
3.449	1	2	9	443.253	0
3.45	1	6	10	782.885	0
3.453	1	10	13	28555.6	0
3.454	1	9	14	4496.59	0
3.481	1	4	1	4496.59	0
3.482	1	8	2	20726.5	0
3.483	1	3	3	5324.57	0
3.484	1	7	4	700.389	0
3.487	1	5	7	448.51	0
3.488	1	1	8	56857	0
3.489	1	2	9	443.253	0
3.49	1	6	10	782.885	0
3.493	1	10	13	28555.6	0
3.494	1	9	14	4496.59	0
3.521	1	4	1	4496.59	0
3.522	1	8	2	20726.5	0
3.523	1	3	3	5324.57	0
3.524	1	7	4	700.389	0
3.527	1	5	7	448.51	0
3.528	1	1	8	56857	0
3.529	1	2	9	443.253	0
3.53	1	6	10	782.885	0
3.533	1	10	13	28555.6	0
3.534	1	9	14	4496.59	0
3.561	1	4	1	4496.59	0
3.562	1	8	2	20726.5	0
3.563	1	3	3	5324.57	0
3.564	1	7	4	700.389	0
3.567	1	5	7	448.51	0
3.568	1	1	8	56857	0
3.569	1	2	9	443.253	0
3.57	1	6	10	782.885	0
3.573	1	10	13	28555.6	0
3.574	1	9	14	4496.59	0
3.601	1	4	1	4496.59	0
3.602	1	8	2	20726.5	0
3.603	1	3	3	5324.57	0
3.604	1	7	4	700.389	0
3.607	1	5	7	448.51	0
3.608	1	1	8	56857	0
3.609	1	2	9	443.253	0
3.61	1	6	10	782.885	0
3.613	1	10	13	28555.6	0
3.614	1	9	14	4496.59	0
3.641	1	4	1	4496.59	0
3.642	1	8	2	20726.5	0
3.643	1	3	3	5324.57	0
3.644	1	7	4	700.389	0
3.647	1	5	7	448.51	0
3.648	1	1	8	56857	0
3.649	1	2	9	443.253	0
3.65	1	6	10	782.885	0
3.653	1	10	13	28555.6	0
3.654	1	9	14	4496.59	0
3.681	1	4	1	4496.59	0
3.682	1	8	2	20726.5	0
3.683	1	3	3	5324.57	0
3.684	1	7	4	700.389	0
3.687	1	5	7	448.51	0
3.688	1	1	8	56857	0
3.689	1	2	9	443.253	0
3.69	1	6	10	782.885	0
3.693	1	10	13	28555.6	0
3.694	1	9	14	4496.59	0
3.721	1	4	1	4496.59	0
3.722	1	8	2	20726.5	0
3.723	1	3	3	5324.57	0
3.724	1	7	4	700.389	0
3.727	1	5	7	448.51	0
3.728	1	1	8	56857	0
3.729	1	2	9	443.253	0
3.73	1	6	10	782.885	0
3.733	1	10	13	28555.6	0
3.734	1	9	14	4496.59	0
3.761	1	4	1	4496.59	0
3.762	1	8	2	20726.5	0
3.763	1	3	3	5324.57	0
3.764	1	7	4	700.389	0
3.767	1	5	7	448.51	0
3.768	1	1	8	56857	0
3.769	1	2	9	443.253	0
3.77	1	6	10	782.885	0
3.773	1	10	13	28555.6	0
3.774	1	9	14	4496.59	0
3.801	1	4	1	4496.59	0
3.802	1	8	2	20726.5	0
3.803	1	3	3	5324.57	0
3.804	1	7	4	700.389	0
3.807	1	5	7	448.51	0
3.808	1	1	8	56857	0
3.809	1	2	9	443.253	0
3.81	1	6	10	782.885	0
3.813	1	10	13	28555.6	0
3.814	1	9	14	4496.59	0
3.841	1	4	1	4496.59	0
3.842	1	8	2	20726.5	0
3.843	1	3	3	5324.57	0
3.844	1	7	4	700.389	0
3.847	1	5	7	448.51	0
3.848	1	1	8	56857	0
3.849	1	2	9	443.253	0
3.85	1	6	10	782.885	0
3.853	1	10	13	28555.6	0
3.854	1	9	14	4496.59	0
3.881	1	4	1	4496.59	0
3.882	1	8	2	20726.5	0
3.883	1	3	3	5324.57	0
3.884	1	7	4	700.389	0
3.887	1	5	7	448.51	0
3.888	1	1	8	56857	0
3.889	1	2	9	443.253	0
3.89	1	6	10	782.885	0
3.893	1	10	13	28555.6	0
3.894	1	9	14	4496.59	0
3.921	1	4	1	4496.59	0
3.922	1	8	2	20726.5	0
3.923	1	3	3	5324.57	0
3.924	1	7	4	700.389	0
3.927	1	5	7	448.51	0
3.928	1	1	8	56857	0
3.929	1	2	9	443.253	0
3.93	1	6	10	782.885	0
3.933	1	10	13	28555.6	0
3.934	1	9	14	4496.59	0
3.961	1	4	1	4496.59	0
3.962	1	8	2	20726.5	0
3.963	1	3	3	5324.57	0
3.964	1	7	4	700.389	0
3.967	1	5	7	448.51	0
3.968	1	1	8	56857	0
3.969	1	2	9	443.253	0
3.97	1	6	10	782.885	0
3.973	1	10	13	28555.6	0
3.974	1	9	14	4496.59	0
4.001	1	4	1	4496.59	0
4.002	1	8	2	20726.5	0
4.003	1	3	3	5324.57	0
4.004	1	7	4	700.389	0
4.007	1	5	7	448.51	0
4.008	1	1	8	56857	0
4.009	1	2	9	443.253	0
4.01	1	6	10	782.885	0
4.013	1	10	13	28555.6	0
4.014	1	9	14	4496.59	0
4.041	1	4	1	4496.59	0
4.042	1	8	2	20726.5	0
4.043	1	3	3	5324.57	0
4.044	1	7	4	700.389	0
4.047	1	5	7	448.51	0
4.048	1	1	8	56857	0
4.049	1	2	9	443.253	0
4.05	1	6	10	782.885	0
4.053	1	10	13	28555.6	0
4.054	1	9	14	4496.59	0
4.081	1	4	1	4496.59	0
4.082	1	8	2	20726.5	0
4.083	1	3	3	5324.57	0
4.084	1	7	4	700.389	0
4.087	1	5	7	448.51	0
4.088	1	1	8	56857	0
4.089	1	2	9	443.253	0
4.09	1	6	10	782.885	0
4.093	1	10	13	28555.6	0
4.094	1	9	14	4496.59	0
4.121	1	4	1	4496.59	0
4.122	1	8	2	20726.5	0
4.123	1	3	3	5324.57	0
4.124	1	7	4	700.389	0
4.127	1	5	7	448.51	0
4.128	1	1	8	56857	0
4.129	1	2	9	443.253	0
4.13	1	6	10	782.885	0
4.133	1	10	13	28555.6	0
4.134	1	9	14	4496.59	0
4.161	1	4	1	4496.59	0
4.162	1	8	2	20726.5	0
4.163	1	3	3	5324.57	0
4.164	1	7	4	700.389	0
4.167	1	5	7	448.51	0
4.168	1	1	8	56857	0
4.169	1	2	9	443.253	0
4.17	1	6	10	782.885	0
4.173	1	10	13	28555.6	0
4.174	1	9	14	4496.59	0
4.201	1	4	1	4496.59	0
4.202	1	8	2	20726.5	0
4.203	1	3	3	5324.57	0
4.204	1	7	4	700.389	0
4.207	1	5	7	448.51	0
4.208	1	1	8	56857	0
4.209	1	2	9	443.253	0
4.21	1	6	10	782.885	0
4.213	1	10	13	28555.6	0
4.214	1	9	14	4496.59	0
4.241	1	4	1	4496.59	0
4.242	1	8	2	20726.5	0
4.243	1	3	3	5324.57	0
4.244	1	7	4	700.389	0
4.247	1	5	7	448.51	0
4.248	1	1	8	56857	0
4.249	1	2	9	443.253	0
4.25	1	6	10	782.885	0
4.253	1	10	13	28555.6	0
4.254	1	9	14	4496.59	0
4.281	1	4	1	4496.59	0
4.282	1	8	2	20726.5	0
4.283	1	3	3	5324.57	0
4.284	1	7	4	700.389	0
4.287	1	5	7	448.51	0
4.288	1	1	8	56857	0
4.289	1	2	9	443.253	0
4.29	1	6	10	782.885	0
4.293	1	10	13	28555.6	0
4.294	1	9	14	4496.59	0
4.321	1	4	1	4496.59	0
4.322	1	8	2	20726.5	0
4.323	1	3	3	5324.57	0
4.324	1	7	4	700.389	0
4.327	1	5	7	448.51	0
4.328	1	1	8	56857	0
4.329	1	2	9	443.253	0
4.33	1	6	10	782.885	0
4.333	1	10	13	28555.6	0
4.334	1	9	14	4496.59	0
4.361	1	4	1	4496.59	0
4.362	1	8	2	20726.5	0
4.363	1	3	3	5324.57	0
4.364	1	7	4	700.389	0
4.367	1	5	7	448.51	0
4.368	1	1	8	56857	0
4.369	1	2	9	443.253	0
4.37	1	6	10	782.885	0
4.373	1	10	13	28555.6	0
4.374	1	9	14	4496.59	0
4.401	1	4	1	4496.59	0
4.402	1	8	2	20726.5	0
4.403	1	3	3	5324.57	0
4.404	1	7	4	700.389	0
4.407	1	5	7	448.51	0
4.408	1	1	8	56857	0
4.409	1	2	9	443.253	0
4.41	1	6	10	782.885	0
4.413	1	10	13	28555.6	0
4.414	1	9	14	4496.59	0
4.441	1	4	1	4496.59	0
4.442	1	8	2	20726.5	0
4.443	1	3	3	5324.57	0
4.444	1	7	4	700.389	0
4.447	1	5	7	448.51	0
4.448	1	1	8	56857	0
4.449	1	2	9	443.253	0
4.45	1	6	10	782.885	0
4.453	1	10	13	28555.6	0
4.454	1	9	14	4496.59	0
4.481	1	4	1	4496.59	0
4.482	1	8	2	20726.5	0
4.483	1	3	3	5324.57	0
4.484	1	7	4	700.389	0
4.487	1	5	7	448.51	0
4.488	1	1	8	56857	0
4.489	1	2	9	443.253	0
4.49	1	6	10	782.885	0
4.493	1	10	13	28555.6	0
4.494	1	9	14	4496.59	0
4.521	1	4	1	4496.59	0
4.522	1	8	2	20726.5	0
4.523	1	3	3	5324.57	0
4.524	1	7	4	700.389	0
4.527	1	5	7	448.51	0
4.528	1	1	8	56857	0
4.529	1	2	9	443.253	0
4.53	1	6	10	782.885	0
4.533	1	10	13	28555.6	0
4.534	1	9	14	4496.59	0
4.561	1	4	1	4496.59	0
4.562	1	8	2	20726.5	0
4.563	1	3	3	5324.57	0
4.564	1	7	4	700.389	0
4.567	1	5	7	448.51	0
4.568	1	1	8	56857	0
4.569	1	2	9	443.253	0
4.57	1	6	10	782.885	0
4.573	1	10	13	28555.6	0
4.574	1	9	14	4496.59	0
4.601	1	4	1	4496.59	0
4.602	1	8	2	20726.5	0
4.603	1	3	3	5324.57	0
4.604	1	7	4	700.389	0
4.607	1	5	7	448.51	0
4.608	1	1	8	56857	0
4.609	1	2	9	443.253	0
4.61	1	6	10	782.885	0
4.613	1	10	13	28555.6	0
4.614	1	9	14	4496.59	0
4.641	1	4	1	4496.59	0
4.642	1	8	2	20726.5	0
4.643	1	3	3	5324.57	0
4.644	1	7	4	700.389	0
4.647	1	5	7	448.51	0
4.648	1	1	8	56857	0
4.649	1	2	9	443.253	0
4.65	1	6	10	782.885	0
4.653	1	10	13	28555.6	0
4.654	1	9	14	4496.59	0
4.681	1	4	1	4496.59	0
4.682	1	8	2	20726.5	0
4.683	1	3	3	5324.57	0
4.684	1	7	4	700.389	0
4.687	1	5	7	448.51	0
4.688	1	1	8	56857	0
4.689	1	2	9	443.253	0
4.69	1	6	10	782.885	0
4.693	1	10	13	28555.6	0
4.694	1	9	14	4496.59	0
4.721	1	4	1	4496.59	0
4.722	1	8	2	20726.5	0
4.723	1	3	3	5324.57	0
4.724	1	7	4	700.389	0
4.727	1	5	7	448.51	0
4.728	1	1	8	56857	0
4.729	1	2	9	443.253	0
4.73	1	6	10	782.885	0
4.733	1	10	13	28555.6	0
4.734	1	9	14	4496.59	0
4.761	1	4	1	4496.59	0
4.762	1	8	2	20726.5	0
4.763	1	3	3	5324.57	0
4.764	1	7	4	700.389	0
4.767	1	5	7	448.51	0
4.768	1	1	8	56857	0
4.769	1	2	9	443.253	0
4.77	1	6	10	782.885	0
4.773	1	10	13	28555.6	0
4.774	1	9	14	4496.59	0
4.801	1	4	1	4496.59	0
4.802	1	8	2	20726.5	0
4.803	1	3	3	5324.57	0
4.804	1	7	4	700.389	0
4.807	1	5	7	448.51	0
4.808	1	1	8	56857	0
4.809	1	2	9	443.253	0
4.81	1	6	10	782.885	0
4.813	1	10	13	28555.6	0
4.814	1	9	14	4496.59	0
4.841	1	4	1	4496.59	0
4.842	1	8	2	20726.5	0
4.843	1	3	3	5324.57	0
4.844	1	7	4	700.389	0
4.847	1	5	7	448.51	0
4.848	1	1	8	56857	0
4.849	1	2	9	443.253	0
4.85	1	6	10	782.885	0
4.853	1	10	13	28555.6	0
4.854	1	9	14	4496.59	0
4.881	1	4	1	4496.59	0
4.882	1	8	2	20726.5	0
4.883	1	3	3	5324.57	0
4.884	1	7	4	700.389	0
4.887	1	5	7	448.51	0
4.888	1	1	8	56857	0
4.889	1	2	9	443.253	0
4.89	1	6	10	782.885	0
4.893	1	10	13	28555.6	0
4.894	1	9	14	4496.59	0
4.921	1	4	1	4496.59	0
4.922	1	8	2	20726.5	0
4.923	1	3	3	5324.57	0
4.924	1	7	4	700.389	0
4.927	1	5	7	448.51	0
4.928	1	1	8	56857	0
4.929	1	2	9	443.253	0
4.93	1	6	10	782.885	0
4.933	1	10	13	28555.6	0
4.934	1	9	14	4496.59	0
4.961	1	4	1	4496.59	0
4.962	1	8	2	20726.5	0
4.963	1	3	3	5324.57	0
4.964	1	7	4	700.389	0
4.967	1	5	7	448.51	0
4.968	1	1	8	56857	0
4.969	1	2	9	443.253	0
4.97	1	6	10	782.885	0
4.973	1	10	13	28555.6	0
4.974	1	9	14	4496.59	0
5.001	1	4	1	4496.59	0
5.002	1	8	2	20726.5	0
5.003	1	3	3	5324.57	0
5.004	1	7	4	700.389	0
5.007	1	5	7	448.51	0
5.008	1	1	8	56857	0
5.009	1	2	9	443.253	0
5.01	1	6	10	782.885	0
5.013	1	10	13	28555.6	0
5.014	1	9	14	4496.59	0
5.041	1	4	1	4496.59	0
5.042	1	8	2	20726.5	0
5.043	1	3	3	5324.57	0
5.044	1	7	4	700.389	0
5.047	1	5	7	448.51	0
5.048	1	1	8	56857	0
5.049	1	2	9	443.253	0
5.05	1	6	10	782.885	0
5.053	1	10	13	28555.6	0
5.054	1	9	14	4496.59	0
5.081	1	4	1	4496.59	0
5.082	1	8	2	20726.5	0
5.083	1	3	3	5324.57	0
5.084	1	7	4	700.389	0
5.087	1	5	7	448.51	0
5.088	1	1	8	56857	0
5.089	1	2	9	443.253	0
5.09	1	6	10	782.885	0
5.093	1	10	13	28555.6	0
5.094	1	9	14	4496.59	0
5.121	1	4	1	4496.59	0
5.122	1	8	2	20726.5	0
5.123	1	3	3	5324.57	0
5.124	1	7	4	700.389	0
5.127	1	5	7	448.51	0
5.128	1	1	8	56857	0
5.129	1	2	9	443.253	0
5.13	1	6	10	782.885	0
5.133	1	10	13	28555.6	0
5.134	1	9	14	4496.59	0
5.161	1	4	1	4496.59	0
5.162	1	8	2	20726.5	0
5.163	1	3	3	5324.57	0
5.164	1	7	4	700.389	0
5.167	1	5	7	448.51	0
5.168	1	1	8	56857	0
5.169	1	2	9	443.253	0
5.17	1	6	10	782.885	0
5.173	1	10	13	28555.6	0
5.174	1	9	14	4496.59	0
5.201	1	4	1	4496.59	0
5.202	1	8	2	20726.5	0
5.203	1	3	3	5324.57	0
5.204	1	7	4	700.389	0
5.207	1	5	7	448.51	0
5.208	1	1	8	56857	0
5.209	1	2	9	443.253	0
5.21	1	6	10	782.885	0
5.213	1	10	13	28555.6	0
5.214	1	9	14	4496.59	0
5.241	1	4	1	4496.59	0
5.242	1	8	2	20726.5	0
5.243	1	3	3	5324.57	0
5.244	1	7	4	700.389	0
5.247	1	5	7	448.51	0
5.248	1	1	8	56857	0
5.249	1	2	9	443.253	0
5.25	1	6	10	782.885	0
5.253	1	10	13	28555.6	0
5.254	1	9	14	4496.59	0
5.281	1	4	1	4496.59	0
5.282	1	8	2	20726.5	0
5.283	1	3	3	5324.57	0
5.284	1	7	4	700.389	0
5.287	1	5	7	448.51	0
5.288	1	1	8	56857	0
5.289	1	2	9	443.253	0
5.29	1	6	10	782.885	0
5.293	1	10	13	28555.6	0
5.294	1	9	14	4496.59	0
5.321	1	4	1	4496.59	0
5.322	1	8	2	20726.5	0
5.323	1	3	3	5324.57	0
5.324	1	7	4	700.389	0
5.327	1	5	7	448.51	0
5.328	1	1	8	56857	0
5.329	1	2	9	443.253	0
5.33	1	6	10	782.885	0
5.333	1	10	13	28555.6	0
5.334	1	9	14	4496.59	0
5.361	1	4	1	4496.59	0
5.362	1	8	2	20726.5	0
5.363	1	3	3	5324.57	0
5.364	1	7	4	700.389	0
5.367	1	5	7	448.51	0
5.368	1	1	8	56857	0
5.369	1	2	9	443.253	0
5.37	1	6	10	782.885	0
5.373	1	10	13	28555.6	0
5.374	1	9	14	4496.59	0
5.401	1	4	1	4496.59	0
5.402	1	8	2	20726.5	0
5.403	1	3	3	5324.57	0
5.404	1	7	4	700.389	0
5.407	1	5	7	448.51	0
5.408	1	1	8	56857	0
5.409	1	2	9	443.253	0
5.41	1	6	10	782.885	0
5.413	1	10	13	28555.6	0
5.414	1	9	14	4496.59	0
5.441	1	4	1	4496.59	0
5.442	1	8	2	20726.5	0
5.443	1	3	3	5324.57	0
5.444	1	7	4	700.389	0
5.447	1	5	7	448.51	0
5.448	1	1	8	56857	0
5.449	1	2	9	443.253	0
5.45	1	6	10	782.885	0
5.453	1	10	13	28555.6	0
5.454	1	9	14	4496.59	0
5.481	1	4	1	4496.59	0
5.482	1	8	2	20726.5	0
5.483	1	3	3	5324.57	0
5.484	1	7	4	700.389	0
5.487	1	5	7	448.51	0
5.488	1	1	8	56857	0
5.489	1	2	9	443.253	0
5.49	1	6	10	782.885	0
5.493	1	10	13	28555.6	0
5.494	1	9	14	4496.59	0
5.521	1	4	1	4496.59	0
5.522	1	8	2	20726.5	0
5.523	1	3	3	5324.57	0
5.524	1	7	4	700.389	0
5.527	1	5	7	448.51	0
5.528	1	1	8	56857	0
5.529	1	2	9	443.253	0
5.53	1	6	10	782.885	0
5.533	1	10	13	28555.6	0
5.534	1	9	14	4496.59	0
5.561	1	4	1	4496.59	0
5.562	1	8	2	20726.5	0
5.563	1	3	3	5324.57	0
5.564	1	7	4	700.389	0
5.567	1	5	7	448.51	0
5.568	1	1	8	56857	0
5.569	1	2	9	443.253	0
5.57	1	6	10	782.885	0
5.573	1	10	13	28555.6	0
5.574	1	9	14	4496.59	0
5.601	1	4	1	4496.59	0
5.602	1	8	2	20726.5	0
5.603	1	3	3	5324.57	0
5.604	1	7	4	700.389	0
5.607	1	5	7	448.51	0
5.608	1	1	8	56857	0
5.609	1	2	9	443.253	0
5.61	1	6	10	782.885	0
5.613	1	10	13	28555.6	0
5.614	1	9	14	4496.59	0
5.641	1	4	1	4496.59	0
5.642	1	8	2	20726.5	0
5.643	1	3	3	5324.57	0
5.644	1	7	4	700.389	0
5.647	1	5	7	448.51	0
5.648	1	1	8	56857	0
5.649	1	2	9	443.253	0
5.65	1	6	10	782.885	0
5.653	1	10	13	28555.6	0
5.654	1	9	14	4496.59	0
5.681	1	4	1	4496.59	0
5.682	1	8	2	20726.5	0
5.683	1	3	3	5324.57	0
5.684	1	7	4	700.389	0
5.687	1	5	7	448.51	0
5.688	1	1	8	56857	0
5.689	1	2	9	443.253	0
5.69	1	6	10	782.885	0
5.693	1	10	13	28555.6	0
5.694	1	9	14	4496.59	0
5.721	1	4	1	4496.59	0
5.722	1	8	2	20726.5	0
5.723	1	3	3	5324.57	0
5.724	1	7	4	700.389	0
5.727	1	5	7	448.51	0
5.728	1	1	8	56857	0
5.729	1	2	9	443.253	0
5.73	1	6	10	782.885	0
5.733	1	10	13	28555.6	0
5.734	1	9	14	4496.59	0
5.761	1	4	1	4496.59	0
5.762	1	8	2	20726.5	0
5.763	1	3	3	5324.57	0
5.764	1	7	4	700.389	0
5.767	1	5	7	448.51	0
5.768	1	1	8	56857	0
5.769	1	2	9	443.253	0
5.77	1	6	10	782.885	0
5.773	1	10	13	28555.6	0
5.774	1	9	14	4496.59	0
5.801	1	4	1	4496.59	0
5.802	1	8	2	20726.5	0
5.803	1	3	3	5324.57	0
5.804	1	7	4	700.389	0
5.807	1	5	7	448.51	0
5.808	1	1	8	56857	0
5.809	1	2	9	443.253	0
5.81	1	6	10	782.885	0
5.813	1	10	13	28555.6	0
5.814	1	9	14	4496.59	0
5.841	1	4	1	4496.59	0
5.842	1	8	2	20726.5	0
5.843	1	3	3	5324.57	0
5.844	1	7	4	700.389	0
5.847	1	5	7	448.51	0
5.848	1	1	8	56857	0
5.849	1	2	9	443.253	0
5.85	1	6	10	782.885	0
5.853	1	10	13	28555.6	0
5.854	1	9	14	4496.59	0
5.881	1	4	1	4496.59	0
5.882	1	8	2	20726.5	0
5.883	1	3	3	5324.57	0
5.884	1	7	4	700.389	0
5.887	1	5	7	448.51	0
5.888	1	1	8	56857	0
5.889	1	2	9	443.253	0
5.89	1	6	10	782.885	0
5.893	1	10	13	28555.6	0
5.894	1	9	14	4496.59	0
5.921	1	4	1	4496.59	0
5.922	1	8	2	20726.5	0
5.923	1	3	3	5324.57	0
5.924	1	7	4	700.389	0
5.927	1	5	7	448.51	0
5.928	1	1	8	56857	0
5.929	1	2	9	443.253	0
5.93	1	6	10	782.885	0
5.933	1	10	13	28555.6	0
5.934	1	9	14	4496.59	0
5.961	1	4	1	4496.59	0
5.962	1	8	2	20726.5	0
5.963	1	3	3	5324.57	0
5.964	1	7	4	700.389	0
5.967	1	5	7	448.51	0
5.968	1	1	8	56857	0
5.969	1	2	9	443.253	0
5.97	1	6	10	782.885	0
5.973	1	10	13	28555.6	0
5.974	1	9	14	4496.59	0
6.001	1	4	1	4496.59	0
6.002	1	8	2	20726.5	0
6.003	1	3	3	5324.57	0
6.004	1	7	4	700.389	0
6.007	1	5	7	448.51	0
6.008	1	1	8	56857	0
6.009	1	2	9	443.253	0
6.01	1	6	10	782.885	0
6.013	1	10	13	28555.6	0
6.014	1	9	14	4496.59	0
6.041	1	4	1	4496.59	0
6.042	1	8	2	20726.5	0
6.043	1	3	3	5324.57	0
6.044	1	7	4	700.389	0
6.047	1	5	7	448.51	0
6.048	1	1	8	56857	0
6.049	1	2	9	443.253	0
6.05	1	6	10	782.885	0
6.053	1	10	13	28555.6	0
6.054	1	9	14	4496.59	0
6.081	1	4	1	4496.59	0
6.082	1	8	2	20726.5	0
6.083	1	3	3	5324.57	0
6.084	1	7	4	700.389	0
6.087	1	5	7	448.51	0
6.088	1	1	8	56857	0
6.089	1	2	9	443.253	0
6.09	1	6	10	782.885	0
6.093	1	10	13	28555.6	0
6.094	1	9	14	4496.59	0
6.121	1	4	1	4496.59	0
6.122	1	8	2	20726.5	0
6.123	1	3	3	5324.57	0
6.124	1	7	4	700.389	0
6.127	1	5	7	448.51	0
6.128	1	1	8	56857	0
6.129	1	2	9	443.253	0
6.13	1	6	10	782.885	0
6.133	1	10	13	28555.6	0
6.134	1	9	14	4496.59	0
