% time	cellId	IMSI	frame	sframe	RNTI	mcsTb1	sizeTb1	mcsTb2	sizeTb2	ccId
0.083	1	3	9	4	3	20	1191	0	0	0
0.202	1	4	21	3	4	26	1836	0	0	0
0.214	1	3	22	5	3	24	1620	0	0	0
0.288	1	1	29	9	2	28	2196	0	0	0
0.34	1	2	35	1	5	28	2196	0	0	0
0.353	1	4	36	4	4	26	1836	0	0	0
0.52	1	1	53	1	2	26	1836	0	0	0
0.522	1	5	53	3	1	28	2196	0	0	0
0.619	1	1	62	10	2	28	2196	0	0	0
0.622	1	4	63	3	4	28	2196	0	0	0
0.702	1	2	71	3	5	28	2196	0	0	0
0.719	1	3	72	10	3	28	2196	0	0	0
0.758	1	5	76	9	1	28	2196	0	0	0
0.762	1	3	77	3	3	28	2196	0	0	0
0.819	1	1	82	10	2	28	2196	0	0	0
0.884	1	2	89	5	5	28	2196	0	0	0
0.896	1	4	90	7	4	28	2196	0	0	0
0.899	1	3	90	10	3	26	1836	0	0	0
0.902	1	1	91	3	2	28	2196	0	0	0
0.991	1	4	100	2	4	28	2196	0	0	0
1.014	1	3	102	5	3	28	2196	0	0	0
1.054	1	4	106	5	4	28	2196	0	0	0
1.136	1	4	114	7	4	28	2196	0	0	0
1.138	1	5	114	9	1	28	2196	0	0	0
1.197	1	3	120	8	3	26	1836	0	0	0
1.254	1	2	126	5	5	28	2196	0	0	0
1.312	1	5	132	3	1	22	1383	0	0	0
1.349	1	1	135	10	2	28	2196	0	0	0
1.378	1	4	138	9	4	28	2196	0	0	0
1.402	1	2	141	3	5	28	2196	0	0	0
1.47	1	3	148	1	3	28	2196	0	0	0
1.485	1	4	149	6	4	28	2196	0	0	0
1.514	1	2	152	5	5	28	2196	0	0	0
1.521	1	4	153	2	4	12	597	0	0	0
1.569	1	3	157	10	3	28	2196	0	0	0
1.579	1	5	158	10	1	24	1620	0	0	0
1.642	1	2	165	3	5	28	2196	0	0	0
1.655	1	4	166	6	4	28	2196	0	0	0
1.666	1	1	167	7	2	28	2196	0	0	0
1.709	1	5	171	10	1	28	2196	0	0	0
1.82	1	3	183	1	3	28	2196	0	0	0
1.84	1	1	185	1	2	28	2196	0	0	0
1.855	1	4	186	6	4	28	2196	0	0	0
1.918	1	5	192	9	1	22	1383	0	0	0
1.921	1	1	193	2	2	28	2196	0	0	0
1.923	1	2	193	4	5	28	2196	0	0	0
1.96	1	4	197	1	4	28	2196	0	0	0
1.982	1	3	199	3	3	28	2196	0	0	0
1.992	1	1	200	3	2	28	2196	0	0	0
2.061	1	4	207	2	4	28	2196	0	0	0
2.126	1	2	213	7	5	28	2196	0	0	0
2.176	1	5	218	7	1	28	2196	0	0	0
2.285	1	2	229	6	5	28	2196	0	0	0
2.352	1	3	236	3	3	20	1191	0	0	0
2.429	1	3	243	10	3	28	2196	0	0	0
2.437	1	1	244	8	2	28	2196	0	0	0
2.501	1	4	251	2	4	28	2196	0	0	0
2.511	1	3	252	2	3	14	775	0	0	0
2.515	1	5	252	6	1	28	2196	0	0	0
2.53	1	2	254	1	5	28	2196	0	0	0
2.546	1	3	255	7	3	28	2196	0	0	0
2.592	1	1	260	3	2	28	2196	0	0	0
2.689	1	2	269	10	5	28	2196	0	0	0
2.703	1	4	271	4	4	28	2196	0	0	0
2.771	1	1	278	2	2	28	2196	0	0	0
2.774	1	2	278	5	5	28	2196	0	0	0
2.814	1	2	282	5	5	28	2196	0	0	0
2.858	1	2	286	9	5	28	2196	0	0	0
2.863	1	5	287	4	1	28	2196	0	0	0
2.928	1	2	293	9	5	28	2196	0	0	0
2.941	1	5	295	2	1	28	2196	0	0	0
2.968	1	1	297	9	2	28	2196	0	0	0
3.066	1	4	307	7	4	28	2196	0	0	0
3.074	1	5	308	5	1	22	1383	0	0	0
3.101	1	3	311	2	3	24	1620	0	0	0
3.234	1	1	324	5	2	28	2196	0	0	0
3.251	1	3	326	2	3	28	2196	0	0	0
3.385	1	4	339	6	4	22	1383	0	0	0
3.39	1	2	340	1	5	28	2196	0	0	0
3.394	1	5	340	5	1	28	2196	0	0	0
3.412	1	1	342	3	2	28	2196	0	0	0
3.479	1	2	348	10	5	28	2196	0	0	0
3.499	1	1	350	10	2	28	2196	0	0	0
3.513	1	4	352	4	4	28	2196	0	0	0
3.585	1	2	359	6	5	28	2196	0	0	0
3.586	1	1	359	7	2	28	2196	0	0	0
3.639	1	3	364	10	3	24	1620	0	0	0
3.725	1	5	373	6	1	26	1836	0	0	0
3.733	1	3	374	4	3	24	1620	0	0	0
3.75	1	4	376	1	4	24	1620	0	0	0
3.807	1	2	381	8	5	28	2196	0	0	0
3.88	1	5	389	1	1	28	2196	0	0	0
3.937	1	4	394	8	4	20	1191	0	0	0
3.967	1	3	397	8	3	28	2196	0	0	0
3.988	1	3	399	9	3	28	2196	0	0	0
4.07	1	3	408	1	3	28	2196	0	0	0
4.073	1	4	408	4	4	28	2196	0	0	0
4.084	1	2	409	5	5	28	2196	0	0	0
4.1	1	5	411	1	1	28	2196	0	0	0
4.226	1	1	423	7	2	28	2196	0	0	0
4.288	1	5	429	9	1	28	2196	0	0	0
4.332	1	3	434	3	3	28	2196	0	0	0
4.353	1	1	436	4	2	22	1383	0	0	0
4.358	1	5	436	9	1	28	2196	0	0	0
4.364	1	2	437	5	5	28	2196	0	0	0
4.414	1	5	442	5	1	28	2196	0	0	0
4.422	1	3	443	3	3	28	2196	0	0	0
4.441	1	2	445	2	5	28	2196	0	0	0
4.512	1	4	452	3	4	26	1836	0	0	0
4.609	1	3	461	10	3	28	2196	0	0	0
4.619	1	1	462	10	2	28	2196	0	0	0
4.648	1	5	465	9	1	28	2196	0	0	0
4.7	1	1	471	1	2	28	2196	0	0	0
4.786	1	5	479	7	1	28	2196	0	0	0
4.824	1	2	483	5	5	28	2196	0	0	0
4.832	1	1	484	3	2	28	2196	0	0	0
4.864	1	5	487	5	1	28	2196	0	0	0
4.889	1	4	489	10	4	28	2196	0	0	0
4.896	1	5	490	7	1	24	1620	0	0	0
4.974	1	4	498	5	4	28	2196	0	0	0
5.008	1	1	501	9	2	28	2196	0	0	0
5.039	1	2	504	10	5	28	2196	0	0	0
5.114	1	4	512	5	4	22	1383	0	0	0
5.124	1	3	513	5	3	24	1620	0	0	0
5.152	1	1	516	3	2	28	2196	0	0	0
5.168	1	5	517	9	1	28	2196	0	0	0
5.246	1	5	525	7	1	28	2196	0	0	0
5.247	1	1	525	8	2	28	2196	0	0	0
5.249	1	3	525	10	3	24	1620	0	0	0
5.257	1	4	526	8	4	22	1383	0	0	0
5.392	1	3	540	3	3	24	1620	0	0	0
5.405	1	5	541	6	1	28	2196	0	0	0
5.407	1	1	541	8	2	28	2196	0	0	0
5.444	1	3	545	5	3	28	2196	0	0	0
5.445	1	5	545	6	1	28	2196	0	0	0
5.461	1	1	547	2	2	28	2196	0	0	0
5.517	1	2	552	8	5	28	2196	0	0	0
5.54	1	2	555	1	5	28	2196	0	0	0
5.56	1	3	557	1	3	28	2196	0	0	0
5.603	1	1	561	4	2	28	2196	0	0	0
5.605	1	5	561	6	1	24	1620	0	0	0
5.652	1	5	566	3	1	26	1836	0	0	0
5.714	1	3	572	5	3	24	1620	0	0	0
5.757	1	4	576	8	4	20	1191	0	0	0
5.866	1	2	587	7	5	28	2196	0	0	0
5.885	1	5	589	6	1	28	2196	0	0	0
5.894	1	1	590	5	2	22	1383	0	0	0
5.95	1	3	596	1	3	28	2196	0	0	0
6.035	1	1	604	6	2	28	2196	0	0	0
6.086	1	4	609	7	4	28	2196	0	0	0
6.088	1	1	609	9	2	28	2196	0	0	0
6.177	1	5	618	8	1	28	2196	0	0	0
6.197	1	2	620	8	5	28	2196	0	0	0
6.232	1	3	624	3	3	24	1620	0	0	0
6.365	1	3	637	6	3	18	967	0	0	0
6.399	1	4	640	10	4	26	1836	0	0	0
6.403	1	1	641	4	2	28	2196	0	0	0
6.469	1	5	647	10	1	28	2196	0	0	0
6.484	1	4	649	5	4	24	1620	0	0	0
6.51	1	5	652	1	1	28	2196	0	0	0
6.525	1	4	653	6	4	28	2196	0	0	0
6.572	1	1	658	3	2	28	2196	0	0	0
6.6	1	2	661	1	5	28	2196	0	0	0
6.621	1	1	663	2	2	28	2196	0	0	0
6.658	1	3	666	9	3	28	2196	0	0	0
6.718	1	2	672	9	5	28	2196	0	0	0
6.747	1	1	675	8	2	28	2196	0	0	0
6.749	1	4	675	10	4	20	1191	0	0	0
6.763	1	3	677	4	3	28	2196	0	0	0
6.836	1	2	684	7	5	28	2196	0	0	0
6.858	1	3	686	9	3	24	1620	0	0	0
6.901	1	3	691	2	3	28	2196	0	0	0
6.931	1	3	694	2	3	26	1836	0	0	0
6.964	1	2	697	5	5	28	2196	0	0	0
7.14	1	3	715	1	3	28	2196	0	0	0
7.159	1	5	716	10	1	28	2196	0	0	0
7.184	1	2	719	5	5	28	2196	0	0	0
7.191	1	4	720	2	4	28	2196	0	0	0
7.236	1	1	724	7	2	28	2196	0	0	0
7.237	1	5	724	8	1	28	2196	0	0	0
7.284	1	1	729	5	2	28	2196	0	0	0
7.361	1	2	737	2	5	28	2196	0	0	0
7.407	1	3	741	8	3	28	2196	0	0	0
7.414	1	5	742	5	1	28	2196	0	0	0
7.544	1	5	755	5	1	12	597	0	0	0
7.577	1	2	758	8	5	28	2196	0	0	0
7.595	1	3	760	6	3	28	2196	0	0	0
7.631	1	1	764	2	2	28	2196	0	0	0
7.722	1	3	773	3	3	28	2196	0	0	0
7.73	1	5	774	1	1	28	2196	0	0	0
7.732	1	4	774	3	4	24	1620	0	0	0
7.733	1	2	774	4	5	24	1620	0	0	0
7.827	1	3	783	8	3	28	2196	0	0	0
7.846	1	1	785	7	2	28	2196	0	0	0
7.897	1	4	790	8	4	28	2196	0	0	0
7.97	1	2	798	1	5	28	2196	0	0	0
8.007	1	1	801	8	2	28	2196	0	0	0
8.053	1	2	806	4	5	28	2196	0	0	0
8.082	1	2	809	3	5	28	2196	0	0	0
8.181	1	5	819	2	1	26	1836	0	0	0
8.225	1	1	823	6	2	28	2196	0	0	0
8.245	1	3	825	6	3	28	2196	0	0	0
8.279	1	4	828	10	4	28	2196	0	0	0
8.31	1	2	832	1	5	28	2196	0	0	0
8.384	1	4	839	5	4	28	2196	0	0	0
8.473	1	5	848	4	1	28	2196	0	0	0
8.509	1	5	851	10	1	28	2196	0	0	0
8.533	1	2	854	4	5	28	2196	0	0	0
8.544	1	4	855	5	4	28	2196	0	0	0
8.63	1	3	864	1	3	28	2196	0	0	0
8.631	1	2	864	2	5	28	2196	0	0	0
8.673	1	1	868	4	2	28	2196	0	0	0
8.688	1	5	869	9	1	28	2196	0	0	0
8.702	1	4	871	3	4	18	967	0	0	0
8.744	1	3	875	5	3	28	2196	0	0	0
8.779	1	5	878	10	1	28	2196	0	0	0
8.866	1	3	887	7	3	28	2196	0	0	0
8.886	1	3	889	7	3	28	2196	0	0	0
8.921	1	4	893	2	4	24	1620	0	0	0
8.97	1	1	898	1	2	28	2196	0	0	0
8.973	1	2	898	4	5	28	2196	0	0	0
9.009	1	5	901	10	1	28	2196	0	0	0
9.183	1	3	919	4	3	22	1383	0	0	0
9.201	1	2	921	2	5	28	2196	0	0	0
9.264	1	4	927	5	4	24	1620	0	0	0
9.273	1	1	928	4	2	28	2196	0	0	0
9.282	1	5	929	3	1	26	1836	0	0	0
9.355	1	2	936	6	5	24	1620	0	0	0
9.363	1	3	937	4	3	28	2196	0	0	0
9.37	1	4	938	1	4	20	1191	0	0	0
9.371	1	1	938	2	2	28	2196	0	0	0
9.429	1	5	943	10	1	28	2196	0	0	0
9.453	1	2	946	4	5	28	2196	0	0	0
9.516	1	5	952	7	1	28	2196	0	0	0
9.552	1	2	956	3	5	28	2196	0	0	0
9.566	1	1	957	7	2	28	2196	0	0	0
9.603	1	5	961	4	1	28	2196	0	0	0
9.604	1	2	961	5	5	28	2196	0	0	0
9.647	1	1	965	8	2	28	2196	0	0	0
9.663	1	4	967	4	4	28	2196	0	0	0
9.706	1	3	971	7	3	28	2196	0	0	0
9.836	1	1	984	7	2	28	2196	0	0	0
9.872	1	5	988	3	1	28	2196	0	0	0
9.885	1	2	989	6	5	28	2196	0	0	0
9.934	1	4	994	5	4	18	967	0	0	0
9.952	1	5	996	3	1	28	2196	0	0	0
9.975	1	3	998	6	3	28	2196	0	0	0
10.028	1	5	1003	9	1	24	1620	0	0	0
10.062	1	3	1007	3	3	24	1620	0	0	0
10.201	1	1	1021	2	2	28	2196	0	0	0
10.202	1	4	1021	3	4	22	1383	0	0	0
10.239	1	4	1024	10	4	28	2196	0	0	0
10.265	1	3	1027	6	3	28	2196	0	0	0
10.296	1	1	1030	7	2	28	2196	0	0	0
10.375	1	2	1038	6	5	28	2196	0	0	0
10.402	1	4	1041	3	4	24	1620	0	0	0
10.415	1	1	1042	6	2	28	2196	0	0	0
10.417	1	2	1042	8	5	28	2196	0	0	0
10.481	1	1	1049	2	2	28	2196	0	0	0
10.531	1	1	1054	2	2	28	2196	0	0	0
10.537	1	5	1054	8	1	28	2196	0	0	0
10.558	1	3	1056	9	3	28	2196	0	0	0
10.564	1	4	1057	5	4	28	2196	0	0	0
10.583	1	1	1059	4	2	28	2196	0	0	0
10.617	1	5	1062	8	1	28	2196	0	0	0
10.628	1	1	1063	9	2	28	2196	0	0	0
10.654	1	3	1066	5	3	28	2196	0	0	0
10.724	1	1	1073	5	2	28	2196	0	0	0
10.826	1	4	1083	7	4	28	2196	0	0	0
10.849	1	2	1085	10	5	28	2196	0	0	0
10.911	1	5	1092	2	1	28	2196	0	0	0
10.914	1	1	1092	5	2	28	2196	0	0	0
10.942	1	2	1095	3	5	28	2196	0	0	0
11.09	1	5	1110	1	1	28	2196	0	0	0
11.118	1	4	1112	9	4	28	2196	0	0	0
11.121	1	2	1113	2	5	28	2196	0	0	0
11.178	1	1	1118	9	2	28	2196	0	0	0
11.193	1	5	1120	4	1	28	2196	0	0	0
11.259	1	3	1126	10	3	28	2196	0	0	0
11.313	1	4	1132	4	4	28	2196	0	0	0
11.315	1	1	1132	6	2	28	2196	0	0	0
11.358	1	3	1136	9	3	28	2196	0	0	0
11.401	1	2	1141	2	5	22	1383	0	0	0
11.414	1	4	1142	5	4	28	2196	0	0	0
11.481	1	4	1149	2	4	28	2196	0	0	0
11.611	1	3	1162	2	3	22	1383	0	0	0
11.711	1	4	1172	2	4	24	1620	0	0	0
11.712	1	1	1172	3	2	28	2196	0	0	0
11.749	1	3	1175	10	3	28	2196	0	0	0
11.866	1	2	1187	7	5	28	2196	0	0	0
11.893	1	4	1190	4	4	28	2196	0	0	0
11.928	1	2	1193	9	5	28	2196	0	0	0
11.964	1	2	1197	5	5	28	2196	0	0	0
11.977	1	3	1198	8	3	28	2196	0	0	0
11.999	1	4	1200	10	4	28	2196	0	0	0
12.015	1	1	1202	6	2	28	2196	0	0	0
12.044	1	5	1205	5	1	28	2196	0	0	0
12.048	1	2	1205	9	5	28	2196	0	0	0
12.058	1	4	1206	9	4	24	1620	0	0	0
12.134	1	1	1214	5	2	28	2196	0	0	0
12.219	1	5	1222	10	1	28	2196	0	0	0
12.222	1	1	1223	3	2	28	2196	0	0	0
12.259	1	3	1226	10	3	28	2196	0	0	0
12.361	1	3	1237	2	3	28	2196	0	0	0
12.394	1	1	1240	5	2	28	2196	0	0	0
12.458	1	4	1246	9	4	28	2196	0	0	0
12.47	1	3	1248	1	3	28	2196	0	0	0
12.508	1	5	1251	9	1	28	2196	0	0	0
12.526	1	5	1253	7	1	28	2196	0	0	0
12.559	1	2	1256	10	5	28	2196	0	0	0
12.589	1	3	1259	10	3	28	2196	0	0	0
12.591	1	1	1260	2	2	28	2196	0	0	0
12.77	1	4	1278	1	4	18	967	0	0	0
12.812	1	3	1282	3	3	28	2196	0	0	0
12.869	1	2	1287	10	5	28	2196	0	0	0
12.879	1	4	1288	10	4	28	2196	0	0	0
12.898	1	1	1290	9	2	28	2196	0	0	0
12.987	1	2	1299	8	5	28	2196	0	0	0
12.991	1	4	1300	2	4	28	2196	0	0	0
12.996	1	5	1300	7	1	28	2196	0	0	0
13.041	1	1	1305	2	2	28	2196	0	0	0
13.067	1	4	1307	8	4	18	967	0	0	0
13.181	1	5	1319	2	1	28	2196	0	0	0
13.23	1	3	1324	1	3	28	2196	0	0	0
13.248	1	2	1325	9	5	28	2196	0	0	0
13.316	1	5	1332	7	1	28	2196	0	0	0
13.333	1	2	1334	4	5	28	2196	0	0	0
13.399	1	2	1340	10	5	28	2196	0	0	0
13.422	1	1	1343	3	2	28	2196	0	0	0
13.439	1	3	1344	10	3	28	2196	0	0	0
13.461	1	5	1347	2	1	28	2196	0	0	0
13.474	1	2	1348	5	5	28	2196	0	0	0
13.504	1	3	1351	5	3	20	1191	0	0	0
13.505	1	2	1351	6	5	28	2196	0	0	0
13.544	1	5	1355	5	1	22	1383	0	0	0
13.555	1	1	1356	6	2	28	2196	0	0	0
13.568	1	5	1357	9	1	28	2196	0	0	0
13.602	1	4	1361	3	4	20	1191	0	0	0
13.638	1	2	1364	9	5	28	2196	0	0	0
13.74	1	1	1375	1	2	28	2196	0	0	0
13.744	1	5	1375	5	1	28	2196	0	0	0
13.753	1	3	1376	4	3	26	1836	0	0	0
13.761	1	2	1377	2	5	28	2196	0	0	0
13.762	1	1	1377	3	2	28	2196	0	0	0
13.865	1	1	1387	6	2	28	2196	0	0	0
13.889	1	2	1389	10	5	28	2196	0	0	0
13.921	1	4	1393	2	4	28	2196	0	0	0
13.941	1	2	1395	2	5	28	2196	0	0	0
13.95	1	3	1396	1	3	28	2196	0	0	0
13.971	1	1	1398	2	2	28	2196	0	0	0
13.98	1	2	1399	1	5	28	2196	0	0	0
14.044	1	2	1405	5	5	28	2196	0	0	0
14.061	1	5	1407	2	1	28	2196	0	0	0
14.108	1	4	1411	9	4	26	1836	0	0	0
14.113	1	1	1412	4	2	28	2196	0	0	0
14.162	1	3	1417	3	3	28	2196	0	0	0
14.188	1	3	1419	9	3	28	2196	0	0	0
14.215	1	2	1422	6	5	28	2196	0	0	0
14.304	1	5	1431	5	1	28	2196	0	0	0
14.385	1	1	1439	6	2	28	2196	0	0	0
14.446	1	3	1445	7	3	28	2196	0	0	0
14.465	1	1	1447	6	2	28	2196	0	0	0
14.555	1	5	1456	6	1	28	2196	0	0	0
14.566	1	2	1457	7	5	28	2196	0	0	0
14.577	1	3	1458	8	3	26	1836	0	0	0
14.619	1	3	1462	10	3	28	2196	0	0	0
14.639	1	1	1464	10	2	28	2196	0	0	0
14.658	1	4	1466	9	4	22	1383	0	0	0
14.703	1	2	1471	4	5	28	2196	0	0	0
14.722	1	5	1473	3	1	28	2196	0	0	0
14.726	1	1	1473	7	2	28	2196	0	0	0
14.799	1	4	1480	10	4	18	967	0	0	0
14.858	1	5	1486	9	1	28	2196	0	0	0
14.91	1	2	1492	1	5	28	2196	0	0	0
14.937	1	4	1494	8	4	28	2196	0	0	0
14.955	1	4	1496	6	4	22	1383	0	0	0
15.009	1	4	1501	10	4	22	1383	0	0	0
15.019	1	2	1502	10	5	28	2196	0	0	0
15.044	1	1	1505	5	2	28	2196	0	0	0
15.06	1	4	1507	1	4	14	775	0	0	0
15.103	1	2	1511	4	5	28	2196	0	0	0
15.194	1	4	1520	5	4	24	1620	0	0	0
15.199	1	2	1520	10	5	28	2196	0	0	0
15.247	1	3	1525	8	3	24	1620	0	0	0
15.263	1	5	1527	4	1	28	2196	0	0	0
15.287	1	1	1529	8	2	28	2196	0	0	0
15.291	1	3	1530	2	3	28	2196	0	0	0
15.381	1	4	1539	2	4	20	1191	0	0	0
15.387	1	3	1539	8	3	28	2196	0	0	0
15.398	1	1	1540	9	2	28	2196	0	0	0
15.439	1	2	1544	10	5	28	2196	0	0	0
15.468	1	4	1547	9	4	22	1383	0	0	0
15.477	1	5	1548	8	1	26	1836	0	0	0
15.53	1	5	1554	1	1	28	2196	0	0	0
15.598	1	4	1560	9	4	28	2196	0	0	0
15.624	1	1	1563	5	2	28	2196	0	0	0
15.66	1	2	1567	1	5	28	2196	0	0	0
15.707	1	3	1571	8	3	28	2196	0	0	0
15.71	1	5	1572	1	1	28	2196	0	0	0
15.746	1	4	1575	7	4	28	2196	0	0	0
15.783	1	1	1579	4	2	28	2196	0	0	0
15.875	1	3	1588	6	3	28	2196	0	0	0
15.958	1	5	1596	9	1	22	1383	0	0	0
16.05	1	1	1606	1	2	28	2196	0	0	0
16.086	1	4	1609	7	4	28	2196	0	0	0
16.117	1	3	1612	8	3	26	1836	0	0	0
16.138	1	5	1614	9	1	28	2196	0	0	0
16.188	1	4	1619	9	4	28	2196	0	0	0
16.252	1	1	1626	3	2	28	2196	0	0	0
16.268	1	2	1627	9	5	28	2196	0	0	0
16.31	1	1	1632	1	2	28	2196	0	0	0
16.325	1	2	1633	6	5	28	2196	0	0	0
16.375	1	4	1638	6	4	28	2196	0	0	0
16.383	1	1	1639	4	2	28	2196	0	0	0
16.398	1	3	1640	9	3	18	967	0	0	0
16.453	1	1	1646	4	2	28	2196	0	0	0
16.5	1	4	1651	1	4	28	2196	0	0	0
16.523	1	5	1653	4	1	28	2196	0	0	0
16.567	1	2	1657	8	5	28	2196	0	0	0
16.652	1	2	1666	3	5	28	2196	0	0	0
16.669	1	1	1667	10	2	28	2196	0	0	0
16.744	1	4	1675	5	4	18	967	0	0	0
16.759	1	3	1676	10	3	26	1836	0	0	0
16.797	1	5	1680	8	1	28	2196	0	0	0
16.802	1	2	1681	3	5	24	1620	0	0	0
16.813	1	3	1682	4	3	28	2196	0	0	0
16.837	1	5	1684	8	1	28	2196	0	0	0
16.841	1	2	1685	2	5	28	2196	0	0	0
16.893	1	3	1690	4	3	22	1383	0	0	0
16.944	1	1	1695	5	2	28	2196	0	0	0
16.971	1	3	1698	2	3	28	2196	0	0	0
17.02	1	2	1703	1	5	28	2196	0	0	0
17.044	1	2	1705	5	5	28	2196	0	0	0
17.059	1	3	1706	10	3	28	2196	0	0	0
17.145	1	2	1715	6	5	28	2196	0	0	0
17.179	1	1	1718	10	2	28	2196	0	0	0
17.195	1	5	1720	6	1	28	2196	0	0	0
17.264	1	2	1727	5	5	28	2196	0	0	0
17.282	1	1	1729	3	2	28	2196	0	0	0
17.374	1	1	1738	5	2	28	2196	0	0	0
17.415	1	5	1742	6	1	28	2196	0	0	0
17.437	1	4	1744	8	4	28	2196	0	0	0
17.469	1	2	1747	10	5	28	2196	0	0	0
17.501	1	3	1751	2	3	28	2196	0	0	0
17.542	1	4	1755	3	4	24	1620	0	0	0
17.557	1	3	1756	8	3	26	1836	0	0	0
17.644	1	2	1765	5	5	28	2196	0	0	0
17.689	1	5	1769	10	1	28	2196	0	0	0
17.708	1	4	1771	9	4	28	2196	0	0	0
17.775	1	1	1778	6	2	28	2196	0	0	0
17.792	1	5	1780	3	1	28	2196	0	0	0
17.818	1	2	1782	9	5	28	2196	0	0	0
17.825	1	3	1783	6	3	28	2196	0	0	0
17.859	1	1	1786	10	2	28	2196	0	0	0
17.934	1	2	1794	5	5	28	2196	0	0	0
17.971	1	5	1798	2	1	28	2196	0	0	0
18.005	1	2	1801	6	5	28	2196	0	0	0
18.055	1	3	1806	6	3	28	2196	0	0	0
18.113	1	5	1812	4	1	28	2196	0	0	0
18.15	1	4	1816	1	4	28	2196	0	0	0
18.195	1	2	1820	6	5	28	2196	0	0	0
18.251	1	1	1826	2	2	28	2196	0	0	0
18.306	1	1	1831	7	2	28	2196	0	0	0
18.323	1	1	1833	4	2	28	2196	0	0	0
18.354	1	2	1836	5	5	28	2196	0	0	0
18.363	1	3	1837	4	3	24	1620	0	0	0
18.41	1	3	1842	1	3	16	903	0	0	0
18.421	1	4	1843	2	4	26	1836	0	0	0
18.487	1	5	1849	8	1	28	2196	0	0	0
18.534	1	1	1854	5	2	28	2196	0	0	0
18.598	1	3	1860	9	3	28	2196	0	0	0
18.629	1	3	1863	10	3	28	2196	0	0	0
18.639	1	2	1864	10	5	28	2196	0	0	0
18.753	1	3	1876	4	3	24	1620	0	0	0
18.756	1	1	1876	7	2	28	2196	0	0	0
18.868	1	5	1887	9	1	28	2196	0	0	0
18.875	1	1	1888	6	2	28	2196	0	0	0
18.969	1	1	1897	10	2	28	2196	0	0	0
18.971	1	2	1898	2	5	28	2196	0	0	0
18.99	1	2	1900	1	5	28	2196	0	0	0
19.018	1	4	1902	9	4	26	1836	0	0	0
19.025	1	3	1903	6	3	28	2196	0	0	0
19.13	1	5	1914	1	1	28	2196	0	0	0
19.133	1	1	1914	4	2	28	2196	0	0	0
19.143	1	3	1915	4	3	28	2196	0	0	0
19.179	1	1	1918	10	2	28	2196	0	0	0
19.222	1	5	1923	3	1	28	2196	0	0	0
19.245	1	4	1925	6	4	22	1383	0	0	0
19.318	1	3	1932	9	3	24	1620	0	0	0
19.365	1	1	1937	6	2	28	2196	0	0	0
19.389	1	4	1939	10	4	26	1836	0	0	0
19.476	1	2	1948	7	5	28	2196	0	0	0
19.485	1	5	1949	6	1	28	2196	0	0	0
19.565	1	1	1957	6	2	28	2196	0	0	0
19.61	1	4	1962	1	4	28	2196	0	0	0
19.62	1	3	1963	1	3	26	1836	0	0	0
19.674	1	3	1968	5	3	18	967	0	0	0
19.706	1	2	1971	7	5	28	2196	0	0	0
19.736	1	5	1974	7	1	28	2196	0	0	0
19.761	1	3	1977	2	3	28	2196	0	0	0
19.875	1	4	1988	6	4	28	2196	0	0	0
19.924	1	2	1993	5	5	28	2196	0	0	0
19.979	1	1	1998	10	2	28	2196	0	0	0
20.009	1	3	2001	10	3	28	2196	0	0	0
20.045	1	1	2005	6	2	28	2196	0	0	0
20.097	1	1	2010	8	2	28	2196	0	0	0
20.156	1	5	2016	7	1	28	2196	0	0	0
20.174	1	2	2018	5	5	28	2196	0	0	0
20.226	1	4	2023	7	4	28	2196	0	0	0
20.243	1	1	2025	4	2	28	2196	0	0	0
20.261	1	2	2027	2	5	28	2196	0	0	0
20.363	1	5	2037	4	1	28	2196	0	0	0
20.377	1	1	2038	8	2	28	2196	0	0	0
20.436	1	2	2044	7	5	28	2196	0	0	0
20.462	1	3	2047	3	3	28	2196	0	0	0
20.479	1	5	2048	10	1	28	2196	0	0	0
20.491	1	4	2050	2	4	28	2196	0	0	0
20.52	1	2	2053	1	5	28	2196	0	0	0
20.537	1	1	2054	8	2	28	2196	0	0	0
20.546	1	5	2055	7	1	28	2196	0	0	0
20.69	1	1	2070	1	2	28	2196	0	0	0
20.729	1	3	2073	10	3	28	2196	0	0	0
20.746	1	1	2075	7	2	28	2196	0	0	0
20.776	1	5	2078	7	1	28	2196	0	0	0
20.794	1	4	2080	5	4	24	1620	0	0	0
20.967	1	2	2097	8	5	28	2196	0	0	0
21.029	1	4	2103	10	4	24	1620	0	0	0
21.045	1	1	2105	6	2	28	2196	0	0	0
21.158	1	2	2116	9	5	28	2196	0	0	0
21.173	1	4	2118	4	4	26	1836	0	0	0
21.249	1	4	2125	10	4	28	2196	0	0	0
21.255	1	2	2126	6	5	28	2196	0	0	0
21.26	1	3	2127	1	3	28	2196	0	0	0
21.299	1	5	2130	10	1	28	2196	0	0	0
21.311	1	4	2132	2	4	24	1620	0	0	0
21.314	1	1	2132	5	2	28	2196	0	0	0
21.327	1	1	2133	8	2	26	1836	0	0	0
21.352	1	2	2136	3	5	28	2196	0	0	0
21.369	1	5	2137	10	1	28	2196	0	0	0
21.538	1	3	2154	9	3	22	1383	0	0	0
21.551	1	1	2156	2	2	28	2196	0	0	0
21.578	1	4	2158	9	4	22	1383	0	0	0
21.593	1	2	2160	4	5	28	2196	0	0	0
21.634	1	4	2164	5	4	20	1191	0	0	0
21.689	1	1	2169	10	2	28	2196	0	0	0
21.709	1	4	2171	10	4	24	1620	0	0	0
21.791	1	3	2180	2	3	22	1383	0	0	0
21.801	1	2	2181	2	5	28	2196	0	0	0
21.88	1	4	2189	1	4	28	2196	0	0	0
21.89	1	5	2190	1	1	28	2196	0	0	0
22.001	1	4	2201	2	4	22	1383	0	0	0
22.038	1	5	2204	9	1	28	2196	0	0	0
22.098	1	2	2210	9	5	28	2196	0	0	0
22.101	1	5	2211	2	1	20	1191	0	0	0
22.122	1	4	2213	3	4	28	2196	0	0	0
22.263	1	4	2227	4	4	28	2196	0	0	0
22.284	1	5	2229	5	1	28	2196	0	0	0
22.306	1	1	2231	7	2	28	2196	0	0	0
22.335	1	2	2234	6	5	24	1620	0	0	0
22.346	1	3	2235	7	3	20	1191	0	0	0
22.358	1	4	2236	9	4	28	2196	0	0	0
22.374	1	3	2238	5	3	28	2196	0	0	0
22.375	1	1	2238	6	2	28	2196	0	0	0
22.423	1	2	2243	4	5	28	2196	0	0	0
22.474	1	2	2248	5	5	28	2196	0	0	0
22.48	1	3	2249	1	3	24	1620	0	0	0
22.492	1	1	2250	3	2	28	2196	0	0	0
22.538	1	1	2254	9	2	28	2196	0	0	0
22.597	1	5	2260	8	1	28	2196	0	0	0
22.614	1	4	2262	5	4	28	2196	0	0	0
22.666	1	4	2267	7	4	28	2196	0	0	0
22.702	1	3	2271	3	3	28	2196	0	0	0
22.841	1	2	2285	2	5	28	2196	0	0	0
22.843	1	4	2285	4	4	28	2196	0	0	0
22.924	1	4	2293	5	4	28	2196	0	0	0
22.936	1	2	2294	7	5	28	2196	0	0	0
22.988	1	3	2299	9	3	26	1836	0	0	0
23.03	1	5	2304	1	1	28	2196	0	0	0
23.096	1	4	2310	7	4	28	2196	0	0	0
23.173	1	3	2318	4	3	28	2196	0	0	0
23.223	1	2	2323	4	5	28	2196	0	0	0
23.224	1	3	2323	5	3	28	2196	0	0	0
23.229	1	5	2323	10	1	28	2196	0	0	0
23.284	1	3	2329	5	3	26	1836	0	0	0
23.291	1	1	2330	2	2	22	1383	0	0	0
23.402	1	3	2341	3	3	28	2196	0	0	0
23.403	1	2	2341	4	5	28	2196	0	0	0
23.525	1	4	2353	6	4	28	2196	0	0	0
23.54	1	1	2355	1	2	28	2196	0	0	0
23.544	1	5	2355	5	1	28	2196	0	0	0
23.557	1	2	2356	8	5	28	2196	0	0	0
23.614	1	4	2362	5	4	28	2196	0	0	0
23.648	1	1	2365	9	2	28	2196	0	0	0
23.724	1	1	2373	5	2	28	2196	0	0	0
23.736	1	5	2374	7	1	28	2196	0	0	0
23.793	1	1	2380	4	2	28	2196	0	0	0
23.853	1	2	2386	4	5	28	2196	0	0	0
23.863	1	4	2387	4	4	24	1620	0	0	0
23.991	1	2	2400	2	5	28	2196	0	0	0
23.996	1	5	2400	7	1	28	2196	0	0	0
24.046	1	3	2405	7	3	28	2196	0	0	0
24.152	1	4	2416	3	4	14	775	0	0	0
24.159	1	5	2416	10	1	28	2196	0	0	0
24.161	1	2	2417	2	5	28	2196	0	0	0
24.179	1	1	2418	10	2	28	2196	0	0	0
24.254	1	1	2426	5	2	28	2196	0	0	0
24.277	1	4	2428	8	4	28	2196	0	0	0
24.364	1	4	2437	5	4	28	2196	0	0	0
24.385	1	3	2439	6	3	28	2196	0	0	0
24.421	1	5	2443	2	1	28	2196	0	0	0
24.477	1	1	2448	8	2	28	2196	0	0	0
24.493	1	2	2450	4	5	28	2196	0	0	0
24.505	1	5	2451	6	1	28	2196	0	0	0
24.525	1	2	2453	6	5	28	2196	0	0	0
24.527	1	4	2453	8	4	26	1836	0	0	0
24.537	1	3	2454	8	3	22	1383	0	0	0
24.548	1	2	2455	9	5	28	2196	0	0	0
24.578	1	1	2458	9	2	28	2196	0	0	0
24.68	1	2	2469	1	5	28	2196	0	0	0
24.712	1	1	2472	3	2	28	2196	0	0	0
24.716	1	5	2472	7	1	28	2196	0	0	0
24.738	1	3	2474	9	3	28	2196	0	0	0
24.789	1	2	2479	10	5	28	2196	0	0	0
24.815	1	1	2482	6	2	28	2196	0	0	0
24.86	1	2	2487	1	5	28	2196	0	0	0
24.979	1	2	2498	10	5	28	2196	0	0	0
24.981	1	3	2499	2	3	24	1620	0	0	0
25.014	1	1	2502	5	2	28	2196	0	0	0
25.061	1	4	2507	2	4	28	2196	0	0	0
25.075	1	2	2508	6	5	28	2196	0	0	0
25.077	1	3	2508	8	3	28	2196	0	0	0
25.109	1	2	2511	10	5	28	2196	0	0	0
25.128	1	5	2513	9	1	28	2196	0	0	0
25.184	1	3	2519	5	3	28	2196	0	0	0
25.194	1	1	2520	5	2	28	2196	0	0	0
25.197	1	4	2520	8	4	28	2196	0	0	0
25.237	1	5	2524	8	1	28	2196	0	0	0
25.297	1	5	2530	8	1	28	2196	0	0	0
25.306	1	2	2531	7	5	28	2196	0	0	0
25.322	1	1	2533	3	2	28	2196	0	0	0
25.339	1	1	2534	10	2	28	2196	0	0	0
25.359	1	3	2536	10	3	28	2196	0	0	0
25.45	1	4	2546	1	4	20	1191	0	0	0
25.468	1	1	2547	9	2	28	2196	0	0	0
25.511	1	2	2552	2	5	28	2196	0	0	0
25.526	1	5	2553	7	1	28	2196	0	0	0
25.527	1	3	2553	8	3	28	2196	0	0	0
25.599	1	3	2560	10	3	22	1383	0	0	0
25.617	1	4	2562	8	4	28	2196	0	0	0
25.635	1	4	2564	6	4	28	2196	0	0	0
25.666	1	1	2567	7	2	28	2196	0	0	0
25.698	1	1	2570	9	2	28	2196	0	0	0
25.739	1	3	2574	10	3	24	1620	0	0	0
25.766	1	5	2577	7	1	28	2196	0	0	0
25.782	1	3	2579	3	3	28	2196	0	0	0
25.793	1	2	2580	4	5	28	2196	0	0	0
25.844	1	4	2585	5	4	26	1836	0	0	0
25.871	1	1	2588	2	2	28	2196	0	0	0
25.879	1	5	2588	10	1	28	2196	0	0	0
25.942	1	2	2595	3	5	28	2196	0	0	0
25.986	1	4	2599	7	4	22	1383	0	0	0
26.013	1	3	2602	4	3	28	2196	0	0	0
26.057	1	1	2606	8	2	28	2196	0	0	0
26.063	1	1	2607	4	2	28	2196	0	0	0
26.118	1	2	2612	9	5	28	2196	0	0	0
26.119	1	1	2612	10	2	28	2196	0	0	0
26.254	1	2	2626	5	5	28	2196	0	0	0
26.278	1	5	2628	9	1	28	2196	0	0	0
26.296	1	3	2630	7	3	26	1836	0	0	0
26.359	1	1	2636	10	2	28	2196	0	0	0
26.365	1	4	2637	6	4	20	1191	0	0	0
26.405	1	4	2641	6	4	18	967	0	0	0
26.436	1	2	2644	7	5	28	2196	0	0	0
26.448	1	3	2645	9	3	22	1383	0	0	0
26.509	1	5	2651	10	1	28	2196	0	0	0
26.539	1	2	2654	10	5	28	2196	0	0	0
26.619	1	4	2662	10	4	28	2196	0	0	0
26.634	1	3	2664	5	3	28	2196	0	0	0
26.641	1	1	2665	2	2	28	2196	0	0	0
26.703	1	5	2671	4	1	28	2196	0	0	0
26.752	1	2	2676	3	5	28	2196	0	0	0
26.804	1	3	2681	5	3	26	1836	0	0	0
26.859	1	3	2686	10	3	28	2196	0	0	0
26.9	1	1	2691	1	2	28	2196	0	0	0
26.961	1	4	2697	2	4	18	967	0	0	0
27.011	1	2	2702	2	5	28	2196	0	0	0
27.022	1	5	2703	3	1	28	2196	0	0	0
27.05	1	1	2706	1	2	28	2196	0	0	0
27.075	1	2	2708	6	5	28	2196	0	0	0
27.256	1	3	2726	7	3	20	1191	0	0	0
27.32	1	5	2733	1	1	28	2196	0	0	0
27.331	1	4	2734	2	4	22	1383	0	0	0
27.334	1	1	2734	5	2	28	2196	0	0	0
27.454	1	5	2746	5	1	28	2196	0	0	0
27.459	1	2	2746	10	5	28	2196	0	0	0
27.478	1	1	2748	9	2	28	2196	0	0	0
27.487	1	3	2749	8	3	28	2196	0	0	0
27.548	1	4	2755	9	4	24	1620	0	0	0
27.604	1	5	2761	5	1	28	2196	0	0	0
27.623	1	3	2763	4	3	28	2196	0	0	0
27.672	1	3	2768	3	3	28	2196	0	0	0
27.686	1	4	2769	7	4	26	1836	0	0	0
27.704	1	2	2771	5	5	28	2196	0	0	0
27.715	1	3	2772	6	3	26	1836	0	0	0
27.768	1	5	2777	9	1	22	1383	0	0	0
27.788	1	1	2779	9	2	28	2196	0	0	0
27.801	1	4	2781	2	4	28	2196	0	0	0
27.825	1	1	2783	6	2	28	2196	0	0	0
27.872	1	3	2788	3	3	24	1620	0	0	0
27.895	1	2	2790	6	5	28	2196	0	0	0
27.907	1	1	2791	8	2	28	2196	0	0	0
27.985	1	3	2799	6	3	28	2196	0	0	0
28.047	1	3	2805	8	3	28	2196	0	0	0
28.055	1	1	2806	6	2	28	2196	0	0	0
28.086	1	5	2809	7	1	28	2196	0	0	0
28.146	1	3	2815	7	3	24	1620	0	0	0
28.18	1	2	2819	1	5	28	2196	0	0	0
28.248	1	4	2825	9	4	22	1383	0	0	0
28.268	1	5	2827	9	1	28	2196	0	0	0
28.29	1	3	2830	1	3	28	2196	0	0	0
28.354	1	1	2836	5	2	28	2196	0	0	0
28.364	1	2	2837	5	5	28	2196	0	0	0
28.373	1	3	2838	4	3	14	775	0	0	0
28.389	1	3	2839	10	3	14	775	0	0	0
28.395	1	4	2840	6	4	28	2196	0	0	0
28.422	1	3	2843	3	3	20	1191	0	0	0
28.436	1	5	2844	7	1	24	1620	0	0	0
28.487	1	3	2849	8	3	28	2196	0	0	0
28.509	1	5	2851	10	1	28	2196	0	0	0
28.511	1	4	2852	2	4	20	1191	0	0	0
28.525	1	1	2853	6	2	28	2196	0	0	0
28.527	1	2	2853	8	5	28	2196	0	0	0
28.536	1	4	2854	7	4	6	309	0	0	0
28.586	1	3	2859	7	3	28	2196	0	0	0
28.7	1	4	2871	1	4	28	2196	0	0	0
28.721	1	1	2873	2	2	28	2196	0	0	0
28.749	1	1	2875	10	2	28	2196	0	0	0
28.798	1	5	2880	9	1	28	2196	0	0	0
28.983	1	3	2899	4	3	28	2196	0	0	0
29.026	1	2	2903	7	5	28	2196	0	0	0
29.029	1	4	2903	10	4	28	2196	0	0	0
29.076	1	5	2908	7	1	28	2196	0	0	0
29.18	1	1	2919	1	2	28	2196	0	0	0
29.184	1	2	2919	5	5	28	2196	0	0	0
29.199	1	4	2920	10	4	24	1620	0	0	0
29.239	1	4	2924	10	4	24	1620	0	0	0
29.258	1	3	2926	9	3	22	1383	0	0	0
29.261	1	5	2927	2	1	28	2196	0	0	0
29.36	1	4	2937	1	4	12	597	0	0	0
29.39	1	2	2940	1	5	28	2196	0	0	0
29.498	1	1	2950	9	2	28	2196	0	0	0
29.549	1	2	2955	10	5	28	2196	0	0	0
29.661	1	4	2967	2	4	28	2196	0	0	0
29.692	1	1	2970	3	2	28	2196	0	0	0
29.701	1	3	2971	2	3	28	2196	0	0	0
29.704	1	2	2971	5	5	28	2196	0	0	0
29.743	1	4	2975	4	4	20	1191	0	0	0
29.778	1	3	2978	9	3	28	2196	0	0	0
29.833	1	1	2984	4	2	28	2196	0	0	0
29.877	1	1	2988	8	2	28	2196	0	0	0
29.897	1	2	2990	8	5	28	2196	0	0	0
29.903	1	5	2991	4	1	28	2196	0	0	0
29.956	1	2	2996	7	5	28	2196	0	0	0
29.967	1	3	2997	8	3	28	2196	0	0	0
29.968	1	1	2997	9	2	28	2196	0	0	0
30.014	1	5	3002	5	1	28	2196	0	0	0
30.129	1	1	3013	10	2	28	2196	0	0	0
30.151	1	3	3016	2	3	28	2196	0	0	0
30.153	1	2	3016	4	5	28	2196	0	0	0
30.166	1	4	3017	7	4	28	2196	0	0	0
30.242	1	5	3025	3	1	28	2196	0	0	0
30.285	1	1	3029	6	2	24	1620	0	0	0
30.325	1	4	3033	6	4	28	2196	0	0	0
30.419	1	3	3042	10	3	20	1191	0	0	0
30.458	1	2	3046	9	5	28	2196	0	0	0
30.478	1	4	3048	9	4	28	2196	0	0	0
30.485	1	4	3049	6	4	28	2196	0	0	0
30.589	1	4	3059	10	4	28	2196	0	0	0
30.657	1	3	3066	8	3	28	2196	0	0	0
30.662	1	1	3067	3	2	28	2196	0	0	0
30.664	1	5	3067	5	1	26	1836	0	0	0
30.688	1	2	3069	9	5	28	2196	0	0	0
30.758	1	5	3076	9	1	28	2196	0	0	0
30.853	1	4	3086	4	4	6	309	0	0	0
30.919	1	2	3092	10	5	28	2196	0	0	0
30.955	1	3	3096	6	3	26	1836	0	0	0
30.982	1	1	3099	3	2	28	2196	0	0	0
30.996	1	2	3100	7	5	28	2196	0	0	0
31.059	1	5	3106	10	1	28	2196	0	0	0
31.157	1	1	3116	8	2	28	2196	0	0	0
31.237	1	3	3124	8	3	28	2196	0	0	0
31.274	1	4	3128	5	4	28	2196	0	0	0
31.285	1	1	3129	6	2	28	2196	0	0	0
31.356	1	3	3136	7	3	26	1836	0	0	0
31.414	1	3	3142	5	3	28	2196	0	0	0
31.426	1	5	3143	7	1	28	2196	0	0	0
31.469	1	2	3147	10	5	28	2196	0	0	0
31.512	1	1	3152	3	2	28	2196	0	0	0
31.585	1	3	3159	6	3	28	2196	0	0	0
31.598	1	5	3160	9	1	26	1836	0	0	0
31.653	1	3	3166	4	3	22	1383	0	0	0
31.678	1	3	3168	9	3	24	1620	0	0	0
31.682	1	1	3169	3	2	28	2196	0	0	0
31.77	1	3	3178	1	3	28	2196	0	0	0
31.801	1	1	3181	2	2	28	2196	0	0	0
31.84	1	1	3185	1	2	28	2196	0	0	0
31.868	1	5	3187	9	1	22	1383	0	0	0
31.913	1	4	3192	4	4	28	2196	0	0	0
31.937	1	3	3194	8	3	20	1191	0	0	0
31.961	1	2	3197	2	5	28	2196	0	0	0
31.975	1	5	3198	6	1	28	2196	0	0	0
32.155	1	3	3216	6	3	28	2196	0	0	0
32.198	1	4	3220	9	4	24	1620	0	0	0
32.21	1	2	3222	1	5	28	2196	0	0	0
32.219	1	1	3222	10	2	28	2196	0	0	0
32.285	1	5	3229	6	1	24	1620	0	0	0
32.327	1	2	3233	8	5	28	2196	0	0	0
32.378	1	3	3238	9	3	28	2196	0	0	0
32.407	1	5	3241	8	1	28	2196	0	0	0
32.432	1	4	3244	3	4	22	1383	0	0	0
32.485	1	5	3249	6	1	28	2196	0	0	0
32.49	1	1	3250	1	2	28	2196	0	0	0
32.659	1	4	3266	10	4	20	1191	0	0	0
