% start	end	CellId	IMSI	RNTI	LCID	nTxPDUs	TxBytes	nRxPDUs	RxBytes	delay	stdDev	min	max	PduSize	stdDev	min	max
0	0.25	1	1	2	4	11	1705	11	1705	0.00349568	0.000310116	0.00300487	0.00396548	155	0	155	155	
0	0.25	1	2	6	3	11	1705	11	1705	0.00354439	0.000300497	0.00301258	0.00397464	155	0	155	155	
0	0.25	1	3	3	3	14	2170	13	2015	0.00347955	0.000250968	0.00300313	0.00384361	155	0	155	155	
0	0.25	1	4	4	3	5	775	5	775	0.0036401	0.000421733	0.00300648	0.00398129	155	0	155	155	
0	0.25	1	5	1	3	12	1860	11	1705	0.00356797	0.00029089	0.00308981	0.00405782	155	0	155	155	
0.25	0.5	1	1	2	4	12	1860	12	1860	0.00369117	0.000365887	0.00310465	0.00453884	155	0	155	155	
0.25	0.5	1	2	6	3	13	2015	13	2015	0.00354668	0.000489023	0.0030535	0.00493584	155	0	155	155	
0.25	0.5	1	3	3	3	10	1550	11	1705	0.00357398	0.000501734	0.00302986	0.00480896	155	0	155	155	
0.25	0.5	1	4	4	3	10	1550	10	1550	0.00353414	0.000277422	0.00304925	0.00390913	155	0	155	155	
0.25	0.5	1	5	1	3	15	2325	16	2480	0.00360435	0.000659553	0.00306959	0.00583033	155	0	155	155	
0.5	0.75	1	1	2	4	14	2170	14	2170	0.00351151	0.000251273	0.00311382	0.00398611	155	0	155	155	
0.5	0.75	1	2	6	3	9	1395	9	1395	0.003607	0.000501285	0.00309414	0.0048036	155	0	155	155	
0.5	0.75	1	3	3	3	13	2015	13	2015	0.00353462	0.000274875	0.00317048	0.00413941	155	0	155	155	
0.5	0.75	1	4	4	3	9	1395	9	1395	0.00342441	0.000331117	0.00304776	0.00390595	155	0	155	155	
0.5	0.75	1	5	1	3	11	1705	11	1705	0.00382073	0.000559855	0.00309277	0.00482454	155	0	155	155	
0.75	1	1	1	2	4	13	2015	12	1860	0.00364155	0.000649872	0.00308079	0.00499866	155	0	155	155	
0.75	1	1	2	6	3	13	2015	13	2015	0.00370681	0.000270216	0.00305858	0.00397474	155	0	155	155	
0.75	1	1	3	3	3	14	2170	14	2170	0.00374613	0.00073452	0.00301394	0.00579232	155	0	155	155	
0.75	1	1	4	4	3	12	1860	11	1705	0.00365195	0.000437126	0.00321995	0.0047536	155	0	155	155	
0.75	1	1	5	1	3	9	1395	9	1395	0.00353651	0.000237807	0.00314718	0.00388195	155	0	155	155	
1	1.25	1	1	2	4	10	1550	11	1705	0.00350854	0.000565432	0.0030459	0.0049932	155	0	155	155	
1	1.25	1	2	6	3	11	1705	11	1705	0.00363307	0.000348229	0.00311799	0.00402772	155	0	155	155	
1	1.25	1	3	3	3	10	1550	10	1550	0.00350723	0.000367601	0.00300405	0.00398153	155	0	155	155	
1	1.25	1	4	4	3	15	2325	16	2480	0.00363785	0.000398818	0.00302698	0.00444652	155	0	155	155	
1	1.25	1	5	1	3	15	2325	15	2325	0.00348532	0.000451314	0.00300656	0.00461141	155	0	155	155	
1.25	1.5	1	1	2	4	11	1705	11	1705	0.00342713	0.000590484	0.00300788	0.00497866	155	0	155	155	
1.25	1.5	1	2	6	3	11	1705	11	1705	0.00343053	0.000308145	0.00301196	0.00390865	155	0	155	155	
1.25	1.5	1	3	3	3	9	1395	9	1395	0.0034793	0.000340602	0.00301281	0.00383947	155	0	155	155	
1.25	1.5	1	4	4	3	11	1705	11	1705	0.00354317	0.000464718	0.00306694	0.0044389	155	0	155	155	
1.25	1.5	1	5	1	3	13	2015	13	2015	0.00365021	0.000455295	0.00301545	0.00466562	155	0	155	155	
1.5	1.75	1	1	2	4	12	1860	12	1860	0.00347543	0.000361054	0.00300193	0.00421033	155	0	155	155	
1.5	1.75	1	2	6	3	14	2170	14	2170	0.00371781	0.000394901	0.00313361	0.00488115	155	0	155	155	
1.5	1.75	1	3	3	3	9	1395	9	1395	0.00349464	0.000339528	0.0031792	0.00417713	155	0	155	155	
1.5	1.75	1	4	4	3	8	1240	8	1240	0.00360269	0.000366418	0.00301788	0.00392121	155	0	155	155	
1.5	1.75	1	5	1	3	8	1240	8	1240	0.00358602	0.000318778	0.00311445	0.0039071	155	0	155	155	
1.75	2	1	1	2	4	13	2015	13	2015	0.00377781	0.000442689	0.0032671	0.004982	155	0	155	155	
1.75	2	1	2	6	3	12	1860	11	1705	0.00420382	0.000986129	0.00300613	0.00596358	155	0	155	155	
1.75	2	1	3	3	3	13	2015	13	2015	0.00355686	0.000390638	0.00303269	0.00450478	155	0	155	155	
1.75	2	1	4	4	3	12	1860	12	1860	0.00361847	0.000414441	0.00302343	0.00463266	155	0	155	155	
1.75	2	1	5	1	3	15	2325	15	2325	0.0035057	0.000365989	0.00304228	0.00399955	155	0	155	155	
2	2.25	1	1	2	4	11	1705	11	1705	0.00348966	0.00030799	0.00302521	0.00394338	155	0	155	155	
2	2.25	1	2	6	3	11	1705	12	1860	0.00361255	0.000305213	0.00323997	0.00429796	155	0	155	155	
2	2.25	1	3	3	3	8	1240	7	1085	0.00363298	0.000524351	0.00306536	0.0047379	155	0	155	155	
2	2.25	1	4	4	3	13	2015	13	2015	0.00362806	0.000510541	0.00304192	0.0049919	155	0	155	155	
2	2.25	1	5	1	3	13	2015	13	2015	0.00363638	0.000469855	0.00302849	0.00479069	155	0	155	155	
2.25	2.5	1	1	2	4	14	2170	13	2015	0.0035711	0.000491149	0.00302618	0.00481306	155	0	155	155	
2.25	2.5	1	2	6	3	10	1550	10	1550	0.00349577	0.000322073	0.00308009	0.00388521	155	0	155	155	
2.25	2.5	1	3	3	3	11	1705	12	1860	0.00344978	0.000270525	0.00302785	0.00398782	155	0	155	155	
2.25	2.5	1	4	4	3	13	2015	13	2015	0.00358911	0.000285167	0.00309203	0.00405463	155	0	155	155	
2.25	2.5	1	5	1	3	10	1550	10	1550	0.00362149	0.000326731	0.0030952	0.00399996	155	0	155	155	
2.5	2.75	1	1	2	4	10	1550	11	1705	0.00368955	0.000635078	0.003173	0.00544988	155	0	155	155	
2.5	2.75	1	2	6	3	9	1395	9	1395	0.00334959	0.000298395	0.00302104	0.00376765	155	0	155	155	
2.5	2.75	1	3	3	3	10	1550	10	1550	0.00362011	0.000416996	0.00310752	0.00452304	155	0	155	155	
2.5	2.75	1	4	4	3	12	1860	12	1860	0.00331851	0.000318416	0.00300897	0.00386236	155	0	155	155	
2.5	2.75	1	5	1	3	12	1860	11	1705	0.00363379	0.000394715	0.00305584	0.00429574	155	0	155	155	
2.75	3	1	1	2	4	9	1395	9	1395	0.00381185	0.000482327	0.00304952	0.00465632	155	0	155	155	
2.75	3	1	2	6	3	8	1240	8	1240	0.00346363	0.000325236	0.00304667	0.00382964	155	0	155	155	
2.75	3	1	3	3	3	14	2170	13	2015	0.00343141	0.000275367	0.00301081	0.00396127	155	0	155	155	
2.75	3	1	4	4	3	12	1860	12	1860	0.00364437	0.000283892	0.00308147	0.00408951	155	0	155	155	
2.75	3	1	5	1	3	12	1860	13	2015	0.00366309	0.000403419	0.00316001	0.00462387	155	0	155	155	
3	3.25	1	1	2	4	13	2015	13	2015	0.0036255	0.000445636	0.00305732	0.00465869	155	0	155	155	
3	3.25	1	2	6	3	8	1240	8	1240	0.00348953	0.00030061	0.0031482	0.00399996	155	0	155	155	
3	3.25	1	3	3	3	10	1550	11	1705	0.00366898	0.000513472	0.00301289	0.0047504	155	0	155	155	
3	3.25	1	4	4	3	13	2015	12	1860	0.00369125	0.000609289	0.00306359	0.00499015	155	0	155	155	
3	3.25	1	5	1	3	16	2480	15	2325	0.0035894	0.000251698	0.00317621	0.00399922	155	0	155	155	
3.25	3.5	1	1	2	4	11	1705	11	1705	0.00346977	0.000336013	0.00310487	0.00394528	155	0	155	155	
3.25	3.5	1	2	6	3	9	1395	9	1395	0.00332237	0.000307813	0.00300626	0.00374324	155	0	155	155	
3.25	3.5	1	3	3	3	13	2015	13	2015	0.0036253	0.00030724	0.00310221	0.00397839	155	0	155	155	
3.25	3.5	1	4	4	3	12	1860	13	2015	0.00356087	0.000586253	0.00302081	0.00496051	155	0	155	155	
3.25	3.5	1	5	1	3	12	1860	13	2015	0.00375652	0.000556859	0.003098	0.00488873	155	0	155	155	
3.5	3.75	1	1	2	4	12	1860	12	1860	0.00341775	0.000271405	0.00304617	0.00384889	155	0	155	155	
3.5	3.75	1	2	6	3	8	1240	8	1240	0.0035649	0.000321602	0.0031289	0.00391716	155	0	155	155	
3.5	3.75	1	3	3	3	13	2015	13	2015	0.00372068	0.000625377	0.00313533	0.00527453	155	0	155	155	
3.5	3.75	1	4	4	3	11	1705	11	1705	0.00371313	0.000322354	0.00318783	0.00428208	155	0	155	155	
3.5	3.75	1	5	1	3	12	1860	12	1860	0.0037079	0.000514928	0.00304627	0.00485207	155	0	155	155	
3.75	4	1	1	2	4	12	1860	12	1860	0.00358045	0.000484871	0.00307727	0.00489928	155	0	155	155	
3.75	4	1	2	6	3	14	2170	14	2170	0.00333531	0.000301298	0.00301732	0.00394497	155	0	155	155	
3.75	4	1	3	3	3	12	1860	12	1860	0.00374151	0.000360896	0.00307296	0.00439759	155	0	155	155	
3.75	4	1	4	4	3	12	1860	12	1860	0.00354179	0.000300447	0.00304491	0.00399879	155	0	155	155	
3.75	4	1	5	1	3	11	1705	10	1550	0.00351747	0.000332929	0.00304515	0.00410213	155	0	155	155	
4	4.25	1	1	2	4	7	1085	7	1085	0.00347513	0.000294697	0.00312649	0.00389665	155	0	155	155	
4	4.25	1	2	6	3	14	2170	14	2170	0.00352864	0.000447069	0.00304287	0.00451858	155	0	155	155	
4	4.25	1	3	3	3	13	2015	13	2015	0.00353846	0.000439674	0.00315876	0.00473149	155	0	155	155	
4	4.25	1	4	4	3	13	2015	13	2015	0.00354728	0.00037708	0.00308647	0.00441406	155	0	155	155	
4	4.25	1	5	1	3	10	1550	11	1705	0.00374611	0.000510456	0.00304466	0.00485363	155	0	155	155	
4.25	4.5	1	1	2	4	10	1550	10	1550	0.00349148	0.000318821	0.00301196	0.00399894	155	0	155	155	
4.25	4.5	1	2	6	3	12	1860	12	1860	0.00376089	0.000566583	0.00307563	0.00493799	155	0	155	155	
4.25	4.5	1	3	3	3	14	2170	14	2170	0.00381638	0.000910902	0.0030116	0.00656648	155	0	155	155	
4.25	4.5	1	4	4	3	9	1395	9	1395	0.0034367	0.000291346	0.00303401	0.00385523	155	0	155	155	
4.25	4.5	1	5	1	3	14	2170	14	2170	0.00362052	0.000375086	0.00307128	0.00427651	155	0	155	155	
4.5	4.75	1	1	2	4	12	1860	12	1860	0.00370508	0.000598076	0.00302398	0.00495246	155	0	155	155	
4.5	4.75	1	2	6	3	11	1705	10	1550	0.00382233	0.000559592	0.00304348	0.00495298	155	0	155	155	
4.5	4.75	1	3	3	3	12	1860	12	1860	0.00344984	0.000512942	0.00302756	0.00491028	155	0	155	155	
4.5	4.75	1	4	4	3	11	1705	11	1705	0.00357165	0.000384081	0.0030656	0.0041748	155	0	155	155	
4.5	4.75	1	5	1	3	10	1550	10	1550	0.00373079	0.000313507	0.00310699	0.00405517	155	0	155	155	
4.75	5	1	1	2	4	12	1860	11	1705	0.00366473	0.000372982	0.0030495	0.0043256	155	0	155	155	
4.75	5	1	2	6	3	9	1395	10	1550	0.00349144	0.000436577	0.00305126	0.00449317	155	0	155	155	
4.75	5	1	3	3	3	8	1240	8	1240	0.00359623	0.000235734	0.00334297	0.00398809	155	0	155	155	
4.75	5	1	4	4	3	9	1395	8	1240	0.00347483	0.000357397	0.00309549	0.00397601	155	0	155	155	
4.75	5	1	5	1	3	8	1240	8	1240	0.00347484	0.000309331	0.00312808	0.00386323	155	0	155	155	
5	5.25	1	1	2	4	12	1860	13	2015	0.00383116	0.000467509	0.00305211	0.00453377	155	0	155	155	
5	5.25	1	2	6	3	11	1705	11	1705	0.00371512	0.000403248	0.00321444	0.00470352	155	0	155	155	
5	5.25	1	3	3	3	11	1705	11	1705	0.00370907	0.00066025	0.00313108	0.00545568	155	0	155	155	
5	5.25	1	4	4	3	7	1085	8	1240	0.00351942	0.000440318	0.00302888	0.00428475	155	0	155	155	
5	5.25	1	5	1	3	11	1705	11	1705	0.00361684	0.000613346	0.00305282	0.00532413	155	0	155	155	
5.25	5.5	1	1	2	4	11	1705	11	1705	0.00353056	0.000314125	0.00311463	0.00410782	155	0	155	155	
5.25	5.5	1	2	6	3	14	2170	14	2170	0.00354194	0.000360828	0.00305072	0.00423435	155	0	155	155	
5.25	5.5	1	3	3	3	12	1860	12	1860	0.0035215	0.000387565	0.00303265	0.00441249	155	0	155	155	
5.25	5.5	1	4	4	3	11	1705	11	1705	0.00347137	0.000428396	0.00306251	0.00449656	155	0	155	155	
5.25	5.5	1	5	1	3	11	1705	11	1705	0.0035946	0.000678333	0.00306438	0.00539499	155	0	155	155	
5.5	5.75	1	1	2	4	7	1085	7	1085	0.00361389	0.000176477	0.00336742	0.00386283	155	0	155	155	
5.5	5.75	1	2	6	3	10	1550	10	1550	0.00343428	0.000315679	0.00301142	0.00391845	155	0	155	155	
5.5	5.75	1	3	3	3	11	1705	11	1705	0.00367297	0.000321072	0.00314554	0.00412328	155	0	155	155	
5.5	5.75	1	4	4	3	12	1860	12	1860	0.00365235	0.000381689	0.00310896	0.00436077	155	0	155	155	
5.5	5.75	1	5	1	3	13	2015	12	1860	0.00363603	0.000667989	0.00301039	0.0047344	155	0	155	155	
5.75	6	1	1	2	4	13	2015	13	2015	0.00340647	0.000373085	0.00300248	0.00394374	155	0	155	155	
5.75	6	1	2	6	3	11	1705	11	1705	0.00366463	0.000327715	0.00324004	0.00439928	155	0	155	155	
5.75	6	1	3	3	3	10	1550	9	1395	0.00349444	0.000297825	0.00310189	0.00387985	155	0	155	155	
5.75	6	1	4	4	3	8	1240	8	1240	0.00347702	0.000259285	0.00310216	0.00396224	155	0	155	155	
5.75	6	1	5	1	3	6	930	7	1085	0.00342263	0.000250866	0.00309586	0.00379028	155	0	155	155	
6	6.25	1	1	2	4	8	1240	8	1240	0.00334153	0.000309919	0.00301259	0.00382128	155	0	155	155	
6	6.25	1	2	6	3	13	2015	13	2015	0.00359416	0.000312969	0.0031974	0.00434422	155	0	155	155	
6	6.25	1	3	3	3	11	1705	12	1860	0.00338328	0.000275683	0.00302974	0.00384673	155	0	155	155	
6	6.25	1	4	4	3	13	2015	12	1860	0.0035256	0.00032928	0.00301943	0.00395974	155	0	155	155	
6	6.25	1	5	1	3	8	1240	8	1240	0.00358355	0.000374338	0.0030616	0.00399374	155	0	155	155	
6.25	6.5	1	1	2	4	10	1550	10	1550	0.00353404	0.000530045	0.0030011	0.00473884	155	0	155	155	
6.25	6.5	1	2	6	3	11	1705	11	1705	0.00383287	0.000555845	0.00315075	0.00483466	155	0	155	155	
6.25	6.5	1	3	3	3	10	1550	10	1550	0.00350132	0.000301917	0.00306046	0.00394763	155	0	155	155	
6.25	6.5	1	4	4	3	14	2170	15	2325	0.00371793	0.000657105	0.00306479	0.00589465	155	0	155	155	
6.25	6.5	1	5	1	3	10	1550	9	1395	0.00334725	0.000362238	0.00300968	0.00397351	155	0	155	155	
6.5	6.75	1	1	2	4	10	1550	10	1550	0.00356809	0.000277969	0.00313823	0.00397701	155	0	155	155	
6.5	6.75	1	2	6	3	11	1705	11	1705	0.00356091	0.000397616	0.00303023	0.00420388	155	0	155	155	
6.5	6.75	1	3	3	3	13	2015	13	2015	0.00362288	0.000324637	0.00305472	0.00426236	155	0	155	155	
6.5	6.75	1	4	4	3	12	1860	12	1860	0.00377105	0.000617224	0.00311625	0.00518723	155	0	155	155	
6.5	6.75	1	5	1	3	8	1240	9	1395	0.00376631	0.000615472	0.00303699	0.00478257	155	0	155	155	
6.75	7	1	1	2	4	13	2015	13	2015	0.00387046	0.00081543	0.00305798	0.00578881	155	0	155	155	
6.75	7	1	2	6	3	13	2015	13	2015	0.0034763	0.000322305	0.0030449	0.00397388	155	0	155	155	
6.75	7	1	3	3	3	13	2015	13	2015	0.00380172	0.000547569	0.0030324	0.0049881	155	0	155	155	
6.75	7	1	4	4	3	11	1705	11	1705	0.00372015	0.000423929	0.00302193	0.00470845	155	0	155	155	
6.75	7	1	5	1	3	10	1550	10	1550	0.00356991	0.000270706	0.003229	0.00392996	155	0	155	155	
7	7.25	1	1	2	4	10	1550	10	1550	0.00358755	0.000315798	0.00301478	0.00395672	155	0	155	155	
7	7.25	1	2	6	3	13	2015	13	2015	0.00371634	0.000681295	0.00302585	0.00577418	155	0	155	155	
7	7.25	1	3	3	3	8	1240	8	1240	0.0035959	0.000383941	0.00310808	0.00425463	155	0	155	155	
7	7.25	1	4	4	3	14	2170	14	2170	0.00361735	0.00033364	0.00300687	0.00432865	155	0	155	155	
7	7.25	1	5	1	3	12	1860	12	1860	0.00373196	0.000474588	0.00305477	0.00485559	155	0	155	155	
7.25	7.5	1	1	2	4	9	1395	9	1395	0.00358761	0.000381063	0.00306591	0.00394041	155	0	155	155	
7.25	7.5	1	2	6	3	9	1395	8	1240	0.0033025	0.000279935	0.0030537	0.00387486	155	0	155	155	
7.25	7.5	1	3	3	3	10	1550	9	1395	0.00346534	0.00029372	0.00309914	0.00391491	155	0	155	155	
7.25	7.5	1	4	4	3	9	1395	9	1395	0.0036046	0.000323026	0.00300343	0.00398023	155	0	155	155	
7.25	7.5	1	5	1	3	9	1395	9	1395	0.00341457	0.000349793	0.00303555	0.00393782	155	0	155	155	
7.5	7.75	1	1	2	4	11	1705	11	1705	0.00343779	0.000314954	0.00308355	0.00398396	155	0	155	155	
7.5	7.75	1	2	6	3	12	1860	13	2015	0.00360437	0.000343612	0.00302341	0.00434111	155	0	155	155	
7.5	7.75	1	3	3	3	13	2015	14	2170	0.00388074	0.000725126	0.00307997	0.00505384	155	0	155	155	
7.5	7.75	1	4	4	3	11	1705	11	1705	0.00374172	0.000376596	0.00314378	0.00447165	155	0	155	155	
7.5	7.75	1	5	1	3	13	2015	13	2015	0.00371598	0.00055573	0.00308729	0.00470163	155	0	155	155	
7.75	8	1	1	2	4	9	1395	9	1395	0.0037732	0.000761687	0.00302361	0.00560742	155	0	155	155	
7.75	8	1	2	6	3	8	1240	8	1240	0.00366255	0.000381392	0.00312884	0.00432103	155	0	155	155	
7.75	8	1	3	3	3	10	1550	10	1550	0.00370532	0.000235986	0.00317618	0.00395082	155	0	155	155	
7.75	8	1	4	4	3	15	2325	15	2325	0.0037563	0.000558522	0.00302177	0.00489145	155	0	155	155	
7.75	8	1	5	1	3	13	2015	13	2015	0.00369339	0.000314612	0.0031577	0.00420969	155	0	155	155	
8	8.25	1	1	2	4	9	1395	9	1395	0.00356261	0.000363222	0.00301869	0.00399308	155	0	155	155	
8	8.25	1	2	6	3	13	2015	12	1860	0.0039633	0.00104565	0.00309702	0.00691769	155	0	155	155	
8	8.25	1	3	3	3	11	1705	11	1705	0.00369923	0.000451476	0.00319205	0.00487761	155	0	155	155	
8	8.25	1	4	4	3	9	1395	9	1395	0.00368705	0.000651152	0.00308182	0.00495797	155	0	155	155	
8	8.25	1	5	1	3	10	1550	10	1550	0.00343531	0.000496996	0.00302564	0.00474216	155	0	155	155	
8.25	8.5	1	1	2	4	13	2015	13	2015	0.00362513	0.000476149	0.00301378	0.00484125	155	0	155	155	
8.25	8.5	1	2	6	3	19	2945	20	3100	0.00343369	0.000245156	0.00301081	0.00384634	155	0	155	155	
8.25	8.5	1	3	3	3	6	930	6	930	0.00357816	0.000335318	0.00303337	0.00390632	155	0	155	155	
8.25	8.5	1	4	4	3	17	2635	17	2635	0.00367361	0.000368846	0.00311439	0.00472143	155	0	155	155	
8.25	8.5	1	5	1	3	6	930	6	930	0.00343557	0.00035015	0.0031454	0.00397251	155	0	155	155	
8.5	8.75	1	1	2	4	14	2170	14	2170	0.0036566	0.000499945	0.00305434	0.00463201	155	0	155	155	
8.5	8.75	1	2	6	3	14	2170	14	2170	0.00373701	0.000685344	0.00306061	0.00573133	155	0	155	155	
8.5	8.75	1	3	3	3	13	2015	13	2015	0.00360014	0.000525247	0.00302077	0.00516469	155	0	155	155	
8.5	8.75	1	4	4	3	12	1860	12	1860	0.00342696	0.000302886	0.00306405	0.00391832	155	0	155	155	
8.5	8.75	1	5	1	3	10	1550	10	1550	0.00356301	0.000285953	0.00310807	0.00398741	155	0	155	155	
8.75	9	1	1	2	4	10	1550	10	1550	0.00345635	0.000320069	0.00313603	0.00407752	155	0	155	155	
8.75	9	1	2	6	3	13	2015	13	2015	0.00375277	0.000789193	0.00312256	0.00591536	155	0	155	155	
8.75	9	1	3	3	3	11	1705	11	1705	0.00364057	0.000434247	0.00317017	0.00453163	155	0	155	155	
8.75	9	1	4	4	3	10	1550	9	1395	0.00347748	0.000277863	0.00308851	0.00396029	155	0	155	155	
8.75	9	1	5	1	3	12	1860	12	1860	0.00357026	0.000364296	0.00313447	0.00435262	155	0	155	155	
9	9.25	1	1	2	4	15	2325	15	2325	0.00368357	0.000467521	0.00316203	0.00497096	155	0	155	155	
9	9.25	1	2	6	3	10	1550	10	1550	0.00367267	0.000246616	0.00317078	0.003992	155	0	155	155	
9	9.25	1	3	3	3	11	1705	10	1550	0.0035589	0.000387011	0.00309875	0.00439511	155	0	155	155	
9	9.25	1	4	4	3	11	1705	12	1860	0.00353243	0.000265644	0.00311725	0.00397483	155	0	155	155	
9	9.25	1	5	1	3	13	2015	13	2015	0.00366163	0.000420687	0.00310501	0.00473563	155	0	155	155	
9.25	9.5	1	1	2	4	9	1395	9	1395	0.00366561	0.000560463	0.00302304	0.00483725	155	0	155	155	
9.25	9.5	1	2	6	3	10	1550	10	1550	0.00348284	0.000283327	0.00304535	0.00381104	155	0	155	155	
9.25	9.5	1	3	3	3	8	1240	9	1395	0.00353837	0.000325053	0.00309757	0.003883	155	0	155	155	
9.25	9.5	1	4	4	3	8	1240	8	1240	0.00365243	0.000336658	0.00300363	0.00396421	155	0	155	155	
9.25	9.5	1	5	1	3	8	1240	8	1240	0.00362926	0.000319837	0.00319467	0.00393688	155	0	155	155	
9.5	9.75	1	1	2	4	12	1860	12	1860	0.00367705	0.000401004	0.0031855	0.00457906	155	0	155	155	
9.5	9.75	1	2	6	3	14	2170	13	2015	0.00364039	0.00049928	0.00308216	0.00496272	155	0	155	155	
9.5	9.75	1	3	3	3	14	2170	14	2170	0.00365399	0.000565566	0.00300585	0.00474785	155	0	155	155	
9.5	9.75	1	4	4	3	13	2015	13	2015	0.0036279	0.000383872	0.00309199	0.00429309	155	0	155	155	
9.5	9.75	1	5	1	3	10	1550	10	1550	0.00342526	0.000317157	0.00300701	0.0039788	155	0	155	155	
9.75	10	1	1	2	4	12	1860	12	1860	0.00347953	0.000274644	0.00304615	0.00384464	155	0	155	155	
9.75	10	1	2	6	3	14	2170	14	2170	0.00344485	0.000333611	0.00304017	0.00412589	155	0	155	155	
9.75	10	1	3	3	3	8	1240	8	1240	0.00333462	0.00028284	0.00307891	0.00390056	155	0	155	155	
9.75	10	1	4	4	3	11	1705	11	1705	0.00354539	0.000313287	0.0030272	0.00394827	155	0	155	155	
9.75	10	1	5	1	3	10	1550	10	1550	0.00347014	0.000296052	0.00302442	0.00383139	155	0	155	155	
10	10.25	1	1	2	4	14	2170	14	2170	0.00382143	0.000458297	0.00310296	0.00484993	155	0	155	155	
10	10.25	1	2	6	3	13	2015	13	2015	0.00340742	0.00033336	0.00302654	0.00395291	155	0	155	155	
10	10.25	1	3	3	3	13	2015	13	2015	0.00347777	0.000287757	0.00306471	0.00401666	155	0	155	155	
10	10.25	1	4	4	3	14	2170	14	2170	0.00391954	0.000850414	0.00306259	0.00633937	155	0	155	155	
10	10.25	1	5	1	3	13	2015	13	2015	0.00350677	0.000285314	0.00304466	0.00393093	155	0	155	155	
10.25	10.5	1	1	2	4	15	2325	15	2325	0.00361498	0.000504157	0.00309866	0.00472647	155	0	155	155	
10.25	10.5	1	2	6	3	11	1705	12	1860	0.00345834	0.00040201	0.00306635	0.00441034	155	0	155	155	
10.25	10.5	1	3	3	3	10	1550	10	1550	0.00359975	0.000507818	0.00314725	0.00486732	155	0	155	155	
10.25	10.5	1	4	4	3	18	2790	18	2790	0.00365777	0.000397937	0.00300166	0.00463462	155	0	155	155	
10.25	10.5	1	5	1	3	9	1395	9	1395	0.00341268	0.000272438	0.00314572	0.0039987	155	0	155	155	
10.5	10.75	1	1	2	4	12	1860	11	1705	0.0034533	0.000438606	0.00301553	0.00424357	155	0	155	155	
10.5	10.75	1	2	6	3	9	1395	8	1240	0.00354615	0.000339594	0.0031669	0.003974	155	0	155	155	
10.5	10.75	1	3	3	3	12	1860	12	1860	0.00350999	0.000381427	0.00300701	0.00399509	155	0	155	155	
10.5	10.75	1	4	4	3	9	1395	9	1395	0.00388488	0.000634506	0.00324501	0.00496272	155	0	155	155	
10.5	10.75	1	5	1	3	13	2015	13	2015	0.00363501	0.000331467	0.00304452	0.00410078	155	0	155	155	
10.75	11	1	1	2	4	13	2015	14	2170	0.00367529	0.000493138	0.00308737	0.00469023	155	0	155	155	
10.75	11	1	2	6	3	11	1705	12	1860	0.00359065	0.000218773	0.00324131	0.00395295	155	0	155	155	
10.75	11	1	3	3	3	13	2015	13	2015	0.00385306	0.000684098	0.00319371	0.00549557	155	0	155	155	
10.75	11	1	4	4	3	13	2015	13	2015	0.00364901	0.000591748	0.00301113	0.00535051	155	0	155	155	
10.75	11	1	5	1	3	13	2015	13	2015	0.00354049	0.000217736	0.00320976	0.00394896	155	0	155	155	
11	11.25	1	1	2	4	14	2170	14	2170	0.00390963	0.000758953	0.00303201	0.00596242	155	0	155	155	
11	11.25	1	2	6	3	9	1395	9	1395	0.00401475	0.000803995	0.00302071	0.00508266	155	0	155	155	
11	11.25	1	3	3	3	15	2325	15	2325	0.00361784	0.000405992	0.00304368	0.00473979	155	0	155	155	
11	11.25	1	4	4	3	11	1705	11	1705	0.00358768	0.000299789	0.00303069	0.00399264	155	0	155	155	
11	11.25	1	5	1	3	9	1395	9	1395	0.00353745	0.000275905	0.00308717	0.00395038	155	0	155	155	
11.25	11.5	1	1	2	4	15	2325	15	2325	0.00357651	0.0003833	0.0030747	0.00429892	155	0	155	155	
11.25	11.5	1	2	6	3	12	1860	12	1860	0.00354044	0.00028977	0.00311539	0.00391854	155	0	155	155	
11.25	11.5	1	3	3	3	11	1705	11	1705	0.00390166	0.000806411	0.00318695	0.00576691	155	0	155	155	
11.25	11.5	1	4	4	3	12	1860	11	1705	0.00330334	0.000232317	0.00304959	0.00385947	155	0	155	155	
11.25	11.5	1	5	1	3	12	1860	12	1860	0.00369749	0.00049371	0.00304046	0.00494332	155	0	155	155	
11.5	11.75	1	1	2	4	14	2170	14	2170	0.00382777	0.000650587	0.00304841	0.00546457	155	0	155	155	
11.5	11.75	1	2	6	3	12	1860	12	1860	0.00351809	0.000304857	0.00317313	0.00408225	155	0	155	155	
11.5	11.75	1	3	3	3	11	1705	11	1705	0.00346413	0.000353126	0.00301371	0.00390152	155	0	155	155	
11.5	11.75	1	4	4	3	10	1550	11	1705	0.00355317	0.00032688	0.003115	0.0041968	155	0	155	155	
11.5	11.75	1	5	1	3	12	1860	12	1860	0.00352671	0.000567224	0.00302421	0.00495529	155	0	155	155	
11.75	12	1	1	2	4	8	1240	8	1240	0.00335381	0.000324354	0.00306574	0.0039929	155	0	155	155	
11.75	12	1	2	6	3	11	1705	11	1705	0.00346932	0.000219151	0.00310686	0.00372049	155	0	155	155	
11.75	12	1	3	3	3	12	1860	11	1705	0.00344727	0.000268319	0.00308056	0.00387277	155	0	155	155	
11.75	12	1	4	4	3	13	2015	13	2015	0.00357946	0.0002889	0.00325149	0.00422819	155	0	155	155	
11.75	12	1	5	1	3	10	1550	10	1550	0.00375885	0.00082497	0.00313396	0.00566453	155	0	155	155	
12	12.25	1	1	2	4	10	1550	9	1395	0.00349297	0.000343443	0.00306273	0.00397313	155	0	155	155	
12	12.25	1	2	6	3	12	1860	12	1860	0.00346455	0.000275172	0.00307246	0.0038937	155	0	155	155	
12	12.25	1	3	3	3	13	2015	14	2170	0.00371203	0.000627423	0.00301005	0.00569835	155	0	155	155	
12	12.25	1	4	4	3	12	1860	12	1860	0.00365534	0.000544054	0.00302252	0.00495381	155	0	155	155	
12	12.25	1	5	1	3	12	1860	12	1860	0.00364449	0.000484296	0.00302144	0.00462768	155	0	155	155	
12.25	12.5	1	1	2	4	9	1395	10	1550	0.00341006	0.000358243	0.00301889	0.00396951	155	0	155	155	
12.25	12.5	1	2	6	3	12	1860	12	1860	0.00357258	0.00033396	0.00303991	0.00399317	155	0	155	155	
12.25	12.5	1	3	3	3	14	2170	14	2170	0.00351576	0.000454375	0.00301857	0.00464435	155	0	155	155	
12.25	12.5	1	4	4	3	13	2015	13	2015	0.00367553	0.000535293	0.0030294	0.00494284	155	0	155	155	
12.25	12.5	1	5	1	3	13	2015	13	2015	0.00385642	0.000723997	0.00318004	0.00547147	155	0	155	155	
12.5	12.75	1	1	2	4	10	1550	10	1550	0.00344342	0.000324117	0.00303486	0.00389921	155	0	155	155	
12.5	12.75	1	2	6	3	13	2015	13	2015	0.00349103	0.000272737	0.00310706	0.00393019	155	0	155	155	
12.5	12.75	1	3	3	3	7	1085	7	1085	0.00369691	0.000847887	0.00311606	0.00553421	155	0	155	155	
12.5	12.75	1	4	4	3	13	2015	13	2015	0.00363037	0.000481509	0.00316475	0.00466365	155	0	155	155	
12.5	12.75	1	5	1	3	13	2015	13	2015	0.00353301	0.000314788	0.00301272	0.00388725	155	0	155	155	
12.75	13	1	1	2	4	13	2015	13	2015	0.00358684	0.000474056	0.00306533	0.00471144	155	0	155	155	
12.75	13	1	2	6	3	12	1860	11	1705	0.00348524	0.000332902	0.00309825	0.00392249	155	0	155	155	
12.75	13	1	3	3	3	9	1395	9	1395	0.00327945	0.000290199	0.00301833	0.00389196	155	0	155	155	
12.75	13	1	4	4	3	8	1240	8	1240	0.00362338	0.00031958	0.00320721	0.00410431	155	0	155	155	
12.75	13	1	5	1	3	10	1550	9	1395	0.00360827	0.000528831	0.00326998	0.00485816	155	0	155	155	
13	13.25	1	1	2	4	8	1240	8	1240	0.00390097	0.00089246	0.00301031	0.00590922	155	0	155	155	
13	13.25	1	2	6	3	9	1395	10	1550	0.00383411	0.00065822	0.00305427	0.0049275	155	0	155	155	
13	13.25	1	3	3	3	9	1395	9	1395	0.0033309	0.000281861	0.00306322	0.00390538	155	0	155	155	
13	13.25	1	4	4	3	9	1395	9	1395	0.00336766	0.000218415	0.00300287	0.00370905	155	0	155	155	
13	13.25	1	5	1	3	11	1705	12	1860	0.00355643	0.000327715	0.0030084	0.00393755	155	0	155	155	
13.25	13.5	1	1	2	4	12	1860	12	1860	0.00391987	0.000521336	0.00331389	0.00481667	155	0	155	155	
13.25	13.5	1	2	6	3	13	2015	13	2015	0.00360573	0.000653306	0.00320664	0.00572976	155	0	155	155	
13.25	13.5	1	3	3	3	13	2015	12	1860	0.00392532	0.00130746	0.00315646	0.00790215	155	0	155	155	
13.25	13.5	1	4	4	3	10	1550	10	1550	0.00395544	0.000786133	0.00327874	0.00599623	155	0	155	155	
13.25	13.5	1	5	1	3	8	1240	8	1240	0.00354283	0.000432165	0.00301851	0.0041275	155	0	155	155	
13.5	13.75	1	1	2	4	9	1395	9	1395	0.00338555	0.000328017	0.00308599	0.00409657	155	0	155	155	
13.5	13.75	1	2	6	3	10	1550	10	1550	0.00359289	0.000314479	0.00306592	0.00399655	155	0	155	155	
13.5	13.75	1	3	3	3	14	2170	14	2170	0.00363704	0.000668469	0.00312735	0.00578584	155	0	155	155	
13.5	13.75	1	4	4	3	12	1860	11	1705	0.00360862	0.000412709	0.00311084	0.00453883	155	0	155	155	
13.5	13.75	1	5	1	3	11	1705	11	1705	0.00361911	0.000319763	0.00307273	0.00398922	155	0	155	155	
13.75	14	1	1	2	4	11	1705	11	1705	0.00367405	0.000450367	0.00323934	0.00453704	155	0	155	155	
13.75	14	1	2	6	3	8	1240	8	1240	0.00335686	0.000227299	0.00303076	0.00379278	155	0	155	155	
13.75	14	1	3	3	3	8	1240	9	1395	0.00376638	0.000772074	0.00305923	0.00561978	155	0	155	155	
13.75	14	1	4	4	3	9	1395	10	1550	0.003581	0.000335891	0.00309507	0.00435727	155	0	155	155	
13.75	14	1	5	1	3	13	2015	13	2015	0.00358369	0.000336214	0.0031012	0.00404274	155	0	155	155	
14	14.25	1	1	2	4	9	1395	9	1395	0.00354513	0.000324747	0.00317291	0.00414515	155	0	155	155	
14	14.25	1	2	6	3	12	1860	12	1860	0.00354051	0.000313002	0.00302455	0.00388585	155	0	155	155	
14	14.25	1	3	3	3	11	1705	11	1705	0.00364231	0.000281068	0.00321632	0.00399384	155	0	155	155	
14	14.25	1	4	4	3	9	1395	9	1395	0.00342424	0.000300733	0.00302111	0.00381022	155	0	155	155	
14	14.25	1	5	1	3	9	1395	9	1395	0.00347153	0.000226853	0.00314631	0.00389452	155	0	155	155	
14.25	14.5	1	1	2	4	12	1860	12	1860	0.00373226	0.000576204	0.0032097	0.00533229	155	0	155	155	
14.25	14.5	1	2	6	3	11	1705	11	1705	0.00355566	0.000449009	0.00300504	0.00450211	155	0	155	155	
14.25	14.5	1	3	3	3	14	2170	14	2170	0.00360969	0.000437266	0.00314825	0.00439256	155	0	155	155	
14.25	14.5	1	4	4	3	16	2480	16	2480	0.00367857	0.000435786	0.00302909	0.00479584	155	0	155	155	
14.25	14.5	1	5	1	3	8	1240	8	1240	0.003554	0.00036919	0.00301078	0.00399172	155	0	155	155	
14.5	14.75	1	1	2	4	12	1860	11	1705	0.00354195	0.000253093	0.00313469	0.00394371	155	0	155	155	
14.5	14.75	1	2	6	3	10	1550	10	1550	0.00355677	0.000304808	0.00307584	0.00394547	155	0	155	155	
14.5	14.75	1	3	3	3	11	1705	11	1705	0.00361918	0.000357141	0.00305443	0.00417557	155	0	155	155	
14.5	14.75	1	4	4	3	10	1550	10	1550	0.00370808	0.00056696	0.00306151	0.00457534	155	0	155	155	
14.5	14.75	1	5	1	3	12	1860	12	1860	0.00355084	0.000365039	0.00304854	0.00442223	155	0	155	155	
14.75	15	1	1	2	4	12	1860	12	1860	0.00343889	0.000317766	0.00309079	0.00412981	155	0	155	155	
14.75	15	1	2	6	3	8	1240	8	1240	0.0035182	0.000298736	0.00312742	0.00390539	155	0	155	155	
14.75	15	1	3	3	3	14	2170	14	2170	0.00365132	0.000474682	0.00305911	0.00493556	155	0	155	155	
14.75	15	1	4	4	3	15	2325	15	2325	0.00343058	0.000275826	0.00310118	0.0039782	155	0	155	155	
14.75	15	1	5	1	3	7	1085	7	1085	0.00324968	0.000205699	0.0030237	0.00361249	155	0	155	155	
15	15.25	1	1	2	4	11	1705	11	1705	0.00355804	0.000662677	0.00301514	0.00475971	155	0	155	155	
15	15.25	1	2	6	3	9	1395	9	1395	0.00340744	0.000218512	0.00306785	0.00383334	155	0	155	155	
15	15.25	1	3	3	3	9	1395	9	1395	0.00336001	0.000236067	0.00308273	0.0037509	155	0	155	155	
15	15.25	1	4	4	3	8	1240	8	1240	0.0037776	0.000509592	0.00318286	0.00481146	155	0	155	155	
15	15.25	1	5	1	3	9	1395	9	1395	0.00355974	0.000205483	0.00314075	0.00386772	155	0	155	155	
15.25	15.5	1	1	2	4	11	1705	12	1860	0.00356914	0.000492686	0.00305589	0.0045063	155	0	155	155	
15.25	15.5	1	2	6	3	10	1550	10	1550	0.0034257	0.000309863	0.00302419	0.00388632	155	0	155	155	
15.25	15.5	1	3	3	3	12	1860	12	1860	0.00364054	0.000476843	0.00307528	0.00489433	155	0	155	155	
15.25	15.5	1	4	4	3	11	1705	11	1705	0.0036138	0.000260161	0.00323035	0.00405074	155	0	155	155	
15.25	15.5	1	5	1	3	11	1705	10	1550	0.00369874	0.000567484	0.00304002	0.00481086	155	0	155	155	
15.5	15.75	1	1	2	4	10	1550	10	1550	0.00371119	0.000521895	0.00312417	0.00483036	155	0	155	155	
15.5	15.75	1	2	6	3	15	2325	15	2325	0.00370383	0.000388759	0.00308621	0.00474931	155	0	155	155	
15.5	15.75	1	3	3	3	11	1705	11	1705	0.00354061	0.000322291	0.00315575	0.00399877	155	0	155	155	
15.5	15.75	1	4	4	3	11	1705	11	1705	0.00365231	0.000501939	0.00300783	0.00480093	155	0	155	155	
15.5	15.75	1	5	1	3	10	1550	11	1705	0.00342132	0.000207187	0.00301301	0.00369844	155	0	155	155	
15.75	16	1	1	2	4	12	1860	11	1705	0.00368698	0.000298213	0.00322514	0.00429718	155	0	155	155	
15.75	16	1	2	6	3	10	1550	10	1550	0.00379793	0.000366609	0.00319443	0.00448694	155	0	155	155	
15.75	16	1	3	3	3	9	1395	9	1395	0.00348466	0.000265211	0.00315235	0.00387821	155	0	155	155	
15.75	16	1	4	4	3	7	1085	7	1085	0.00344083	0.000358293	0.00302439	0.00385981	155	0	155	155	
15.75	16	1	5	1	3	10	1550	10	1550	0.00365	0.000376626	0.00304966	0.0042449	155	0	155	155	
16	16.25	1	1	2	4	10	1550	11	1705	0.0037017	0.000584107	0.00305961	0.00525488	155	0	155	155	
16	16.25	1	2	6	3	13	2015	12	1860	0.00345554	0.000305333	0.00305583	0.00392919	155	0	155	155	
16	16.25	1	3	3	3	15	2325	14	2170	0.00356406	0.000246507	0.00319774	0.00391334	155	0	155	155	
16	16.25	1	4	4	3	9	1395	8	1240	0.00349952	0.000377189	0.0031475	0.0039936	155	0	155	155	
16	16.25	1	5	1	3	11	1705	11	1705	0.00361773	0.000274973	0.00321837	0.00395921	155	0	155	155	
16.25	16.5	1	1	2	4	11	1705	11	1705	0.00368083	0.000263963	0.00324883	0.00399041	155	0	155	155	
16.25	16.5	1	2	6	3	16	2480	16	2480	0.00387243	0.000704391	0.00300136	0.00558313	155	0	155	155	
16.25	16.5	1	3	3	3	13	2015	14	2170	0.00364965	0.000675384	0.00303592	0.00535388	155	0	155	155	
16.25	16.5	1	4	4	3	10	1550	11	1705	0.00343073	0.000287232	0.00304663	0.00398055	155	0	155	155	
16.25	16.5	1	5	1	3	9	1395	9	1395	0.0037044	0.000262704	0.00333008	0.00411711	155	0	155	155	
16.5	16.75	1	1	2	4	9	1395	9	1395	0.00352574	0.000283423	0.00313093	0.00398992	155	0	155	155	
16.5	16.75	1	2	6	3	11	1705	12	1860	0.00370186	0.000486837	0.00307092	0.00500647	155	0	155	155	
16.5	16.75	1	3	3	3	15	2325	15	2325	0.00372488	0.0003407	0.00331158	0.00473694	155	0	155	155	
16.5	16.75	1	4	4	3	13	2015	13	2015	0.00374228	0.000561619	0.00303309	0.00479898	155	0	155	155	
16.5	16.75	1	5	1	3	15	2325	15	2325	0.00358912	0.000496373	0.00301921	0.00478941	155	0	155	155	
16.75	17	1	1	2	4	9	1395	9	1395	0.00355436	0.000246017	0.00315016	0.00392116	155	0	155	155	
16.75	17	1	2	6	3	9	1395	9	1395	0.00344205	0.000352195	0.00301831	0.00392297	155	0	155	155	
16.75	17	1	3	3	3	9	1395	8	1240	0.00317275	0.000135881	0.00301082	0.00334589	155	0	155	155	
16.75	17	1	4	4	3	10	1550	10	1550	0.00347813	0.00024952	0.00303958	0.00371135	155	0	155	155	
16.75	17	1	5	1	3	10	1550	10	1550	0.0036401	0.0005039	0.00312186	0.00481187	155	0	155	155	
17	17.25	1	1	2	4	11	1705	11	1705	0.00353087	0.000319314	0.00304674	0.00395269	155	0	155	155	
17	17.25	1	2	6	3	8	1240	8	1240	0.0038184	0.000855859	0.00300299	0.00565644	155	0	155	155	
17	17.25	1	3	3	3	8	1240	9	1395	0.00353694	0.000210533	0.00311203	0.00380622	155	0	155	155	
17	17.25	1	4	4	3	12	1860	12	1860	0.00343226	0.000302964	0.00306265	0.00389483	155	0	155	155	
17	17.25	1	5	1	3	13	2015	13	2015	0.00373513	0.000693116	0.00312762	0.00577313	155	0	155	155	
17.25	17.5	1	1	2	4	9	1395	9	1395	0.00348299	0.000365908	0.00304157	0.00395828	155	0	155	155	
17.25	17.5	1	2	6	3	10	1550	10	1550	0.0034907	0.000175231	0.00317218	0.00374265	155	0	155	155	
17.25	17.5	1	3	3	3	12	1860	12	1860	0.00383457	0.000334957	0.00342928	0.00442404	155	0	155	155	
17.25	17.5	1	4	4	3	12	1860	12	1860	0.0034979	0.000301464	0.00304291	0.00387706	155	0	155	155	
17.25	17.5	1	5	1	3	11	1705	10	1550	0.00365997	0.000410433	0.00319941	0.00453288	155	0	155	155	
17.5	17.75	1	1	2	4	16	2480	16	2480	0.00375476	0.000522096	0.0030585	0.0048736	155	0	155	155	
17.5	17.75	1	2	6	3	12	1860	12	1860	0.00368556	0.000511405	0.00306111	0.00496709	155	0	155	155	
17.5	17.75	1	3	3	3	11	1705	11	1705	0.00385419	0.000490496	0.00319397	0.00469159	155	0	155	155	
17.5	17.75	1	4	4	3	12	1860	12	1860	0.00356351	0.000386057	0.00311645	0.00453125	155	0	155	155	
17.5	17.75	1	5	1	3	11	1705	12	1860	0.00376483	0.0004574	0.00331511	0.00497866	155	0	155	155	
17.75	18	1	1	2	4	6	930	6	930	0.00356455	0.000329666	0.00308712	0.00395991	155	0	155	155	
17.75	18	1	2	6	3	13	2015	13	2015	0.0035823	0.000348737	0.00310084	0.00438949	155	0	155	155	
17.75	18	1	3	3	3	8	1240	8	1240	0.00346972	0.000288797	0.00304335	0.00388652	155	0	155	155	
17.75	18	1	4	4	3	10	1550	10	1550	0.00358718	0.000330585	0.00303077	0.00399982	155	0	155	155	
17.75	18	1	5	1	3	15	2325	15	2325	0.003583	0.000447428	0.0030518	0.00459187	155	0	155	155	
18	18.25	1	1	2	4	12	1860	12	1860	0.00367379	0.000317185	0.00302073	0.0041541	155	0	155	155	
18	18.25	1	2	6	3	17	2635	17	2635	0.00347535	0.000305197	0.00302663	0.00392954	155	0	155	155	
18	18.25	1	3	3	3	11	1705	11	1705	0.00358408	0.000272166	0.00304481	0.00392169	155	0	155	155	
18	18.25	1	4	4	3	13	2015	13	2015	0.00379915	0.000513959	0.00319382	0.00497612	155	0	155	155	
18	18.25	1	5	1	3	12	1860	12	1860	0.00361009	0.000425475	0.00306286	0.00457335	155	0	155	155	
18.25	18.5	1	1	2	4	11	1705	10	1550	0.00357076	0.000298549	0.00318426	0.00416873	155	0	155	155	
18.25	18.5	1	2	6	3	13	2015	13	2015	0.00381842	0.000679938	0.00304959	0.00524174	155	0	155	155	
18.25	18.5	1	3	3	3	11	1705	11	1705	0.00346483	0.000277312	0.00305435	0.00390651	155	0	155	155	
18.25	18.5	1	4	4	3	13	2015	12	1860	0.00363359	0.000428429	0.00300349	0.00467383	155	0	155	155	
18.25	18.5	1	5	1	3	14	2170	14	2170	0.00358084	0.000637064	0.00305968	0.00536046	155	0	155	155	
18.5	18.75	1	1	2	4	11	1705	12	1860	0.00361159	0.000493019	0.00305181	0.00493666	155	0	155	155	
18.5	18.75	1	2	6	3	8	1240	8	1240	0.00335707	0.000250769	0.00308278	0.00381203	155	0	155	155	
18.5	18.75	1	3	3	3	11	1705	11	1705	0.00361094	0.000235215	0.00329817	0.00396928	155	0	155	155	
18.5	18.75	1	4	4	3	8	1240	9	1395	0.00375297	0.000621225	0.00309923	0.00492771	155	0	155	155	
18.5	18.75	1	5	1	3	9	1395	9	1395	0.00352821	0.000328306	0.00314075	0.00395918	155	0	155	155	
18.75	19	1	1	2	4	11	1705	11	1705	0.00339934	0.000281772	0.00307141	0.00395748	155	0	155	155	
18.75	19	1	2	6	3	13	2015	13	2015	0.00382271	0.000658829	0.00310651	0.00493734	155	0	155	155	
18.75	19	1	3	3	3	14	2170	14	2170	0.00362441	0.000271511	0.00326856	0.00406995	155	0	155	155	
18.75	19	1	4	4	3	7	1085	7	1085	0.00355307	0.000337389	0.00307388	0.00392244	155	0	155	155	
18.75	19	1	5	1	3	13	2015	13	2015	0.00358638	0.000402247	0.00304087	0.00428702	155	0	155	155	
19	19.25	1	1	2	4	12	1860	12	1860	0.00370817	0.000585187	0.00307943	0.00489829	155	0	155	155	
19	19.25	1	2	6	3	12	1860	12	1860	0.00360787	0.000747606	0.00301868	0.00568632	155	0	155	155	
19	19.25	1	3	3	3	10	1550	10	1550	0.00368707	0.000493528	0.00307442	0.00473007	155	0	155	155	
19	19.25	1	4	4	3	12	1860	12	1860	0.00348217	0.000501086	0.00300823	0.00469922	155	0	155	155	
19	19.25	1	5	1	3	11	1705	11	1705	0.00362891	0.000235119	0.00328135	0.00392153	155	0	155	155	
19.25	19.5	1	1	2	4	9	1395	8	1240	0.00346017	0.000378823	0.00301227	0.00394192	155	0	155	155	
19.25	19.5	1	2	6	3	13	2015	13	2015	0.00361825	0.000385491	0.00309373	0.00417528	155	0	155	155	
19.25	19.5	1	3	3	3	12	1860	11	1705	0.00355199	0.00019859	0.00326693	0.0039618	155	0	155	155	
19.25	19.5	1	4	4	3	11	1705	11	1705	0.00350889	0.000548745	0.00300013	0.00491421	155	0	155	155	
19.25	19.5	1	5	1	3	16	2480	16	2480	0.00373203	0.000652014	0.00301566	0.00590763	155	0	155	155	
19.5	19.75	1	1	2	4	14	2170	15	2325	0.00339566	0.000316407	0.00302178	0.00391511	155	0	155	155	
19.5	19.75	1	2	6	3	14	2170	14	2170	0.00382016	0.000404358	0.00329992	0.00470209	155	0	155	155	
19.5	19.75	1	3	3	3	12	1860	13	2015	0.0037745	0.000514743	0.0030578	0.00498406	155	0	155	155	
19.5	19.75	1	4	4	3	11	1705	11	1705	0.00360812	0.000340833	0.00312358	0.00432045	155	0	155	155	
19.5	19.75	1	5	1	3	12	1860	12	1860	0.00356432	0.000310095	0.00314426	0.00424076	155	0	155	155	
19.75	20	1	1	2	4	11	1705	11	1705	0.00365648	0.000493737	0.00310273	0.00483667	155	0	155	155	
19.75	20	1	2	6	3	11	1705	11	1705	0.0036898	0.000535834	0.00305888	0.00484201	155	0	155	155	
19.75	20	1	3	3	3	12	1860	12	1860	0.00367452	0.000627669	0.0030293	0.00499414	155	0	155	155	
19.75	20	1	4	4	3	11	1705	11	1705	0.00356994	0.000289008	0.00300922	0.00397132	155	0	155	155	
19.75	20	1	5	1	3	9	1395	9	1395	0.00340255	0.000285643	0.00301427	0.00387187	155	0	155	155	
20	20.25	1	1	2	4	12	1860	12	1860	0.00363475	0.000339831	0.00315599	0.00434441	155	0	155	155	
20	20.25	1	2	6	3	13	2015	13	2015	0.00358925	0.000612714	0.00302258	0.00472648	155	0	155	155	
20	20.25	1	3	3	3	15	2325	15	2325	0.00344855	0.00032783	0.0030036	0.00424093	155	0	155	155	
20	20.25	1	4	4	3	10	1550	10	1550	0.003815	0.000400323	0.00334464	0.00455344	155	0	155	155	
20	20.25	1	5	1	3	10	1550	10	1550	0.00343317	0.000213948	0.00313222	0.00373761	155	0	155	155	
20.25	20.5	1	1	2	4	12	1860	12	1860	0.00369963	0.000312646	0.0032901	0.00442564	155	0	155	155	
20.25	20.5	1	2	6	3	11	1705	11	1705	0.00356001	0.000310845	0.00303328	0.00394807	155	0	155	155	
20.25	20.5	1	3	3	3	11	1705	11	1705	0.00398943	0.000604393	0.00342751	0.0056553	155	0	155	155	
20.25	20.5	1	4	4	3	18	2790	18	2790	0.00367616	0.0003922	0.00309288	0.00446426	155	0	155	155	
20.25	20.5	1	5	1	3	15	2325	14	2170	0.00353955	0.000365646	0.00306252	0.00454759	155	0	155	155	
20.5	20.75	1	1	2	4	9	1395	9	1395	0.00337035	0.000334492	0.00302305	0.00392421	155	0	155	155	
20.5	20.75	1	2	6	3	12	1860	12	1860	0.00346167	0.000264615	0.00313906	0.0039167	155	0	155	155	
20.5	20.75	1	3	3	3	13	2015	13	2015	0.00373881	0.000384794	0.00313441	0.00475962	155	0	155	155	
20.5	20.75	1	4	4	3	11	1705	11	1705	0.00343058	0.000276112	0.00310628	0.00393473	155	0	155	155	
20.5	20.75	1	5	1	3	9	1395	10	1550	0.00385114	0.000585347	0.0030851	0.00493067	155	0	155	155	
20.75	21	1	1	2	4	12	1860	12	1860	0.00371847	0.000303997	0.00324079	0.00426065	155	0	155	155	
20.75	21	1	2	6	3	10	1550	9	1395	0.00340673	0.000361596	0.00301245	0.00395661	155	0	155	155	
20.75	21	1	3	3	3	16	2480	16	2480	0.00365109	0.000628815	0.00305858	0.00570283	155	0	155	155	
20.75	21	1	4	4	3	12	1860	12	1860	0.00374085	0.000645258	0.00305046	0.00491747	155	0	155	155	
20.75	21	1	5	1	3	9	1395	8	1240	0.00345767	0.000295651	0.00304226	0.00392525	155	0	155	155	
21	21.25	1	1	2	4	12	1860	12	1860	0.00354835	0.000385006	0.0030336	0.00418062	155	0	155	155	
21	21.25	1	2	6	3	13	2015	14	2170	0.00366523	0.000407305	0.00314985	0.00486021	155	0	155	155	
21	21.25	1	3	3	3	9	1395	9	1395	0.00337703	0.000239882	0.00305229	0.00377325	155	0	155	155	
21	21.25	1	4	4	3	9	1395	8	1240	0.00365067	0.000348597	0.00304327	0.00398387	155	0	155	155	
21	21.25	1	5	1	3	14	2170	14	2170	0.00366976	0.000472476	0.00306071	0.00477014	155	0	155	155	
21.25	21.5	1	1	2	4	11	1705	10	1550	0.00362128	0.000421149	0.00317687	0.00447561	155	0	155	155	
21.25	21.5	1	2	6	3	12	1860	12	1860	0.00331487	0.0002682	0.00301812	0.00387785	155	0	155	155	
21.25	21.5	1	3	3	3	10	1550	9	1395	0.0036304	0.000532703	0.00308456	0.00487827	155	0	155	155	
21.25	21.5	1	4	4	3	14	2170	14	2170	0.00351267	0.000345432	0.00302052	0.00399427	155	0	155	155	
21.25	21.5	1	5	1	3	10	1550	11	1705	0.00367911	0.000606938	0.00307775	0.00509818	155	0	155	155	
21.5	21.75	1	1	2	4	14	2170	14	2170	0.0040487	0.000636227	0.00312689	0.00491904	155	0	155	155	
21.5	21.75	1	2	6	3	10	1550	10	1550	0.00364236	0.000325461	0.00303648	0.00410184	155	0	155	155	
21.5	21.75	1	3	3	3	16	2480	16	2480	0.00346284	0.000324764	0.0030035	0.00389052	155	0	155	155	
21.5	21.75	1	4	4	3	13	2015	14	2170	0.00393889	0.000691881	0.00308771	0.00589666	155	0	155	155	
21.5	21.75	1	5	1	3	14	2170	14	2170	0.00342105	0.000358641	0.00300287	0.00408778	155	0	155	155	
21.75	22	1	1	2	4	14	2170	14	2170	0.00373444	0.000549476	0.0031052	0.00546441	155	0	155	155	
21.75	22	1	2	6	3	11	1705	11	1705	0.003582	0.000300077	0.00318057	0.00398305	155	0	155	155	
21.75	22	1	3	3	3	9	1395	9	1395	0.00353571	0.000257607	0.00314166	0.00391866	155	0	155	155	
21.75	22	1	4	4	3	10	1550	10	1550	0.00359772	0.000495704	0.00301958	0.00459121	155	0	155	155	
21.75	22	1	5	1	3	10	1550	10	1550	0.0036814	0.000696302	0.00307736	0.00548369	155	0	155	155	
22	22.25	1	1	2	4	15	2325	15	2325	0.00365369	0.000510172	0.00310434	0.00487064	155	0	155	155	
22	22.25	1	2	6	3	15	2325	15	2325	0.00364328	0.000458951	0.00307868	0.00459962	155	0	155	155	
22	22.25	1	3	3	3	13	2015	14	2170	0.00344197	0.000289987	0.00301655	0.00397368	155	0	155	155	
22	22.25	1	4	4	3	12	1860	12	1860	0.00375282	0.000612614	0.0032109	0.00552722	155	0	155	155	
22	22.25	1	5	1	3	12	1860	12	1860	0.00350722	0.000468831	0.00306863	0.00480102	155	0	155	155	
22.25	22.5	1	1	2	4	9	1395	10	1550	0.00362318	0.000496777	0.00303149	0.00481798	155	0	155	155	
22.25	22.5	1	2	6	3	12	1860	12	1860	0.00351027	0.000305864	0.00306809	0.00392167	155	0	155	155	
22.25	22.5	1	3	3	3	12	1860	12	1860	0.00381629	0.000705828	0.00308589	0.00542852	155	0	155	155	
22.25	22.5	1	4	4	3	11	1705	11	1705	0.00376024	0.000464372	0.00300252	0.00460544	155	0	155	155	
22.25	22.5	1	5	1	3	10	1550	10	1550	0.00339723	0.000337542	0.00306458	0.00398383	155	0	155	155	
22.5	22.75	1	1	2	4	10	1550	10	1550	0.00341918	0.000281838	0.00308371	0.00385413	155	0	155	155	
22.5	22.75	1	2	6	3	15	2325	14	2170	0.0039149	0.00107378	0.00305659	0.00696468	155	0	155	155	
22.5	22.75	1	3	3	3	16	2480	15	2325	0.00356244	0.000456799	0.00300173	0.00471226	155	0	155	155	
22.5	22.75	1	4	4	3	12	1860	12	1860	0.00360674	0.00056805	0.00301438	0.00497827	155	0	155	155	
22.5	22.75	1	5	1	3	12	1860	12	1860	0.00352415	0.000344451	0.00300613	0.00393271	155	0	155	155	
22.75	23	1	1	2	4	9	1395	9	1395	0.00353269	0.000268814	0.00317225	0.00395202	155	0	155	155	
22.75	23	1	2	6	3	14	2170	14	2170	0.00374007	0.00060985	0.00305639	0.00494532	155	0	155	155	
22.75	23	1	3	3	3	9	1395	9	1395	0.00360205	0.000189935	0.00334888	0.00385214	155	0	155	155	
22.75	23	1	4	4	3	11	1705	11	1705	0.00358782	0.000234971	0.00305737	0.00391252	155	0	155	155	
22.75	23	1	5	1	3	12	1860	12	1860	0.0036277	0.000316116	0.00306315	0.00398493	155	0	155	155	
23	23.25	1	1	2	4	9	1395	9	1395	0.00334556	0.000281913	0.00306732	0.00373004	155	0	155	155	
23	23.25	1	2	6	3	9	1395	10	1550	0.00361666	0.000347552	0.00310414	0.00420786	155	0	155	155	
23	23.25	1	3	3	3	10	1550	11	1705	0.00371679	0.000422511	0.0031507	0.00464106	155	0	155	155	
23	23.25	1	4	4	3	8	1240	8	1240	0.00344824	0.000368217	0.00305076	0.00393948	155	0	155	155	
23	23.25	1	5	1	3	12	1860	12	1860	0.00354954	0.000318626	0.00300269	0.0039982	155	0	155	155	
23.25	23.5	1	1	2	4	13	2015	13	2015	0.0035963	0.000618802	0.00302973	0.00512097	155	0	155	155	
23.25	23.5	1	2	6	3	7	1085	7	1085	0.0034614	0.000326456	0.00304236	0.00382047	155	0	155	155	
23.25	23.5	1	3	3	3	10	1550	10	1550	0.00359561	0.000276974	0.00307688	0.00413089	155	0	155	155	
23.25	23.5	1	4	4	3	13	2015	13	2015	0.00358633	0.000321238	0.00312106	0.00424958	155	0	155	155	
23.25	23.5	1	5	1	3	8	1240	8	1240	0.00349033	0.000222672	0.00305527	0.00367831	155	0	155	155	
23.5	23.75	1	1	2	4	12	1860	12	1860	0.00385753	0.000949372	0.00310255	0.00649069	155	0	155	155	
23.5	23.75	1	2	6	3	8	1240	8	1240	0.00378543	0.000189844	0.00347296	0.00397975	155	0	155	155	
23.5	23.75	1	3	3	3	15	2325	15	2325	0.00363739	0.000502511	0.00302716	0.00480049	155	0	155	155	
23.5	23.75	1	4	4	3	12	1860	11	1705	0.00349651	0.000290881	0.00305589	0.00390439	155	0	155	155	
23.5	23.75	1	5	1	3	16	2480	16	2480	0.00390711	0.000552497	0.00335297	0.00540085	155	0	155	155	
23.75	24	1	1	2	4	10	1550	10	1550	0.00345253	0.000271904	0.00309007	0.00382607	155	0	155	155	
23.75	24	1	2	6	3	5	775	5	775	0.00380301	0.000140711	0.00356813	0.00393609	155	0	155	155	
23.75	24	1	3	3	3	9	1395	9	1395	0.00356511	0.000282832	0.00310636	0.00389224	155	0	155	155	
23.75	24	1	4	4	3	10	1550	11	1705	0.00363865	0.000255043	0.00319445	0.00399608	155	0	155	155	
23.75	24	1	5	1	3	11	1705	11	1705	0.00346172	0.000267153	0.003097	0.00399839	155	0	155	155	
24	24.25	1	1	2	4	11	1705	11	1705	0.00360775	0.000531915	0.00301344	0.00480102	155	0	155	155	
24	24.25	1	2	6	3	7	1085	7	1085	0.00350081	0.000235999	0.0031213	0.00384044	155	0	155	155	
24	24.25	1	3	3	3	13	2015	13	2015	0.00353615	0.000329054	0.00312066	0.00398746	155	0	155	155	
24	24.25	1	4	4	3	12	1860	12	1860	0.00357271	0.000239665	0.0031833	0.00391233	155	0	155	155	
24	24.25	1	5	1	3	14	2170	14	2170	0.00353968	0.000466463	0.00300923	0.00477763	155	0	155	155	
24.25	24.5	1	1	2	4	14	2170	13	2015	0.00390029	0.000837641	0.00302463	0.00590617	155	0	155	155	
24.25	24.5	1	2	6	3	12	1860	11	1705	0.00351758	0.000394995	0.00300672	0.00406837	155	0	155	155	
24.25	24.5	1	3	3	3	11	1705	11	1705	0.00377277	0.000449387	0.00328696	0.00487661	155	0	155	155	
24.25	24.5	1	4	4	3	10	1550	9	1395	0.0035833	0.000381171	0.00310431	0.0039847	155	0	155	155	
24.25	24.5	1	5	1	3	12	1860	12	1860	0.00378434	0.000510303	0.00318507	0.00476022	155	0	155	155	
24.5	24.75	1	1	2	4	11	1705	12	1860	0.00376094	0.00056229	0.00312096	0.00513993	155	0	155	155	
24.5	24.75	1	2	6	3	14	2170	15	2325	0.00363953	0.000320942	0.00312257	0.00413043	155	0	155	155	
24.5	24.75	1	3	3	3	12	1860	12	1860	0.00383643	0.000333373	0.00328787	0.00446863	155	0	155	155	
24.5	24.75	1	4	4	3	15	2325	15	2325	0.00394186	0.000691552	0.00301178	0.00536435	155	0	155	155	
24.5	24.75	1	5	1	3	9	1395	9	1395	0.00350231	0.000276196	0.00306579	0.00386843	155	0	155	155	
24.75	25	1	1	2	4	15	2325	15	2325	0.00347743	0.000281246	0.00303216	0.00387987	155	0	155	155	
24.75	25	1	2	6	3	11	1705	11	1705	0.00374749	0.00080668	0.00303073	0.00586228	155	0	155	155	
24.75	25	1	3	3	3	12	1860	12	1860	0.00355974	0.00049906	0.00303243	0.0048005	155	0	155	155	
24.75	25	1	4	4	3	10	1550	11	1705	0.00351987	0.000551943	0.00309092	0.00467185	155	0	155	155	
24.75	25	1	5	1	3	9	1395	9	1395	0.00346132	0.000325703	0.00306758	0.00389943	155	0	155	155	
25	25.25	1	1	2	4	6	930	6	930	0.00329968	0.000251506	0.003024	0.00363318	155	0	155	155	
25	25.25	1	2	6	3	10	1550	10	1550	0.00356045	0.000290156	0.00313377	0.00387518	155	0	155	155	
25	25.25	1	3	3	3	9	1395	9	1395	0.00368904	0.000304448	0.00300362	0.00397598	155	0	155	155	
25	25.25	1	4	4	3	14	2170	14	2170	0.00357527	0.000481971	0.00303169	0.00489553	155	0	155	155	
25	25.25	1	5	1	3	13	2015	13	2015	0.00370161	0.000447955	0.00300478	0.00488831	155	0	155	155	
25.25	25.5	1	1	2	4	12	1860	12	1860	0.00336768	0.000295435	0.00300997	0.00393347	155	0	155	155	
25.25	25.5	1	2	6	3	12	1860	12	1860	0.00354962	0.000313307	0.00301979	0.00390506	155	0	155	155	
25.25	25.5	1	3	3	3	8	1240	7	1085	0.00370032	0.000144813	0.00347691	0.00388459	155	0	155	155	
25.25	25.5	1	4	4	3	11	1705	11	1705	0.0036524	0.000420757	0.0030578	0.00438639	155	0	155	155	
25.25	25.5	1	5	1	3	12	1860	12	1860	0.00397322	0.000848857	0.00318529	0.00648611	155	0	155	155	
25.5	25.75	1	1	2	4	14	2170	14	2170	0.00363562	0.000687151	0.00302176	0.00550139	155	0	155	155	
25.5	25.75	1	2	6	3	10	1550	10	1550	0.0038492	0.00106673	0.00300934	0.00667887	155	0	155	155	
25.5	25.75	1	3	3	3	10	1550	11	1705	0.00349462	0.000258936	0.00301981	0.0039212	155	0	155	155	
25.5	25.75	1	4	4	3	13	2015	12	1860	0.00353276	0.000237085	0.00319003	0.00392644	155	0	155	155	
25.5	25.75	1	5	1	3	8	1240	8	1240	0.0033676	0.000243923	0.00304503	0.00370527	155	0	155	155	
25.75	26	1	1	2	4	12	1860	12	1860	0.00352602	0.000370668	0.00311126	0.00433969	155	0	155	155	
25.75	26	1	2	6	3	11	1705	11	1705	0.00337897	0.000329973	0.00300803	0.00396073	155	0	155	155	
25.75	26	1	3	3	3	9	1395	9	1395	0.00370526	0.000467787	0.00309228	0.00469581	155	0	155	155	
25.75	26	1	4	4	3	11	1705	11	1705	0.00367329	0.000547212	0.00300096	0.00499102	155	0	155	155	
25.75	26	1	5	1	3	13	2015	13	2015	0.00357384	0.000284818	0.00317722	0.00396709	155	0	155	155	
26	26.25	1	1	2	4	10	1550	10	1550	0.00388647	0.000514336	0.00313946	0.00495235	155	0	155	155	
26	26.25	1	2	6	3	11	1705	10	1550	0.00346534	0.000384253	0.00306486	0.0043574	155	0	155	155	
26	26.25	1	3	3	3	17	2635	17	2635	0.00378345	0.000728276	0.003179	0.00562321	155	0	155	155	
26	26.25	1	4	4	3	11	1705	12	1860	0.00372455	0.000226447	0.00334875	0.00428246	155	0	155	155	
26	26.25	1	5	1	3	12	1860	12	1860	0.00360754	0.000484729	0.0030572	0.00471267	155	0	155	155	
26.25	26.5	1	1	2	4	11	1705	10	1550	0.00362254	0.000210998	0.00321319	0.00393842	155	0	155	155	
26.25	26.5	1	2	6	3	12	1860	13	2015	0.00360785	0.000338999	0.00301686	0.00405012	155	0	155	155	
26.25	26.5	1	3	3	3	13	2015	12	1860	0.00326505	0.000351594	0.00300123	0.00418893	155	0	155	155	
26.25	26.5	1	4	4	3	11	1705	11	1705	0.00353256	0.000338572	0.00305173	0.00397521	155	0	155	155	
26.25	26.5	1	5	1	3	11	1705	11	1705	0.00391389	0.00113353	0.00307199	0.00692998	155	0	155	155	
26.5	26.75	1	1	2	4	12	1860	13	2015	0.00342528	0.000264522	0.00300476	0.00385405	155	0	155	155	
26.5	26.75	1	2	6	3	12	1860	11	1705	0.00365795	0.000278168	0.00309607	0.00399104	155	0	155	155	
26.5	26.75	1	3	3	3	15	2325	15	2325	0.00375694	0.000509458	0.00315186	0.00467248	155	0	155	155	
26.5	26.75	1	4	4	3	11	1705	11	1705	0.00341424	0.000333706	0.00300262	0.0039098	155	0	155	155	
26.5	26.75	1	5	1	3	11	1705	11	1705	0.00388796	0.000713499	0.0032474	0.00590376	155	0	155	155	
26.75	27	1	1	2	4	12	1860	12	1860	0.00364194	0.000526064	0.0030294	0.00484823	155	0	155	155	
26.75	27	1	2	6	3	13	2015	13	2015	0.00361847	0.000384414	0.00305142	0.00422675	155	0	155	155	
26.75	27	1	3	3	3	10	1550	11	1705	0.00368657	0.000477487	0.00313797	0.0047871	155	0	155	155	
26.75	27	1	4	4	3	13	2015	13	2015	0.00343163	0.000416848	0.00301993	0.00457548	155	0	155	155	
26.75	27	1	5	1	3	12	1860	12	1860	0.00356576	0.000432117	0.00313993	0.0046255	155	0	155	155	
27	27.25	1	1	2	4	8	1240	8	1240	0.00371939	0.000196627	0.00345179	0.00399126	155	0	155	155	
27	27.25	1	2	6	3	10	1550	11	1705	0.00364763	0.000419568	0.00313983	0.00448681	155	0	155	155	
27	27.25	1	3	3	3	9	1395	9	1395	0.00352021	0.000409438	0.0030211	0.00428875	155	0	155	155	
27	27.25	1	4	4	3	10	1550	10	1550	0.00341278	0.000332284	0.00301312	0.0039703	155	0	155	155	
27	27.25	1	5	1	3	9	1395	9	1395	0.00348659	0.000418528	0.00304242	0.00433673	155	0	155	155	
27.25	27.5	1	1	2	4	12	1860	12	1860	0.00350356	0.000266589	0.00308603	0.00379687	155	0	155	155	
27.25	27.5	1	2	6	3	14	2170	14	2170	0.0036349	0.00022868	0.00325759	0.00392191	155	0	155	155	
27.25	27.5	1	3	3	3	8	1240	8	1240	0.00361822	0.000200196	0.00328938	0.00383638	155	0	155	155	
27.25	27.5	1	4	4	3	10	1550	10	1550	0.00364998	0.000352523	0.00317333	0.0042913	155	0	155	155	
27.25	27.5	1	5	1	3	10	1550	10	1550	0.00350926	0.000514534	0.00300844	0.00469343	155	0	155	155	
27.5	27.75	1	1	2	4	12	1860	11	1705	0.00371139	0.000701814	0.00307469	0.00509172	155	0	155	155	
27.5	27.75	1	2	6	3	10	1550	10	1550	0.00350809	0.000317708	0.00310425	0.00407074	155	0	155	155	
27.5	27.75	1	3	3	3	12	1860	11	1705	0.00351412	0.000349715	0.00307212	0.00414499	155	0	155	155	
27.5	27.75	1	4	4	3	8	1240	8	1240	0.00361918	0.000283826	0.00317698	0.0039994	155	0	155	155	
27.5	27.75	1	5	1	3	9	1395	9	1395	0.00358268	0.000358662	0.00305728	0.00395106	155	0	155	155	
27.75	28	1	1	2	4	11	1705	11	1705	0.00356359	0.00034514	0.00306714	0.00393601	155	0	155	155	
27.75	28	1	2	6	3	11	1705	11	1705	0.00384704	0.00049669	0.00313674	0.00475771	155	0	155	155	
27.75	28	1	3	3	3	12	1860	12	1860	0.0036609	0.000486483	0.00302983	0.00447466	155	0	155	155	
27.75	28	1	4	4	3	11	1705	11	1705	0.00366882	0.000553789	0.00302977	0.00497002	155	0	155	155	
27.75	28	1	5	1	3	10	1550	10	1550	0.00350687	0.000473652	0.00314606	0.00467601	155	0	155	155	
28	28.25	1	1	2	4	10	1550	11	1705	0.00356764	0.000304316	0.00305116	0.00395496	155	0	155	155	
28	28.25	1	2	6	3	9	1395	9	1395	0.00341284	0.000336354	0.00302283	0.00392071	155	0	155	155	
28	28.25	1	3	3	3	13	2015	14	2170	0.00349448	0.000322067	0.00300795	0.00399912	155	0	155	155	
28	28.25	1	4	4	3	12	1860	12	1860	0.00351021	0.000455975	0.00300569	0.00464142	155	0	155	155	
28	28.25	1	5	1	3	10	1550	9	1395	0.00339948	0.00032781	0.00301318	0.00387917	155	0	155	155	
28.25	28.5	1	1	2	4	10	1550	9	1395	0.00338205	0.000274893	0.00302629	0.00378884	155	0	155	155	
28.25	28.5	1	2	6	3	13	2015	13	2015	0.00365816	0.000549431	0.0030504	0.00522269	155	0	155	155	
28.25	28.5	1	3	3	3	13	2015	13	2015	0.003647	0.000530916	0.00301932	0.00477405	155	0	155	155	
28.25	28.5	1	4	4	3	9	1395	9	1395	0.00359104	0.000281982	0.00316562	0.00399178	155	0	155	155	
28.25	28.5	1	5	1	3	12	1860	13	2015	0.00357603	0.000480724	0.00308472	0.00477182	155	0	155	155	
28.5	28.75	1	1	2	4	11	1705	12	1860	0.00366878	0.000420876	0.00311665	0.0049088	155	0	155	155	
28.5	28.75	1	2	6	3	10	1550	10	1550	0.00332001	0.00026263	0.00301045	0.00393302	155	0	155	155	
28.5	28.75	1	3	3	3	15	2325	14	2170	0.00356838	0.000459137	0.00302204	0.00473116	155	0	155	155	
28.5	28.75	1	4	4	3	12	1860	11	1705	0.00340994	0.000327505	0.00304049	0.00391405	155	0	155	155	
28.5	28.75	1	5	1	3	12	1860	12	1860	0.00378368	0.000698012	0.0032156	0.00590191	155	0	155	155	
28.75	29	1	1	2	4	10	1550	10	1550	0.00343116	0.000304043	0.00304304	0.00384363	155	0	155	155	
28.75	29	1	2	6	3	16	2480	16	2480	0.00385006	0.00109523	0.00301489	0.00748831	155	0	155	155	
28.75	29	1	3	3	3	12	1860	13	2015	0.00382352	0.000773199	0.00313514	0.00571901	155	0	155	155	
28.75	29	1	4	4	3	9	1395	10	1550	0.00354059	0.000284607	0.00318487	0.00395648	155	0	155	155	
28.75	29	1	5	1	3	9	1395	9	1395	0.0034085	0.000271524	0.00300638	0.00389008	155	0	155	155	
29	29.25	1	1	2	4	11	1705	11	1705	0.00356284	0.000439209	0.00301768	0.00437746	155	0	155	155	
29	29.25	1	2	6	3	15	2325	14	2170	0.00349264	0.000364097	0.00301175	0.00438816	155	0	155	155	
29	29.25	1	3	3	3	12	1860	12	1860	0.00375096	0.000442206	0.00311489	0.00457782	155	0	155	155	
29	29.25	1	4	4	3	13	2015	12	1860	0.00358009	0.000504998	0.00301023	0.00447249	155	0	155	155	
29	29.25	1	5	1	3	11	1705	11	1705	0.0034252	0.000304015	0.00301445	0.00385363	155	0	155	155	
29.25	29.5	1	1	2	4	13	2015	13	2015	0.00363906	0.000364294	0.00302647	0.00417603	155	0	155	155	
29.25	29.5	1	2	6	3	12	1860	13	2015	0.00369865	0.000691285	0.00308092	0.00546364	155	0	155	155	
29.25	29.5	1	3	3	3	10	1550	10	1550	0.00363947	0.000301683	0.0030589	0.00399665	155	0	155	155	
29.25	29.5	1	4	4	3	10	1550	11	1705	0.0035432	0.000568715	0.00301906	0.00505361	155	0	155	155	
29.25	29.5	1	5	1	3	12	1860	12	1860	0.0040836	0.000951482	0.00348277	0.00682105	155	0	155	155	
29.5	29.75	1	1	2	4	10	1550	10	1550	0.00352133	0.000369904	0.00321073	0.00436122	155	0	155	155	
29.5	29.75	1	2	6	3	11	1705	10	1550	0.00351463	0.000243187	0.00316092	0.00387167	155	0	155	155	
29.5	29.75	1	3	3	3	14	2170	14	2170	0.00336177	0.000203921	0.00301809	0.00367602	155	0	155	155	
29.5	29.75	1	4	4	3	13	2015	13	2015	0.00364737	0.000271684	0.00310356	0.00399833	155	0	155	155	
29.5	29.75	1	5	1	3	10	1550	10	1550	0.00364137	0.000304264	0.00312386	0.00397311	155	0	155	155	
29.75	30	1	1	2	4	10	1550	10	1550	0.0037388	0.000262527	0.00333288	0.00432078	155	0	155	155	
29.75	30	1	2	6	3	12	1860	13	2015	0.0036344	0.000619541	0.00300083	0.0051742	155	0	155	155	
29.75	30	1	3	3	3	10	1550	10	1550	0.00351145	0.000256263	0.00308775	0.00393202	155	0	155	155	
29.75	30	1	4	4	3	7	1085	7	1085	0.00365526	0.000662203	0.0031149	0.00497271	155	0	155	155	
29.75	30	1	5	1	3	15	2325	15	2325	0.00389767	0.000666347	0.00301466	0.00598983	155	0	155	155	
30	30.25	1	1	2	4	11	1705	11	1705	0.00366512	0.000517291	0.0031492	0.00491216	155	0	155	155	
30	30.25	1	2	6	3	9	1395	8	1240	0.00347867	0.000225114	0.00316616	0.00375414	155	0	155	155	
30	30.25	1	3	3	3	6	930	6	930	0.00327934	0.000176105	0.00308721	0.00355799	155	0	155	155	
30	30.25	1	4	4	3	9	1395	9	1395	0.00349404	0.000345771	0.00303147	0.00399026	155	0	155	155	
30	30.25	1	5	1	3	12	1860	12	1860	0.00372215	0.000628031	0.00312714	0.00542202	155	0	155	155	
30.25	30.5	1	1	2	4	9	1395	9	1395	0.00362938	0.000310814	0.00308895	0.0039491	155	0	155	155	
30.25	30.5	1	2	6	3	11	1705	12	1860	0.00358433	0.00037046	0.00301311	0.00422298	155	0	155	155	
30.25	30.5	1	3	3	3	11	1705	11	1705	0.00360172	0.000509488	0.00302598	0.00491121	155	0	155	155	
30.25	30.5	1	4	4	3	12	1860	12	1860	0.00354821	0.00045924	0.00306328	0.00472445	155	0	155	155	
30.25	30.5	1	5	1	3	10	1550	9	1395	0.00356218	0.000356912	0.00319136	0.00430648	155	0	155	155	
30.5	30.75	1	1	2	4	13	2015	13	2015	0.00371096	0.000402798	0.00318063	0.00455678	155	0	155	155	
30.5	30.75	1	2	6	3	14	2170	14	2170	0.00368174	0.000694915	0.00304201	0.00556848	155	0	155	155	
30.5	30.75	1	3	3	3	13	2015	12	1860	0.00355712	0.000410832	0.00304297	0.00431848	155	0	155	155	
30.5	30.75	1	4	4	3	10	1550	9	1395	0.00343152	0.000549903	0.00304479	0.0047785	155	0	155	155	
30.5	30.75	1	5	1	3	12	1860	13	2015	0.00329118	0.000185761	0.00303838	0.00367192	155	0	155	155	
30.75	31	1	1	2	4	14	2170	13	2015	0.00346289	0.000352797	0.00300093	0.00399396	155	0	155	155	
30.75	31	1	2	6	3	11	1705	11	1705	0.0034832	0.00029052	0.00306624	0.00386729	155	0	155	155	
30.75	31	1	3	3	3	12	1860	13	2015	0.00364431	0.000456615	0.00314889	0.00474999	155	0	155	155	
30.75	31	1	4	4	3	10	1550	10	1550	0.00343501	0.000285431	0.00300851	0.00384285	155	0	155	155	
30.75	31	1	5	1	3	11	1705	11	1705	0.00385675	0.000886183	0.00303275	0.0059962	155	0	155	155	
31	31.25	1	1	2	4	16	2480	16	2480	0.00380671	0.000497799	0.0031705	0.00474768	155	0	155	155	
31	31.25	1	2	6	3	13	2015	13	2015	0.00382366	0.00058793	0.00309342	0.00504622	155	0	155	155	
31	31.25	1	3	3	3	14	2170	13	2015	0.00351985	0.000506922	0.00300932	0.00450104	155	0	155	155	
31	31.25	1	4	4	3	10	1550	11	1705	0.00351955	0.000287375	0.00308675	0.00397122	155	0	155	155	
31	31.25	1	5	1	3	9	1395	9	1395	0.00352174	0.00036993	0.00304014	0.00397629	155	0	155	155	
31.25	31.5	1	1	2	4	9	1395	10	1550	0.00357901	0.00034273	0.00311405	0.004259	155	0	155	155	
31.25	31.5	1	2	6	3	11	1705	10	1550	0.00335808	0.000308405	0.0030103	0.00392301	155	0	155	155	
31.25	31.5	1	3	3	3	11	1705	12	1860	0.0037263	0.000568565	0.00300501	0.00516135	155	0	155	155	
31.25	31.5	1	4	4	3	11	1705	11	1705	0.00365237	0.000235063	0.00327084	0.0040279	155	0	155	155	
31.25	31.5	1	5	1	3	12	1860	12	1860	0.00375402	0.000323588	0.0030923	0.0044867	155	0	155	155	
31.5	31.75	1	1	2	4	18	2790	17	2635	0.0035316	0.000565575	0.00302367	0.00509718	155	0	155	155	
31.5	31.75	1	2	6	3	14	2170	15	2325	0.00361602	0.00031495	0.00314605	0.00422704	155	0	155	155	
31.5	31.75	1	3	3	3	9	1395	9	1395	0.00363217	0.000359628	0.00304692	0.00441689	155	0	155	155	
31.5	31.75	1	4	4	3	11	1705	10	1550	0.00370668	0.000450322	0.00321036	0.00466566	155	0	155	155	
31.5	31.75	1	5	1	3	12	1860	12	1860	0.00350381	0.000183098	0.00318049	0.00382383	155	0	155	155	
31.75	32	1	1	2	4	15	2325	16	2480	0.00364741	0.000600756	0.00302237	0.00514476	155	0	155	155	
31.75	32	1	2	6	3	11	1705	11	1705	0.00366849	0.000446164	0.00303498	0.00460656	155	0	155	155	
31.75	32	1	3	3	3	16	2480	16	2480	0.00349843	0.000339608	0.00300615	0.0039416	155	0	155	155	
31.75	32	1	4	4	3	14	2170	15	2325	0.00356023	0.000425855	0.00301807	0.00442103	155	0	155	155	
31.75	32	1	5	1	3	9	1395	9	1395	0.00347647	0.000466374	0.00309888	0.00458239	155	0	155	155	
32	32.25	1	1	2	4	12	1860	12	1860	0.00360882	0.000365382	0.00301819	0.00430761	155	0	155	155	
32	32.25	1	2	6	3	15	2325	14	2170	0.0035168	0.000464287	0.00305314	0.00433657	155	0	155	155	
32	32.25	1	3	3	3	9	1395	9	1395	0.00350154	0.000295988	0.00306008	0.00388769	155	0	155	155	
32	32.25	1	4	4	3	12	1860	12	1860	0.00359559	0.00032125	0.00301708	0.00399896	155	0	155	155	
32	32.25	1	5	1	3	13	2015	13	2015	0.00381671	0.000596527	0.00301259	0.0051702	155	0	155	155	
32.25	32.5	1	1	2	4	10	1550	10	1550	0.00357918	0.000227138	0.00311285	0.00383068	155	0	155	155	
32.25	32.5	1	2	6	3	13	2015	13	2015	0.003626	0.000416492	0.00308715	0.00453604	155	0	155	155	
32.25	32.5	1	3	3	3	10	1550	10	1550	0.00349433	0.000335823	0.00302033	0.00394565	155	0	155	155	
32.25	32.5	1	4	4	3	13	2015	13	2015	0.00380919	0.000572132	0.00308335	0.00493828	155	0	155	155	
32.25	32.5	1	5	1	3	8	1240	8	1240	0.00340514	0.000279371	0.00303837	0.00390561	155	0	155	155	
32.5	32.75	1	1	2	4	15	2325	14	2170	0.00363864	0.000499643	0.00319512	0.0047487	155	0	155	155	
32.5	32.75	1	2	6	3	10	1550	11	1705	0.00347564	0.000479568	0.00304936	0.00468694	155	0	155	155	
32.5	32.75	1	3	3	3	11	1705	11	1705	0.00348275	0.00038967	0.00302868	0.00404055	155	0	155	155	
32.5	32.75	1	4	4	3	8	1240	8	1240	0.00348229	0.000271105	0.00306062	0.00394065	155	0	155	155	
32.5	32.75	1	5	1	3	12	1860	12	1860	0.00345958	0.000316673	0.00303085	0.00391851	155	0	155	155	
32.75	33	1	1	2	4	12	1860	12	1860	0.00350937	0.000558668	0.00310148	0.00520122	155	0	155	155	
32.75	33	1	2	6	3	11	1705	11	1705	0.00366544	0.000624554	0.00302737	0.0048706	155	0	155	155	
32.75	33	1	3	3	3	6	930	6	930	0.00321658	0.000315542	0.00300763	0.00381475	155	0	155	155	
32.75	33	1	4	4	3	11	1705	11	1705	0.0036437	0.000488297	0.00313331	0.00485354	155	0	155	155	
32.75	33	1	5	1	3	9	1395	9	1395	0.00338071	0.000206202	0.00301967	0.00369309	155	0	155	155	
33	33.25	1	1	2	4	10	1550	10	1550	0.00349303	0.000254262	0.0031118	0.00394297	155	0	155	155	
33	33.25	1	2	6	3	12	1860	12	1860	0.00378984	0.000818453	0.00317462	0.00631987	155	0	155	155	
33	33.25	1	3	3	3	11	1705	10	1550	0.00359871	0.000321248	0.0030827	0.00398568	155	0	155	155	
33	33.25	1	4	4	3	12	1860	12	1860	0.00365561	0.000537647	0.00310398	0.00481301	155	0	155	155	
33	33.25	1	5	1	3	10	1550	10	1550	0.00348068	0.000271752	0.00303106	0.00388306	155	0	155	155	
33.25	33.5	1	1	2	4	12	1860	13	2015	0.00354473	0.000393231	0.00300223	0.00457242	155	0	155	155	
33.25	33.5	1	2	6	3	15	2325	15	2325	0.00345788	0.000267394	0.00304351	0.00393432	155	0	155	155	
33.25	33.5	1	3	3	3	11	1705	12	1860	0.00354646	0.000249793	0.00307146	0.00384572	155	0	155	155	
33.25	33.5	1	4	4	3	16	2480	16	2480	0.00362559	0.000469709	0.00300708	0.00494023	155	0	155	155	
33.25	33.5	1	5	1	3	9	1395	8	1240	0.00368877	0.000489601	0.0033517	0.00481743	155	0	155	155	
33.5	33.75	1	1	2	4	12	1860	12	1860	0.00364996	0.000495988	0.00302004	0.00463075	155	0	155	155	
33.5	33.75	1	2	6	3	11	1705	11	1705	0.0038187	0.000664427	0.00325622	0.00543412	155	0	155	155	
33.5	33.75	1	3	3	3	10	1550	10	1550	0.00350937	0.000281053	0.00302885	0.00399489	155	0	155	155	
33.5	33.75	1	4	4	3	12	1860	12	1860	0.00350903	0.000273919	0.0030536	0.00395238	155	0	155	155	
33.5	33.75	1	5	1	3	9	1395	10	1550	0.0037635	0.000711716	0.00308832	0.00516879	155	0	155	155	
