% time	cellId	IMSI	RNTI	sinrLinear	componentCarrierId
0.041	1	3	1	189.819	0
0.042	1	4	2	2589.04	0
0.043	1	1	3	4872.49	0
0.044	1	5	4	13063.8	0
0.045	1	2	5	725.977	0
0.081	1	3	1	302.651	0
0.082	1	4	2	3489.38	0
0.083	1	1	3	2331.2	0
0.084	1	5	4	5175.98	0
0.085	1	2	5	691.591	0
0.121	1	3	1	212.112	0
0.122	1	4	2	1897.12	0
0.123	1	1	3	843.625	0
0.124	1	5	4	6169.82	0
0.125	1	2	5	968.897	0
0.161	1	3	1	156.169	0
0.162	1	4	2	1076.53	0
0.163	1	1	3	1166.88	0
0.164	1	5	4	8758.61	0
0.165	1	2	5	796.855	0
0.201	1	3	1	484.639	0
0.202	1	4	2	1444.46	0
0.203	1	1	3	2413.47	0
0.204	1	5	4	5259.07	0
0.205	1	2	5	465.587	0
0.241	1	3	1	282.388	0
0.242	1	4	2	622.627	0
0.243	1	1	3	10732.8	0
0.244	1	5	4	8581.16	0
0.245	1	2	5	623.294	0
0.281	1	3	1	384.864	0
0.282	1	4	2	1973.68	0
0.283	1	1	3	14258	0
0.284	1	5	4	6457.87	0
0.285	1	2	5	1129.55	0
0.321	1	3	1	1155.98	0
0.322	1	4	2	1812.8	0
0.323	1	1	3	10465.1	0
0.324	1	5	4	7963.29	0
0.325	1	2	5	746.6	0
0.361	1	3	1	1265.17	0
0.362	1	4	2	694.178	0
0.363	1	1	3	12122.9	0
0.364	1	5	4	13024.3	0
0.365	1	2	5	338.341	0
0.401	1	3	1	1449.62	0
0.402	1	4	2	1294.34	0
0.403	1	1	3	12789.8	0
0.404	1	5	4	7712.05	0
0.405	1	2	5	747.158	0
0.441	1	3	1	886.417	0
0.442	1	4	2	694.329	0
0.443	1	1	3	1390.77	0
0.444	1	5	4	5855.54	0
0.445	1	2	5	529.42	0
0.481	1	3	1	255.038	0
0.482	1	4	2	480.911	0
0.483	1	1	3	3028.48	0
0.484	1	5	4	1834.23	0
0.485	1	2	5	569.013	0
0.521	1	3	1	237.589	0
0.522	1	4	2	492.143	0
0.523	1	1	3	17570.5	0
0.524	1	5	4	12628.5	0
0.525	1	2	5	366.314	0
0.561	1	3	1	220.434	0
0.562	1	4	2	1529.8	0
0.563	1	1	3	12331.4	0
0.564	1	5	4	4383.83	0
0.565	1	2	5	274.044	0
0.601	1	3	1	80.7642	0
0.602	1	4	2	992.552	0
0.603	1	1	3	4336.01	0
0.604	1	5	4	7678.81	0
0.605	1	2	5	334.96	0
0.641	1	3	1	95.098	0
0.642	1	4	2	364.389	0
0.643	1	1	3	6597.96	0
0.644	1	5	4	5124.41	0
0.645	1	2	5	439.951	0
0.681	1	3	1	86.8595	0
0.682	1	4	2	1116.85	0
0.683	1	1	3	6339.93	0
0.684	1	5	4	2751.38	0
0.685	1	2	5	464.6	0
0.721	1	3	1	1005.34	0
0.722	1	4	2	1737.11	0
0.723	1	1	3	5463.69	0
0.724	1	5	4	3263.35	0
0.725	1	2	5	400.252	0
0.761	1	3	1	483.599	0
0.762	1	4	2	1135.27	0
0.763	1	1	3	38951.9	0
0.764	1	5	4	2604.02	0
0.765	1	2	5	311.774	0
0.801	1	3	1	115.384	0
0.802	1	4	2	958.199	0
0.803	1	1	3	53095.9	0
0.804	1	5	4	5525.55	0
0.805	1	2	5	642.579	0
0.841	1	3	1	1098.02	0
0.842	1	4	2	958.52	0
0.843	1	1	3	5808.4	0
0.844	1	5	4	5805.78	0
0.845	1	2	5	622.39	0
0.881	1	3	1	787.227	0
0.882	1	4	2	458.801	0
0.883	1	1	3	7564.11	0
0.884	1	5	4	12569.4	0
0.885	1	2	5	300.484	0
0.921	1	3	1	241.439	0
0.922	1	4	2	1068.15	0
0.923	1	1	3	8012.89	0
0.924	1	5	4	12455.8	0
0.925	1	2	5	330.183	0
0.961	1	3	1	861.785	0
0.962	1	4	2	1098.84	0
0.963	1	1	3	2334.01	0
0.964	1	5	4	5560.48	0
0.965	1	2	5	204.795	0
1.001	1	3	1	323.741	0
1.002	1	4	2	539.183	0
1.003	1	1	3	2326.15	0
1.004	1	5	4	8001.78	0
1.005	1	2	5	1042.52	0
1.041	1	3	1	200.618	0
1.042	1	4	2	642.237	0
1.043	1	1	3	3266.38	0
1.044	1	5	4	6772.25	0
1.045	1	2	5	916.531	0
1.081	1	3	1	632.612	0
1.082	1	4	2	1107.37	0
1.083	1	1	3	4302.83	0
1.084	1	5	4	6290.95	0
1.085	1	2	5	266.839	0
1.121	1	3	1	419.653	0
1.122	1	4	2	1446.01	0
1.123	1	1	3	13824.2	0
1.124	1	5	4	2038.3	0
1.125	1	2	5	557.658	0
1.161	1	3	1	1041.93	0
1.162	1	4	2	1797.28	0
1.163	1	1	3	1783.25	0
1.164	1	5	4	12297.6	0
1.165	1	2	5	786.58	0
1.201	1	3	1	557.577	0
1.202	1	4	2	2385.82	0
1.203	1	1	3	2237.28	0
1.204	1	5	4	13598.5	0
1.205	1	2	5	801.602	0
1.241	1	3	1	1751.51	0
1.242	1	4	2	1302.25	0
1.243	1	1	3	12669.3	0
1.244	1	5	4	8771.4	0
1.245	1	2	5	930.449	0
1.281	1	3	1	1491.15	0
1.282	1	4	2	352.29	0
1.283	1	1	3	7317.62	0
1.284	1	5	4	12654.3	0
1.285	1	2	5	698.556	0
1.321	1	3	1	367.852	0
1.322	1	4	2	1374.56	0
1.323	1	1	3	5102.86	0
1.324	1	5	4	9019.11	0
1.325	1	2	5	719.367	0
1.361	1	3	1	385.906	0
1.362	1	4	2	1235.07	0
1.363	1	1	3	4260.96	0
1.364	1	5	4	6072.39	0
1.365	1	2	5	976.938	0
1.401	1	3	1	121.86	0
1.402	1	4	2	378.472	0
1.403	1	1	3	3981.62	0
1.404	1	5	4	3907	0
1.405	1	2	5	758.794	0
1.441	1	3	1	263.539	0
1.442	1	4	2	879.656	0
1.443	1	1	3	8877.07	0
1.444	1	5	4	2716.79	0
1.445	1	2	5	451.165	0
1.481	1	3	1	766.387	0
1.482	1	4	2	1713.41	0
1.483	1	1	3	4255.91	0
1.484	1	5	4	5864.81	0
1.485	1	2	5	675.675	0
1.521	1	3	1	356.441	0
1.522	1	4	2	2331.34	0
1.523	1	1	3	16466	0
1.524	1	5	4	4560.16	0
1.525	1	2	5	399.088	0
1.561	1	3	1	682.851	0
1.562	1	4	2	1179.1	0
1.563	1	1	3	5996.69	0
1.564	1	5	4	9033.22	0
1.565	1	2	5	773.687	0
1.601	1	3	1	761.217	0
1.602	1	4	2	887.212	0
1.603	1	1	3	11047.1	0
1.604	1	5	4	10340.8	0
1.605	1	2	5	770.523	0
1.641	1	3	1	298.462	0
1.642	1	4	2	1221.86	0
1.643	1	1	3	4510.29	0
1.644	1	5	4	8065.04	0
1.645	1	2	5	916.122	0
1.681	1	3	1	258.63	0
1.682	1	4	2	461.699	0
1.683	1	1	3	940.483	0
1.684	1	5	4	12170.6	0
1.685	1	2	5	794.262	0
1.721	1	3	1	98.4005	0
1.722	1	4	2	563.398	0
1.723	1	1	3	4880.97	0
1.724	1	5	4	4770.17	0
1.725	1	2	5	646.639	0
1.761	1	3	1	337.732	0
1.762	1	4	2	387.493	0
1.763	1	1	3	4577.19	0
1.764	1	5	4	14479.7	0
1.765	1	2	5	930.446	0
1.801	1	3	1	309.232	0
1.802	1	4	2	688.345	0
1.803	1	1	3	2865.4	0
1.804	1	5	4	13072.9	0
1.805	1	2	5	875.065	0
1.841	1	3	1	558.017	0
1.842	1	4	2	901.29	0
1.843	1	1	3	4816.03	0
1.844	1	5	4	3202.26	0
1.845	1	2	5	516.751	0
1.881	1	3	1	3497.05	0
1.882	1	4	2	1378.62	0
1.883	1	1	3	2977.02	0
1.884	1	5	4	13034.6	0
1.885	1	2	5	526.138	0
1.921	1	3	1	542.204	0
1.922	1	4	2	2392.7	0
1.923	1	1	3	3820.55	0
1.924	1	5	4	7028.33	0
1.925	1	2	5	1055.59	0
1.961	1	3	1	1508.54	0
1.962	1	4	2	1201.92	0
1.963	1	1	3	9740.5	0
1.964	1	5	4	7051.77	0
1.965	1	2	5	914.501	0
2.001	1	3	1	968.769	0
2.002	1	4	2	602.802	0
2.003	1	1	3	794.04	0
2.004	1	5	4	11501.8	0
2.005	1	2	5	225.417	0
2.041	1	3	1	190.165	0
2.042	1	4	2	556.566	0
2.043	1	1	3	4368.49	0
2.044	1	5	4	9740.55	0
2.045	1	2	5	235.411	0
2.081	1	3	1	534.131	0
2.082	1	4	2	707.375	0
2.083	1	1	3	6021.35	0
2.084	1	5	4	5672.51	0
2.085	1	2	5	390.651	0
2.121	1	3	1	335.441	0
2.122	1	4	2	726.187	0
2.123	1	1	3	6346.55	0
2.124	1	5	4	7156.88	0
2.125	1	2	5	453.34	0
2.161	1	3	1	530.649	0
2.162	1	4	2	595.979	0
2.163	1	1	3	8232.1	0
2.164	1	5	4	13353.4	0
2.165	1	2	5	267.883	0
2.201	1	3	1	1067.35	0
2.202	1	4	2	551.86	0
2.203	1	1	3	9386.16	0
2.204	1	5	4	9381.48	0
2.205	1	2	5	569.846	0
2.241	1	3	1	526.999	0
2.242	1	4	2	805.015	0
2.243	1	1	3	16025.9	0
2.244	1	5	4	3945.76	0
2.245	1	2	5	987.042	0
2.281	1	3	1	1124.97	0
2.282	1	4	2	877.998	0
2.283	1	1	3	5652.88	0
2.284	1	5	4	8784.49	0
2.285	1	2	5	1081.43	0
2.321	1	3	1	963.222	0
2.322	1	4	2	869.405	0
2.323	1	1	3	3251.02	0
2.324	1	5	4	6548.48	0
2.325	1	2	5	850.708	0
2.361	1	3	1	132.791	0
2.362	1	4	2	586.542	0
2.363	1	1	3	3784.65	0
2.364	1	5	4	6572.88	0
2.365	1	2	5	353.95	0
2.401	1	3	1	80.4991	0
2.402	1	4	2	960.265	0
2.403	1	1	3	5242.8	0
2.404	1	5	4	8486.89	0
2.405	1	2	5	301.1	0
2.441	1	3	1	105.342	0
2.442	1	4	2	1386.52	0
2.443	1	1	3	2719.79	0
2.444	1	5	4	5600.18	0
2.445	1	2	5	478.474	0
2.481	1	3	1	295.755	0
2.482	1	4	2	739.281	0
2.483	1	1	3	1052.81	0
2.484	1	5	4	11688.5	0
2.485	1	2	5	246.763	0
2.521	1	3	1	187.758	0
2.522	1	4	2	1771.73	0
2.523	1	1	3	1970.27	0
2.524	1	5	4	5049.24	0
2.525	1	2	5	691.977	0
2.561	1	3	1	177.177	0
2.562	1	4	2	1882.02	0
2.563	1	1	3	3517.74	0
2.564	1	5	4	4708.68	0
2.565	1	2	5	727.153	0
2.601	1	3	1	108.819	0
2.602	1	4	2	1070.41	0
2.603	1	1	3	3907.97	0
2.604	1	5	4	2535.23	0
2.605	1	2	5	977.672	0
2.641	1	3	1	368.844	0
2.642	1	4	2	875.488	0
2.643	1	1	3	11052.6	0
2.644	1	5	4	5315.61	0
2.645	1	2	5	749.294	0
2.681	1	3	1	970.942	0
2.682	1	4	2	366.707	0
2.683	1	1	3	14111.6	0
2.684	1	5	4	2982.47	0
2.685	1	2	5	448.374	0
2.721	1	3	1	393.565	0
2.722	1	4	2	795.158	0
2.723	1	1	3	18797.3	0
2.724	1	5	4	3447.54	0
2.725	1	2	5	689.5	0
2.761	1	3	1	436.047	0
2.762	1	4	2	747.723	0
2.763	1	1	3	3775.95	0
2.764	1	5	4	7158.94	0
2.765	1	2	5	1146.04	0
2.801	1	3	1	438.998	0
2.802	1	4	2	677.413	0
2.803	1	1	3	5326.58	0
2.804	1	5	4	3914.97	0
2.805	1	2	5	649.567	0
2.841	1	3	1	546.682	0
2.842	1	4	2	1286.08	0
2.843	1	1	3	1628.3	0
2.844	1	5	4	5535.18	0
2.845	1	2	5	371.405	0
2.881	1	3	1	2541.97	0
2.882	1	4	2	923.477	0
2.883	1	1	3	2093.68	0
2.884	1	5	4	7132.22	0
2.885	1	2	5	765.199	0
2.921	1	3	1	1663.75	0
2.922	1	4	2	1955.72	0
2.923	1	1	3	12325.2	0
2.924	1	5	4	8457.51	0
2.925	1	2	5	488.553	0
2.961	1	3	1	414.174	0
2.962	1	4	2	1509.45	0
2.963	1	1	3	2786.85	0
2.964	1	5	4	6389.77	0
2.965	1	2	5	616.764	0
3.001	1	3	1	1273.59	0
3.002	1	4	2	2116.39	0
3.003	1	1	3	2124.63	0
3.004	1	5	4	8517.57	0
3.005	1	2	5	712.188	0
3.041	1	3	1	449.903	0
3.042	1	4	2	1616.4	0
3.043	1	1	3	5568.1	0
3.044	1	5	4	6902.6	0
3.045	1	2	5	975.3	0
3.081	1	3	1	976.553	0
3.082	1	4	2	493.148	0
3.083	1	1	3	5593.64	0
3.084	1	5	4	6253.04	0
3.085	1	2	5	768.508	0
3.121	1	3	1	2715.79	0
3.122	1	4	2	1166.95	0
3.123	1	1	3	3745.19	0
3.124	1	5	4	8670.5	0
3.125	1	2	5	454.245	0
3.161	1	3	1	1228.26	0
3.162	1	4	2	1512.52	0
3.163	1	1	3	2967.07	0
3.164	1	5	4	5535.45	0
3.165	1	2	5	662.083	0
3.201	1	3	1	914.646	0
3.202	1	4	2	1577.98	0
3.203	1	1	3	2319.24	0
3.204	1	5	4	11196	0
3.205	1	2	5	1141.97	0
3.241	1	3	1	1057.4	0
3.242	1	4	2	1783.48	0
3.243	1	1	3	4329.79	0
3.244	1	5	4	11326.7	0
3.245	1	2	5	687.996	0
3.281	1	3	1	691.005	0
3.282	1	4	2	1302.55	0
3.283	1	1	3	4054.57	0
3.284	1	5	4	6340.52	0
3.285	1	2	5	356.15	0
3.321	1	3	1	105.162	0
3.322	1	4	2	1449.46	0
3.323	1	1	3	5302.84	0
3.324	1	5	4	4675.04	0
3.325	1	2	5	759.949	0
3.361	1	3	1	265.298	0
3.362	1	4	2	1889.69	0
3.363	1	1	3	17302.7	0
3.364	1	5	4	1198.42	0
3.365	1	2	5	503.784	0
3.401	1	3	1	724.493	0
3.402	1	4	2	1389.94	0
3.403	1	1	3	8363.37	0
3.404	1	5	4	8435.89	0
3.405	1	2	5	597.711	0
3.441	1	3	1	313.958	0
3.442	1	4	2	854.512	0
3.443	1	1	3	1830.2	0
3.444	1	5	4	6821.86	0
3.445	1	2	5	675.173	0
3.481	1	3	1	349.615	0
3.482	1	4	2	1413.89	0
3.483	1	1	3	888.892	0
3.484	1	5	4	4938.35	0
3.485	1	2	5	493.121	0
3.521	1	3	1	704.87	0
3.522	1	4	2	1150.05	0
3.523	1	1	3	4940.5	0
3.524	1	5	4	8331.38	0
3.525	1	2	5	386.779	0
3.561	1	3	1	838.317	0
3.562	1	4	2	1354.35	0
3.563	1	1	3	2920.22	0
3.564	1	5	4	5408.8	0
3.565	1	2	5	551.04	0
3.601	1	3	1	681.56	0
3.602	1	4	2	1074.06	0
3.603	1	1	3	7928.62	0
3.604	1	5	4	4467.27	0
3.605	1	2	5	264.808	0
3.641	1	3	1	933.253	0
3.642	1	4	2	821.328	0
3.643	1	1	3	3500.34	0
3.644	1	5	4	2534.99	0
3.645	1	2	5	691.77	0
3.681	1	3	1	452.614	0
3.682	1	4	2	2156.33	0
3.683	1	1	3	2141.56	0
3.684	1	5	4	1461.5	0
3.685	1	2	5	1089.98	0
3.721	1	3	1	658.721	0
3.722	1	4	2	1519.9	0
3.723	1	1	3	5729.88	0
3.724	1	5	4	977.907	0
3.725	1	2	5	699.465	0
3.761	1	3	1	328.688	0
3.762	1	4	2	753.625	0
3.763	1	1	3	1560.11	0
3.764	1	5	4	4581.78	0
3.765	1	2	5	880.915	0
3.801	1	3	1	323.753	0
3.802	1	4	2	1057.13	0
3.803	1	1	3	5589.04	0
3.804	1	5	4	8871.53	0
3.805	1	2	5	1440.6	0
3.841	1	3	1	910.202	0
3.842	1	4	2	507.371	0
3.843	1	1	3	4717.69	0
3.844	1	5	4	4272.94	0
3.845	1	2	5	890.804	0
3.881	1	3	1	1718.72	0
3.882	1	4	2	1371.74	0
3.883	1	1	3	2154.59	0
3.884	1	5	4	10199.7	0
3.885	1	2	5	413.946	0
3.921	1	3	1	678.208	0
3.922	1	4	2	2097.66	0
3.923	1	1	3	10748.3	0
3.924	1	5	4	9415.54	0
3.925	1	2	5	1070.74	0
3.961	1	3	1	742.834	0
3.962	1	4	2	1335.75	0
3.963	1	1	3	5887.42	0
3.964	1	5	4	8946.06	0
3.965	1	2	5	877.487	0
4.001	1	3	1	103.771	0
4.002	1	4	2	729.874	0
4.003	1	1	3	2186.12	0
4.004	1	5	4	7291.32	0
4.005	1	2	5	418.319	0
4.041	1	3	1	176.373	0
4.042	1	4	2	1448.96	0
4.043	1	1	3	4134.46	0
4.044	1	5	4	15002.2	0
4.045	1	2	5	1271.92	0
4.081	1	3	1	849.008	0
4.082	1	4	2	2182.3	0
4.083	1	1	3	11460.2	0
4.084	1	5	4	32833.5	0
4.085	1	2	5	886.882	0
4.121	1	3	1	258.232	0
4.122	1	4	2	896.89	0
4.123	1	1	3	16286.9	0
4.124	1	5	4	12325.8	0
4.125	1	2	5	853.213	0
4.161	1	3	1	344.179	0
4.162	1	4	2	979.779	0
4.163	1	1	3	32589.3	0
4.164	1	5	4	3768.22	0
4.165	1	2	5	1027.02	0
4.201	1	3	1	3412.09	0
4.202	1	4	2	786.831	0
4.203	1	1	3	16371.5	0
4.204	1	5	4	10685.9	0
4.205	1	2	5	591.605	0
4.241	1	3	1	248.09	0
4.242	1	4	2	697.146	0
4.243	1	1	3	6963.14	0
4.244	1	5	4	2543.04	0
4.245	1	2	5	478.166	0
4.281	1	3	1	109.8	0
4.282	1	4	2	1955.71	0
4.283	1	1	3	2976.88	0
4.284	1	5	4	4331.55	0
4.285	1	2	5	212.494	0
4.321	1	3	1	215.667	0
4.322	1	4	2	1773.4	0
4.323	1	1	3	2605.75	0
4.324	1	5	4	6415.71	0
4.325	1	2	5	360.102	0
4.361	1	3	1	72.0692	0
4.362	1	4	2	1275.14	0
4.363	1	1	3	2269.93	0
4.364	1	5	4	7803.71	0
4.365	1	2	5	430.897	0
4.401	1	3	1	74.3418	0
4.402	1	4	2	2374.75	0
4.403	1	1	3	2022.63	0
4.404	1	5	4	8932.76	0
4.405	1	2	5	304.475	0
4.441	1	3	1	165.343	0
4.442	1	4	2	2532.31	0
4.443	1	1	3	1188.27	0
4.444	1	5	4	4982.65	0
4.445	1	2	5	660.276	0
4.481	1	3	1	572.983	0
4.482	1	4	2	940.024	0
4.483	1	1	3	2100.63	0
4.484	1	5	4	5388	0
4.485	1	2	5	480.426	0
4.521	1	3	1	2681.11	0
4.522	1	4	2	1202.7	0
4.523	1	1	3	32447.1	0
4.524	1	5	4	4469.46	0
4.525	1	2	5	740.202	0
4.561	1	3	1	210.271	0
4.562	1	4	2	1054.72	0
4.563	1	1	3	22830.9	0
4.564	1	5	4	3981.03	0
4.565	1	2	5	304.074	0
4.601	1	3	1	94.9448	0
4.602	1	4	2	2083.26	0
4.603	1	1	3	8527.51	0
4.604	1	5	4	3632.84	0
4.605	1	2	5	886.172	0
4.641	1	3	1	2180.77	0
4.642	1	4	2	1457.72	0
4.643	1	1	3	41317.5	0
4.644	1	5	4	2785.82	0
4.645	1	2	5	563.58	0
4.681	1	3	1	772.363	0
4.682	1	4	2	978.507	0
4.683	1	1	3	5686.84	0
4.684	1	5	4	3904.91	0
4.685	1	2	5	1457.91	0
4.721	1	3	1	294.294	0
4.722	1	4	2	472.252	0
4.723	1	1	3	1751.38	0
4.724	1	5	4	6652.16	0
4.725	1	2	5	2716.04	0
4.761	1	3	1	949.206	0
4.762	1	4	2	454.337	0
4.763	1	1	3	5905.1	0
4.764	1	5	4	4648.98	0
4.765	1	2	5	821.845	0
4.801	1	3	1	876.031	0
4.802	1	4	2	1600.36	0
4.803	1	1	3	4009.68	0
4.804	1	5	4	4224.35	0
4.805	1	2	5	395.006	0
4.841	1	3	1	606.234	0
4.842	1	4	2	695.377	0
4.843	1	1	3	3833.79	0
4.844	1	5	4	4240.41	0
4.845	1	2	5	861.516	0
4.881	1	3	1	642.006	0
4.882	1	4	2	1282.74	0
4.883	1	1	3	3164.87	0
4.884	1	5	4	3864.02	0
4.885	1	2	5	171.787	0
4.921	1	3	1	975.223	0
4.922	1	4	2	1493.9	0
4.923	1	1	3	1898.78	0
4.924	1	5	4	14767.5	0
4.925	1	2	5	406.787	0
4.961	1	3	1	963.695	0
4.962	1	4	2	1545.62	0
4.963	1	1	3	3734	0
4.964	1	5	4	17751.4	0
4.965	1	2	5	532.018	0
5.001	1	3	1	438.154	0
5.002	1	4	2	1301.27	0
5.003	1	1	3	5338.01	0
5.004	1	5	4	11672.9	0
5.005	1	2	5	550.564	0
5.041	1	3	1	698.356	0
5.042	1	4	2	868.949	0
5.043	1	1	3	2757.56	0
5.044	1	5	4	5794.64	0
5.045	1	2	5	306.782	0
5.081	1	3	1	461.502	0
5.082	1	4	2	374.406	0
5.083	1	1	3	3097.56	0
5.084	1	5	4	20670	0
5.085	1	2	5	532.229	0
5.121	1	3	1	189.902	0
5.122	1	4	2	878.687	0
5.123	1	1	3	4556.96	0
5.124	1	5	4	16891.1	0
5.125	1	2	5	610.234	0
5.161	1	3	1	955.066	0
5.162	1	4	2	2882.25	0
5.163	1	1	3	5105.31	0
5.164	1	5	4	6065.21	0
5.165	1	2	5	724.513	0
5.201	1	3	1	676.697	0
5.202	1	4	2	963.1	0
5.203	1	1	3	40144.6	0
5.204	1	5	4	16135.8	0
5.205	1	2	5	422.679	0
5.241	1	3	1	893.346	0
5.242	1	4	2	580.947	0
5.243	1	1	3	79311.2	0
5.244	1	5	4	9669.88	0
5.245	1	2	5	629.116	0
5.281	1	3	1	230.098	0
5.282	1	4	2	2300.61	0
5.283	1	1	3	10117.3	0
5.284	1	5	4	5159.59	0
5.285	1	2	5	1166.97	0
5.321	1	3	1	169.269	0
5.322	1	4	2	1254.23	0
5.323	1	1	3	3318.88	0
5.324	1	5	4	3219.04	0
5.325	1	2	5	546.598	0
5.361	1	3	1	258.428	0
5.362	1	4	2	548.996	0
5.363	1	1	3	6446.68	0
5.364	1	5	4	3509.96	0
5.365	1	2	5	467.149	0
5.401	1	3	1	549.246	0
5.402	1	4	2	729.939	0
5.403	1	1	3	955.101	0
5.404	1	5	4	17285	0
5.405	1	2	5	463.286	0
5.441	1	3	1	616.297	0
5.442	1	4	2	378.71	0
5.443	1	1	3	5306.68	0
5.444	1	5	4	8444.49	0
5.445	1	2	5	301.217	0
5.481	1	3	1	378.092	0
5.482	1	4	2	261.204	0
5.483	1	1	3	7551.78	0
5.484	1	5	4	2124.06	0
5.485	1	2	5	934.712	0
5.521	1	3	1	729.932	0
5.522	1	4	2	1084.33	0
5.523	1	1	3	2714.89	0
5.524	1	5	4	14688	0
5.525	1	2	5	742.77	0
5.561	1	3	1	299.681	0
5.562	1	4	2	3593.19	0
5.563	1	1	3	2538.64	0
5.564	1	5	4	5653.39	0
5.565	1	2	5	978.478	0
5.601	1	3	1	965.3	0
5.602	1	4	2	2052.23	0
5.603	1	1	3	4973.28	0
5.604	1	5	4	7996.94	0
5.605	1	2	5	729.899	0
5.641	1	3	1	190.277	0
5.642	1	4	2	1104.57	0
5.643	1	1	3	4242.58	0
5.644	1	5	4	3293.23	0
5.645	1	2	5	443.99	0
5.681	1	3	1	409.669	0
5.682	1	4	2	836.2	0
5.683	1	1	3	5086.43	0
5.684	1	5	4	5270.34	0
5.685	1	2	5	717.887	0
5.721	1	3	1	787.007	0
5.722	1	4	2	1118.65	0
5.723	1	1	3	12144.8	0
5.724	1	5	4	15275.9	0
5.725	1	2	5	1146.88	0
5.761	1	3	1	125.004	0
5.762	1	4	2	2180.96	0
5.763	1	1	3	9643.68	0
5.764	1	5	4	10424.9	0
5.765	1	2	5	611.965	0
5.801	1	3	1	507.62	0
5.802	1	4	2	901.393	0
5.803	1	1	3	10503.8	0
5.804	1	5	4	10321.2	0
5.805	1	2	5	389.096	0
5.841	1	3	1	128.711	0
5.842	1	4	2	789.194	0
5.843	1	1	3	10943.4	0
5.844	1	5	4	12180.5	0
5.845	1	2	5	767.657	0
5.881	1	3	1	560.724	0
5.882	1	4	2	1908.18	0
5.883	1	1	3	6907.89	0
5.884	1	5	4	6981.77	0
5.885	1	2	5	475.02	0
5.921	1	3	1	1694.34	0
5.922	1	4	2	2095.39	0
5.923	1	1	3	9081.24	0
5.924	1	5	4	5671.91	0
5.925	1	2	5	635.395	0
5.961	1	3	1	416.759	0
5.962	1	4	2	1230.99	0
5.963	1	1	3	20882.2	0
5.964	1	5	4	2480.64	0
5.965	1	2	5	641.163	0
6.001	1	3	1	1050.05	0
6.002	1	4	2	1378.13	0
6.003	1	1	3	712.395	0
6.004	1	5	4	14473	0
6.005	1	2	5	442.256	0
6.041	1	3	1	81.1986	0
6.042	1	4	2	1438.16	0
6.043	1	1	3	1782.19	0
6.044	1	5	4	11693.7	0
6.045	1	2	5	691.742	0
6.081	1	3	1	296.195	0
6.082	1	4	2	1464.43	0
6.083	1	1	3	9595.2	0
6.084	1	5	4	9495.82	0
6.085	1	2	5	806.439	0
6.121	1	3	1	212.288	0
6.122	1	4	2	1720.07	0
6.123	1	1	3	6311.7	0
6.124	1	5	4	12650.1	0
6.125	1	2	5	1136.34	0
6.161	1	3	1	80.6782	0
6.162	1	4	2	705.641	0
6.163	1	1	3	6003.49	0
6.164	1	5	4	7681.61	0
6.165	1	2	5	1063.75	0
6.201	1	3	1	182.535	0
6.202	1	4	2	515.47	0
6.203	1	1	3	13699	0
6.204	1	5	4	5902.83	0
6.205	1	2	5	267.231	0
6.241	1	3	1	246.424	0
6.242	1	4	2	786.1	0
6.243	1	1	3	10052.8	0
6.244	1	5	4	2973.83	0
6.245	1	2	5	425.113	0
6.281	1	3	1	1493.22	0
6.282	1	4	2	693.586	0
6.283	1	1	3	19003.8	0
6.284	1	5	4	3651.68	0
6.285	1	2	5	808.589	0
6.321	1	3	1	384.247	0
6.322	1	4	2	633.386	0
6.323	1	1	3	6419.1	0
6.324	1	5	4	5563.73	0
6.325	1	2	5	350.667	0
6.361	1	3	1	342.024	0
6.362	1	4	2	558.825	0
6.363	1	1	3	5928.43	0
6.364	1	5	4	3309.71	0
6.365	1	2	5	246.286	0
6.401	1	3	1	1110.35	0
6.402	1	4	2	437.375	0
6.403	1	1	3	20698.4	0
6.404	1	5	4	7553.8	0
6.405	1	2	5	733.604	0
6.441	1	3	1	528.033	0
6.442	1	4	2	766.805	0
6.443	1	1	3	4167.67	0
6.444	1	5	4	6039.29	0
6.445	1	2	5	851.953	0
6.481	1	3	1	457.502	0
6.482	1	4	2	1063.65	0
6.483	1	1	3	12805.7	0
6.484	1	5	4	9688.84	0
6.485	1	2	5	499.067	0
6.521	1	3	1	372.187	0
6.522	1	4	2	1286.63	0
6.523	1	1	3	8593.69	0
6.524	1	5	4	4113.55	0
6.525	1	2	5	489.885	0
6.561	1	3	1	536.098	0
6.562	1	4	2	920.821	0
6.563	1	1	3	3963.36	0
6.564	1	5	4	8274.28	0
6.565	1	2	5	284.74	0
6.601	1	3	1	188.041	0
6.602	1	4	2	1927.16	0
6.603	1	1	3	1800.11	0
6.604	1	5	4	6629.43	0
6.605	1	2	5	523.885	0
6.641	1	3	1	117.054	0
6.642	1	4	2	1550.43	0
6.643	1	1	3	1107.94	0
6.644	1	5	4	3441.43	0
6.645	1	2	5	589.882	0
6.681	1	3	1	107.55	0
6.682	1	4	2	1250.45	0
6.683	1	1	3	1873.61	0
6.684	1	5	4	3924.85	0
6.685	1	2	5	609.993	0
6.721	1	3	1	147.715	0
6.722	1	4	2	3715.72	0
6.723	1	1	3	3170.9	0
6.724	1	5	4	2047.85	0
6.725	1	2	5	1116.74	0
6.761	1	3	1	73.4695	0
6.762	1	4	2	2053.06	0
6.763	1	1	3	3799.04	0
6.764	1	5	4	1558.99	0
6.765	1	2	5	496.998	0
6.801	1	3	1	115.351	0
6.802	1	4	2	1247.93	0
6.803	1	1	3	7936.08	0
6.804	1	5	4	7005.38	0
6.805	1	2	5	1229.29	0
6.841	1	3	1	774.208	0
6.842	1	4	2	2675.85	0
6.843	1	1	3	3818.66	0
6.844	1	5	4	17480.3	0
6.845	1	2	5	1852.17	0
6.881	1	3	1	554.215	0
6.882	1	4	2	1186.58	0
6.883	1	1	3	1603.22	0
6.884	1	5	4	14511.1	0
6.885	1	2	5	562.933	0
6.921	1	3	1	147.821	0
6.922	1	4	2	883.543	0
6.923	1	1	3	2237.69	0
6.924	1	5	4	8639.55	0
6.925	1	2	5	1083.27	0
6.961	1	3	1	174.163	0
6.962	1	4	2	307.241	0
6.963	1	1	3	2249.23	0
6.964	1	5	4	15984.3	0
6.965	1	2	5	1150.08	0
7.001	1	3	1	862.58	0
7.002	1	4	2	1609.58	0
7.003	1	1	3	3924.43	0
7.004	1	5	4	12386.7	0
7.005	1	2	5	2677.78	0
7.041	1	3	1	889.794	0
7.042	1	4	2	749.173	0
7.043	1	1	3	2388.87	0
7.044	1	5	4	5890.51	0
7.045	1	2	5	1495.13	0
7.081	1	3	1	350.048	0
7.082	1	4	2	501.654	0
7.083	1	1	3	15662.6	0
7.084	1	5	4	11176.9	0
7.085	1	2	5	210.565	0
7.121	1	3	1	807.406	0
7.122	1	4	2	567.154	0
7.123	1	1	3	12132	0
7.124	1	5	4	16155.5	0
7.125	1	2	5	897.646	0
7.161	1	3	1	450.191	0
7.162	1	4	2	561.512	0
7.163	1	1	3	12974.6	0
7.164	1	5	4	3073.19	0
7.165	1	2	5	336.163	0
7.201	1	3	1	145.62	0
7.202	1	4	2	917.283	0
7.203	1	1	3	4705.81	0
7.204	1	5	4	11412	0
7.205	1	2	5	269.783	0
7.241	1	3	1	355.347	0
7.242	1	4	2	1337.89	0
7.243	1	1	3	1942.75	0
7.244	1	5	4	9177.15	0
7.245	1	2	5	544.893	0
7.281	1	3	1	432.58	0
7.282	1	4	2	840.555	0
7.283	1	1	3	3083.04	0
7.284	1	5	4	5938.09	0
7.285	1	2	5	596.636	0
7.321	1	3	1	292.174	0
7.322	1	4	2	717.036	0
7.323	1	1	3	2308.4	0
7.324	1	5	4	6469.64	0
7.325	1	2	5	782.687	0
7.361	1	3	1	352.536	0
7.362	1	4	2	377.649	0
7.363	1	1	3	2163.55	0
7.364	1	5	4	3194.2	0
7.365	1	2	5	464.138	0
7.401	1	3	1	224.114	0
7.402	1	4	2	238.456	0
7.403	1	1	3	13927.2	0
7.404	1	5	4	19829.2	0
7.405	1	2	5	432.629	0
7.441	1	3	1	1349.73	0
7.442	1	4	2	154.928	0
7.443	1	1	3	1269.98	0
7.444	1	5	4	16762.3	0
7.445	1	2	5	369.378	0
7.481	1	3	1	247.951	0
7.482	1	4	2	833.708	0
7.483	1	1	3	2296.32	0
7.484	1	5	4	6938.24	0
7.485	1	2	5	168.178	0
7.521	1	3	1	949.057	0
7.522	1	4	2	828.813	0
7.523	1	1	3	2174.75	0
7.524	1	5	4	3709.58	0
7.525	1	2	5	768.896	0
7.561	1	3	1	526.041	0
7.562	1	4	2	1405.13	0
7.563	1	1	3	2370.42	0
7.564	1	5	4	6289.76	0
7.565	1	2	5	909.739	0
7.601	1	3	1	1036.21	0
7.602	1	4	2	857.948	0
7.603	1	1	3	5547.75	0
7.604	1	5	4	13046.6	0
7.605	1	2	5	809.485	0
7.641	1	3	1	227.579	0
7.642	1	4	2	568.664	0
7.643	1	1	3	4007.82	0
7.644	1	5	4	9407.4	0
7.645	1	2	5	640.634	0
7.681	1	3	1	81.1137	0
7.682	1	4	2	588.528	0
7.683	1	1	3	3657.65	0
7.684	1	5	4	8999.7	0
7.685	1	2	5	918.175	0
7.721	1	3	1	514.24	0
7.722	1	4	2	250.762	0
7.723	1	1	3	2337.91	0
7.724	1	5	4	16487.5	0
7.725	1	2	5	890.432	0
7.761	1	3	1	896.483	0
7.762	1	4	2	364.286	0
7.763	1	1	3	3654.54	0
7.764	1	5	4	13147.5	0
7.765	1	2	5	531.046	0
7.801	1	3	1	129.67	0
7.802	1	4	2	1609.34	0
7.803	1	1	3	1328.7	0
7.804	1	5	4	4714.56	0
7.805	1	2	5	509.35	0
7.841	1	3	1	1456.31	0
7.842	1	4	2	3007.16	0
7.843	1	1	3	2141.37	0
7.844	1	5	4	11044.5	0
7.845	1	2	5	1032.79	0
7.881	1	3	1	899.449	0
7.882	1	4	2	1878.66	0
7.883	1	1	3	7871.74	0
7.884	1	5	4	12401.4	0
7.885	1	2	5	948.396	0
7.921	1	3	1	687.478	0
7.922	1	4	2	1649.46	0
7.923	1	1	3	1170.98	0
7.924	1	5	4	3804.37	0
7.925	1	2	5	334.759	0
7.961	1	3	1	589.803	0
7.962	1	4	2	2653.4	0
7.963	1	1	3	2060.4	0
7.964	1	5	4	5628.82	0
7.965	1	2	5	653.87	0
8.001	1	3	1	406.55	0
8.002	1	4	2	458.6	0
8.003	1	1	3	2358.95	0
8.004	1	5	4	9188.33	0
8.005	1	2	5	664.75	0
8.041	1	3	1	320.678	0
8.042	1	4	2	905.632	0
8.043	1	1	3	2445.9	0
8.044	1	5	4	5574.71	0
8.045	1	2	5	476.81	0
8.081	1	3	1	1064.98	0
8.082	1	4	2	987.874	0
8.083	1	1	3	1598.36	0
8.084	1	5	4	6643.28	0
8.085	1	2	5	951.456	0
8.121	1	3	1	1018.39	0
8.122	1	4	2	614.439	0
8.123	1	1	3	1939.72	0
8.124	1	5	4	3773.02	0
8.125	1	2	5	864.591	0
8.161	1	3	1	3922.8	0
8.162	1	4	2	777.543	0
8.163	1	1	3	12129.7	0
8.164	1	5	4	4301.68	0
8.165	1	2	5	578.907	0
8.201	1	3	1	3786.91	0
8.202	1	4	2	499.17	0
8.203	1	1	3	11174.3	0
8.204	1	5	4	7912.71	0
8.205	1	2	5	1875.85	0
8.241	1	3	1	244.453	0
8.242	1	4	2	1342.09	0
8.243	1	1	3	2217.37	0
8.244	1	5	4	4281.51	0
8.245	1	2	5	1179.6	0
8.281	1	3	1	618.227	0
8.282	1	4	2	3067.71	0
8.283	1	1	3	3437.63	0
8.284	1	5	4	3222.96	0
8.285	1	2	5	588.089	0
8.321	1	3	1	221.86	0
8.322	1	4	2	1974.93	0
8.323	1	1	3	5640.08	0
8.324	1	5	4	4336.4	0
8.325	1	2	5	1386.99	0
8.361	1	3	1	74.6775	0
8.362	1	4	2	909.437	0
8.363	1	1	3	1640.5	0
8.364	1	5	4	4490.18	0
8.365	1	2	5	673.911	0
8.401	1	3	1	454.834	0
8.402	1	4	2	1279.42	0
8.403	1	1	3	9368.84	0
8.404	1	5	4	3886.93	0
8.405	1	2	5	450.017	0
8.441	1	3	1	188.865	0
8.442	1	4	2	359.183	0
8.443	1	1	3	8543.39	0
8.444	1	5	4	3267.42	0
8.445	1	2	5	193.9	0
8.481	1	3	1	322.774	0
8.482	1	4	2	1243.02	0
8.483	1	1	3	4856.34	0
8.484	1	5	4	4796.24	0
8.485	1	2	5	455.06	0
8.521	1	3	1	221.624	0
8.522	1	4	2	1444.46	0
8.523	1	1	3	5142.49	0
8.524	1	5	4	12870.1	0
8.525	1	2	5	599.598	0
8.561	1	3	1	52.7913	0
8.562	1	4	2	622.627	0
8.563	1	1	3	13967.4	0
8.564	1	5	4	12001.9	0
8.565	1	2	5	750.504	0
8.601	1	3	1	148.237	0
8.602	1	4	2	1973.68	0
8.603	1	1	3	11893.5	0
8.604	1	5	4	5830.76	0
8.605	1	2	5	1459.96	0
8.641	1	3	1	1241.37	0
8.642	1	4	2	1812.8	0
8.643	1	1	3	6733.59	0
8.644	1	5	4	2516.41	0
8.645	1	2	5	331.824	0
8.681	1	3	1	1213.57	0
8.682	1	4	2	694.178	0
8.683	1	1	3	9253.64	0
8.684	1	5	4	3014.25	0
8.685	1	2	5	816.793	0
8.721	1	3	1	427.479	0
8.722	1	4	2	1294.34	0
8.723	1	1	3	14593.5	0
8.724	1	5	4	5073.76	0
8.725	1	2	5	894.65	0
8.761	1	3	1	1150.63	0
8.762	1	4	2	694.329	0
8.763	1	1	3	4013.01	0
8.764	1	5	4	5033.52	0
8.765	1	2	5	446.989	0
8.801	1	3	1	716.992	0
8.802	1	4	2	480.911	0
8.803	1	1	3	3103.2	0
8.804	1	5	4	3281.86	0
8.805	1	2	5	617.485	0
8.841	1	3	1	457.007	0
8.842	1	4	2	485.883	0
8.843	1	1	3	2825.53	0
8.844	1	5	4	7893.48	0
8.845	1	2	5	188.465	0
8.881	1	3	1	511.078	0
8.882	1	4	2	480.776	0
8.883	1	1	3	2091.11	0
8.884	1	5	4	12237.8	0
8.885	1	2	5	1467.14	0
8.921	1	3	1	276.344	0
8.922	1	4	2	915.666	0
8.923	1	1	3	6483.09	0
8.924	1	5	4	12786.5	0
8.925	1	2	5	1581.56	0
8.961	1	3	1	567.008	0
8.962	1	4	2	1013.71	0
8.963	1	1	3	8896.27	0
8.964	1	5	4	9164.81	0
8.965	1	2	5	615.883	0
9.001	1	3	1	578.212	0
9.002	1	4	2	483.866	0
9.003	1	1	3	2853.5	0
9.004	1	5	4	12827	0
9.005	1	2	5	2663.68	0
9.041	1	3	1	498.398	0
9.042	1	4	2	1648.31	0
9.043	1	1	3	4995.29	0
9.044	1	5	4	9962.23	0
9.045	1	2	5	679.576	0
9.081	1	3	1	152.771	0
9.082	1	4	2	3108.19	0
9.083	1	1	3	2107.94	0
9.084	1	5	4	8486.67	0
9.085	1	2	5	461.681	0
9.121	1	3	1	339.506	0
9.122	1	4	2	1678.37	0
9.123	1	1	3	1475.99	0
9.124	1	5	4	15928.2	0
9.125	1	2	5	824.622	0
9.161	1	3	1	307.534	0
9.162	1	4	2	963.493	0
9.163	1	1	3	2782.32	0
9.164	1	5	4	14166.5	0
9.165	1	2	5	151.169	0
9.201	1	3	1	199.806	0
9.202	1	4	2	1209.18	0
9.203	1	1	3	4005.52	0
9.204	1	5	4	4944.17	0
9.205	1	2	5	437.205	0
9.241	1	3	1	266.79	0
9.242	1	4	2	293.301	0
9.243	1	1	3	2455.53	0
9.244	1	5	4	10126.9	0
9.245	1	2	5	528.997	0
9.281	1	3	1	346.607	0
9.282	1	4	2	1554.16	0
9.283	1	1	3	3669.39	0
9.284	1	5	4	13055.1	0
9.285	1	2	5	705.599	0
9.321	1	3	1	908.199	0
9.322	1	4	2	2410.23	0
9.323	1	1	3	993.126	0
9.324	1	5	4	4363.03	0
9.325	1	2	5	695.214	0
9.361	1	3	1	2010.06	0
9.362	1	4	2	1429.26	0
9.363	1	1	3	286.453	0
9.364	1	5	4	5047.82	0
9.365	1	2	5	396.04	0
9.401	1	3	1	341.587	0
9.402	1	4	2	1941.61	0
9.403	1	1	3	2755.47	0
9.404	1	5	4	9305.55	0
9.405	1	2	5	456.727	0
9.441	1	3	1	421.345	0
9.442	1	4	2	1679.62	0
9.443	1	1	3	3377.43	0
9.444	1	5	4	9234.85	0
9.445	1	2	5	269.806	0
9.481	1	3	1	1483.88	0
9.482	1	4	2	1008.58	0
9.483	1	1	3	1714.4	0
9.484	1	5	4	11010.5	0
9.485	1	2	5	176.897	0
9.521	1	3	1	526.31	0
9.522	1	4	2	560.656	0
9.523	1	1	3	7231.13	0
9.524	1	5	4	3004.1	0
9.525	1	2	5	1771.86	0
9.561	1	3	1	885.897	0
9.562	1	4	2	230.776	0
9.563	1	1	3	1009.57	0
9.564	1	5	4	3973.69	0
9.565	1	2	5	1249.01	0
9.601	1	3	1	384.265	0
9.602	1	4	2	426.17	0
9.603	1	1	3	2953.16	0
9.604	1	5	4	4780.82	0
9.605	1	2	5	510.438	0
9.641	1	3	1	548.576	0
9.642	1	4	2	1797.13	0
9.643	1	1	3	1366.52	0
9.644	1	5	4	4117.79	0
9.645	1	2	5	792.678	0
9.681	1	3	1	55.629	0
9.682	1	4	2	3010.05	0
9.683	1	1	3	3220.69	0
9.684	1	5	4	3825.75	0
9.685	1	2	5	352.197	0
9.721	1	3	1	297.765	0
9.722	1	4	2	1726.05	0
9.723	1	1	3	13816.2	0
9.724	1	5	4	3161.98	0
9.725	1	2	5	822.33	0
9.761	1	3	1	1676.67	0
9.762	1	4	2	1783.19	0
9.763	1	1	3	7701.82	0
9.764	1	5	4	2928.71	0
9.765	1	2	5	1106.83	0
9.801	1	3	1	247.761	0
9.802	1	4	2	2616.37	0
9.803	1	1	3	17638.9	0
9.804	1	5	4	5836.78	0
9.805	1	2	5	383.571	0
