% time	cellId	IMSI	RNTI	sinrLinear	componentCarrierId
0.041	1	1	1	3315.99	0
0.081	1	1	1	3315.99	0
0.121	1	1	1	3315.99	0
0.161	1	1	1	3315.99	0
0.201	1	1	1	3315.99	0
0.241	1	1	1	3315.99	0
0.281	1	1	1	3315.99	0
0.321	1	1	1	3315.99	0
0.361	1	1	1	3315.99	0
0.401	1	1	1	3315.99	0
0.441	1	1	1	3315.99	0
0.481	1	1	1	3315.99	0
0.521	1	1	1	3315.99	0
0.561	1	1	1	3315.99	0
0.601	1	1	1	3315.99	0
0.641	1	1	1	3315.99	0
0.681	1	1	1	3315.99	0
0.721	1	1	1	3315.99	0
0.761	1	1	1	3315.99	0
0.801	1	1	1	3315.99	0
0.841	1	1	1	3315.99	0
0.881	1	1	1	3315.99	0
0.921	1	1	1	3315.99	0
0.961	1	1	1	3315.99	0
1.001	1	1	1	3315.99	0
1.041	1	1	1	3315.99	0
1.081	1	1	1	3315.99	0
1.121	1	1	1	3315.99	0
1.161	1	1	1	3315.99	0
1.201	1	1	1	3315.99	0
1.241	1	1	1	3315.99	0
1.281	1	1	1	3315.99	0
1.321	1	1	1	3315.99	0
1.361	1	1	1	3315.99	0
1.401	1	1	1	3315.99	0
1.441	1	1	1	3315.99	0
1.481	1	1	1	3315.99	0
1.521	1	1	1	3315.99	0
1.561	1	1	1	3315.99	0
1.601	1	1	1	3315.99	0
1.641	1	1	1	3315.99	0
1.681	1	1	1	3315.99	0
1.721	1	1	1	3315.99	0
1.761	1	1	1	3315.99	0
1.801	1	1	1	3315.99	0
1.841	1	1	1	3315.99	0
1.881	1	1	1	3315.99	0
1.921	1	1	1	3315.99	0
1.961	1	1	1	3315.99	0
2.001	1	1	1	3315.99	0
2.041	1	1	1	3315.99	0
2.081	1	1	1	3315.99	0
2.121	1	1	1	3315.99	0
2.161	1	1	1	3315.99	0
2.201	1	1	1	3315.99	0
2.241	1	1	1	3315.99	0
2.281	1	1	1	3315.99	0
2.321	1	1	1	3315.99	0
2.361	1	1	1	3315.99	0
2.401	1	1	1	3315.99	0
2.441	1	1	1	3315.99	0
2.481	1	1	1	3315.99	0
2.521	1	1	1	3315.99	0
2.561	1	1	1	3315.99	0
2.601	1	1	1	3315.99	0
2.641	1	1	1	3315.99	0
2.681	1	1	1	3315.99	0
2.721	1	1	1	3315.99	0
2.761	1	1	1	3315.99	0
2.801	1	1	1	3315.99	0
2.841	1	1	1	3315.99	0
2.881	1	1	1	3315.99	0
2.921	1	1	1	3315.99	0
2.961	1	1	1	3315.99	0
3.001	1	1	1	3315.99	0
3.041	1	1	1	3315.99	0
3.081	1	1	1	3315.99	0
3.121	1	1	1	3315.99	0
3.161	1	1	1	3315.99	0
3.201	1	1	1	3315.99	0
3.241	1	1	1	3315.99	0
3.281	1	1	1	3315.99	0
3.321	1	1	1	3315.99	0
3.361	1	1	1	3315.99	0
3.401	1	1	1	3315.99	0
3.441	1	1	1	3315.99	0
3.481	1	1	1	3315.99	0
3.521	1	1	1	3315.99	0
3.561	1	1	1	3315.99	0
3.601	1	1	1	3315.99	0
3.641	1	1	1	3315.99	0
3.681	1	1	1	3315.99	0
3.721	1	1	1	3315.99	0
3.761	1	1	1	3315.99	0
3.801	1	1	1	3315.99	0
3.841	1	1	1	3315.99	0
3.881	1	1	1	3315.99	0
3.921	1	1	1	3315.99	0
3.961	1	1	1	3315.99	0
4.001	1	1	1	3315.99	0
4.041	1	1	1	3315.99	0
4.081	1	1	1	3315.99	0
4.121	1	1	1	3315.99	0
4.161	1	1	1	3315.99	0
4.201	1	1	1	3315.99	0
4.241	1	1	1	3315.99	0
4.281	1	1	1	3315.99	0
4.321	1	1	1	3315.99	0
4.361	1	1	1	3315.99	0
4.401	1	1	1	3315.99	0
4.441	1	1	1	3315.99	0
4.481	1	1	1	3315.99	0
4.521	1	1	1	3315.99	0
4.561	1	1	1	3315.99	0
4.601	1	1	1	3315.99	0
4.641	1	1	1	3315.99	0
4.681	1	1	1	3315.99	0
4.721	1	1	1	3315.99	0
4.761	1	1	1	3315.99	0
4.801	1	1	1	3315.99	0
4.841	1	1	1	3315.99	0
4.881	1	1	1	3315.99	0
4.921	1	1	1	3315.99	0
4.961	1	1	1	3315.99	0
5.001	1	1	1	3315.99	0
5.041	1	1	1	3315.99	0
5.081	1	1	1	3315.99	0
5.121	1	1	1	3315.99	0
5.161	1	1	1	3315.99	0
5.201	1	1	1	3315.99	0
5.241	1	1	1	3315.99	0
5.281	1	1	1	3315.99	0
5.321	1	1	1	3315.99	0
5.361	1	1	1	3315.99	0
5.401	1	1	1	3315.99	0
5.441	1	1	1	3315.99	0
5.481	1	1	1	3315.99	0
5.521	1	1	1	3315.99	0
5.561	1	1	1	3315.99	0
5.601	1	1	1	3315.99	0
5.641	1	1	1	3315.99	0
5.681	1	1	1	3315.99	0
5.721	1	1	1	3315.99	0
5.761	1	1	1	3315.99	0
5.801	1	1	1	3315.99	0
5.841	1	1	1	3315.99	0
5.881	1	1	1	3315.99	0
5.921	1	1	1	3315.99	0
5.961	1	1	1	3315.99	0
6.001	1	1	1	3315.99	0
6.041	1	1	1	3315.99	0
6.081	1	1	1	3315.99	0
6.121	1	1	1	3315.99	0
6.161	1	1	1	3315.99	0
6.201	1	1	1	3315.99	0
6.241	1	1	1	3315.99	0
6.281	1	1	1	3315.99	0
6.321	1	1	1	3315.99	0
6.361	1	1	1	3315.99	0
6.401	1	1	1	3315.99	0
6.441	1	1	1	3315.99	0
6.481	1	1	1	3315.99	0
6.521	1	1	1	3315.99	0
6.561	1	1	1	3315.99	0
6.601	1	1	1	3315.99	0
6.641	1	1	1	3315.99	0
6.681	1	1	1	3315.99	0
6.721	1	1	1	3315.99	0
6.761	1	1	1	3315.99	0
6.801	1	1	1	3315.99	0
6.841	1	1	1	3315.99	0
6.881	1	1	1	3315.99	0
6.921	1	1	1	3315.99	0
6.961	1	1	1	3315.99	0
7.001	1	1	1	3315.99	0
7.041	1	1	1	3315.99	0
7.081	1	1	1	3315.99	0
7.121	1	1	1	3315.99	0
7.161	1	1	1	3315.99	0
7.201	1	1	1	3315.99	0
7.241	1	1	1	3315.99	0
7.281	1	1	1	3315.99	0
7.321	1	1	1	3315.99	0
7.361	1	1	1	3315.99	0
7.401	1	1	1	3315.99	0
7.441	1	1	1	3315.99	0
7.481	1	1	1	3315.99	0
7.521	1	1	1	3315.99	0
7.561	1	1	1	3315.99	0
7.601	1	1	1	3315.99	0
7.641	1	1	1	3315.99	0
7.681	1	1	1	3315.99	0
7.721	1	1	1	3315.99	0
7.761	1	1	1	3315.99	0
7.801	1	1	1	3315.99	0
7.841	1	1	1	3315.99	0
7.881	1	1	1	3315.99	0
7.921	1	1	1	3315.99	0
7.961	1	1	1	3315.99	0
8.001	1	1	1	3315.99	0
8.041	1	1	1	3315.99	0
8.081	1	1	1	3315.99	0
8.121	1	1	1	3315.99	0
8.161	1	1	1	3315.99	0
8.201	1	1	1	3315.99	0
8.241	1	1	1	3315.99	0
8.281	1	1	1	3315.99	0
8.321	1	1	1	3315.99	0
8.361	1	1	1	3315.99	0
8.401	1	1	1	3315.99	0
8.441	1	1	1	3315.99	0
8.481	1	1	1	3315.99	0
8.521	1	1	1	3315.99	0
8.561	1	1	1	3315.99	0
8.601	1	1	1	3315.99	0
8.641	1	1	1	3315.99	0
8.681	1	1	1	3315.99	0
8.721	1	1	1	3315.99	0
8.761	1	1	1	3315.99	0
8.801	1	1	1	3315.99	0
8.841	1	1	1	3315.99	0
8.881	1	1	1	3315.99	0
8.921	1	1	1	3315.99	0
8.961	1	1	1	3315.99	0
9.001	1	1	1	3315.99	0
9.041	1	1	1	3315.99	0
9.081	1	1	1	3315.99	0
9.121	1	1	1	3315.99	0
9.161	1	1	1	3315.99	0
9.201	1	1	1	3315.99	0
9.241	1	1	1	3315.99	0
9.281	1	1	1	3315.99	0
9.321	1	1	1	3315.99	0
9.361	1	1	1	3315.99	0
9.401	1	1	1	3315.99	0
9.441	1	1	1	3315.99	0
9.481	1	1	1	3315.99	0
9.521	1	1	1	3315.99	0
9.561	1	1	1	3315.99	0
9.601	1	1	1	3315.99	0
9.641	1	1	1	3315.99	0
9.681	1	1	1	3315.99	0
9.721	1	1	1	3315.99	0
9.761	1	1	1	3315.99	0
9.801	1	1	1	3315.99	0
9.841	1	1	1	3315.99	0
9.881	1	1	1	3315.99	0
9.921	1	1	1	3315.99	0
9.961	1	1	1	3315.99	0
10.001	1	1	1	3315.99	0
10.041	1	1	1	3315.99	0
10.081	1	1	1	3315.99	0
10.121	1	1	1	3315.99	0
10.161	1	1	1	3315.99	0
10.201	1	1	1	3315.99	0
10.241	1	1	1	3315.99	0
10.281	1	1	1	3315.99	0
10.321	1	1	1	3315.99	0
10.361	1	1	1	3315.99	0
10.401	1	1	1	3315.99	0
10.441	1	1	1	3315.99	0
10.481	1	1	1	3315.99	0
10.521	1	1	1	3315.99	0
10.561	1	1	1	3315.99	0
10.601	1	1	1	3315.99	0
10.641	1	1	1	3315.99	0
10.681	1	1	1	3315.99	0
10.721	1	1	1	3315.99	0
10.761	1	1	1	3315.99	0
10.801	1	1	1	3315.99	0
10.841	1	1	1	3315.99	0
10.881	1	1	1	3315.99	0
10.921	1	1	1	3315.99	0
10.961	1	1	1	3315.99	0
11.001	1	1	1	3315.99	0
11.041	1	1	1	3315.99	0
11.081	1	1	1	3315.99	0
11.121	1	1	1	3315.99	0
11.161	1	1	1	3315.99	0
11.201	1	1	1	3315.99	0
11.241	1	1	1	3315.99	0
11.281	1	1	1	3315.99	0
11.321	1	1	1	3315.99	0
11.361	1	1	1	3315.99	0
11.401	1	1	1	3315.99	0
11.441	1	1	1	3315.99	0
11.481	1	1	1	3315.99	0
11.521	1	1	1	3315.99	0
11.561	1	1	1	3315.99	0
11.601	1	1	1	3315.99	0
11.641	1	1	1	3315.99	0
11.681	1	1	1	3315.99	0
11.721	1	1	1	3315.99	0
11.761	1	1	1	3315.99	0
11.801	1	1	1	3315.99	0
11.841	1	1	1	3315.99	0
11.881	1	1	1	3315.99	0
11.921	1	1	1	3315.99	0
11.961	1	1	1	3315.99	0
12.001	1	1	1	3315.99	0
12.041	1	1	1	3315.99	0
12.081	1	1	1	3315.99	0
12.121	1	1	1	3315.99	0
12.161	1	1	1	3315.99	0
12.201	1	1	1	3315.99	0
12.241	1	1	1	3315.99	0
12.281	1	1	1	3315.99	0
12.321	1	1	1	3315.99	0
12.361	1	1	1	3315.99	0
12.401	1	1	1	3315.99	0
12.441	1	1	1	3315.99	0
12.481	1	1	1	3315.99	0
12.521	1	1	1	3315.99	0
12.561	1	1	1	3315.99	0
12.601	1	1	1	3315.99	0
12.641	1	1	1	3315.99	0
12.681	1	1	1	3315.99	0
12.721	1	1	1	3315.99	0
12.761	1	1	1	3315.99	0
12.801	1	1	1	3315.99	0
12.841	1	1	1	3315.99	0
12.881	1	1	1	3315.99	0
12.921	1	1	1	3315.99	0
12.961	1	1	1	3315.99	0
13.001	1	1	1	3315.99	0
13.041	1	1	1	3315.99	0
13.081	1	1	1	3315.99	0
13.121	1	1	1	3315.99	0
13.161	1	1	1	3315.99	0
13.201	1	1	1	3315.99	0
13.241	1	1	1	3315.99	0
13.281	1	1	1	3315.99	0
13.321	1	1	1	3315.99	0
13.361	1	1	1	3315.99	0
13.401	1	1	1	3315.99	0
13.441	1	1	1	3315.99	0
13.481	1	1	1	3315.99	0
13.521	1	1	1	3315.99	0
13.561	1	1	1	3315.99	0
13.601	1	1	1	3315.99	0
13.641	1	1	1	3315.99	0
13.681	1	1	1	3315.99	0
13.721	1	1	1	3315.99	0
13.761	1	1	1	3315.99	0
13.801	1	1	1	3315.99	0
13.841	1	1	1	3315.99	0
13.881	1	1	1	3315.99	0
13.921	1	1	1	3315.99	0
13.961	1	1	1	3315.99	0
14.001	1	1	1	3315.99	0
14.041	1	1	1	3315.99	0
14.081	1	1	1	3315.99	0
14.121	1	1	1	3315.99	0
14.161	1	1	1	3315.99	0
14.201	1	1	1	3315.99	0
14.241	1	1	1	3315.99	0
14.281	1	1	1	3315.99	0
14.321	1	1	1	3315.99	0
14.361	1	1	1	3315.99	0
14.401	1	1	1	3315.99	0
14.441	1	1	1	3315.99	0
14.481	1	1	1	3315.99	0
14.521	1	1	1	3315.99	0
14.561	1	1	1	3315.99	0
14.601	1	1	1	3315.99	0
14.641	1	1	1	3315.99	0
14.681	1	1	1	3315.99	0
14.721	1	1	1	3315.99	0
14.761	1	1	1	3315.99	0
14.801	1	1	1	3315.99	0
14.841	1	1	1	3315.99	0
14.881	1	1	1	3315.99	0
14.921	1	1	1	3315.99	0
14.961	1	1	1	3315.99	0
15.001	1	1	1	3315.99	0
15.041	1	1	1	3315.99	0
15.081	1	1	1	3315.99	0
15.121	1	1	1	3315.99	0
15.161	1	1	1	3315.99	0
15.201	1	1	1	3315.99	0
15.241	1	1	1	3315.99	0
15.281	1	1	1	3315.99	0
15.321	1	1	1	3315.99	0
15.361	1	1	1	3315.99	0
15.401	1	1	1	3315.99	0
15.441	1	1	1	3315.99	0
15.481	1	1	1	3315.99	0
15.521	1	1	1	3315.99	0
15.561	1	1	1	3315.99	0
15.601	1	1	1	3315.99	0
15.641	1	1	1	3315.99	0
15.681	1	1	1	3315.99	0
15.721	1	1	1	3315.99	0
15.761	1	1	1	3315.99	0
15.801	1	1	1	3315.99	0
15.841	1	1	1	3315.99	0
15.881	1	1	1	3315.99	0
15.921	1	1	1	3315.99	0
15.961	1	1	1	3315.99	0
16.001	1	1	1	3315.99	0
16.041	1	1	1	3315.99	0
16.081	1	1	1	3315.99	0
16.121	1	1	1	3315.99	0
16.161	1	1	1	3315.99	0
16.201	1	1	1	3315.99	0
16.241	1	1	1	3315.99	0
16.281	1	1	1	3315.99	0
16.321	1	1	1	3315.99	0
16.361	1	1	1	3315.99	0
16.401	1	1	1	3315.99	0
16.441	1	1	1	3315.99	0
16.481	1	1	1	3315.99	0
16.521	1	1	1	3315.99	0
16.561	1	1	1	3315.99	0
16.601	1	1	1	3315.99	0
16.641	1	1	1	3315.99	0
16.681	1	1	1	3315.99	0
16.721	1	1	1	3315.99	0
16.761	1	1	1	3315.99	0
16.801	1	1	1	3315.99	0
16.841	1	1	1	3315.99	0
16.881	1	1	1	3315.99	0
16.921	1	1	1	3315.99	0
16.961	1	1	1	3315.99	0
17.001	1	1	1	3315.99	0
17.041	1	1	1	3315.99	0
17.081	1	1	1	3315.99	0
17.121	1	1	1	3315.99	0
17.161	1	1	1	3315.99	0
17.201	1	1	1	3315.99	0
17.241	1	1	1	3315.99	0
17.281	1	1	1	3315.99	0
17.321	1	1	1	3315.99	0
17.361	1	1	1	3315.99	0
17.401	1	1	1	3315.99	0
17.441	1	1	1	3315.99	0
17.481	1	1	1	3315.99	0
17.521	1	1	1	3315.99	0
17.561	1	1	1	3315.99	0
17.601	1	1	1	3315.99	0
17.641	1	1	1	3315.99	0
17.681	1	1	1	3315.99	0
17.721	1	1	1	3315.99	0
17.761	1	1	1	3315.99	0
17.801	1	1	1	3315.99	0
17.841	1	1	1	3315.99	0
17.881	1	1	1	3315.99	0
17.921	1	1	1	3315.99	0
17.961	1	1	1	3315.99	0
18.001	1	1	1	3315.99	0
18.041	1	1	1	3315.99	0
18.081	1	1	1	3315.99	0
18.121	1	1	1	3315.99	0
18.161	1	1	1	3315.99	0
18.201	1	1	1	3315.99	0
18.241	1	1	1	3315.99	0
18.281	1	1	1	3315.99	0
18.321	1	1	1	3315.99	0
18.361	1	1	1	3315.99	0
18.401	1	1	1	3315.99	0
18.441	1	1	1	3315.99	0
18.481	1	1	1	3315.99	0
18.521	1	1	1	3315.99	0
18.561	1	1	1	3315.99	0
18.601	1	1	1	3315.99	0
18.641	1	1	1	3315.99	0
18.681	1	1	1	3315.99	0
18.721	1	1	1	3315.99	0
18.761	1	1	1	3315.99	0
18.801	1	1	1	3315.99	0
18.841	1	1	1	3315.99	0
18.881	1	1	1	3315.99	0
18.921	1	1	1	3315.99	0
18.961	1	1	1	3315.99	0
19.001	1	1	1	3315.99	0
19.041	1	1	1	3315.99	0
19.081	1	1	1	3315.99	0
19.121	1	1	1	3315.99	0
19.161	1	1	1	3315.99	0
19.201	1	1	1	3315.99	0
19.241	1	1	1	3315.99	0
19.281	1	1	1	3315.99	0
19.321	1	1	1	3315.99	0
19.361	1	1	1	3315.99	0
19.401	1	1	1	3315.99	0
19.441	1	1	1	3315.99	0
19.481	1	1	1	3315.99	0
19.521	1	1	1	3315.99	0
19.561	1	1	1	3315.99	0
19.601	1	1	1	3315.99	0
19.641	1	1	1	3315.99	0
19.681	1	1	1	3315.99	0
19.721	1	1	1	3315.99	0
19.761	1	1	1	3315.99	0
19.801	1	1	1	3315.99	0
19.841	1	1	1	3315.99	0
19.881	1	1	1	3315.99	0
19.921	1	1	1	3315.99	0
19.961	1	1	1	3315.99	0
20.001	1	1	1	3315.99	0
20.041	1	1	1	3315.99	0
20.081	1	1	1	3315.99	0
20.121	1	1	1	3315.99	0
20.161	1	1	1	3315.99	0
20.201	1	1	1	3315.99	0
20.241	1	1	1	3315.99	0
20.281	1	1	1	3315.99	0
20.321	1	1	1	3315.99	0
20.361	1	1	1	3315.99	0
20.401	1	1	1	3315.99	0
20.441	1	1	1	3315.99	0
20.481	1	1	1	3315.99	0
20.521	1	1	1	3315.99	0
20.561	1	1	1	3315.99	0
20.601	1	1	1	3315.99	0
20.641	1	1	1	3315.99	0
20.681	1	1	1	3315.99	0
20.721	1	1	1	3315.99	0
20.761	1	1	1	3315.99	0
20.801	1	1	1	3315.99	0
20.841	1	1	1	3315.99	0
20.881	1	1	1	3315.99	0
20.921	1	1	1	3315.99	0
20.961	1	1	1	3315.99	0
21.001	1	1	1	3315.99	0
21.041	1	1	1	3315.99	0
21.081	1	1	1	3315.99	0
21.121	1	1	1	3315.99	0
21.161	1	1	1	3315.99	0
21.201	1	1	1	3315.99	0
21.241	1	1	1	3315.99	0
21.281	1	1	1	3315.99	0
21.321	1	1	1	3315.99	0
21.361	1	1	1	3315.99	0
21.401	1	1	1	3315.99	0
21.441	1	1	1	3315.99	0
21.481	1	1	1	3315.99	0
21.521	1	1	1	3315.99	0
21.561	1	1	1	3315.99	0
21.601	1	1	1	3315.99	0
21.641	1	1	1	3315.99	0
21.681	1	1	1	3315.99	0
21.721	1	1	1	3315.99	0
21.761	1	1	1	3315.99	0
21.801	1	1	1	3315.99	0
21.841	1	1	1	3315.99	0
21.881	1	1	1	3315.99	0
21.921	1	1	1	3315.99	0
21.961	1	1	1	3315.99	0
22.001	1	1	1	3315.99	0
22.041	1	1	1	3315.99	0
22.081	1	1	1	3315.99	0
22.121	1	1	1	3315.99	0
22.161	1	1	1	3315.99	0
22.201	1	1	1	3315.99	0
22.241	1	1	1	3315.99	0
22.281	1	1	1	3315.99	0
22.321	1	1	1	3315.99	0
22.361	1	1	1	3315.99	0
22.401	1	1	1	3315.99	0
22.441	1	1	1	3315.99	0
22.481	1	1	1	3315.99	0
22.521	1	1	1	3315.99	0
22.561	1	1	1	3315.99	0
22.601	1	1	1	3315.99	0
22.641	1	1	1	3315.99	0
22.681	1	1	1	3315.99	0
22.721	1	1	1	3315.99	0
22.761	1	1	1	3315.99	0
22.801	1	1	1	3315.99	0
22.841	1	1	1	3315.99	0
22.881	1	1	1	3315.99	0
22.921	1	1	1	3315.99	0
22.961	1	1	1	3315.99	0
23.001	1	1	1	3315.99	0
23.041	1	1	1	3315.99	0
23.081	1	1	1	3315.99	0
23.121	1	1	1	3315.99	0
23.161	1	1	1	3315.99	0
23.201	1	1	1	3315.99	0
23.241	1	1	1	3315.99	0
23.281	1	1	1	3315.99	0
23.321	1	1	1	3315.99	0
23.361	1	1	1	3315.99	0
23.401	1	1	1	3315.99	0
23.441	1	1	1	3315.99	0
23.481	1	1	1	3315.99	0
23.521	1	1	1	3315.99	0
23.561	1	1	1	3315.99	0
23.601	1	1	1	3315.99	0
23.641	1	1	1	3315.99	0
23.681	1	1	1	3315.99	0
23.721	1	1	1	3315.99	0
23.761	1	1	1	3315.99	0
23.801	1	1	1	3315.99	0
23.841	1	1	1	3315.99	0
23.881	1	1	1	3315.99	0
23.921	1	1	1	3315.99	0
23.961	1	1	1	3315.99	0
24.001	1	1	1	3315.99	0
24.041	1	1	1	3315.99	0
24.081	1	1	1	3315.99	0
24.121	1	1	1	3315.99	0
24.161	1	1	1	3315.99	0
24.201	1	1	1	3315.99	0
24.241	1	1	1	3315.99	0
24.281	1	1	1	3315.99	0
24.321	1	1	1	3315.99	0
24.361	1	1	1	3315.99	0
24.401	1	1	1	3315.99	0
24.441	1	1	1	3315.99	0
24.481	1	1	1	3315.99	0
24.521	1	1	1	3315.99	0
24.561	1	1	1	3315.99	0
24.601	1	1	1	3315.99	0
24.641	1	1	1	3315.99	0
24.681	1	1	1	3315.99	0
24.721	1	1	1	3315.99	0
24.761	1	1	1	3315.99	0
24.801	1	1	1	3315.99	0
24.841	1	1	1	3315.99	0
24.881	1	1	1	3315.99	0
24.921	1	1	1	3315.99	0
24.961	1	1	1	3315.99	0
25.001	1	1	1	3315.99	0
25.041	1	1	1	3315.99	0
25.081	1	1	1	3315.99	0
25.121	1	1	1	3315.99	0
25.161	1	1	1	3315.99	0
25.201	1	1	1	3315.99	0
25.241	1	1	1	3315.99	0
25.281	1	1	1	3315.99	0
25.321	1	1	1	3315.99	0
25.361	1	1	1	3315.99	0
25.401	1	1	1	3315.99	0
25.441	1	1	1	3315.99	0
25.481	1	1	1	3315.99	0
25.521	1	1	1	3315.99	0
25.561	1	1	1	3315.99	0
25.601	1	1	1	3315.99	0
25.641	1	1	1	3315.99	0
25.681	1	1	1	3315.99	0
25.721	1	1	1	3315.99	0
25.761	1	1	1	3315.99	0
25.801	1	1	1	3315.99	0
25.841	1	1	1	3315.99	0
25.881	1	1	1	3315.99	0
25.921	1	1	1	3315.99	0
25.961	1	1	1	3315.99	0
26.001	1	1	1	3315.99	0
26.041	1	1	1	3315.99	0
26.081	1	1	1	3315.99	0
26.121	1	1	1	3315.99	0
26.161	1	1	1	3315.99	0
26.201	1	1	1	3315.99	0
26.241	1	1	1	3315.99	0
26.281	1	1	1	3315.99	0
26.321	1	1	1	3315.99	0
26.361	1	1	1	3315.99	0
26.401	1	1	1	3315.99	0
26.441	1	1	1	3315.99	0
26.481	1	1	1	3315.99	0
26.521	1	1	1	3315.99	0
26.561	1	1	1	3315.99	0
26.601	1	1	1	3315.99	0
26.641	1	1	1	3315.99	0
26.681	1	1	1	3315.99	0
26.721	1	1	1	3315.99	0
26.761	1	1	1	3315.99	0
26.801	1	1	1	3315.99	0
26.841	1	1	1	3315.99	0
26.881	1	1	1	3315.99	0
26.921	1	1	1	3315.99	0
26.961	1	1	1	3315.99	0
27.001	1	1	1	3315.99	0
27.041	1	1	1	3315.99	0
27.081	1	1	1	3315.99	0
27.121	1	1	1	3315.99	0
27.161	1	1	1	3315.99	0
27.201	1	1	1	3315.99	0
27.241	1	1	1	3315.99	0
27.281	1	1	1	3315.99	0
27.321	1	1	1	3315.99	0
27.361	1	1	1	3315.99	0
27.401	1	1	1	3315.99	0
27.441	1	1	1	3315.99	0
27.481	1	1	1	3315.99	0
27.521	1	1	1	3315.99	0
27.561	1	1	1	3315.99	0
27.601	1	1	1	3315.99	0
27.641	1	1	1	3315.99	0
27.681	1	1	1	3315.99	0
27.721	1	1	1	3315.99	0
27.761	1	1	1	3315.99	0
27.801	1	1	1	3315.99	0
27.841	1	1	1	3315.99	0
27.881	1	1	1	3315.99	0
27.921	1	1	1	3315.99	0
27.961	1	1	1	3315.99	0
28.001	1	1	1	3315.99	0
28.041	1	1	1	3315.99	0
28.081	1	1	1	3315.99	0
28.121	1	1	1	3315.99	0
28.161	1	1	1	3315.99	0
28.201	1	1	1	3315.99	0
28.241	1	1	1	3315.99	0
28.281	1	1	1	3315.99	0
28.321	1	1	1	3315.99	0
28.361	1	1	1	3315.99	0
28.401	1	1	1	3315.99	0
28.441	1	1	1	3315.99	0
28.481	1	1	1	3315.99	0
28.521	1	1	1	3315.99	0
28.561	1	1	1	3315.99	0
28.601	1	1	1	3315.99	0
28.641	1	1	1	3315.99	0
28.681	1	1	1	3315.99	0
28.721	1	1	1	3315.99	0
28.761	1	1	1	3315.99	0
28.801	1	1	1	3315.99	0
28.841	1	1	1	3315.99	0
28.881	1	1	1	3315.99	0
28.921	1	1	1	3315.99	0
28.961	1	1	1	3315.99	0
29.001	1	1	1	3315.99	0
29.041	1	1	1	3315.99	0
29.081	1	1	1	3315.99	0
29.121	1	1	1	3315.99	0
29.161	1	1	1	3315.99	0
29.201	1	1	1	3315.99	0
29.241	1	1	1	3315.99	0
29.281	1	1	1	3315.99	0
29.321	1	1	1	3315.99	0
29.361	1	1	1	3315.99	0
29.401	1	1	1	3315.99	0
29.441	1	1	1	3315.99	0
29.481	1	1	1	3315.99	0
29.521	1	1	1	3315.99	0
29.561	1	1	1	3315.99	0
29.601	1	1	1	3315.99	0
29.641	1	1	1	3315.99	0
29.681	1	1	1	3315.99	0
29.721	1	1	1	3315.99	0
29.761	1	1	1	3315.99	0
29.801	1	1	1	3315.99	0
29.841	1	1	1	3315.99	0
29.881	1	1	1	3315.99	0
29.921	1	1	1	3315.99	0
29.961	1	1	1	3315.99	0
30.001	1	1	1	3315.99	0
30.041	1	1	1	3315.99	0
30.081	1	1	1	3315.99	0
30.121	1	1	1	3315.99	0
30.161	1	1	1	3315.99	0
30.201	1	1	1	3315.99	0
30.241	1	1	1	3315.99	0
30.281	1	1	1	3315.99	0
30.321	1	1	1	3315.99	0
30.361	1	1	1	3315.99	0
30.401	1	1	1	3315.99	0
30.441	1	1	1	3315.99	0
30.481	1	1	1	3315.99	0
30.521	1	1	1	3315.99	0
30.561	1	1	1	3315.99	0
30.601	1	1	1	3315.99	0
30.641	1	1	1	3315.99	0
30.681	1	1	1	3315.99	0
30.721	1	1	1	3315.99	0
30.761	1	1	1	3315.99	0
30.801	1	1	1	3315.99	0
30.841	1	1	1	3315.99	0
30.881	1	1	1	3315.99	0
30.921	1	1	1	3315.99	0
30.961	1	1	1	3315.99	0
31.001	1	1	1	3315.99	0
31.041	1	1	1	3315.99	0
31.081	1	1	1	3315.99	0
31.121	1	1	1	3315.99	0
31.161	1	1	1	3315.99	0
31.201	1	1	1	3315.99	0
31.241	1	1	1	3315.99	0
31.281	1	1	1	3315.99	0
31.321	1	1	1	3315.99	0
31.361	1	1	1	3315.99	0
31.401	1	1	1	3315.99	0
31.441	1	1	1	3315.99	0
31.481	1	1	1	3315.99	0
31.521	1	1	1	3315.99	0
31.561	1	1	1	3315.99	0
31.601	1	1	1	3315.99	0
31.641	1	1	1	3315.99	0
31.681	1	1	1	3315.99	0
31.721	1	1	1	3315.99	0
31.761	1	1	1	3315.99	0
31.801	1	1	1	3315.99	0
31.841	1	1	1	3315.99	0
31.881	1	1	1	3315.99	0
31.921	1	1	1	3315.99	0
31.961	1	1	1	3315.99	0
32.001	1	1	1	3315.99	0
32.041	1	1	1	3315.99	0
32.081	1	1	1	3315.99	0
32.121	1	1	1	3315.99	0
32.161	1	1	1	3315.99	0
32.201	1	1	1	3315.99	0
32.241	1	1	1	3315.99	0
32.281	1	1	1	3315.99	0
32.321	1	1	1	3315.99	0
32.361	1	1	1	3315.99	0
32.401	1	1	1	3315.99	0
32.441	1	1	1	3315.99	0
32.481	1	1	1	3315.99	0
32.521	1	1	1	3315.99	0
32.561	1	1	1	3315.99	0
32.601	1	1	1	3315.99	0
32.641	1	1	1	3315.99	0
32.681	1	1	1	3315.99	0
32.721	1	1	1	3315.99	0
32.761	1	1	1	3315.99	0
32.801	1	1	1	3315.99	0
32.841	1	1	1	3315.99	0
32.881	1	1	1	3315.99	0
32.921	1	1	1	3315.99	0
32.961	1	1	1	3315.99	0
33.001	1	1	1	3315.99	0
33.041	1	1	1	3315.99	0
33.081	1	1	1	3315.99	0
33.121	1	1	1	3315.99	0
33.161	1	1	1	3315.99	0
33.201	1	1	1	3315.99	0
33.241	1	1	1	3315.99	0
33.281	1	1	1	3315.99	0
33.321	1	1	1	3315.99	0
33.361	1	1	1	3315.99	0
33.401	1	1	1	3315.99	0
33.441	1	1	1	3315.99	0
33.481	1	1	1	3315.99	0
33.521	1	1	1	3315.99	0
33.561	1	1	1	3315.99	0
33.601	1	1	1	3315.99	0
33.641	1	1	1	3315.99	0
33.681	1	1	1	3315.99	0
33.721	1	1	1	3315.99	0
33.761	1	1	1	3315.99	0
33.801	1	1	1	3315.99	0
33.841	1	1	1	3315.99	0
33.881	1	1	1	3315.99	0
33.921	1	1	1	3315.99	0
33.961	1	1	1	3315.99	0
34.001	1	1	1	3315.99	0
34.041	1	1	1	3315.99	0
34.081	1	1	1	3315.99	0
34.121	1	1	1	3315.99	0
34.161	1	1	1	3315.99	0
34.201	1	1	1	3315.99	0
34.241	1	1	1	3315.99	0
34.281	1	1	1	3315.99	0
34.321	1	1	1	3315.99	0
34.361	1	1	1	3315.99	0
34.401	1	1	1	3315.99	0
34.441	1	1	1	3315.99	0
34.481	1	1	1	3315.99	0
34.521	1	1	1	3315.99	0
34.561	1	1	1	3315.99	0
34.601	1	1	1	3315.99	0
34.641	1	1	1	3315.99	0
34.681	1	1	1	3315.99	0
34.721	1	1	1	3315.99	0
34.761	1	1	1	3315.99	0
34.801	1	1	1	3315.99	0
34.841	1	1	1	3315.99	0
34.881	1	1	1	3315.99	0
34.921	1	1	1	3315.99	0
34.961	1	1	1	3315.99	0
35.001	1	1	1	3315.99	0
35.041	1	1	1	3315.99	0
35.081	1	1	1	3315.99	0
35.121	1	1	1	3315.99	0
35.161	1	1	1	3315.99	0
35.201	1	1	1	3315.99	0
35.241	1	1	1	3315.99	0
35.281	1	1	1	3315.99	0
35.321	1	1	1	3315.99	0
35.361	1	1	1	3315.99	0
35.401	1	1	1	3315.99	0
35.441	1	1	1	3315.99	0
35.481	1	1	1	3315.99	0
35.521	1	1	1	3315.99	0
35.561	1	1	1	3315.99	0
35.601	1	1	1	3315.99	0
35.641	1	1	1	3315.99	0
35.681	1	1	1	3315.99	0
35.721	1	1	1	3315.99	0
35.761	1	1	1	3315.99	0
35.801	1	1	1	3315.99	0
35.841	1	1	1	3315.99	0
35.881	1	1	1	3315.99	0
35.921	1	1	1	3315.99	0
35.961	1	1	1	3315.99	0
36.001	1	1	1	3315.99	0
36.041	1	1	1	3315.99	0
36.081	1	1	1	3315.99	0
36.121	1	1	1	3315.99	0
36.161	1	1	1	3315.99	0
36.201	1	1	1	3315.99	0
36.241	1	1	1	3315.99	0
36.281	1	1	1	3315.99	0
36.321	1	1	1	3315.99	0
36.361	1	1	1	3315.99	0
36.401	1	1	1	3315.99	0
36.441	1	1	1	3315.99	0
36.481	1	1	1	3315.99	0
36.521	1	1	1	3315.99	0
36.561	1	1	1	3315.99	0
36.601	1	1	1	3315.99	0
36.641	1	1	1	3315.99	0
36.681	1	1	1	3315.99	0
36.721	1	1	1	3315.99	0
36.761	1	1	1	3315.99	0
36.801	1	1	1	3315.99	0
36.841	1	1	1	3315.99	0
36.881	1	1	1	3315.99	0
36.921	1	1	1	3315.99	0
36.961	1	1	1	3315.99	0
37.001	1	1	1	3315.99	0
37.041	1	1	1	3315.99	0
37.081	1	1	1	3315.99	0
37.121	1	1	1	3315.99	0
37.161	1	1	1	3315.99	0
37.201	1	1	1	3315.99	0
37.241	1	1	1	3315.99	0
37.281	1	1	1	3315.99	0
37.321	1	1	1	3315.99	0
37.361	1	1	1	3315.99	0
37.401	1	1	1	3315.99	0
37.441	1	1	1	3315.99	0
37.481	1	1	1	3315.99	0
37.521	1	1	1	3315.99	0
37.561	1	1	1	3315.99	0
37.601	1	1	1	3315.99	0
37.641	1	1	1	3315.99	0
37.681	1	1	1	3315.99	0
37.721	1	1	1	3315.99	0
37.761	1	1	1	3315.99	0
37.801	1	1	1	3315.99	0
37.841	1	1	1	3315.99	0
37.881	1	1	1	3315.99	0
37.921	1	1	1	3315.99	0
37.961	1	1	1	3315.99	0
38.001	1	1	1	3315.99	0
38.041	1	1	1	3315.99	0
38.081	1	1	1	3315.99	0
38.121	1	1	1	3315.99	0
38.161	1	1	1	3315.99	0
38.201	1	1	1	3315.99	0
38.241	1	1	1	3315.99	0
38.281	1	1	1	3315.99	0
38.321	1	1	1	3315.99	0
38.361	1	1	1	3315.99	0
38.401	1	1	1	3315.99	0
38.441	1	1	1	3315.99	0
38.481	1	1	1	3315.99	0
38.521	1	1	1	3315.99	0
38.561	1	1	1	3315.99	0
38.601	1	1	1	3315.99	0
38.641	1	1	1	3315.99	0
38.681	1	1	1	3315.99	0
38.721	1	1	1	3315.99	0
38.761	1	1	1	3315.99	0
38.801	1	1	1	3315.99	0
38.841	1	1	1	3315.99	0
38.881	1	1	1	3315.99	0
38.921	1	1	1	3315.99	0
38.961	1	1	1	3315.99	0
39.001	1	1	1	3315.99	0
39.041	1	1	1	3315.99	0
39.081	1	1	1	3315.99	0
39.121	1	1	1	3315.99	0
39.161	1	1	1	3315.99	0
39.201	1	1	1	3315.99	0
39.241	1	1	1	3315.99	0
39.281	1	1	1	3315.99	0
39.321	1	1	1	3315.99	0
39.361	1	1	1	3315.99	0
39.401	1	1	1	3315.99	0
39.441	1	1	1	3315.99	0
39.481	1	1	1	3315.99	0
39.521	1	1	1	3315.99	0
39.561	1	1	1	3315.99	0
39.601	1	1	1	3315.99	0
39.641	1	1	1	3315.99	0
39.681	1	1	1	3315.99	0
39.721	1	1	1	3315.99	0
39.761	1	1	1	3315.99	0
39.801	1	1	1	3315.99	0
39.841	1	1	1	3315.99	0
39.881	1	1	1	3315.99	0
39.921	1	1	1	3315.99	0
39.961	1	1	1	3315.99	0
40.001	1	1	1	3315.99	0
40.041	1	1	1	3315.99	0
40.081	1	1	1	3315.99	0
40.121	1	1	1	3315.99	0
40.161	1	1	1	3315.99	0
40.201	1	1	1	3315.99	0
40.241	1	1	1	3315.99	0
40.281	1	1	1	3315.99	0
40.321	1	1	1	3315.99	0
40.361	1	1	1	3315.99	0
40.401	1	1	1	3315.99	0
40.441	1	1	1	3315.99	0
40.481	1	1	1	3315.99	0
40.521	1	1	1	3315.99	0
40.561	1	1	1	3315.99	0
40.601	1	1	1	3315.99	0
40.641	1	1	1	3315.99	0
40.681	1	1	1	3315.99	0
40.721	1	1	1	3315.99	0
40.761	1	1	1	3315.99	0
40.801	1	1	1	3315.99	0
40.841	1	1	1	3315.99	0
40.881	1	1	1	3315.99	0
40.921	1	1	1	3315.99	0
40.961	1	1	1	3315.99	0
41.001	1	1	1	3315.99	0
41.041	1	1	1	3315.99	0
41.081	1	1	1	3315.99	0
41.121	1	1	1	3315.99	0
41.161	1	1	1	3315.99	0
41.201	1	1	1	3315.99	0
41.241	1	1	1	3315.99	0
41.281	1	1	1	3315.99	0
41.321	1	1	1	3315.99	0
41.361	1	1	1	3315.99	0
41.401	1	1	1	3315.99	0
41.441	1	1	1	3315.99	0
41.481	1	1	1	3315.99	0
41.521	1	1	1	3315.99	0
41.561	1	1	1	3315.99	0
41.601	1	1	1	3315.99	0
41.641	1	1	1	3315.99	0
41.681	1	1	1	3315.99	0
41.721	1	1	1	3315.99	0
41.761	1	1	1	3315.99	0
41.801	1	1	1	3315.99	0
41.841	1	1	1	3315.99	0
41.881	1	1	1	3315.99	0
41.921	1	1	1	3315.99	0
41.961	1	1	1	3315.99	0
42.001	1	1	1	3315.99	0
42.041	1	1	1	3315.99	0
42.081	1	1	1	3315.99	0
42.121	1	1	1	3315.99	0
42.161	1	1	1	3315.99	0
42.201	1	1	1	3315.99	0
42.241	1	1	1	3315.99	0
42.281	1	1	1	3315.99	0
42.321	1	1	1	3315.99	0
42.361	1	1	1	3315.99	0
42.401	1	1	1	3315.99	0
42.441	1	1	1	3315.99	0
42.481	1	1	1	3315.99	0
42.521	1	1	1	3315.99	0
42.561	1	1	1	3315.99	0
42.601	1	1	1	3315.99	0
42.641	1	1	1	3315.99	0
42.681	1	1	1	3315.99	0
42.721	1	1	1	3315.99	0
42.761	1	1	1	3315.99	0
42.801	1	1	1	3315.99	0
42.841	1	1	1	3315.99	0
42.881	1	1	1	3315.99	0
42.921	1	1	1	3315.99	0
42.961	1	1	1	3315.99	0
43.001	1	1	1	3315.99	0
43.041	1	1	1	3315.99	0
43.081	1	1	1	3315.99	0
43.121	1	1	1	3315.99	0
43.161	1	1	1	3315.99	0
43.201	1	1	1	3315.99	0
43.241	1	1	1	3315.99	0
43.281	1	1	1	3315.99	0
43.321	1	1	1	3315.99	0
43.361	1	1	1	3315.99	0
43.401	1	1	1	3315.99	0
43.441	1	1	1	3315.99	0
43.481	1	1	1	3315.99	0
43.521	1	1	1	3315.99	0
43.561	1	1	1	3315.99	0
43.601	1	1	1	3315.99	0
43.641	1	1	1	3315.99	0
43.681	1	1	1	3315.99	0
43.721	1	1	1	3315.99	0
43.761	1	1	1	3315.99	0
43.801	1	1	1	3315.99	0
43.841	1	1	1	3315.99	0
43.881	1	1	1	3315.99	0
43.921	1	1	1	3315.99	0
43.961	1	1	1	3315.99	0
44.001	1	1	1	3315.99	0
44.041	1	1	1	3315.99	0
44.081	1	1	1	3315.99	0
44.121	1	1	1	3315.99	0
44.161	1	1	1	3315.99	0
44.201	1	1	1	3315.99	0
44.241	1	1	1	3315.99	0
44.281	1	1	1	3315.99	0
44.321	1	1	1	3315.99	0
44.361	1	1	1	3315.99	0
44.401	1	1	1	3315.99	0
44.441	1	1	1	3315.99	0
44.481	1	1	1	3315.99	0
44.521	1	1	1	3315.99	0
44.561	1	1	1	3315.99	0
44.601	1	1	1	3315.99	0
44.641	1	1	1	3315.99	0
44.681	1	1	1	3315.99	0
44.721	1	1	1	3315.99	0
44.761	1	1	1	3315.99	0
44.801	1	1	1	3315.99	0
44.841	1	1	1	3315.99	0
44.881	1	1	1	3315.99	0
44.921	1	1	1	3315.99	0
44.961	1	1	1	3315.99	0
45.001	1	1	1	3315.99	0
45.041	1	1	1	3315.99	0
45.081	1	1	1	3315.99	0
45.121	1	1	1	3315.99	0
45.161	1	1	1	3315.99	0
45.201	1	1	1	3315.99	0
45.241	1	1	1	3315.99	0
45.281	1	1	1	3315.99	0
45.321	1	1	1	3315.99	0
45.361	1	1	1	3315.99	0
45.401	1	1	1	3315.99	0
45.441	1	1	1	3315.99	0
45.481	1	1	1	3315.99	0
45.521	1	1	1	3315.99	0
45.561	1	1	1	3315.99	0
45.601	1	1	1	3315.99	0
45.641	1	1	1	3315.99	0
45.681	1	1	1	3315.99	0
45.721	1	1	1	3315.99	0
45.761	1	1	1	3315.99	0
45.801	1	1	1	3315.99	0
45.841	1	1	1	3315.99	0
45.881	1	1	1	3315.99	0
45.921	1	1	1	3315.99	0
45.961	1	1	1	3315.99	0
46.001	1	1	1	3315.99	0
46.041	1	1	1	3315.99	0
46.081	1	1	1	3315.99	0
46.121	1	1	1	3315.99	0
46.161	1	1	1	3315.99	0
46.201	1	1	1	3315.99	0
46.241	1	1	1	3315.99	0
46.281	1	1	1	3315.99	0
46.321	1	1	1	3315.99	0
46.361	1	1	1	3315.99	0
46.401	1	1	1	3315.99	0
46.441	1	1	1	3315.99	0
46.481	1	1	1	3315.99	0
46.521	1	1	1	3315.99	0
46.561	1	1	1	3315.99	0
46.601	1	1	1	3315.99	0
46.641	1	1	1	3315.99	0
46.681	1	1	1	3315.99	0
46.721	1	1	1	3315.99	0
46.761	1	1	1	3315.99	0
46.801	1	1	1	3315.99	0
46.841	1	1	1	3315.99	0
46.881	1	1	1	3315.99	0
46.921	1	1	1	3315.99	0
46.961	1	1	1	3315.99	0
47.001	1	1	1	3315.99	0
47.041	1	1	1	3315.99	0
47.081	1	1	1	3315.99	0
47.121	1	1	1	3315.99	0
47.161	1	1	1	3315.99	0
47.201	1	1	1	3315.99	0
47.241	1	1	1	3315.99	0
47.281	1	1	1	3315.99	0
47.321	1	1	1	3315.99	0
47.361	1	1	1	3315.99	0
47.401	1	1	1	3315.99	0
47.441	1	1	1	3315.99	0
47.481	1	1	1	3315.99	0
47.521	1	1	1	3315.99	0
47.561	1	1	1	3315.99	0
47.601	1	1	1	3315.99	0
47.641	1	1	1	3315.99	0
47.681	1	1	1	3315.99	0
47.721	1	1	1	3315.99	0
47.761	1	1	1	3315.99	0
47.801	1	1	1	3315.99	0
47.841	1	1	1	3315.99	0
47.881	1	1	1	3315.99	0
47.921	1	1	1	3315.99	0
47.961	1	1	1	3315.99	0
48.001	1	1	1	3315.99	0
48.041	1	1	1	3315.99	0
48.081	1	1	1	3315.99	0
48.121	1	1	1	3315.99	0
48.161	1	1	1	3315.99	0
48.201	1	1	1	3315.99	0
48.241	1	1	1	3315.99	0
48.281	1	1	1	3315.99	0
48.321	1	1	1	3315.99	0
48.361	1	1	1	3315.99	0
48.401	1	1	1	3315.99	0
48.441	1	1	1	3315.99	0
48.481	1	1	1	3315.99	0
48.521	1	1	1	3315.99	0
48.561	1	1	1	3315.99	0
48.601	1	1	1	3315.99	0
48.641	1	1	1	3315.99	0
48.681	1	1	1	3315.99	0
48.721	1	1	1	3315.99	0
48.761	1	1	1	3315.99	0
48.801	1	1	1	3315.99	0
48.841	1	1	1	3315.99	0
48.881	1	1	1	3315.99	0
48.921	1	1	1	3315.99	0
48.961	1	1	1	3315.99	0
49.001	1	1	1	3315.99	0
49.041	1	1	1	3315.99	0
49.081	1	1	1	3315.99	0
49.121	1	1	1	3315.99	0
49.161	1	1	1	3315.99	0
49.201	1	1	1	3315.99	0
49.241	1	1	1	3315.99	0
49.281	1	1	1	3315.99	0
49.321	1	1	1	3315.99	0
49.361	1	1	1	3315.99	0
49.401	1	1	1	3315.99	0
49.441	1	1	1	3315.99	0
49.481	1	1	1	3315.99	0
49.521	1	1	1	3315.99	0
49.561	1	1	1	3315.99	0
49.601	1	1	1	3315.99	0
49.641	1	1	1	3315.99	0
49.681	1	1	1	3315.99	0
49.721	1	1	1	3315.99	0
49.761	1	1	1	3315.99	0
49.801	1	1	1	3315.99	0
49.841	1	1	1	3315.99	0
49.881	1	1	1	3315.99	0
49.921	1	1	1	3315.99	0
49.961	1	1	1	3315.99	0
50.001	1	1	1	3315.99	0
50.041	1	1	1	3315.99	0
50.081	1	1	1	3315.99	0
50.121	1	1	1	3315.99	0
50.161	1	1	1	3315.99	0
50.201	1	1	1	3315.99	0
50.241	1	1	1	3315.99	0
50.281	1	1	1	3315.99	0
50.321	1	1	1	3315.99	0
50.361	1	1	1	3315.99	0
50.401	1	1	1	3315.99	0
50.441	1	1	1	3315.99	0
50.481	1	1	1	3315.99	0
50.521	1	1	1	3315.99	0
50.561	1	1	1	3315.99	0
50.601	1	1	1	3315.99	0
50.641	1	1	1	3315.99	0
50.681	1	1	1	3315.99	0
50.721	1	1	1	3315.99	0
50.761	1	1	1	3315.99	0
50.801	1	1	1	3315.99	0
50.841	1	1	1	3315.99	0
50.881	1	1	1	3315.99	0
50.921	1	1	1	3315.99	0
50.961	1	1	1	3315.99	0
51.001	1	1	1	3315.99	0
51.041	1	1	1	3315.99	0
51.081	1	1	1	3315.99	0
51.121	1	1	1	3315.99	0
51.161	1	1	1	3315.99	0
51.201	1	1	1	3315.99	0
51.241	1	1	1	3315.99	0
51.281	1	1	1	3315.99	0
51.321	1	1	1	3315.99	0
51.361	1	1	1	3315.99	0
51.401	1	1	1	3315.99	0
51.441	1	1	1	3315.99	0
51.481	1	1	1	3315.99	0
51.521	1	1	1	3315.99	0
51.561	1	1	1	3315.99	0
51.601	1	1	1	3315.99	0
51.641	1	1	1	3315.99	0
51.681	1	1	1	3315.99	0
51.721	1	1	1	3315.99	0
51.761	1	1	1	3315.99	0
51.801	1	1	1	3315.99	0
51.841	1	1	1	3315.99	0
51.881	1	1	1	3315.99	0
51.921	1	1	1	3315.99	0
51.961	1	1	1	3315.99	0
52.001	1	1	1	3315.99	0
52.041	1	1	1	3315.99	0
52.081	1	1	1	3315.99	0
52.121	1	1	1	3315.99	0
52.161	1	1	1	3315.99	0
52.201	1	1	1	3315.99	0
52.241	1	1	1	3315.99	0
52.281	1	1	1	3315.99	0
52.321	1	1	1	3315.99	0
52.361	1	1	1	3315.99	0
52.401	1	1	1	3315.99	0
52.441	1	1	1	3315.99	0
52.481	1	1	1	3315.99	0
52.521	1	1	1	3315.99	0
52.561	1	1	1	3315.99	0
52.601	1	1	1	3315.99	0
52.641	1	1	1	3315.99	0
52.681	1	1	1	3315.99	0
52.721	1	1	1	3315.99	0
52.761	1	1	1	3315.99	0
52.801	1	1	1	3315.99	0
52.841	1	1	1	3315.99	0
52.881	1	1	1	3315.99	0
52.921	1	1	1	3315.99	0
52.961	1	1	1	3315.99	0
53.001	1	1	1	3315.99	0
53.041	1	1	1	3315.99	0
53.081	1	1	1	3315.99	0
53.121	1	1	1	3315.99	0
53.161	1	1	1	3315.99	0
53.201	1	1	1	3315.99	0
53.241	1	1	1	3315.99	0
53.281	1	1	1	3315.99	0
53.321	1	1	1	3315.99	0
53.361	1	1	1	3315.99	0
53.401	1	1	1	3315.99	0
53.441	1	1	1	3315.99	0
53.481	1	1	1	3315.99	0
53.521	1	1	1	3315.99	0
53.561	1	1	1	3315.99	0
53.601	1	1	1	3315.99	0
53.641	1	1	1	3315.99	0
53.681	1	1	1	3315.99	0
53.721	1	1	1	3315.99	0
53.761	1	1	1	3315.99	0
53.801	1	1	1	3315.99	0
53.841	1	1	1	3315.99	0
53.881	1	1	1	3315.99	0
53.921	1	1	1	3315.99	0
53.961	1	1	1	3315.99	0
54.001	1	1	1	3315.99	0
54.041	1	1	1	3315.99	0
54.081	1	1	1	3315.99	0
54.121	1	1	1	3315.99	0
54.161	1	1	1	3315.99	0
54.201	1	1	1	3315.99	0
54.241	1	1	1	3315.99	0
54.281	1	1	1	3315.99	0
54.321	1	1	1	3315.99	0
54.361	1	1	1	3315.99	0
54.401	1	1	1	3315.99	0
54.441	1	1	1	3315.99	0
54.481	1	1	1	3315.99	0
54.521	1	1	1	3315.99	0
54.561	1	1	1	3315.99	0
54.601	1	1	1	3315.99	0
54.641	1	1	1	3315.99	0
54.681	1	1	1	3315.99	0
54.721	1	1	1	3315.99	0
54.761	1	1	1	3315.99	0
54.801	1	1	1	3315.99	0
54.841	1	1	1	3315.99	0
54.881	1	1	1	3315.99	0
54.921	1	1	1	3315.99	0
54.961	1	1	1	3315.99	0
55.001	1	1	1	3315.99	0
55.041	1	1	1	3315.99	0
55.081	1	1	1	3315.99	0
55.121	1	1	1	3315.99	0
55.161	1	1	1	3315.99	0
55.201	1	1	1	3315.99	0
55.241	1	1	1	3315.99	0
55.281	1	1	1	3315.99	0
55.321	1	1	1	3315.99	0
55.361	1	1	1	3315.99	0
55.401	1	1	1	3315.99	0
55.441	1	1	1	3315.99	0
55.481	1	1	1	3315.99	0
55.521	1	1	1	3315.99	0
55.561	1	1	1	3315.99	0
55.601	1	1	1	3315.99	0
55.641	1	1	1	3315.99	0
55.681	1	1	1	3315.99	0
55.721	1	1	1	3315.99	0
55.761	1	1	1	3315.99	0
55.801	1	1	1	3315.99	0
55.841	1	1	1	3315.99	0
55.881	1	1	1	3315.99	0
55.921	1	1	1	3315.99	0
55.961	1	1	1	3315.99	0
56.001	1	1	1	3315.99	0
56.041	1	1	1	3315.99	0
56.081	1	1	1	3315.99	0
56.121	1	1	1	3315.99	0
56.161	1	1	1	3315.99	0
56.201	1	1	1	3315.99	0
56.241	1	1	1	3315.99	0
56.281	1	1	1	3315.99	0
56.321	1	1	1	3315.99	0
56.361	1	1	1	3315.99	0
56.401	1	1	1	3315.99	0
56.441	1	1	1	3315.99	0
56.481	1	1	1	3315.99	0
56.521	1	1	1	3315.99	0
56.561	1	1	1	3315.99	0
56.601	1	1	1	3315.99	0
56.641	1	1	1	3315.99	0
56.681	1	1	1	3315.99	0
56.721	1	1	1	3315.99	0
56.761	1	1	1	3315.99	0
56.801	1	1	1	3315.99	0
56.841	1	1	1	3315.99	0
56.881	1	1	1	3315.99	0
56.921	1	1	1	3315.99	0
56.961	1	1	1	3315.99	0
57.001	1	1	1	3315.99	0
57.041	1	1	1	3315.99	0
57.081	1	1	1	3315.99	0
57.121	1	1	1	3315.99	0
57.161	1	1	1	3315.99	0
57.201	1	1	1	3315.99	0
57.241	1	1	1	3315.99	0
57.281	1	1	1	3315.99	0
57.321	1	1	1	3315.99	0
57.361	1	1	1	3315.99	0
57.401	1	1	1	3315.99	0
57.441	1	1	1	3315.99	0
57.481	1	1	1	3315.99	0
57.521	1	1	1	3315.99	0
57.561	1	1	1	3315.99	0
57.601	1	1	1	3315.99	0
57.641	1	1	1	3315.99	0
57.681	1	1	1	3315.99	0
57.721	1	1	1	3315.99	0
57.761	1	1	1	3315.99	0
57.801	1	1	1	3315.99	0
57.841	1	1	1	3315.99	0
57.881	1	1	1	3315.99	0
57.921	1	1	1	3315.99	0
57.961	1	1	1	3315.99	0
58.001	1	1	1	3315.99	0
58.041	1	1	1	3315.99	0
58.081	1	1	1	3315.99	0
58.121	1	1	1	3315.99	0
58.161	1	1	1	3315.99	0
58.201	1	1	1	3315.99	0
58.241	1	1	1	3315.99	0
58.281	1	1	1	3315.99	0
58.321	1	1	1	3315.99	0
58.361	1	1	1	3315.99	0
58.401	1	1	1	3315.99	0
58.441	1	1	1	3315.99	0
58.481	1	1	1	3315.99	0
58.521	1	1	1	3315.99	0
58.561	1	1	1	3315.99	0
58.601	1	1	1	3315.99	0
58.641	1	1	1	3315.99	0
58.681	1	1	1	3315.99	0
58.721	1	1	1	3315.99	0
58.761	1	1	1	3315.99	0
58.801	1	1	1	3315.99	0
58.841	1	1	1	3315.99	0
58.881	1	1	1	3315.99	0
58.921	1	1	1	3315.99	0
58.961	1	1	1	3315.99	0
59.001	1	1	1	3315.99	0
59.041	1	1	1	3315.99	0
59.081	1	1	1	3315.99	0
59.121	1	1	1	3315.99	0
59.161	1	1	1	3315.99	0
59.201	1	1	1	3315.99	0
59.241	1	1	1	3315.99	0
59.281	1	1	1	3315.99	0
59.321	1	1	1	3315.99	0
59.361	1	1	1	3315.99	0
59.401	1	1	1	3315.99	0
59.441	1	1	1	3315.99	0
59.481	1	1	1	3315.99	0
59.521	1	1	1	3315.99	0
59.561	1	1	1	3315.99	0
59.601	1	1	1	3315.99	0
59.641	1	1	1	3315.99	0
59.681	1	1	1	3315.99	0
59.721	1	1	1	3315.99	0
59.761	1	1	1	3315.99	0
59.801	1	1	1	3315.99	0
59.841	1	1	1	3315.99	0
59.881	1	1	1	3315.99	0
59.921	1	1	1	3315.99	0
59.961	1	1	1	3315.99	0
