% time	cellId	IMSI	RNTI	sinrLinear	componentCarrierId
0.041	1	1	1	6743.07	0
0.081	1	1	1	2190.56	0
0.121	1	1	1	760.947	0
0.161	1	1	1	3899.18	0
0.201	1	1	1	15836.2	0
0.241	1	1	1	1933.44	0
0.281	1	1	1	11321.3	0
0.321	1	1	1	9025.89	0
0.361	1	1	1	3725.33	0
0.401	1	1	1	5120.13	0
0.441	1	1	1	3040.51	0
0.481	1	1	1	7778.4	0
0.521	1	1	1	8327.23	0
0.561	1	1	1	3660.32	0
0.601	1	1	1	8672.82	0
0.641	1	1	1	12833.4	0
0.681	1	1	1	2807.6	0
0.721	1	1	1	948.922	0
0.761	1	1	1	1249.95	0
0.801	1	1	1	2400.98	0
0.841	1	1	1	1074.33	0
0.881	1	1	1	1232.68	0
0.921	1	1	1	3320.39	0
0.961	1	1	1	2540.05	0
1.001	1	1	1	2484.54	0
1.041	1	1	1	8026.66	0
1.081	1	1	1	4655.78	0
1.121	1	1	1	7441.92	0
1.161	1	1	1	16760.5	0
1.201	1	1	1	16857.1	0
1.241	1	1	1	3270.92	0
1.281	1	1	1	2922.66	0
1.321	1	1	1	780.078	0
1.361	1	1	1	3714.6	0
1.401	1	1	1	19040.7	0
1.441	1	1	1	10361.1	0
1.481	1	1	1	9199.57	0
1.521	1	1	1	2153.01	0
1.561	1	1	1	4707.65	0
1.601	1	1	1	9241.07	0
1.641	1	1	1	15247.6	0
1.681	1	1	1	24553.8	0
1.721	1	1	1	4888.56	0
1.761	1	1	1	5440.03	0
1.801	1	1	1	15311.6	0
1.841	1	1	1	3913.26	0
1.881	1	1	1	6617.67	0
1.921	1	1	1	4655.71	0
1.961	1	1	1	2418.85	0
2.001	1	1	1	2350.81	0
2.041	1	1	1	1984.17	0
2.081	1	1	1	1270.13	0
2.121	1	1	1	1822.53	0
2.161	1	1	1	2920.63	0
2.201	1	1	1	6797.7	0
2.241	1	1	1	10076.3	0
2.281	1	1	1	3252.48	0
2.321	1	1	1	3823.04	0
2.361	1	1	1	9314.58	0
2.401	1	1	1	8806.41	0
2.441	1	1	1	6354.29	0
2.481	1	1	1	6498.72	0
2.521	1	1	1	1974.56	0
2.561	1	1	1	5571.32	0
2.601	1	1	1	9121.69	0
2.641	1	1	1	5731.93	0
2.681	1	1	1	6002.48	0
2.721	1	1	1	7331.24	0
2.761	1	1	1	2380.49	0
2.801	1	1	1	2724.76	0
2.841	1	1	1	2381.82	0
2.881	1	1	1	1973.25	0
2.921	1	1	1	3373.26	0
2.961	1	1	1	1924.71	0
3.001	1	1	1	7912.41	0
3.041	1	1	1	8311.87	0
3.081	1	1	1	2079.1	0
3.121	1	1	1	3825.47	0
3.161	1	1	1	3399.88	0
3.201	1	1	1	3676.08	0
3.241	1	1	1	8120.81	0
3.281	1	1	1	5257	0
3.321	1	1	1	4653.14	0
3.361	1	1	1	6146.92	0
3.401	1	1	1	4154.92	0
3.441	1	1	1	2127.77	0
3.481	1	1	1	2495.84	0
3.521	1	1	1	11309.1	0
3.561	1	1	1	4982.2	0
3.601	1	1	1	9140.3	0
3.641	1	1	1	6171.35	0
3.681	1	1	1	3845.41	0
3.721	1	1	1	8208.14	0
3.761	1	1	1	7167.64	0
3.801	1	1	1	4964.5	0
3.841	1	1	1	5015.83	0
3.881	1	1	1	2332.88	0
3.921	1	1	1	3054.83	0
3.961	1	1	1	6424.27	0
4.001	1	1	1	3016.82	0
4.041	1	1	1	4413.61	0
4.081	1	1	1	3318.43	0
4.121	1	1	1	5584.4	0
4.161	1	1	1	5996.29	0
4.201	1	1	1	4769.65	0
4.241	1	1	1	3795.9	0
4.281	1	1	1	3548.93	0
4.321	1	1	1	9584.28	0
4.361	1	1	1	4285.66	0
4.401	1	1	1	2105.1	0
4.441	1	1	1	4894.83	0
4.481	1	1	1	2660.42	0
4.521	1	1	1	14798.5	0
4.561	1	1	1	4810.3	0
4.601	1	1	1	2735.26	0
4.641	1	1	1	3084.93	0
4.681	1	1	1	2884.76	0
4.721	1	1	1	4506.91	0
4.761	1	1	1	3988.18	0
4.801	1	1	1	7615.13	0
4.841	1	1	1	4831.9	0
4.881	1	1	1	2764.11	0
4.921	1	1	1	5353.09	0
4.961	1	1	1	1340.99	0
5.001	1	1	1	7711.51	0
5.041	1	1	1	12500.5	0
5.081	1	1	1	8500.85	0
5.121	1	1	1	6777.78	0
5.161	1	1	1	2344.59	0
5.201	1	1	1	1358.27	0
5.241	1	1	1	1213.28	0
5.281	1	1	1	2185.95	0
5.321	1	1	1	7736.89	0
5.361	1	1	1	7497.9	0
5.401	1	1	1	3513.29	0
5.441	1	1	1	3535.53	0
5.481	1	1	1	1869.87	0
5.521	1	1	1	3188.33	0
5.561	1	1	1	7195.24	0
5.601	1	1	1	4764.62	0
5.641	1	1	1	12873.8	0
5.681	1	1	1	14713.6	0
5.721	1	1	1	4715.81	0
5.761	1	1	1	7768.29	0
5.801	1	1	1	16736.7	0
5.841	1	1	1	9077.27	0
5.881	1	1	1	10525	0
5.921	1	1	1	23158.9	0
5.961	1	1	1	13346.2	0
6.001	1	1	1	4171.85	0
6.041	1	1	1	1549.11	0
6.081	1	1	1	1781.79	0
6.121	1	1	1	3262.69	0
6.161	1	1	1	6236.61	0
6.201	1	1	1	5277.47	0
6.241	1	1	1	2559.57	0
6.281	1	1	1	6595.53	0
6.321	1	1	1	3320.61	0
6.361	1	1	1	3964.78	0
6.401	1	1	1	1922.37	0
6.441	1	1	1	1839.45	0
6.481	1	1	1	7190.58	0
6.521	1	1	1	6337.47	0
6.561	1	1	1	4325.83	0
6.601	1	1	1	5643.99	0
6.641	1	1	1	3362.75	0
6.681	1	1	1	2529.82	0
6.721	1	1	1	7109.29	0
6.761	1	1	1	2187.81	0
6.801	1	1	1	1581.03	0
6.841	1	1	1	2614.74	0
6.881	1	1	1	5249.08	0
6.921	1	1	1	11975.4	0
6.961	1	1	1	3662.06	0
7.001	1	1	1	6060.28	0
7.041	1	1	1	7859.9	0
7.081	1	1	1	14831.3	0
7.121	1	1	1	7653.55	0
7.161	1	1	1	9598.28	0
7.201	1	1	1	4339.04	0
7.241	1	1	1	7000.45	0
7.281	1	1	1	3923.64	0
7.321	1	1	1	2069.23	0
7.361	1	1	1	8446.86	0
7.401	1	1	1	8324.47	0
7.441	1	1	1	10383.6	0
7.481	1	1	1	9900.67	0
7.521	1	1	1	15886.4	0
7.561	1	1	1	12042.2	0
7.601	1	1	1	6170.82	0
7.641	1	1	1	3867.07	0
7.681	1	1	1	4701.82	0
7.721	1	1	1	2412.61	0
7.761	1	1	1	3142.12	0
7.801	1	1	1	7165.19	0
7.841	1	1	1	1853.93	0
7.881	1	1	1	6363.77	0
7.921	1	1	1	9613.18	0
7.961	1	1	1	8867.13	0
8.001	1	1	1	2327.93	0
8.041	1	1	1	6646.64	0
8.081	1	1	1	2497.78	0
8.121	1	1	1	2191.1	0
8.161	1	1	1	24851.3	0
8.201	1	1	1	8597.86	0
8.241	1	1	1	6998.35	0
8.281	1	1	1	6315.96	0
8.321	1	1	1	4327.81	0
8.361	1	1	1	5584.23	0
8.401	1	1	1	2285.31	0
8.441	1	1	1	6408.97	0
8.481	1	1	1	8962.78	0
8.521	1	1	1	7875.4	0
8.561	1	1	1	9969.93	0
8.601	1	1	1	6058.07	0
8.641	1	1	1	8618.98	0
8.681	1	1	1	4430.75	0
8.721	1	1	1	1365.07	0
8.761	1	1	1	2944.24	0
8.801	1	1	1	3805.87	0
8.841	1	1	1	5709.96	0
8.881	1	1	1	10401.6	0
8.921	1	1	1	3117.46	0
8.961	1	1	1	3447.97	0
9.001	1	1	1	2903.88	0
9.041	1	1	1	5342.9	0
9.081	1	1	1	6877.16	0
9.121	1	1	1	6757.16	0
9.161	1	1	1	7860.53	0
9.201	1	1	1	14392	0
9.241	1	1	1	3031.99	0
9.281	1	1	1	2714.49	0
9.321	1	1	1	2463.42	0
9.361	1	1	1	667.591	0
9.401	1	1	1	1197.66	0
9.441	1	1	1	3219.93	0
9.481	1	1	1	13583.8	0
9.521	1	1	1	4502.48	0
9.561	1	1	1	957.924	0
9.601	1	1	1	2018.82	0
9.641	1	1	1	2988.73	0
9.681	1	1	1	712.266	0
9.721	1	1	1	2794.97	0
9.761	1	1	1	3339.35	0
9.801	1	1	1	2981.99	0
9.841	1	1	1	6613.1	0
9.881	1	1	1	5321.75	0
9.921	1	1	1	36561	0
9.961	1	1	1	10343.9	0
10.001	1	1	1	1946.41	0
10.041	1	1	1	17766.7	0
10.081	1	1	1	6650.85	0
10.121	1	1	1	2015.28	0
10.161	1	1	1	5720.6	0
10.201	1	1	1	10858	0
10.241	1	1	1	16759.6	0
10.281	1	1	1	18110.6	0
10.321	1	1	1	6436.57	0
10.361	1	1	1	3536.78	0
10.401	1	1	1	4038.46	0
10.441	1	1	1	1925.96	0
10.481	1	1	1	1338.67	0
10.521	1	1	1	2244.26	0
10.561	1	1	1	7084.45	0
10.601	1	1	1	6425.38	0
10.641	1	1	1	4711.71	0
10.681	1	1	1	11752.1	0
10.721	1	1	1	5287.18	0
10.761	1	1	1	3669.38	0
10.801	1	1	1	4127.62	0
10.841	1	1	1	1755.24	0
10.881	1	1	1	12972.9	0
10.921	1	1	1	14059.9	0
10.961	1	1	1	4240.56	0
11.001	1	1	1	4839.54	0
11.041	1	1	1	2216.38	0
11.081	1	1	1	2432.65	0
11.121	1	1	1	5573.07	0
11.161	1	1	1	8614.13	0
11.201	1	1	1	2902.99	0
11.241	1	1	1	6446.35	0
11.281	1	1	1	8634.97	0
11.321	1	1	1	5257.84	0
11.361	1	1	1	4632.39	0
11.401	1	1	1	1901.75	0
11.441	1	1	1	9051.89	0
11.481	1	1	1	23619	0
11.521	1	1	1	11771	0
11.561	1	1	1	18252.8	0
11.601	1	1	1	10040.7	0
11.641	1	1	1	5441.26	0
11.681	1	1	1	3208.14	0
11.721	1	1	1	1583.9	0
11.761	1	1	1	1848.14	0
11.801	1	1	1	1770.67	0
11.841	1	1	1	1777.82	0
11.881	1	1	1	11281.1	0
11.921	1	1	1	12227.1	0
11.961	1	1	1	10977.7	0
12.001	1	1	1	10118.5	0
12.041	1	1	1	12056.5	0
12.081	1	1	1	6077.96	0
12.121	1	1	1	4331.01	0
12.161	1	1	1	2003.56	0
12.201	1	1	1	24160.2	0
12.241	1	1	1	20459.9	0
12.281	1	1	1	7608.86	0
12.321	1	1	1	7532.31	0
12.361	1	1	1	6047.91	0
12.401	1	1	1	11382.2	0
12.441	1	1	1	8612.52	0
12.481	1	1	1	2590.39	0
12.521	1	1	1	1372.5	0
12.561	1	1	1	7088.54	0
12.601	1	1	1	6020.1	0
12.641	1	1	1	6607.58	0
12.681	1	1	1	14232.3	0
12.721	1	1	1	8894.44	0
12.761	1	1	1	4217.31	0
12.801	1	1	1	3522.59	0
12.841	1	1	1	3895.02	0
12.881	1	1	1	5094.89	0
12.921	1	1	1	4985.43	0
12.961	1	1	1	2014.9	0
13.001	1	1	1	1756.94	0
13.041	1	1	1	10986.4	0
13.081	1	1	1	6497.46	0
13.121	1	1	1	2944.67	0
13.161	1	1	1	8636.11	0
13.201	1	1	1	8995.11	0
13.241	1	1	1	6032.88	0
13.281	1	1	1	4864.97	0
13.321	1	1	1	4646.73	0
13.361	1	1	1	3227.84	0
13.401	1	1	1	1123.07	0
13.441	1	1	1	12231.9	0
13.481	1	1	1	3941.72	0
13.521	1	1	1	10695.4	0
13.561	1	1	1	7279.05	0
13.601	1	1	1	8996.64	0
13.641	1	1	1	8699.64	0
13.681	1	1	1	5647.98	0
13.721	1	1	1	2370.75	0
13.761	1	1	1	3453.57	0
13.801	1	1	1	2415.43	0
13.841	1	1	1	1090.14	0
13.881	1	1	1	7748.33	0
13.921	1	1	1	4288.68	0
13.961	1	1	1	18950.6	0
14.001	1	1	1	16964.5	0
14.041	1	1	1	16148	0
14.081	1	1	1	7158.33	0
14.121	1	1	1	14161.7	0
14.161	1	1	1	8960.6	0
14.201	1	1	1	2734.97	0
14.241	1	1	1	1236.9	0
14.281	1	1	1	1132.41	0
14.321	1	1	1	3766.76	0
14.361	1	1	1	4963.78	0
14.401	1	1	1	6065.26	0
14.441	1	1	1	6458.59	0
14.481	1	1	1	14041.1	0
14.521	1	1	1	1448.54	0
14.561	1	1	1	1936.12	0
14.601	1	1	1	3175.72	0
14.641	1	1	1	1346.41	0
14.681	1	1	1	1119.31	0
14.721	1	1	1	1329.03	0
14.761	1	1	1	739.448	0
14.801	1	1	1	3087.74	0
14.841	1	1	1	8219.46	0
14.881	1	1	1	6618.82	0
14.921	1	1	1	8957.21	0
14.961	1	1	1	21412.7	0
15.001	1	1	1	13353.6	0
15.041	1	1	1	17595.8	0
15.081	1	1	1	11290.9	0
15.121	1	1	1	16651.8	0
15.161	1	1	1	10639.8	0
15.201	1	1	1	9024.31	0
15.241	1	1	1	12271.3	0
15.281	1	1	1	7275.19	0
15.321	1	1	1	9095.26	0
15.361	1	1	1	5715.48	0
15.401	1	1	1	3356.77	0
15.441	1	1	1	3278.12	0
15.481	1	1	1	2424.02	0
15.521	1	1	1	3979.47	0
15.561	1	1	1	2321.24	0
15.601	1	1	1	2768.79	0
15.641	1	1	1	2162.37	0
15.681	1	1	1	1336.55	0
15.721	1	1	1	1858.01	0
15.761	1	1	1	3171.98	0
15.801	1	1	1	2847.11	0
15.841	1	1	1	1526.47	0
15.881	1	1	1	4424.13	0
15.921	1	1	1	6160.58	0
15.961	1	1	1	1974.5	0
16.001	1	1	1	3909.39	0
16.041	1	1	1	22443.3	0
16.081	1	1	1	3388.36	0
16.121	1	1	1	5555.46	0
16.161	1	1	1	16430.5	0
16.201	1	1	1	6988.97	0
16.241	1	1	1	9531.36	0
16.281	1	1	1	4235.68	0
16.321	1	1	1	7177.97	0
16.361	1	1	1	4806.94	0
16.401	1	1	1	2067.56	0
16.441	1	1	1	6712.47	0
16.481	1	1	1	8943.22	0
16.521	1	1	1	9355.35	0
16.561	1	1	1	7656.1	0
16.601	1	1	1	5302.16	0
16.641	1	1	1	3739.14	0
16.681	1	1	1	6803.82	0
16.721	1	1	1	7732.97	0
16.761	1	1	1	6020.29	0
16.801	1	1	1	3526.39	0
16.841	1	1	1	10755.3	0
16.881	1	1	1	4277.57	0
16.921	1	1	1	939.298	0
16.961	1	1	1	6571.06	0
17.001	1	1	1	3348.29	0
17.041	1	1	1	2687.32	0
17.081	1	1	1	676.572	0
17.121	1	1	1	8945.79	0
17.161	1	1	1	2755.21	0
17.201	1	1	1	1836.02	0
17.241	1	1	1	10477.6	0
17.281	1	1	1	4360.42	0
17.321	1	1	1	28071.7	0
17.361	1	1	1	21983.6	0
17.401	1	1	1	1588.96	0
17.441	1	1	1	3583.7	0
17.481	1	1	1	4229.63	0
17.521	1	1	1	5726	0
17.561	1	1	1	14769.3	0
17.601	1	1	1	3431.68	0
17.641	1	1	1	5610.15	0
17.681	1	1	1	14561	0
17.721	1	1	1	5435.74	0
17.761	1	1	1	4624.65	0
17.801	1	1	1	3900.44	0
17.841	1	1	1	4343.88	0
17.881	1	1	1	4026.48	0
17.921	1	1	1	1523.42	0
17.961	1	1	1	1688.41	0
18.001	1	1	1	3954.17	0
18.041	1	1	1	1883.4	0
18.081	1	1	1	4662.61	0
18.121	1	1	1	7506.72	0
18.161	1	1	1	2431.75	0
18.201	1	1	1	795.501	0
18.241	1	1	1	1922.28	0
18.281	1	1	1	2563.65	0
18.321	1	1	1	1796.84	0
18.361	1	1	1	2327.37	0
18.401	1	1	1	7352.21	0
18.441	1	1	1	5860.02	0
18.481	1	1	1	6342.91	0
18.521	1	1	1	2473.96	0
18.561	1	1	1	3481.36	0
18.601	1	1	1	2755.17	0
18.641	1	1	1	3935.38	0
18.681	1	1	1	1064.4	0
18.721	1	1	1	416.698	0
18.761	1	1	1	1133.68	0
18.801	1	1	1	338.237	0
18.841	1	1	1	2630.93	0
18.881	1	1	1	6817.74	0
18.921	1	1	1	5207.24	0
18.961	1	1	1	19446.5	0
19.001	1	1	1	8139.52	0
19.041	1	1	1	3244.42	0
19.081	1	1	1	4990.66	0
19.121	1	1	1	11560.4	0
19.161	1	1	1	8152.43	0
19.201	1	1	1	18172	0
19.241	1	1	1	15883.8	0
19.281	1	1	1	9280.61	0
19.321	1	1	1	8158.53	0
19.361	1	1	1	7856.99	0
19.401	1	1	1	6654.15	0
19.441	1	1	1	6208.52	0
19.481	1	1	1	9804.61	0
19.521	1	1	1	10449.2	0
19.561	1	1	1	9824.89	0
19.601	1	1	1	2175.34	0
19.641	1	1	1	6378.09	0
19.681	1	1	1	14141.8	0
19.721	1	1	1	5769.03	0
19.761	1	1	1	13409.5	0
19.801	1	1	1	3593.45	0
19.841	1	1	1	21761.1	0
19.881	1	1	1	14800.8	0
19.921	1	1	1	5229.26	0
19.961	1	1	1	8295.11	0
20.001	1	1	1	4906.83	0
20.041	1	1	1	1056.02	0
20.081	1	1	1	19581.7	0
20.121	1	1	1	10033.8	0
20.161	1	1	1	7441.22	0
20.201	1	1	1	9702.17	0
20.241	1	1	1	6981.7	0
20.281	1	1	1	19077.7	0
20.321	1	1	1	7164.26	0
20.361	1	1	1	2382.91	0
20.401	1	1	1	3200.49	0
20.441	1	1	1	5461.78	0
20.481	1	1	1	7468.41	0
20.521	1	1	1	2662.47	0
20.561	1	1	1	432.982	0
20.601	1	1	1	1691.39	0
20.641	1	1	1	1329.11	0
20.681	1	1	1	2795.55	0
20.721	1	1	1	5659.43	0
20.761	1	1	1	2235.76	0
20.801	1	1	1	6004.35	0
20.841	1	1	1	1237.97	0
20.881	1	1	1	788.608	0
20.921	1	1	1	3333.65	0
20.961	1	1	1	2239.71	0
21.001	1	1	1	5190.36	0
21.041	1	1	1	3404.58	0
21.081	1	1	1	8745.56	0
21.121	1	1	1	2736.31	0
21.161	1	1	1	2991.23	0
21.201	1	1	1	5444.71	0
21.241	1	1	1	2836.6	0
21.281	1	1	1	2633.66	0
21.321	1	1	1	10277.8	0
21.361	1	1	1	19776.1	0
21.401	1	1	1	7589.67	0
21.441	1	1	1	6973.17	0
21.481	1	1	1	6424.73	0
21.521	1	1	1	9162.01	0
21.561	1	1	1	9764.93	0
21.601	1	1	1	4034.82	0
21.641	1	1	1	14038.8	0
21.681	1	1	1	10224.1	0
21.721	1	1	1	5615.82	0
21.761	1	1	1	8412.88	0
21.801	1	1	1	3494.35	0
21.841	1	1	1	17022.6	0
21.881	1	1	1	14802.2	0
21.921	1	1	1	5912.77	0
21.961	1	1	1	7897.71	0
22.001	1	1	1	2617.4	0
22.041	1	1	1	4544.02	0
22.081	1	1	1	5420.78	0
22.121	1	1	1	5029.89	0
22.161	1	1	1	2293.41	0
22.201	1	1	1	1269.85	0
22.241	1	1	1	2836.14	0
22.281	1	1	1	1861.35	0
22.321	1	1	1	1241.04	0
22.361	1	1	1	2373.64	0
22.401	1	1	1	7620.92	0
22.441	1	1	1	17024.9	0
22.481	1	1	1	20322.3	0
22.521	1	1	1	8417.7	0
22.561	1	1	1	11153.9	0
22.601	1	1	1	8631.35	0
22.641	1	1	1	5104.41	0
22.681	1	1	1	2112.64	0
22.721	1	1	1	1779.39	0
22.761	1	1	1	4812.6	0
22.801	1	1	1	5414.91	0
22.841	1	1	1	4929.7	0
22.881	1	1	1	15850.1	0
22.921	1	1	1	21200.4	0
22.961	1	1	1	5408.71	0
23.001	1	1	1	6820.51	0
23.041	1	1	1	7390.98	0
23.081	1	1	1	3987.61	0
23.121	1	1	1	5603.68	0
23.161	1	1	1	7264.97	0
23.201	1	1	1	3114.5	0
23.241	1	1	1	6092.68	0
23.281	1	1	1	9282.87	0
23.321	1	1	1	5522.12	0
23.361	1	1	1	5879.83	0
23.401	1	1	1	3472.09	0
23.441	1	1	1	9981.07	0
23.481	1	1	1	17754.9	0
23.521	1	1	1	2757.57	0
23.561	1	1	1	2776.84	0
23.601	1	1	1	4118.08	0
23.641	1	1	1	1057.77	0
23.681	1	1	1	678.028	0
23.721	1	1	1	2321.42	0
23.761	1	1	1	5714.32	0
23.801	1	1	1	4018.25	0
23.841	1	1	1	8977.18	0
23.881	1	1	1	15450.5	0
23.921	1	1	1	15199.3	0
23.961	1	1	1	15133.7	0
24.001	1	1	1	3850.5	0
24.041	1	1	1	4238.5	0
24.081	1	1	1	10995.6	0
24.121	1	1	1	7124.4	0
24.161	1	1	1	3812.4	0
24.201	1	1	1	2934.12	0
24.241	1	1	1	1512.5	0
24.281	1	1	1	1439.79	0
24.321	1	1	1	1109.68	0
24.361	1	1	1	5821.51	0
24.401	1	1	1	7474.7	0
24.441	1	1	1	7906.52	0
24.481	1	1	1	19211.2	0
24.521	1	1	1	11667.9	0
24.561	1	1	1	2484.89	0
24.601	1	1	1	534.725	0
24.641	1	1	1	1502.32	0
24.681	1	1	1	1578.53	0
24.721	1	1	1	5331.39	0
24.761	1	1	1	2878.78	0
24.801	1	1	1	4120.92	0
24.841	1	1	1	14381.5	0
24.881	1	1	1	3977.73	0
24.921	1	1	1	4555.24	0
24.961	1	1	1	5203.88	0
25.001	1	1	1	5243.41	0
25.041	1	1	1	2376.47	0
25.081	1	1	1	8013.07	0
25.121	1	1	1	11858.5	0
25.161	1	1	1	3775.81	0
25.201	1	1	1	5744.77	0
25.241	1	1	1	17215.7	0
25.281	1	1	1	5323.84	0
25.321	1	1	1	968.191	0
25.361	1	1	1	1221.03	0
25.401	1	1	1	1537.04	0
25.441	1	1	1	950.668	0
25.481	1	1	1	2696.64	0
25.521	1	1	1	11905.1	0
25.561	1	1	1	4959.24	0
25.601	1	1	1	9371.07	0
25.641	1	1	1	6350.24	0
25.681	1	1	1	6906.73	0
25.721	1	1	1	2643.73	0
25.761	1	1	1	1766.59	0
25.801	1	1	1	10437.8	0
25.841	1	1	1	3395.05	0
25.881	1	1	1	1448.09	0
25.921	1	1	1	2997.07	0
25.961	1	1	1	1120.38	0
26.001	1	1	1	8519.61	0
26.041	1	1	1	3852.23	0
26.081	1	1	1	2894.46	0
26.121	1	1	1	4912.65	0
26.161	1	1	1	3661.25	0
26.201	1	1	1	12231.2	0
26.241	1	1	1	13352.4	0
26.281	1	1	1	10127.7	0
26.321	1	1	1	16046.8	0
26.361	1	1	1	14114.1	0
26.401	1	1	1	6413.98	0
26.441	1	1	1	2436.22	0
26.481	1	1	1	3036.51	0
26.521	1	1	1	2999.17	0
26.561	1	1	1	1811.97	0
26.601	1	1	1	4107.64	0
26.641	1	1	1	6746.9	0
26.681	1	1	1	2772.65	0
26.721	1	1	1	19592.7	0
26.761	1	1	1	2977.02	0
26.801	1	1	1	2341.32	0
26.841	1	1	1	13430.6	0
26.881	1	1	1	2977.93	0
26.921	1	1	1	9157.51	0
26.961	1	1	1	3885.91	0
27.001	1	1	1	4986.1	0
27.041	1	1	1	1868.47	0
27.081	1	1	1	4638.6	0
27.121	1	1	1	2303.74	0
27.161	1	1	1	2873.53	0
27.201	1	1	1	10096.8	0
27.241	1	1	1	17443.7	0
27.281	1	1	1	6341.69	0
27.321	1	1	1	1075.63	0
27.361	1	1	1	915.697	0
27.401	1	1	1	14618.3	0
27.441	1	1	1	1937.36	0
27.481	1	1	1	3020	0
27.521	1	1	1	1464.42	0
27.561	1	1	1	2823.41	0
27.601	1	1	1	6315.97	0
27.641	1	1	1	4646.52	0
27.681	1	1	1	3027.54	0
27.721	1	1	1	3003.49	0
27.761	1	1	1	2895.89	0
27.801	1	1	1	1218.28	0
27.841	1	1	1	2194.84	0
27.881	1	1	1	1073.42	0
27.921	1	1	1	5549.72	0
27.961	1	1	1	9484.53	0
28.001	1	1	1	9248.55	0
28.041	1	1	1	12339.9	0
28.081	1	1	1	11941.5	0
28.121	1	1	1	5124.2	0
28.161	1	1	1	8768.19	0
28.201	1	1	1	9857.93	0
28.241	1	1	1	1917.67	0
28.281	1	1	1	3342.51	0
28.321	1	1	1	1724.28	0
28.361	1	1	1	3986.23	0
28.401	1	1	1	7402.16	0
28.441	1	1	1	5229.69	0
28.481	1	1	1	11303.6	0
28.521	1	1	1	27225	0
28.561	1	1	1	6158.28	0
28.601	1	1	1	1668.51	0
28.641	1	1	1	3327.96	0
28.681	1	1	1	3332.28	0
28.721	1	1	1	8805.14	0
28.761	1	1	1	14186.1	0
28.801	1	1	1	1322.14	0
28.841	1	1	1	3242.37	0
28.881	1	1	1	6900.05	0
28.921	1	1	1	3451.54	0
28.961	1	1	1	1789.54	0
29.001	1	1	1	5114.36	0
29.041	1	1	1	4599.2	0
29.081	1	1	1	6804.24	0
29.121	1	1	1	9176.32	0
29.161	1	1	1	15051.4	0
29.201	1	1	1	10461.9	0
29.241	1	1	1	4761.5	0
29.281	1	1	1	8047.64	0
29.321	1	1	1	4212.83	0
29.361	1	1	1	1890.27	0
29.401	1	1	1	3152.42	0
29.441	1	1	1	3507.99	0
29.481	1	1	1	12506.2	0
29.521	1	1	1	1854.83	0
29.561	1	1	1	9840.67	0
29.601	1	1	1	16253.6	0
29.641	1	1	1	10450.9	0
29.681	1	1	1	18195.6	0
29.721	1	1	1	14225	0
29.761	1	1	1	4462.75	0
29.801	1	1	1	3757.15	0
29.841	1	1	1	2691.49	0
29.881	1	1	1	5444.7	0
29.921	1	1	1	5458.92	0
29.961	1	1	1	2245.99	0
30.001	1	1	1	1442.89	0
30.041	1	1	1	1011.7	0
30.081	1	1	1	1509.92	0
30.121	1	1	1	4253.59	0
30.161	1	1	1	2810.1	0
30.201	1	1	1	4295.04	0
30.241	1	1	1	7414.73	0
30.281	1	1	1	2321.61	0
30.321	1	1	1	1525.25	0
30.361	1	1	1	1770.5	0
30.401	1	1	1	950.972	0
30.441	1	1	1	805.083	0
30.481	1	1	1	3752.97	0
30.521	1	1	1	2396.89	0
30.561	1	1	1	1093.23	0
30.601	1	1	1	644.546	0
30.641	1	1	1	1562.05	0
30.681	1	1	1	2235.8	0
30.721	1	1	1	3554.17	0
30.761	1	1	1	8717.99	0
30.801	1	1	1	1634.12	0
30.841	1	1	1	1871.66	0
30.881	1	1	1	1856.36	0
30.921	1	1	1	825.909	0
30.961	1	1	1	1319.85	0
31.001	1	1	1	8250.34	0
31.041	1	1	1	4590.02	0
31.081	1	1	1	20105.1	0
31.121	1	1	1	7564.44	0
31.161	1	1	1	9315.61	0
31.201	1	1	1	6741.02	0
31.241	1	1	1	5179.06	0
31.281	1	1	1	12260.2	0
31.321	1	1	1	1169.22	0
31.361	1	1	1	3562.26	0
31.401	1	1	1	5246.59	0
31.441	1	1	1	3522.86	0
31.481	1	1	1	7556.15	0
31.521	1	1	1	1745.44	0
31.561	1	1	1	5825.87	0
31.601	1	1	1	9639.25	0
31.641	1	1	1	3056.35	0
31.681	1	1	1	10499.2	0
31.721	1	1	1	6575.57	0
31.761	1	1	1	5924.99	0
31.801	1	1	1	6316.38	0
31.841	1	1	1	5158.56	0
31.881	1	1	1	8612.47	0
31.921	1	1	1	3494.76	0
31.961	1	1	1	4890.64	0
32.001	1	1	1	6958.95	0
32.041	1	1	1	7368	0
32.081	1	1	1	8059.21	0
32.121	1	1	1	5880.23	0
32.161	1	1	1	6107.85	0
32.201	1	1	1	22943.4	0
32.241	1	1	1	24306.4	0
32.281	1	1	1	11377.9	0
32.321	1	1	1	27614.9	0
32.361	1	1	1	6102.57	0
32.401	1	1	1	2965.37	0
32.441	1	1	1	2452.04	0
32.481	1	1	1	2019.17	0
32.521	1	1	1	4776.29	0
32.561	1	1	1	3963.94	0
32.601	1	1	1	840.022	0
32.641	1	1	1	15020.3	0
32.681	1	1	1	11118.9	0
32.721	1	1	1	12455.7	0
32.761	1	1	1	1909.47	0
32.801	1	1	1	976.141	0
32.841	1	1	1	6843.99	0
32.881	1	1	1	6634.68	0
32.921	1	1	1	3382.35	0
32.961	1	1	1	3555.87	0
33.001	1	1	1	3332.92	0
33.041	1	1	1	10365	0
33.081	1	1	1	3544.61	0
33.121	1	1	1	6636.42	0
33.161	1	1	1	9876.61	0
33.201	1	1	1	1235.4	0
33.241	1	1	1	5932.13	0
33.281	1	1	1	7789.56	0
33.321	1	1	1	9196.25	0
33.361	1	1	1	7179.2	0
33.401	1	1	1	1157.83	0
33.441	1	1	1	22902.9	0
33.481	1	1	1	8555.44	0
33.521	1	1	1	10016.5	0
33.561	1	1	1	3047.37	0
33.601	1	1	1	2742.88	0
33.641	1	1	1	1956.12	0
33.681	1	1	1	17455.8	0
33.721	1	1	1	17132.3	0
33.761	1	1	1	8835.32	0
33.801	1	1	1	5370.55	0
33.841	1	1	1	2672.88	0
33.881	1	1	1	718.839	0
33.921	1	1	1	2429.02	0
33.961	1	1	1	2346.94	0
34.001	1	1	1	4587.31	0
34.041	1	1	1	1645.91	0
34.081	1	1	1	9480.79	0
34.121	1	1	1	5633.12	0
34.161	1	1	1	5676.46	0
34.201	1	1	1	2669.87	0
34.241	1	1	1	2356.22	0
34.281	1	1	1	4967.5	0
34.321	1	1	1	4790.7	0
34.361	1	1	1	5306.71	0
34.401	1	1	1	18649	0
34.441	1	1	1	3088.84	0
34.481	1	1	1	4600.45	0
34.521	1	1	1	4564.06	0
34.561	1	1	1	20900	0
34.601	1	1	1	7450.8	0
34.641	1	1	1	10295.4	0
34.681	1	1	1	10821.7	0
34.721	1	1	1	4933.12	0
34.761	1	1	1	3197.25	0
34.801	1	1	1	2031.97	0
34.841	1	1	1	3213.65	0
34.881	1	1	1	1914.42	0
34.921	1	1	1	1529.85	0
34.961	1	1	1	7263.67	0
35.001	1	1	1	4733.22	0
35.041	1	1	1	2365.16	0
35.081	1	1	1	3901.26	0
35.121	1	1	1	7616.96	0
35.161	1	1	1	7770.49	0
35.201	1	1	1	4907.45	0
35.241	1	1	1	8053.9	0
35.281	1	1	1	7198.18	0
35.321	1	1	1	1417.77	0
35.361	1	1	1	1767.77	0
35.401	1	1	1	2099.04	0
35.441	1	1	1	2548.35	0
35.481	1	1	1	7745.63	0
35.521	1	1	1	4018.99	0
35.561	1	1	1	2604.38	0
35.601	1	1	1	2133.43	0
35.641	1	1	1	2145.37	0
35.681	1	1	1	7440.71	0
35.721	1	1	1	3567.14	0
35.761	1	1	1	2921.4	0
35.801	1	1	1	4062.14	0
35.841	1	1	1	2415.32	0
35.881	1	1	1	13245.2	0
35.921	1	1	1	7517.95	0
35.961	1	1	1	4309.52	0
36.001	1	1	1	2838.61	0
36.041	1	1	1	7796.31	0
36.081	1	1	1	4835.49	0
36.121	1	1	1	1702.09	0
36.161	1	1	1	1600.9	0
36.201	1	1	1	1230.99	0
36.241	1	1	1	9155.74	0
36.281	1	1	1	28641.3	0
36.321	1	1	1	6982.9	0
36.361	1	1	1	7230.86	0
36.401	1	1	1	10446.4	0
36.441	1	1	1	1566.77	0
36.481	1	1	1	19591.8	0
36.521	1	1	1	4240.91	0
36.561	1	1	1	7078.56	0
36.601	1	1	1	1352.99	0
36.641	1	1	1	1010.87	0
36.681	1	1	1	1150.58	0
36.721	1	1	1	16234	0
36.761	1	1	1	8224.97	0
36.801	1	1	1	12121.6	0
36.841	1	1	1	5920.98	0
36.881	1	1	1	3186.35	0
36.921	1	1	1	6708.73	0
36.961	1	1	1	5041.86	0
37.001	1	1	1	8737.63	0
37.041	1	1	1	11572.7	0
37.081	1	1	1	9659.16	0
37.121	1	1	1	5133.3	0
37.161	1	1	1	7008.77	0
37.201	1	1	1	7947.59	0
37.241	1	1	1	3290	0
37.281	1	1	1	4387.49	0
37.321	1	1	1	6047.35	0
37.361	1	1	1	4914.08	0
37.401	1	1	1	8329.5	0
37.441	1	1	1	5733.01	0
37.481	1	1	1	2439.28	0
37.521	1	1	1	3211.39	0
37.561	1	1	1	7720.85	0
37.601	1	1	1	2088.09	0
37.641	1	1	1	2346.78	0
37.681	1	1	1	3497.49	0
37.721	1	1	1	1361.16	0
37.761	1	1	1	1618.75	0
37.801	1	1	1	1601.02	0
37.841	1	1	1	1255.85	0
37.881	1	1	1	10123.1	0
37.921	1	1	1	14073	0
37.961	1	1	1	16721.6	0
38.001	1	1	1	4166.27	0
38.041	1	1	1	4221.6	0
38.081	1	1	1	1773.7	0
38.121	1	1	1	3063.56	0
38.161	1	1	1	12122.2	0
38.201	1	1	1	20140.1	0
38.241	1	1	1	8360.55	0
38.281	1	1	1	20111.1	0
38.321	1	1	1	5620.63	0
38.361	1	1	1	1613.71	0
38.401	1	1	1	4536.54	0
38.441	1	1	1	5951.77	0
38.481	1	1	1	6412.72	0
38.521	1	1	1	19385.7	0
38.561	1	1	1	8088.79	0
38.601	1	1	1	11127.7	0
38.641	1	1	1	38569.3	0
38.681	1	1	1	5971.62	0
38.721	1	1	1	8789.47	0
38.761	1	1	1	17201.8	0
38.801	1	1	1	3613.97	0
38.841	1	1	1	3193.48	0
38.881	1	1	1	509.205	0
38.921	1	1	1	11700.9	0
38.961	1	1	1	7521.07	0
39.001	1	1	1	4035.04	0
39.041	1	1	1	2631.71	0
39.081	1	1	1	2835.55	0
39.121	1	1	1	1759.56	0
39.161	1	1	1	1075.67	0
39.201	1	1	1	1798.43	0
39.241	1	1	1	2733.77	0
39.281	1	1	1	1798.16	0
39.321	1	1	1	1810.64	0
39.361	1	1	1	1173.62	0
39.401	1	1	1	3175.91	0
39.441	1	1	1	10248.1	0
39.481	1	1	1	3942.79	0
39.521	1	1	1	2203.34	0
39.561	1	1	1	5372.61	0
39.601	1	1	1	3725.26	0
39.641	1	1	1	2096.36	0
39.681	1	1	1	3449.89	0
39.721	1	1	1	3673.13	0
39.761	1	1	1	4349.47	0
39.801	1	1	1	10678.1	0
39.841	1	1	1	8755.27	0
39.881	1	1	1	1595.52	0
39.921	1	1	1	1117.34	0
39.961	1	1	1	1327.63	0
40.001	1	1	1	1517.76	0
40.041	1	1	1	2613.83	0
40.081	1	1	1	1309.99	0
40.121	1	1	1	4766.86	0
40.161	1	1	1	11567.5	0
40.201	1	1	1	6058.83	0
40.241	1	1	1	11045.1	0
40.281	1	1	1	3043.91	0
40.321	1	1	1	3069.67	0
40.361	1	1	1	9140.52	0
40.401	1	1	1	3234.45	0
40.441	1	1	1	2875.39	0
40.481	1	1	1	8545.04	0
40.521	1	1	1	7580.49	0
40.561	1	1	1	3732.37	0
40.601	1	1	1	2873.35	0
40.641	1	1	1	2777.41	0
40.681	1	1	1	3901.24	0
40.721	1	1	1	21865.1	0
40.761	1	1	1	7730.48	0
40.801	1	1	1	2189.1	0
40.841	1	1	1	7963.3	0
40.881	1	1	1	7297.53	0
40.921	1	1	1	1636.02	0
40.961	1	1	1	1655.8	0
41.001	1	1	1	8601.54	0
41.041	1	1	1	4115.31	0
41.081	1	1	1	2844.19	0
41.121	1	1	1	1624.19	0
41.161	1	1	1	3724.88	0
41.201	1	1	1	2649.51	0
41.241	1	1	1	1364.45	0
41.281	1	1	1	2505.67	0
41.321	1	1	1	1198.27	0
41.361	1	1	1	1330.16	0
41.401	1	1	1	1754.13	0
41.441	1	1	1	1825.66	0
41.481	1	1	1	6602.44	0
41.521	1	1	1	2746.51	0
41.561	1	1	1	2558.85	0
41.601	1	1	1	1089.75	0
41.641	1	1	1	5882.8	0
41.681	1	1	1	4724.74	0
41.721	1	1	1	5935.48	0
41.761	1	1	1	11337.7	0
41.801	1	1	1	10376	0
41.841	1	1	1	10146.9	0
41.881	1	1	1	3116.46	0
41.921	1	1	1	4987.72	0
41.961	1	1	1	5649.86	0
42.001	1	1	1	3938.16	0
42.041	1	1	1	4213.2	0
42.081	1	1	1	4908.05	0
42.121	1	1	1	3504.5	0
42.161	1	1	1	10651.2	0
42.201	1	1	1	3181.96	0
42.241	1	1	1	2962.8	0
42.281	1	1	1	8529.65	0
42.321	1	1	1	4553.57	0
42.361	1	1	1	3583.69	0
42.401	1	1	1	2080.29	0
42.441	1	1	1	3871.53	0
42.481	1	1	1	7483.18	0
42.521	1	1	1	3337.65	0
42.561	1	1	1	1391.71	0
42.601	1	1	1	665.904	0
42.641	1	1	1	875.145	0
42.681	1	1	1	13475.8	0
42.721	1	1	1	7925.08	0
42.761	1	1	1	15778.2	0
42.801	1	1	1	7015.36	0
42.841	1	1	1	5452.78	0
42.881	1	1	1	1298.65	0
42.921	1	1	1	3901.72	0
42.961	1	1	1	12990.2	0
43.001	1	1	1	5316.46	0
43.041	1	1	1	2572.58	0
43.081	1	1	1	5658.61	0
43.121	1	1	1	2739.19	0
43.161	1	1	1	3258.97	0
43.201	1	1	1	2563.23	0
43.241	1	1	1	3726.93	0
43.281	1	1	1	7575.6	0
43.321	1	1	1	1855.79	0
43.361	1	1	1	2969.45	0
43.401	1	1	1	5095.5	0
43.441	1	1	1	3494.41	0
43.481	1	1	1	12082.1	0
43.521	1	1	1	1494.28	0
43.561	1	1	1	1022.45	0
43.601	1	1	1	4297.75	0
43.641	1	1	1	3232.18	0
43.681	1	1	1	2483.27	0
43.721	1	1	1	5930.54	0
43.761	1	1	1	11498.7	0
43.801	1	1	1	28436.8	0
43.841	1	1	1	24971.2	0
43.881	1	1	1	3534.78	0
43.921	1	1	1	10675.2	0
43.961	1	1	1	10401.6	0
44.001	1	1	1	7664.81	0
44.041	1	1	1	2518.39	0
44.081	1	1	1	4883.62	0
44.121	1	1	1	5818.34	0
44.161	1	1	1	12175.5	0
44.201	1	1	1	9351.5	0
44.241	1	1	1	7328.52	0
44.281	1	1	1	7083.85	0
44.321	1	1	1	5200.55	0
44.361	1	1	1	4703.69	0
44.401	1	1	1	1797.88	0
44.441	1	1	1	3454.35	0
44.481	1	1	1	4931.9	0
44.521	1	1	1	4143.88	0
44.561	1	1	1	2898.65	0
44.601	1	1	1	3545.32	0
44.641	1	1	1	7012.55	0
44.681	1	1	1	4006.95	0
44.721	1	1	1	1806.33	0
44.761	1	1	1	1594.69	0
44.801	1	1	1	1283.76	0
44.841	1	1	1	2200.37	0
44.881	1	1	1	895.858	0
44.921	1	1	1	5044.54	0
44.961	1	1	1	14111.6	0
45.001	1	1	1	1044.39	0
45.041	1	1	1	2281.34	0
45.081	1	1	1	987.169	0
45.121	1	1	1	2890.44	0
45.161	1	1	1	7372.32	0
45.201	1	1	1	15554	0
45.241	1	1	1	15665.6	0
45.281	1	1	1	2870.28	0
45.321	1	1	1	1395.24	0
45.361	1	1	1	10753.3	0
45.401	1	1	1	2984.86	0
45.441	1	1	1	1682.54	0
45.481	1	1	1	4994.71	0
45.521	1	1	1	2755.11	0
45.561	1	1	1	2860.51	0
45.601	1	1	1	2398.02	0
45.641	1	1	1	847.847	0
45.681	1	1	1	2196.25	0
45.721	1	1	1	3463.22	0
45.761	1	1	1	10422.9	0
45.801	1	1	1	10148.9	0
45.841	1	1	1	5915.59	0
45.881	1	1	1	6570.18	0
45.921	1	1	1	1613.48	0
45.961	1	1	1	1433.54	0
46.001	1	1	1	6797.29	0
46.041	1	1	1	829.856	0
46.081	1	1	1	4173.63	0
46.121	1	1	1	19942.4	0
46.161	1	1	1	11575.9	0
46.201	1	1	1	11573.9	0
46.241	1	1	1	1249.04	0
46.281	1	1	1	3738.62	0
46.321	1	1	1	21404	0
46.361	1	1	1	1473.45	0
46.401	1	1	1	2685.07	0
46.441	1	1	1	16543.7	0
46.481	1	1	1	12224.9	0
46.521	1	1	1	4658.29	0
46.561	1	1	1	7560.07	0
46.601	1	1	1	9144.66	0
46.641	1	1	1	12705.9	0
46.681	1	1	1	5049.39	0
46.721	1	1	1	5141.9	0
46.761	1	1	1	14717.6	0
46.801	1	1	1	11344.9	0
46.841	1	1	1	9673.03	0
46.881	1	1	1	11485	0
46.921	1	1	1	9419.72	0
46.961	1	1	1	2614.3	0
47.001	1	1	1	2604.65	0
47.041	1	1	1	10583.8	0
47.081	1	1	1	6655.48	0
47.121	1	1	1	7830.92	0
47.161	1	1	1	1467.43	0
47.201	1	1	1	3122.28	0
47.241	1	1	1	8420.23	0
47.281	1	1	1	7504.2	0
47.321	1	1	1	10604.5	0
47.361	1	1	1	4012.37	0
47.401	1	1	1	8322.02	0
47.441	1	1	1	21978.5	0
47.481	1	1	1	3829.59	0
47.521	1	1	1	1498.06	0
47.561	1	1	1	3703.88	0
47.601	1	1	1	4407.49	0
47.641	1	1	1	4543.05	0
47.681	1	1	1	6334.72	0
47.721	1	1	1	3683.39	0
47.761	1	1	1	4432.31	0
47.801	1	1	1	10090.1	0
47.841	1	1	1	4896.97	0
47.881	1	1	1	1933.94	0
47.921	1	1	1	7496.97	0
47.961	1	1	1	8867.9	0
48.001	1	1	1	6419.86	0
48.041	1	1	1	5422.8	0
48.081	1	1	1	3754.14	0
48.121	1	1	1	4617.92	0
48.161	1	1	1	4335.67	0
48.201	1	1	1	8814.8	0
48.241	1	1	1	1662.01	0
48.281	1	1	1	2754.27	0
48.321	1	1	1	18327.8	0
48.361	1	1	1	2898.03	0
48.401	1	1	1	2751.45	0
48.441	1	1	1	5673.56	0
48.481	1	1	1	6156.4	0
48.521	1	1	1	2409.53	0
48.561	1	1	1	2232.64	0
48.601	1	1	1	5402.43	0
48.641	1	1	1	10355	0
48.681	1	1	1	9544.33	0
48.721	1	1	1	2090.69	0
48.761	1	1	1	3439.84	0
48.801	1	1	1	1618.45	0
48.841	1	1	1	8722.05	0
48.881	1	1	1	25644.1	0
48.921	1	1	1	4492.88	0
48.961	1	1	1	9066.56	0
49.001	1	1	1	2337.17	0
49.041	1	1	1	3642.11	0
49.081	1	1	1	6470.74	0
49.121	1	1	1	862.156	0
49.161	1	1	1	3654.08	0
49.201	1	1	1	8089.24	0
49.241	1	1	1	14044	0
49.281	1	1	1	13922.2	0
49.321	1	1	1	2026.42	0
49.361	1	1	1	5054.2	0
49.401	1	1	1	19365.2	0
49.441	1	1	1	2655.69	0
49.481	1	1	1	2554.09	0
49.521	1	1	1	7214.09	0
49.561	1	1	1	10672.1	0
49.601	1	1	1	3733.97	0
49.641	1	1	1	3763.23	0
49.681	1	1	1	13220.8	0
49.721	1	1	1	4292.55	0
49.761	1	1	1	3232.16	0
49.801	1	1	1	6436.83	0
49.841	1	1	1	2132.81	0
49.881	1	1	1	2084.33	0
49.921	1	1	1	756.223	0
49.961	1	1	1	15673	0
50.001	1	1	1	8399.86	0
50.041	1	1	1	3458.32	0
50.081	1	1	1	3346.91	0
50.121	1	1	1	12686.5	0
50.161	1	1	1	4382.48	0
50.201	1	1	1	1673.43	0
50.241	1	1	1	4262.65	0
50.281	1	1	1	2575.1	0
50.321	1	1	1	8467.61	0
50.361	1	1	1	15010.1	0
50.401	1	1	1	3082.4	0
50.441	1	1	1	4780.13	0
50.481	1	1	1	9941.35	0
50.521	1	1	1	6654.42	0
50.561	1	1	1	9125.03	0
50.601	1	1	1	4578.93	0
50.641	1	1	1	7396.38	0
50.681	1	1	1	4274.94	0
50.721	1	1	1	5604.1	0
50.761	1	1	1	4824.62	0
50.801	1	1	1	9708.17	0
50.841	1	1	1	23098.7	0
50.881	1	1	1	10295.9	0
50.921	1	1	1	9588.79	0
50.961	1	1	1	2824.69	0
51.001	1	1	1	3659.66	0
51.041	1	1	1	2177.53	0
51.081	1	1	1	5295.81	0
51.121	1	1	1	2459.83	0
51.161	1	1	1	5232.71	0
51.201	1	1	1	5570.28	0
51.241	1	1	1	14343	0
51.281	1	1	1	7188.29	0
51.321	1	1	1	6046.26	0
51.361	1	1	1	8585.78	0
51.401	1	1	1	1930.87	0
51.441	1	1	1	2290.74	0
51.481	1	1	1	2881.26	0
51.521	1	1	1	14090.6	0
51.561	1	1	1	3854.39	0
51.601	1	1	1	2263.48	0
51.641	1	1	1	8353.02	0
51.681	1	1	1	7179.9	0
51.721	1	1	1	1680.41	0
51.761	1	1	1	6625.79	0
51.801	1	1	1	5535.8	0
51.841	1	1	1	6009.33	0
51.881	1	1	1	7631.63	0
51.921	1	1	1	2697.54	0
51.961	1	1	1	4763.34	0
52.001	1	1	1	2963.8	0
52.041	1	1	1	2226.88	0
52.081	1	1	1	11490	0
52.121	1	1	1	5180.02	0
52.161	1	1	1	9776.06	0
52.201	1	1	1	20400.5	0
52.241	1	1	1	4571.98	0
52.281	1	1	1	32617.2	0
52.321	1	1	1	20575.9	0
52.361	1	1	1	3742.06	0
52.401	1	1	1	18802.4	0
52.441	1	1	1	8098.61	0
52.481	1	1	1	3172.41	0
52.521	1	1	1	2697.56	0
52.561	1	1	1	1697.87	0
52.601	1	1	1	2285.7	0
52.641	1	1	1	5675.68	0
52.681	1	1	1	3763.02	0
52.721	1	1	1	2771.98	0
52.761	1	1	1	9850.64	0
52.801	1	1	1	3797.69	0
52.841	1	1	1	4641.02	0
52.881	1	1	1	8503.43	0
52.921	1	1	1	4480.64	0
52.961	1	1	1	4843.93	0
53.001	1	1	1	6857.71	0
53.041	1	1	1	1007.89	0
53.081	1	1	1	1792.19	0
53.121	1	1	1	4903.91	0
53.161	1	1	1	2386.15	0
53.201	1	1	1	2093.02	0
53.241	1	1	1	2274.5	0
53.281	1	1	1	1901.73	0
53.321	1	1	1	5187.44	0
53.361	1	1	1	2222.12	0
53.401	1	1	1	1506	0
53.441	1	1	1	2878.22	0
53.481	1	1	1	3026.6	0
53.521	1	1	1	3764.76	0
53.561	1	1	1	4341.49	0
53.601	1	1	1	16172.9	0
53.641	1	1	1	36223.1	0
53.681	1	1	1	16803.3	0
53.721	1	1	1	2746.8	0
53.761	1	1	1	12605.9	0
53.801	1	1	1	5711.26	0
53.841	1	1	1	4944.81	0
53.881	1	1	1	5016.76	0
53.921	1	1	1	5419.59	0
53.961	1	1	1	11072	0
54.001	1	1	1	12277.9	0
54.041	1	1	1	20056.7	0
54.081	1	1	1	1835.87	0
54.121	1	1	1	1013.99	0
54.161	1	1	1	3988.41	0
54.201	1	1	1	3703.42	0
54.241	1	1	1	1538.81	0
54.281	1	1	1	13652.7	0
54.321	1	1	1	5247.6	0
54.361	1	1	1	1861.99	0
54.401	1	1	1	3146.74	0
54.441	1	1	1	1982.05	0
54.481	1	1	1	1281.21	0
54.521	1	1	1	16275.8	0
54.561	1	1	1	9705.86	0
54.601	1	1	1	7136.53	0
54.641	1	1	1	6523.16	0
54.681	1	1	1	4517.33	0
54.721	1	1	1	9249.46	0
54.761	1	1	1	6921.16	0
54.801	1	1	1	9944.32	0
54.841	1	1	1	5073.71	0
54.881	1	1	1	2051	0
54.921	1	1	1	2928.51	0
54.961	1	1	1	1899.32	0
55.001	1	1	1	3902.55	0
55.041	1	1	1	4068.46	0
55.081	1	1	1	1202.53	0
55.121	1	1	1	1705.27	0
55.161	1	1	1	3743.03	0
55.201	1	1	1	6092.82	0
55.241	1	1	1	5362.25	0
55.281	1	1	1	6888.94	0
55.321	1	1	1	6115.95	0
55.361	1	1	1	4403.76	0
55.401	1	1	1	10334	0
55.441	1	1	1	2892.61	0
55.481	1	1	1	4975.15	0
55.521	1	1	1	6684.98	0
55.561	1	1	1	1171.2	0
55.601	1	1	1	1780.46	0
55.641	1	1	1	7242.65	0
55.681	1	1	1	1967.37	0
55.721	1	1	1	14116.6	0
55.761	1	1	1	21652	0
55.801	1	1	1	4890.1	0
55.841	1	1	1	9353.54	0
55.881	1	1	1	1712.98	0
55.921	1	1	1	1242.07	0
55.961	1	1	1	10193.2	0
56.001	1	1	1	1353.34	0
56.041	1	1	1	15402.3	0
56.081	1	1	1	7266.62	0
56.121	1	1	1	7437.59	0
56.161	1	1	1	2601.61	0
56.201	1	1	1	1926.17	0
56.241	1	1	1	13324.6	0
56.281	1	1	1	4323.88	0
56.321	1	1	1	3252.19	0
56.361	1	1	1	18094.6	0
56.401	1	1	1	17937.8	0
56.441	1	1	1	14690.7	0
56.481	1	1	1	2716.47	0
56.521	1	1	1	997.297	0
56.561	1	1	1	2030.21	0
56.601	1	1	1	4156.43	0
56.641	1	1	1	1490.04	0
56.681	1	1	1	2081.16	0
56.721	1	1	1	2067.98	0
56.761	1	1	1	1971.51	0
56.801	1	1	1	4096.77	0
56.841	1	1	1	5017.98	0
56.881	1	1	1	4859.16	0
56.921	1	1	1	5929.92	0
56.961	1	1	1	5603.52	0
57.001	1	1	1	6521.68	0
57.041	1	1	1	6481.38	0
57.081	1	1	1	3368.12	0
57.121	1	1	1	3853.77	0
57.161	1	1	1	7350.31	0
57.201	1	1	1	4096.37	0
57.241	1	1	1	1509.26	0
57.281	1	1	1	1819.71	0
57.321	1	1	1	3622.2	0
57.361	1	1	1	4822.55	0
57.401	1	1	1	4834.44	0
57.441	1	1	1	2830.47	0
57.481	1	1	1	2059.32	0
57.521	1	1	1	3909.12	0
57.561	1	1	1	3327.61	0
57.601	1	1	1	2439.78	0
57.641	1	1	1	7164.3	0
57.681	1	1	1	2539.8	0
57.721	1	1	1	3293.13	0
57.761	1	1	1	9192.69	0
57.801	1	1	1	9242.74	0
57.841	1	1	1	12830.7	0
57.881	1	1	1	7182.14	0
57.921	1	1	1	6838.84	0
57.961	1	1	1	2882.33	0
58.001	1	1	1	1566.03	0
58.041	1	1	1	4546.24	0
58.081	1	1	1	7067.77	0
58.121	1	1	1	2334.03	0
58.161	1	1	1	2660.83	0
58.201	1	1	1	3068.13	0
58.241	1	1	1	3067.91	0
58.281	1	1	1	1187.17	0
58.321	1	1	1	1986.25	0
58.361	1	1	1	2289.51	0
58.401	1	1	1	3938.33	0
58.441	1	1	1	8508.67	0
58.481	1	1	1	3146.13	0
58.521	1	1	1	11656.7	0
58.561	1	1	1	3468.06	0
58.601	1	1	1	1255.63	0
58.641	1	1	1	2038.64	0
58.681	1	1	1	4271.39	0
58.721	1	1	1	2209.09	0
58.761	1	1	1	1586.82	0
58.801	1	1	1	7926.62	0
58.841	1	1	1	5256.58	0
58.881	1	1	1	2521.85	0
58.921	1	1	1	2797.04	0
58.961	1	1	1	1993.53	0
59.001	1	1	1	3900.16	0
59.041	1	1	1	7879.65	0
59.081	1	1	1	6480.73	0
59.121	1	1	1	4506.64	0
59.161	1	1	1	5230.16	0
59.201	1	1	1	2857.76	0
59.241	1	1	1	4750.52	0
59.281	1	1	1	2998.4	0
59.321	1	1	1	4160.18	0
59.361	1	1	1	38074	0
59.401	1	1	1	6965.43	0
59.441	1	1	1	4403.9	0
59.481	1	1	1	27652.4	0
59.521	1	1	1	11212.7	0
59.561	1	1	1	7347.23	0
59.601	1	1	1	1146.47	0
59.641	1	1	1	2620.95	0
59.681	1	1	1	7541.89	0
59.721	1	1	1	3424.67	0
59.761	1	1	1	3492.93	0
59.801	1	1	1	3688.31	0
59.841	1	1	1	3271.29	0
59.881	1	1	1	5941.1	0
59.921	1	1	1	8923.9	0
59.961	1	1	1	7702.8	0
