% time	cellId	IMSI	RNTI	sinrLinear	componentCarrierId
0.041	1	1	1	2403.16	0
0.081	1	1	1	10642.8	0
0.121	1	1	1	11215	0
0.161	1	1	1	8703.97	0
0.201	1	1	1	11109.8	0
0.241	1	1	1	4502.36	0
0.281	1	1	1	3311.76	0
0.321	1	1	1	1591.71	0
0.361	1	1	1	2769.35	0
0.401	1	1	1	1206.48	0
0.441	1	1	1	1172.03	0
0.481	1	1	1	3607.75	0
0.521	1	1	1	5224.02	0
0.561	1	1	1	5045.25	0
0.601	1	1	1	3323.14	0
0.641	1	1	1	3896.71	0
0.681	1	1	1	2613.94	0
0.721	1	1	1	8621.71	0
0.761	1	1	1	16788.9	0
0.801	1	1	1	9326.56	0
0.841	1	1	1	2324.37	0
0.881	1	1	1	2187.05	0
0.921	1	1	1	1269.85	0
0.961	1	1	1	7201.46	0
1.001	1	1	1	6097.89	0
1.041	1	1	1	6872.21	0
1.081	1	1	1	6882.43	0
1.121	1	1	1	3707.09	0
1.161	1	1	1	8402.39	0
1.201	1	1	1	8728.65	0
1.241	1	1	1	4045.34	0
1.281	1	1	1	2996.13	0
1.321	1	1	1	2662.03	0
1.361	1	1	1	2864.03	0
1.401	1	1	1	8274.1	0
1.441	1	1	1	6922.77	0
1.481	1	1	1	2636.1	0
1.521	1	1	1	2869.01	0
1.561	1	1	1	2634.14	0
1.601	1	1	1	1256.37	0
1.641	1	1	1	1259.64	0
1.681	1	1	1	2626.29	0
1.721	1	1	1	3440.22	0
1.761	1	1	1	5155.14	0
1.801	1	1	1	2782.84	0
1.841	1	1	1	2372.57	0
1.881	1	1	1	1930.99	0
1.921	1	1	1	1295.22	0
1.961	1	1	1	840.357	0
2.001	1	1	1	4121.61	0
2.041	1	1	1	3902.84	0
2.081	1	1	1	3476.34	0
2.121	1	1	1	2740.32	0
2.161	1	1	1	1829.37	0
2.201	1	1	1	2822.51	0
2.241	1	1	1	5808.83	0
2.281	1	1	1	1999.07	0
2.321	1	1	1	2080.17	0
2.361	1	1	1	3702.83	0
2.401	1	1	1	3085.17	0
2.441	1	1	1	12895.3	0
2.481	1	1	1	13231.8	0
2.521	1	1	1	7936.58	0
2.561	1	1	1	10162	0
2.601	1	1	1	5238.28	0
2.641	1	1	1	2595.41	0
2.681	1	1	1	4810.52	0
2.721	1	1	1	3494.98	0
2.761	1	1	1	1388.82	0
2.801	1	1	1	1556.75	0
2.841	1	1	1	1149.28	0
2.881	1	1	1	2197.04	0
2.921	1	1	1	2238.64	0
2.961	1	1	1	2399.42	0
3.001	1	1	1	4510.94	0
3.041	1	1	1	3477.09	0
3.081	1	1	1	4009.2	0
3.121	1	1	1	3476.12	0
3.161	1	1	1	2325.29	0
3.201	1	1	1	8488.94	0
3.241	1	1	1	3880.09	0
3.281	1	1	1	921.247	0
3.321	1	1	1	6877.56	0
3.361	1	1	1	8997.36	0
3.401	1	1	1	4941.33	0
3.441	1	1	1	5407.05	0
3.481	1	1	1	4714.17	0
3.521	1	1	1	18655.4	0
3.561	1	1	1	7032.6	0
3.601	1	1	1	6050.37	0
3.641	1	1	1	3708.96	0
3.681	1	1	1	8948.01	0
3.721	1	1	1	10332.6	0
3.761	1	1	1	1076.81	0
3.801	1	1	1	2549.15	0
3.841	1	1	1	11409.5	0
3.881	1	1	1	7864.89	0
3.921	1	1	1	4704.22	0
3.961	1	1	1	2164.76	0
4.001	1	1	1	1879.63	0
4.041	1	1	1	2319.64	0
4.081	1	1	1	4250.76	0
4.121	1	1	1	3695.28	0
4.161	1	1	1	3258.28	0
4.201	1	1	1	1976.74	0
4.241	1	1	1	2020.3	0
4.281	1	1	1	4373.85	0
4.321	1	1	1	5653.75	0
4.361	1	1	1	3447.45	0
4.401	1	1	1	4096.27	0
4.441	1	1	1	2986.11	0
4.481	1	1	1	5548.86	0
4.521	1	1	1	9360.27	0
4.561	1	1	1	14227.8	0
4.601	1	1	1	8264.08	0
4.641	1	1	1	2847.99	0
4.681	1	1	1	11043.3	0
4.721	1	1	1	8948.55	0
4.761	1	1	1	2680.82	0
4.801	1	1	1	6187.56	0
4.841	1	1	1	8181.71	0
4.881	1	1	1	8482.33	0
4.921	1	1	1	9660.27	0
4.961	1	1	1	5798.55	0
5.001	1	1	1	2797.84	0
5.041	1	1	1	11773.1	0
5.081	1	1	1	7356.26	0
5.121	1	1	1	4126.38	0
5.161	1	1	1	8932.3	0
5.201	1	1	1	5838.59	0
5.241	1	1	1	3402.24	0
5.281	1	1	1	1331.58	0
5.321	1	1	1	2463.23	0
5.361	1	1	1	2411.58	0
5.401	1	1	1	2871.27	0
5.441	1	1	1	4167.53	0
5.481	1	1	1	2684.33	0
5.521	1	1	1	3088	0
5.561	1	1	1	8923.69	0
5.601	1	1	1	6233.98	0
5.641	1	1	1	13612.7	0
5.681	1	1	1	28633.8	0
5.721	1	1	1	9551.1	0
5.761	1	1	1	3484.01	0
5.801	1	1	1	9268.16	0
5.841	1	1	1	2098.12	0
5.881	1	1	1	3897.66	0
5.921	1	1	1	1910.35	0
5.961	1	1	1	2864.38	0
6.001	1	1	1	9258.38	0
6.041	1	1	1	3726.91	0
6.081	1	1	1	1953.91	0
6.121	1	1	1	5799.41	0
6.161	1	1	1	5303.89	0
6.201	1	1	1	2013.69	0
6.241	1	1	1	3370.2	0
6.281	1	1	1	9297.28	0
6.321	1	1	1	4127.11	0
6.361	1	1	1	2499.31	0
6.401	1	1	1	5192.48	0
6.441	1	1	1	2656.96	0
6.481	1	1	1	4888.5	0
6.521	1	1	1	3373.18	0
6.561	1	1	1	5614.42	0
6.601	1	1	1	1816.91	0
6.641	1	1	1	4711.49	0
6.681	1	1	1	5877.6	0
6.721	1	1	1	2196.92	0
6.761	1	1	1	3141.53	0
6.801	1	1	1	1955.09	0
6.841	1	1	1	2269.72	0
6.881	1	1	1	3058.56	0
6.921	1	1	1	3096.73	0
6.961	1	1	1	4435.47	0
7.001	1	1	1	3688	0
7.041	1	1	1	11173.8	0
7.081	1	1	1	12439.5	0
7.121	1	1	1	8361.01	0
7.161	1	1	1	11107.4	0
7.201	1	1	1	7845.88	0
7.241	1	1	1	3455.93	0
7.281	1	1	1	1403.56	0
7.321	1	1	1	1478.08	0
7.361	1	1	1	1785.32	0
7.401	1	1	1	5539.32	0
7.441	1	1	1	7015.88	0
7.481	1	1	1	4250.81	0
7.521	1	1	1	12086.4	0
7.561	1	1	1	870.471	0
7.601	1	1	1	9179.35	0
7.641	1	1	1	10825.4	0
7.681	1	1	1	3467.7	0
7.721	1	1	1	3758.41	0
7.761	1	1	1	2195.62	0
7.801	1	1	1	1454.02	0
7.841	1	1	1	1546.84	0
7.881	1	1	1	2820.76	0
7.921	1	1	1	6210.75	0
7.961	1	1	1	6106.06	0
8.001	1	1	1	2865.8	0
8.041	1	1	1	6892.78	0
8.081	1	1	1	9910.34	0
8.121	1	1	1	11165.5	0
8.161	1	1	1	8002.94	0
8.201	1	1	1	3094.11	0
8.241	1	1	1	3600.62	0
8.281	1	1	1	1682.46	0
8.321	1	1	1	904.454	0
8.361	1	1	1	3978.13	0
8.401	1	1	1	2840.27	0
8.441	1	1	1	1954.25	0
8.481	1	1	1	5996.84	0
8.521	1	1	1	2075.99	0
8.561	1	1	1	5545.98	0
8.601	1	1	1	4487.65	0
8.641	1	1	1	3418.66	0
8.681	1	1	1	2649.62	0
8.721	1	1	1	1300.67	0
8.761	1	1	1	7926.52	0
8.801	1	1	1	8782.34	0
8.841	1	1	1	2776.42	0
8.881	1	1	1	3683	0
8.921	1	1	1	6013.59	0
8.961	1	1	1	714.688	0
9.001	1	1	1	8019.06	0
9.041	1	1	1	3965.33	0
9.081	1	1	1	5821.23	0
9.121	1	1	1	2016.27	0
9.161	1	1	1	2105.61	0
9.201	1	1	1	11441.3	0
9.241	1	1	1	7158.65	0
9.281	1	1	1	3519.56	0
9.321	1	1	1	14597.9	0
9.361	1	1	1	11009.8	0
9.401	1	1	1	4083.92	0
9.441	1	1	1	10022.7	0
9.481	1	1	1	10498.1	0
9.521	1	1	1	6836.8	0
9.561	1	1	1	11582.5	0
9.601	1	1	1	4181.93	0
9.641	1	1	1	4854.36	0
9.681	1	1	1	9884.11	0
9.721	1	1	1	7611.57	0
9.761	1	1	1	3418.12	0
9.801	1	1	1	973.746	0
9.841	1	1	1	1689.47	0
9.881	1	1	1	4075.44	0
9.921	1	1	1	3584.61	0
9.961	1	1	1	2106.54	0
10.001	1	1	1	7652.28	0
10.041	1	1	1	2125.24	0
10.081	1	1	1	9469.69	0
10.121	1	1	1	10150.3	0
10.161	1	1	1	5611.7	0
10.201	1	1	1	4262.58	0
10.241	1	1	1	989.309	0
10.281	1	1	1	7039.39	0
10.321	1	1	1	6112.2	0
10.361	1	1	1	3219.49	0
10.401	1	1	1	9594.65	0
10.441	1	1	1	5476.21	0
10.481	1	1	1	20163.6	0
10.521	1	1	1	7444.37	0
10.561	1	1	1	16262.8	0
10.601	1	1	1	9325.53	0
10.641	1	1	1	9634.25	0
10.681	1	1	1	14135.8	0
10.721	1	1	1	7098.1	0
10.761	1	1	1	7275.68	0
10.801	1	1	1	4249.49	0
10.841	1	1	1	3655.8	0
10.881	1	1	1	5265.36	0
10.921	1	1	1	4068.55	0
10.961	1	1	1	2689.6	0
11.001	1	1	1	3890.23	0
11.041	1	1	1	2997.22	0
11.081	1	1	1	11792.9	0
11.121	1	1	1	16113.5	0
11.161	1	1	1	6790.02	0
11.201	1	1	1	6002.27	0
11.241	1	1	1	4672.91	0
11.281	1	1	1	1860.66	0
11.321	1	1	1	10967.2	0
11.361	1	1	1	10160.9	0
11.401	1	1	1	5853.97	0
11.441	1	1	1	8908.43	0
11.481	1	1	1	7748.08	0
11.521	1	1	1	2482.02	0
11.561	1	1	1	1239.71	0
11.601	1	1	1	1232.13	0
11.641	1	1	1	753.57	0
11.681	1	1	1	6658.56	0
11.721	1	1	1	1422.4	0
11.761	1	1	1	1100.84	0
11.801	1	1	1	10277	0
11.841	1	1	1	5053.26	0
11.881	1	1	1	7756.64	0
11.921	1	1	1	6255.27	0
11.961	1	1	1	7829.59	0
12.001	1	1	1	8598.03	0
12.041	1	1	1	5008.63	0
12.081	1	1	1	5937.74	0
12.121	1	1	1	4177.35	0
12.161	1	1	1	3350.21	0
12.201	1	1	1	2459.61	0
12.241	1	1	1	2970.42	0
12.281	1	1	1	2937.76	0
12.321	1	1	1	5026.04	0
12.361	1	1	1	4720.24	0
12.401	1	1	1	3665.32	0
12.441	1	1	1	5693.99	0
12.481	1	1	1	7502.47	0
12.521	1	1	1	4425.54	0
12.561	1	1	1	2828.88	0
12.601	1	1	1	948.346	0
12.641	1	1	1	2536.53	0
12.681	1	1	1	7848.5	0
12.721	1	1	1	1387.43	0
12.761	1	1	1	4033.1	0
12.801	1	1	1	5989.97	0
12.841	1	1	1	7002.58	0
12.881	1	1	1	23256.7	0
12.921	1	1	1	8152.47	0
12.961	1	1	1	3901.13	0
13.001	1	1	1	4476.29	0
13.041	1	1	1	1556.01	0
13.081	1	1	1	6839.27	0
13.121	1	1	1	9225.43	0
13.161	1	1	1	2489.46	0
13.201	1	1	1	3901.22	0
13.241	1	1	1	4714.17	0
13.281	1	1	1	2489.71	0
13.321	1	1	1	6319.08	0
13.361	1	1	1	3484.42	0
13.401	1	1	1	1232.13	0
13.441	1	1	1	2718.8	0
13.481	1	1	1	2048.14	0
13.521	1	1	1	6298.74	0
13.561	1	1	1	2659.37	0
13.601	1	1	1	1872.92	0
13.641	1	1	1	3072.27	0
13.681	1	1	1	627.929	0
13.721	1	1	1	701.549	0
13.761	1	1	1	2820.76	0
13.801	1	1	1	2935.18	0
13.841	1	1	1	5140.4	0
13.881	1	1	1	2527.54	0
13.921	1	1	1	3170.51	0
13.961	1	1	1	4182.11	0
14.001	1	1	1	8212.64	0
14.041	1	1	1	8318.78	0
14.081	1	1	1	5419.2	0
14.121	1	1	1	6240.38	0
14.161	1	1	1	906.185	0
14.201	1	1	1	4586.75	0
14.241	1	1	1	10003	0
14.281	1	1	1	3690.65	0
14.321	1	1	1	3852.47	0
14.361	1	1	1	6676.58	0
14.401	1	1	1	5205.16	0
14.441	1	1	1	1721.45	0
14.481	1	1	1	1570.4	0
14.521	1	1	1	2245.08	0
14.561	1	1	1	3042.29	0
14.601	1	1	1	6135.57	0
14.641	1	1	1	3930.03	0
14.681	1	1	1	3284.67	0
14.721	1	1	1	1325.2	0
14.761	1	1	1	591.989	0
14.801	1	1	1	896.455	0
14.841	1	1	1	5597.95	0
14.881	1	1	1	2156.18	0
14.921	1	1	1	2236.22	0
14.961	1	1	1	10173.5	0
15.001	1	1	1	3381.11	0
15.041	1	1	1	4130.03	0
15.081	1	1	1	7010.39	0
15.121	1	1	1	4100.74	0
15.161	1	1	1	2111.1	0
15.201	1	1	1	1263.94	0
15.241	1	1	1	4255.65	0
15.281	1	1	1	9373.35	0
15.321	1	1	1	3506.86	0
15.361	1	1	1	4552.3	0
15.401	1	1	1	4663.93	0
15.441	1	1	1	7515.33	0
15.481	1	1	1	6355.45	0
15.521	1	1	1	3301.81	0
15.561	1	1	1	5620.72	0
15.601	1	1	1	7695.6	0
15.641	1	1	1	4966.39	0
15.681	1	1	1	6034.99	0
15.721	1	1	1	4644.29	0
15.761	1	1	1	1792.92	0
15.801	1	1	1	6748.35	0
15.841	1	1	1	7314.27	0
15.881	1	1	1	2289.86	0
15.921	1	1	1	4076.13	0
15.961	1	1	1	8998.47	0
16.001	1	1	1	12874.8	0
16.041	1	1	1	7264.2	0
16.081	1	1	1	4470.16	0
16.121	1	1	1	8656.31	0
16.161	1	1	1	9344.71	0
16.201	1	1	1	9093.95	0
16.241	1	1	1	10284	0
16.281	1	1	1	5160.73	0
16.321	1	1	1	2255.48	0
16.361	1	1	1	2856.36	0
16.401	1	1	1	3125.39	0
16.441	1	1	1	3850.71	0
16.481	1	1	1	7120.77	0
16.521	1	1	1	4569.64	0
16.561	1	1	1	5568.5	0
16.601	1	1	1	7101.82	0
16.641	1	1	1	2552.72	0
16.681	1	1	1	9324.15	0
16.721	1	1	1	6348.29	0
16.761	1	1	1	2152.02	0
16.801	1	1	1	5291.2	0
16.841	1	1	1	3573.89	0
16.881	1	1	1	4794.34	0
16.921	1	1	1	8928.67	0
16.961	1	1	1	6973.25	0
17.001	1	1	1	3756.34	0
17.041	1	1	1	4292.2	0
17.081	1	1	1	1725.86	0
17.121	1	1	1	2814.37	0
17.161	1	1	1	3114.94	0
17.201	1	1	1	3920.93	0
17.241	1	1	1	3394.16	0
17.281	1	1	1	2853.19	0
17.321	1	1	1	4188.19	0
17.361	1	1	1	4707.6	0
17.401	1	1	1	4808.77	0
17.441	1	1	1	1703.59	0
17.481	1	1	1	2135.84	0
17.521	1	1	1	3581.59	0
17.561	1	1	1	15328	0
17.601	1	1	1	6631.63	0
17.641	1	1	1	2235.34	0
17.681	1	1	1	12110	0
17.721	1	1	1	4726.9	0
17.761	1	1	1	922.683	0
17.801	1	1	1	2279.55	0
17.841	1	1	1	2236.83	0
17.881	1	1	1	1127.29	0
17.921	1	1	1	1755.75	0
17.961	1	1	1	2643.77	0
18.001	1	1	1	11741.1	0
18.041	1	1	1	4857.19	0
18.081	1	1	1	7006.14	0
18.121	1	1	1	2354.25	0
18.161	1	1	1	5624.04	0
18.201	1	1	1	9844.05	0
18.241	1	1	1	4216.77	0
18.281	1	1	1	4547.27	0
18.321	1	1	1	7197.53	0
18.361	1	1	1	5838.59	0
18.401	1	1	1	4779.78	0
18.441	1	1	1	2008.81	0
18.481	1	1	1	4211.7	0
18.521	1	1	1	4745.99	0
18.561	1	1	1	2411.34	0
18.601	1	1	1	1776.41	0
18.641	1	1	1	2773.72	0
18.681	1	1	1	3096.3	0
18.721	1	1	1	4964.35	0
18.761	1	1	1	7421.22	0
18.801	1	1	1	8663.92	0
18.841	1	1	1	12294.4	0
18.881	1	1	1	10181.3	0
18.921	1	1	1	2214.95	0
18.961	1	1	1	5288.9	0
19.001	1	1	1	5670.93	0
19.041	1	1	1	2160.78	0
19.081	1	1	1	1916.64	0
19.121	1	1	1	974.412	0
19.161	1	1	1	1175.64	0
19.201	1	1	1	4963.6	0
19.241	1	1	1	3412.53	0
19.281	1	1	1	5686	0
19.321	1	1	1	9211.35	0
19.361	1	1	1	5437.53	0
19.401	1	1	1	8653.58	0
19.441	1	1	1	6989.63	0
19.481	1	1	1	4985.81	0
19.521	1	1	1	4349.67	0
19.561	1	1	1	5573.36	0
19.601	1	1	1	14126.3	0
19.641	1	1	1	4207.16	0
19.681	1	1	1	4468.25	0
19.721	1	1	1	8393.02	0
19.761	1	1	1	5449.44	0
19.801	1	1	1	6323.76	0
19.841	1	1	1	3643.82	0
19.881	1	1	1	1314.2	0
19.921	1	1	1	3136.44	0
19.961	1	1	1	2540.88	0
20.001	1	1	1	4484.44	0
20.041	1	1	1	1029.28	0
20.081	1	1	1	2023.01	0
20.121	1	1	1	1046.49	0
20.161	1	1	1	4208.46	0
20.201	1	1	1	5957.01	0
20.241	1	1	1	4312.29	0
20.281	1	1	1	9072.37	0
20.321	1	1	1	4344.34	0
20.361	1	1	1	14505.6	0
20.401	1	1	1	25094.7	0
20.441	1	1	1	3995.31	0
20.481	1	1	1	6736.76	0
20.521	1	1	1	5999.49	0
20.561	1	1	1	3686.14	0
20.601	1	1	1	9545.92	0
20.641	1	1	1	9788.69	0
20.681	1	1	1	2872.95	0
20.721	1	1	1	7012.3	0
20.761	1	1	1	11375.7	0
20.801	1	1	1	7075.53	0
20.841	1	1	1	4339.63	0
20.881	1	1	1	2147.87	0
20.921	1	1	1	2816.46	0
20.961	1	1	1	4691.08	0
21.001	1	1	1	4203.63	0
21.041	1	1	1	2631.58	0
21.081	1	1	1	5375.13	0
21.121	1	1	1	16743	0
21.161	1	1	1	7602.48	0
21.201	1	1	1	4190.81	0
21.241	1	1	1	6178.54	0
21.281	1	1	1	810.802	0
21.321	1	1	1	5198.95	0
21.361	1	1	1	13268.5	0
21.401	1	1	1	7891.3	0
21.441	1	1	1	10212	0
21.481	1	1	1	5828.05	0
21.521	1	1	1	2505.37	0
21.561	1	1	1	2241.24	0
21.601	1	1	1	1325.59	0
21.641	1	1	1	4313.8	0
21.681	1	1	1	3239.31	0
21.721	1	1	1	2311.95	0
21.761	1	1	1	6209.64	0
21.801	1	1	1	3848.29	0
21.841	1	1	1	3170.15	0
21.881	1	1	1	6174.57	0
21.921	1	1	1	7122.83	0
21.961	1	1	1	6336.68	0
22.001	1	1	1	2463.75	0
22.041	1	1	1	2869.24	0
22.081	1	1	1	3886.71	0
22.121	1	1	1	5871.75	0
22.161	1	1	1	9082.53	0
22.201	1	1	1	3505.51	0
22.241	1	1	1	3804.64	0
22.281	1	1	1	7063.04	0
22.321	1	1	1	5715.04	0
22.361	1	1	1	8768.47	0
22.401	1	1	1	10849.5	0
22.441	1	1	1	5957.14	0
22.481	1	1	1	3098.68	0
22.521	1	1	1	6574.68	0
22.561	1	1	1	9380.39	0
22.601	1	1	1	6472.97	0
22.641	1	1	1	10857.5	0
22.681	1	1	1	3975.6	0
22.721	1	1	1	10422.2	0
22.761	1	1	1	13599.1	0
22.801	1	1	1	2575.72	0
22.841	1	1	1	10371.7	0
22.881	1	1	1	7570.75	0
22.921	1	1	1	5395.98	0
22.961	1	1	1	5327.3	0
23.001	1	1	1	2063.5	0
23.041	1	1	1	4162.69	0
23.081	1	1	1	3296.91	0
23.121	1	1	1	1583.05	0
23.161	1	1	1	2046.25	0
23.201	1	1	1	2407.45	0
23.241	1	1	1	2465.16	0
23.281	1	1	1	5425.42	0
23.321	1	1	1	3654.62	0
23.361	1	1	1	2702.8	0
23.401	1	1	1	3597.49	0
23.441	1	1	1	1887.73	0
23.481	1	1	1	7543.47	0
23.521	1	1	1	12481.9	0
23.561	1	1	1	13987.4	0
23.601	1	1	1	5383.26	0
23.641	1	1	1	6975.42	0
23.681	1	1	1	11612.1	0
23.721	1	1	1	2353.03	0
23.761	1	1	1	1920.55	0
23.801	1	1	1	7745.58	0
23.841	1	1	1	3263.93	0
23.881	1	1	1	4605.5	0
23.921	1	1	1	5263.97	0
23.961	1	1	1	3194.73	0
24.001	1	1	1	3353.78	0
24.041	1	1	1	3867.27	0
24.081	1	1	1	9233.85	0
24.121	1	1	1	6579.75	0
24.161	1	1	1	2461.34	0
24.201	1	1	1	3634.99	0
24.241	1	1	1	5022.13	0
24.281	1	1	1	6535.31	0
24.321	1	1	1	4588.5	0
24.361	1	1	1	5389.7	0
24.401	1	1	1	8144.25	0
24.441	1	1	1	7360.02	0
24.481	1	1	1	4463.44	0
24.521	1	1	1	4513.38	0
24.561	1	1	1	3853.51	0
24.601	1	1	1	1754.5	0
24.641	1	1	1	2542.24	0
24.681	1	1	1	2977.4	0
24.721	1	1	1	4222.24	0
24.761	1	1	1	6923.27	0
24.801	1	1	1	8182.96	0
24.841	1	1	1	11248.5	0
24.881	1	1	1	11969.9	0
24.921	1	1	1	3755.4	0
24.961	1	1	1	3470.55	0
25.001	1	1	1	9881.6	0
25.041	1	1	1	11886.8	0
25.081	1	1	1	4931.12	0
25.121	1	1	1	10738.9	0
25.161	1	1	1	10107.5	0
25.201	1	1	1	5504.94	0
25.241	1	1	1	5436.07	0
25.281	1	1	1	3495.51	0
25.321	1	1	1	3794.45	0
25.361	1	1	1	2685.05	0
25.401	1	1	1	1982.69	0
25.441	1	1	1	3038.56	0
25.481	1	1	1	5344.36	0
25.521	1	1	1	1228.69	0
25.561	1	1	1	914.07	0
25.601	1	1	1	3123.17	0
25.641	1	1	1	6066.93	0
25.681	1	1	1	2676.84	0
25.721	1	1	1	3473.74	0
25.761	1	1	1	734.13	0
25.801	1	1	1	648.279	0
25.841	1	1	1	1278.83	0
25.881	1	1	1	5270.79	0
25.921	1	1	1	5806.05	0
25.961	1	1	1	5029.26	0
26.001	1	1	1	2281.65	0
26.041	1	1	1	2696.43	0
26.081	1	1	1	6138.32	0
26.121	1	1	1	3269.96	0
26.161	1	1	1	5118.08	0
26.201	1	1	1	6263.41	0
26.241	1	1	1	7494.97	0
26.281	1	1	1	5131.63	0
26.321	1	1	1	5278.56	0
26.361	1	1	1	12122.1	0
26.401	1	1	1	6981.52	0
26.441	1	1	1	4381.3	0
26.481	1	1	1	5397.35	0
26.521	1	1	1	9808.33	0
26.561	1	1	1	8830.59	0
26.601	1	1	1	5275.54	0
26.641	1	1	1	8020.26	0
26.681	1	1	1	2389.05	0
26.721	1	1	1	3321.77	0
26.761	1	1	1	12535.3	0
26.801	1	1	1	4101.38	0
26.841	1	1	1	4320.84	0
26.881	1	1	1	5942.33	0
26.921	1	1	1	1567.07	0
26.961	1	1	1	3087.94	0
27.001	1	1	1	3416.06	0
27.041	1	1	1	4501.76	0
27.081	1	1	1	2822.12	0
27.121	1	1	1	6622.55	0
27.161	1	1	1	10586.8	0
27.201	1	1	1	11208.1	0
27.241	1	1	1	6930.74	0
27.281	1	1	1	1649.07	0
27.321	1	1	1	1640.57	0
27.361	1	1	1	3052.09	0
27.401	1	1	1	2333.55	0
27.441	1	1	1	3829.77	0
27.481	1	1	1	3865.37	0
27.521	1	1	1	12568.7	0
27.561	1	1	1	5324.25	0
27.601	1	1	1	3554.37	0
27.641	1	1	1	6231.4	0
27.681	1	1	1	8730.65	0
27.721	1	1	1	8282.29	0
27.761	1	1	1	2817.86	0
27.801	1	1	1	1904.74	0
27.841	1	1	1	2114.22	0
27.881	1	1	1	2861.65	0
27.921	1	1	1	1599.75	0
27.961	1	1	1	1019.37	0
28.001	1	1	1	6166.76	0
28.041	1	1	1	4889.01	0
28.081	1	1	1	5506.76	0
28.121	1	1	1	4957.12	0
28.161	1	1	1	10110.8	0
28.201	1	1	1	8756.1	0
28.241	1	1	1	2996.59	0
28.281	1	1	1	6191.87	0
28.321	1	1	1	3986.12	0
28.361	1	1	1	4573.55	0
28.401	1	1	1	2223.29	0
28.441	1	1	1	1022.51	0
28.481	1	1	1	7350.07	0
28.521	1	1	1	4129.11	0
28.561	1	1	1	13196.7	0
28.601	1	1	1	9402.56	0
28.641	1	1	1	8792.86	0
28.681	1	1	1	10786.7	0
28.721	1	1	1	6250.42	0
28.761	1	1	1	4791.47	0
28.801	1	1	1	1832.19	0
28.841	1	1	1	3663.83	0
28.881	1	1	1	4561.84	0
28.921	1	1	1	3114.7	0
28.961	1	1	1	6854.04	0
29.001	1	1	1	1797.19	0
29.041	1	1	1	5873.31	0
29.081	1	1	1	5842.67	0
29.121	1	1	1	2640.66	0
29.161	1	1	1	3423.41	0
29.201	1	1	1	3860.44	0
29.241	1	1	1	3847.23	0
29.281	1	1	1	2893.99	0
29.321	1	1	1	3036.98	0
29.361	1	1	1	4569.06	0
29.401	1	1	1	4834.81	0
29.441	1	1	1	3712.08	0
29.481	1	1	1	2457.84	0
29.521	1	1	1	4262.51	0
29.561	1	1	1	6673.67	0
29.601	1	1	1	7223.48	0
29.641	1	1	1	3728.65	0
29.681	1	1	1	8904.25	0
29.721	1	1	1	11200.5	0
29.761	1	1	1	2207.83	0
29.801	1	1	1	1840.84	0
29.841	1	1	1	2279.65	0
29.881	1	1	1	2330.25	0
29.921	1	1	1	4248.18	0
29.961	1	1	1	7103.53	0
30.001	1	1	1	1239.55	0
30.041	1	1	1	7491.68	0
30.081	1	1	1	3232.28	0
30.121	1	1	1	3659.37	0
30.161	1	1	1	7353.94	0
30.201	1	1	1	3244.8	0
30.241	1	1	1	10783.5	0
30.281	1	1	1	2141.47	0
30.321	1	1	1	4694.18	0
30.361	1	1	1	14337.3	0
30.401	1	1	1	1277.79	0
30.441	1	1	1	8973.88	0
30.481	1	1	1	6899.07	0
30.521	1	1	1	683.097	0
30.561	1	1	1	6161.24	0
30.601	1	1	1	6791.68	0
30.641	1	1	1	2500.34	0
30.681	1	1	1	3647.18	0
30.721	1	1	1	3241.22	0
30.761	1	1	1	1495.35	0
30.801	1	1	1	1522.65	0
30.841	1	1	1	2627.32	0
30.881	1	1	1	5993.04	0
30.921	1	1	1	6314.79	0
30.961	1	1	1	3028.54	0
31.001	1	1	1	8687.71	0
31.041	1	1	1	2458.63	0
31.081	1	1	1	13215	0
31.121	1	1	1	10152.6	0
31.161	1	1	1	3019.96	0
31.201	1	1	1	11539.9	0
31.241	1	1	1	4595.84	0
31.281	1	1	1	6357.83	0
31.321	1	1	1	3728.99	0
31.361	1	1	1	5858.42	0
31.401	1	1	1	19413.3	0
31.441	1	1	1	11087.8	0
31.481	1	1	1	5967.78	0
31.521	1	1	1	2849.43	0
31.561	1	1	1	3204.13	0
31.601	1	1	1	17865	0
31.641	1	1	1	13983.4	0
31.681	1	1	1	5998.45	0
31.721	1	1	1	5259.93	0
31.761	1	1	1	4600.43	0
31.801	1	1	1	8146.19	0
31.841	1	1	1	3295.16	0
31.881	1	1	1	1562.55	0
31.921	1	1	1	6689.41	0
31.961	1	1	1	11662.8	0
32.001	1	1	1	3135.9	0
32.041	1	1	1	5839.35	0
32.081	1	1	1	8024.4	0
32.121	1	1	1	9152.98	0
32.161	1	1	1	9029.99	0
32.201	1	1	1	6604.21	0
32.241	1	1	1	8966.77	0
32.281	1	1	1	9821.59	0
32.321	1	1	1	6221.78	0
32.361	1	1	1	4802.62	0
32.401	1	1	1	9666.45	0
32.441	1	1	1	11078.4	0
32.481	1	1	1	4140.84	0
32.521	1	1	1	2996.43	0
32.561	1	1	1	4698.58	0
32.601	1	1	1	3156.25	0
32.641	1	1	1	2585.89	0
32.681	1	1	1	2326.41	0
32.721	1	1	1	2396.35	0
32.761	1	1	1	6005.26	0
32.801	1	1	1	3241.36	0
32.841	1	1	1	3290.13	0
32.881	1	1	1	7886.36	0
32.921	1	1	1	4776.45	0
32.961	1	1	1	14847.2	0
33.001	1	1	1	12242.7	0
33.041	1	1	1	8160.95	0
33.081	1	1	1	3875.82	0
33.121	1	1	1	4156.23	0
33.161	1	1	1	6010.28	0
33.201	1	1	1	2390.78	0
33.241	1	1	1	1203.53	0
33.281	1	1	1	3171.67	0
33.321	1	1	1	3389.77	0
33.361	1	1	1	4583.49	0
33.401	1	1	1	4077.4	0
33.441	1	1	1	2264.92	0
33.481	1	1	1	1982.85	0
33.521	1	1	1	3797.54	0
33.561	1	1	1	3365.59	0
33.601	1	1	1	1001.1	0
33.641	1	1	1	4524.4	0
33.681	1	1	1	1088.98	0
33.721	1	1	1	771.328	0
33.761	1	1	1	6132.47	0
33.801	1	1	1	1580.97	0
33.841	1	1	1	2176.98	0
33.881	1	1	1	6207.71	0
33.921	1	1	1	7279.78	0
33.961	1	1	1	5913.52	0
34.001	1	1	1	9820.37	0
34.041	1	1	1	3105.15	0
34.081	1	1	1	6164.32	0
34.121	1	1	1	1459.82	0
34.161	1	1	1	3664.73	0
34.201	1	1	1	5222.02	0
34.241	1	1	1	6737.09	0
34.281	1	1	1	7861.98	0
34.321	1	1	1	3418.68	0
34.361	1	1	1	4687.52	0
34.401	1	1	1	3372.21	0
34.441	1	1	1	1736.97	0
34.481	1	1	1	2701.97	0
34.521	1	1	1	2155.81	0
34.561	1	1	1	3041.27	0
34.601	1	1	1	4290.37	0
34.641	1	1	1	2868.62	0
34.681	1	1	1	2671.07	0
34.721	1	1	1	8412.74	0
34.761	1	1	1	6218.94	0
34.801	1	1	1	5311.32	0
34.841	1	1	1	6343.72	0
34.881	1	1	1	2405.77	0
34.921	1	1	1	4409.12	0
34.961	1	1	1	4111.73	0
35.001	1	1	1	2848.65	0
35.041	1	1	1	1680.45	0
35.081	1	1	1	2236.71	0
35.121	1	1	1	1523.16	0
35.161	1	1	1	1580.18	0
35.201	1	1	1	2217.94	0
35.241	1	1	1	2273.66	0
35.281	1	1	1	6020.82	0
35.321	1	1	1	8120.74	0
35.361	1	1	1	11034.8	0
35.401	1	1	1	12198.6	0
35.441	1	1	1	4135.03	0
35.481	1	1	1	3178.79	0
35.521	1	1	1	3788.34	0
35.561	1	1	1	2491.07	0
35.601	1	1	1	7530.32	0
35.641	1	1	1	8956.24	0
35.681	1	1	1	4159.99	0
35.721	1	1	1	5572.84	0
35.761	1	1	1	2001.49	0
35.801	1	1	1	2254.44	0
35.841	1	1	1	3815.41	0
35.881	1	1	1	1256.34	0
35.921	1	1	1	1683.72	0
35.961	1	1	1	2213.39	0
36.001	1	1	1	7235.21	0
36.041	1	1	1	13546.9	0
36.081	1	1	1	15266.3	0
36.121	1	1	1	18241.4	0
36.161	1	1	1	7805.57	0
36.201	1	1	1	6763.75	0
36.241	1	1	1	6715.35	0
36.281	1	1	1	2457.64	0
36.321	1	1	1	5789.29	0
36.361	1	1	1	3879.21	0
36.401	1	1	1	3703.36	0
36.441	1	1	1	6946.29	0
36.481	1	1	1	2873.07	0
36.521	1	1	1	1452.38	0
36.561	1	1	1	6860.99	0
36.601	1	1	1	3063.48	0
36.641	1	1	1	4079.37	0
36.681	1	1	1	8398.4	0
36.721	1	1	1	2846.9	0
36.761	1	1	1	11278.3	0
36.801	1	1	1	4463.99	0
36.841	1	1	1	3357.22	0
36.881	1	1	1	11551.9	0
36.921	1	1	1	4741.62	0
36.961	1	1	1	6935.57	0
37.001	1	1	1	3800.43	0
37.041	1	1	1	3293.04	0
37.081	1	1	1	5869.41	0
37.121	1	1	1	1327.5	0
37.161	1	1	1	4014.38	0
37.201	1	1	1	3970.62	0
37.241	1	1	1	3278.51	0
37.281	1	1	1	2755.43	0
37.321	1	1	1	1627.93	0
37.361	1	1	1	3153.76	0
37.401	1	1	1	5727.51	0
37.441	1	1	1	4314.81	0
37.481	1	1	1	3556.02	0
37.521	1	1	1	14539.8	0
37.561	1	1	1	5388.02	0
37.601	1	1	1	8214.48	0
37.641	1	1	1	4184.78	0
37.681	1	1	1	7334.87	0
37.721	1	1	1	12213.4	0
37.761	1	1	1	2334.08	0
37.801	1	1	1	2765.53	0
37.841	1	1	1	5477.48	0
37.881	1	1	1	1079.16	0
37.921	1	1	1	1306.28	0
37.961	1	1	1	1295	0
38.001	1	1	1	4833.94	0
38.041	1	1	1	11066.6	0
38.081	1	1	1	10807.6	0
38.121	1	1	1	6625.46	0
38.161	1	1	1	2616.06	0
38.201	1	1	1	4284.76	0
38.241	1	1	1	4253.19	0
38.281	1	1	1	2176.89	0
38.321	1	1	1	3939.48	0
38.361	1	1	1	2779.96	0
38.401	1	1	1	2791.23	0
38.441	1	1	1	5418.12	0
38.481	1	1	1	2647.69	0
38.521	1	1	1	1167.18	0
38.561	1	1	1	3368.05	0
38.601	1	1	1	1161.87	0
38.641	1	1	1	678.091	0
38.681	1	1	1	7006.58	0
38.721	1	1	1	15770.8	0
38.761	1	1	1	7953.57	0
38.801	1	1	1	5257.65	0
38.841	1	1	1	8094.43	0
38.881	1	1	1	5563.53	0
38.921	1	1	1	5111.66	0
38.961	1	1	1	4746.81	0
39.001	1	1	1	11626.8	0
39.041	1	1	1	8004.32	0
39.081	1	1	1	4111.16	0
39.121	1	1	1	5674.96	0
39.161	1	1	1	2641.57	0
39.201	1	1	1	2741.99	0
39.241	1	1	1	4506.51	0
39.281	1	1	1	5142.11	0
39.321	1	1	1	3726.77	0
39.361	1	1	1	7608.04	0
39.401	1	1	1	7833.48	0
39.441	1	1	1	2832.68	0
39.481	1	1	1	8614.97	0
39.521	1	1	1	2420.67	0
39.561	1	1	1	3541.07	0
39.601	1	1	1	3748.39	0
39.641	1	1	1	9227.33	0
39.681	1	1	1	9105.54	0
39.721	1	1	1	5672.38	0
39.761	1	1	1	6154.44	0
39.801	1	1	1	4268.8	0
39.841	1	1	1	2741.4	0
39.881	1	1	1	9680.8	0
39.921	1	1	1	10549.1	0
39.961	1	1	1	8119.34	0
40.001	1	1	1	7076.55	0
40.041	1	1	1	5493.31	0
40.081	1	1	1	2810.23	0
40.121	1	1	1	7054.66	0
40.161	1	1	1	7468.18	0
40.201	1	1	1	3716.46	0
40.241	1	1	1	1988.44	0
40.281	1	1	1	2834.53	0
40.321	1	1	1	6124.93	0
40.361	1	1	1	3449.5	0
40.401	1	1	1	4028.55	0
40.441	1	1	1	4152.25	0
40.481	1	1	1	9136.17	0
40.521	1	1	1	9030.95	0
40.561	1	1	1	3012.52	0
40.601	1	1	1	13356.9	0
40.641	1	1	1	9114.44	0
40.681	1	1	1	2076.96	0
40.721	1	1	1	2009.68	0
40.761	1	1	1	1995.18	0
40.801	1	1	1	10440.5	0
40.841	1	1	1	7896.46	0
40.881	1	1	1	1149.99	0
40.921	1	1	1	7695.65	0
40.961	1	1	1	9205.09	0
41.001	1	1	1	1420.65	0
41.041	1	1	1	4852.16	0
41.081	1	1	1	3425.18	0
41.121	1	1	1	3530.5	0
41.161	1	1	1	6690.5	0
41.201	1	1	1	5415.91	0
41.241	1	1	1	11452.6	0
41.281	1	1	1	6460.29	0
41.321	1	1	1	9657.38	0
41.361	1	1	1	20448	0
41.401	1	1	1	7845.45	0
41.441	1	1	1	9068.9	0
41.481	1	1	1	13593.9	0
41.521	1	1	1	5592.76	0
41.561	1	1	1	3819.29	0
41.601	1	1	1	8193.11	0
41.641	1	1	1	4411.89	0
41.681	1	1	1	3488.27	0
41.721	1	1	1	4079.12	0
41.761	1	1	1	929.346	0
41.801	1	1	1	1545.48	0
41.841	1	1	1	2937.52	0
41.881	1	1	1	3728.4	0
41.921	1	1	1	6388.94	0
41.961	1	1	1	4899.11	0
42.001	1	1	1	4234.42	0
42.041	1	1	1	871.842	0
42.081	1	1	1	1165.08	0
42.121	1	1	1	3141.63	0
42.161	1	1	1	2285.34	0
42.201	1	1	1	6872.82	0
42.241	1	1	1	3554.07	0
42.281	1	1	1	1841.6	0
42.321	1	1	1	3122.66	0
42.361	1	1	1	1043.77	0
42.401	1	1	1	1131.57	0
42.441	1	1	1	1885.47	0
42.481	1	1	1	7572.79	0
42.521	1	1	1	6098.57	0
42.561	1	1	1	7057.23	0
42.601	1	1	1	5015.36	0
42.641	1	1	1	9614.61	0
42.681	1	1	1	5203.48	0
42.721	1	1	1	1014.49	0
42.761	1	1	1	3509.5	0
42.801	1	1	1	3987.59	0
42.841	1	1	1	3505.25	0
42.881	1	1	1	3232.3	0
42.921	1	1	1	1420.12	0
42.961	1	1	1	1569.06	0
43.001	1	1	1	5762.92	0
43.041	1	1	1	990.288	0
43.081	1	1	1	3253.9	0
43.121	1	1	1	7151.74	0
43.161	1	1	1	7615.61	0
43.201	1	1	1	8954.11	0
43.241	1	1	1	8138.13	0
43.281	1	1	1	3384.15	0
43.321	1	1	1	1465.47	0
43.361	1	1	1	1549.65	0
43.401	1	1	1	2594.94	0
43.441	1	1	1	1743.7	0
43.481	1	1	1	5338.08	0
43.521	1	1	1	3377.66	0
43.561	1	1	1	3652.09	0
43.601	1	1	1	6915.44	0
43.641	1	1	1	2571.53	0
43.681	1	1	1	1347.3	0
43.721	1	1	1	1846.84	0
43.761	1	1	1	3021.72	0
43.801	1	1	1	3423.39	0
43.841	1	1	1	2836.99	0
43.881	1	1	1	4158.57	0
43.921	1	1	1	4701.37	0
43.961	1	1	1	4821.94	0
44.001	1	1	1	8350.94	0
44.041	1	1	1	12742.1	0
44.081	1	1	1	5692.73	0
44.121	1	1	1	8888.29	0
44.161	1	1	1	9499.56	0
44.201	1	1	1	8550.68	0
44.241	1	1	1	10589.4	0
44.281	1	1	1	9238.55	0
44.321	1	1	1	4340.91	0
44.361	1	1	1	2752.33	0
44.401	1	1	1	1789.49	0
44.441	1	1	1	999.123	0
44.481	1	1	1	2455.02	0
44.521	1	1	1	10576.9	0
44.561	1	1	1	8941.5	0
44.601	1	1	1	5426.37	0
44.641	1	1	1	4074.5	0
44.681	1	1	1	1992.64	0
44.721	1	1	1	4947.89	0
44.761	1	1	1	3046.52	0
44.801	1	1	1	4760.51	0
44.841	1	1	1	6575.98	0
44.881	1	1	1	5606.73	0
44.921	1	1	1	11571.5	0
44.961	1	1	1	2685.44	0
45.001	1	1	1	3833.2	0
45.041	1	1	1	4124.48	0
45.081	1	1	1	8457.13	0
45.121	1	1	1	969.149	0
45.161	1	1	1	1905.95	0
45.201	1	1	1	3797.69	0
45.241	1	1	1	3774.33	0
45.281	1	1	1	4205.15	0
45.321	1	1	1	4018.58	0
45.361	1	1	1	4764.96	0
45.401	1	1	1	2747.76	0
45.441	1	1	1	1866.85	0
45.481	1	1	1	2841.68	0
45.521	1	1	1	1873.1	0
45.561	1	1	1	575.112	0
45.601	1	1	1	1012.45	0
45.641	1	1	1	780.192	0
45.681	1	1	1	4447.4	0
45.721	1	1	1	4139.44	0
45.761	1	1	1	2667.5	0
45.801	1	1	1	10283.4	0
45.841	1	1	1	6563.41	0
45.881	1	1	1	10006.7	0
45.921	1	1	1	7099.82	0
45.961	1	1	1	6671.9	0
46.001	1	1	1	2393.22	0
46.041	1	1	1	4525.85	0
46.081	1	1	1	5577.15	0
46.121	1	1	1	3394.57	0
