% start	end	CellId	IMSI	RNTI	LCID	nTxPDUs	TxBytes	nRxPDUs	RxBytes	delay	stdDev	min	max	PduSize	stdDev	min	max
0	0.25	1	1	3	4	45	8166	44	8009	0.003	0	0.003	0.003	182.023	60.3966	81	314	
0	0.25	1	2	4	3	45	8794	45	8794	0.003	0	0.003	0.003	195.422	70.1568	81	314	
0	0.25	1	3	2	3	45	8950	45	8950	0.003	0	0.003	0.003	198.889	79.3952	81	470	
0	0.25	1	4	6	3	46	8637	46	8637	0.003	0	0.003	0.003	187.761	69.1183	78	314	
0	0.25	1	5	1	3	46	8482	45	8325	0.003	0	0.003	0.003	185	67.0482	81	314	
0.25	0.5	1	1	3	4	50	9891	50	9734	0.003	0	0.003	0.003	194.68	67.7328	157	314	
0.25	0.5	1	2	4	3	50	9577	50	9577	0.003	0	0.003	0.003	191.54	65.697	157	314	
0.25	0.5	1	3	2	3	50	9891	50	9891	0.003	0	0.003	0.003	197.82	69.5647	157	314	
0.25	0.5	1	4	6	3	49	9733	48	9576	0.003	0	0.003	0.003	199.5	77.5157	157	470	
0.25	0.5	1	5	1	3	49	9420	50	9577	0.003	0	0.003	0.003	191.54	65.697	157	314	
0.5	0.75	1	1	3	4	49	9734	50	10048	0.003	0	0.003	0.003	200.96	71.2085	157	314	
0.5	0.75	1	2	4	3	50	10047	49	9890	0.003	0	0.003	0.003	201.837	78.4287	157	470	
0.5	0.75	1	3	2	3	50	9420	50	9420	0.003	0	0.003	0.003	188.4	63.4376	157	314	
0.5	0.75	1	4	6	3	50	10048	50	10048	0.003	0	0.003	0.003	200.96	71.2085	157	314	
0.5	0.75	1	5	1	3	50	9420	50	9420	0.003	0	0.003	0.003	188.4	63.4376	157	314	
0.75	1	1	1	3	4	50	10047	50	10047	0.003	0	0.003	0.003	200.94	77.8828	157	470	
0.75	1	1	2	4	3	49	9891	50	10048	0.003	0	0.003	0.003	200.96	71.2085	157	314	
0.75	1	1	3	2	3	50	10362	50	10362	0.003	0	0.003	0.003	207.24	73.9803	157	314	
0.75	1	1	4	6	3	49	9577	50	9734	0.003	0	0.003	0.003	194.68	67.7328	157	314	
0.75	1	1	5	1	3	50	9577	49	9420	0.003	0	0.003	0.003	192.245	66.1865	157	314	
1	1.25	1	1	3	4	50	10205	50	10205	0.003	0	0.003	0.003	204.1	72.6769	157	314	
1	1.25	1	2	4	3	51	10048	50	9891	0.003	0	0.003	0.003	197.82	69.5647	157	314	
1	1.25	1	3	2	3	50	9734	49	9577	0.003	0	0.003	0.003	195.449	68.2138	157	314	
1	1.25	1	4	6	3	50	9420	50	9420	0.003	0	0.003	0.003	188.4	63.4376	157	314	
1	1.25	1	5	1	3	49	9420	50	9577	0.003	0	0.003	0.003	191.54	65.697	157	314	
1.25	1.5	1	1	3	4	50	10047	50	10047	0.003	0	0.003	0.003	200.94	77.8828	157	470	
1.25	1.5	1	2	4	3	50	8948	50	8948	0.003	0	0.003	0.003	178.96	63.4231	157	470	
1.25	1.5	1	3	2	3	50	10204	50	10047	0.003	0	0.003	0.003	200.94	77.8828	157	470	
1.25	1.5	1	4	6	3	50	9577	50	9577	0.003	0	0.003	0.003	191.54	65.697	157	314	
1.25	1.5	1	5	1	3	50	9734	50	9734	0.003	0	0.003	0.003	194.68	67.7328	157	314	
1.5	1.75	1	1	3	4	51	10833	50	10519	0.003	0	0.003	0.003	210.38	75.1273	157	314	
1.5	1.75	1	2	4	3	49	9733	50	9890	0.003	0	0.003	0.003	197.8	76.382	157	470	
1.5	1.75	1	3	2	3	50	10048	50	10048	0.003	0	0.003	0.003	200.96	71.2085	157	314	
1.5	1.75	1	4	6	3	50	10518	50	10518	0.003	0	0.003	0.003	210.36	81.4836	157	470	
1.5	1.75	1	5	1	3	50	9891	50	9891	0.003	0	0.003	0.003	197.82	69.5647	157	314	
1.75	2	1	1	3	4	50	10048	50	10048	0.003	0	0.003	0.003	200.96	71.2085	157	314	
1.75	2	1	2	4	3	50	10205	50	10205	0.003	0	0.003	0.003	204.1	72.6769	157	314	
1.75	2	1	3	2	3	50	10048	50	10205	0.003	0	0.003	0.003	204.1	72.6769	157	314	
1.75	2	1	4	6	3	50	9891	50	9891	0.003	0	0.003	0.003	197.82	69.5647	157	314	
1.75	2	1	5	1	3	50	9577	50	9577	0.003	0	0.003	0.003	191.54	65.697	157	314	
2	2.25	1	1	3	4	50	9577	50	9577	0.003	0	0.003	0.003	191.54	65.697	157	314	
2	2.25	1	2	4	3	50	10990	50	10990	0.003	0	0.003	0.003	219.8	77.6949	157	314	
2	2.25	1	3	2	3	50	9734	51	9891	0.003	0	0.003	0.003	193.941	67.2593	157	314	
2	2.25	1	4	6	3	50	9891	49	9734	0.003	0	0.003	0.003	198.653	70.0332	157	314	
2	2.25	1	5	1	3	50	9733	50	9733	0.003	0	0.003	0.003	194.66	74.7165	157	470	
2.25	2.5	1	1	3	4	50	10361	50	10361	0.003	0	0.003	0.003	207.22	80.4265	157	470	
2.25	2.5	1	2	4	3	50	10048	50	10048	0.003	0	0.003	0.003	200.96	71.2085	157	314	
2.25	2.5	1	3	2	3	50	9734	49	9420	0.003	0	0.003	0.003	192.245	66.1865	157	314	
2.25	2.5	1	4	6	3	49	9891	50	10048	0.003	0	0.003	0.003	200.96	71.2085	157	314	
2.25	2.5	1	5	1	3	50	10362	50	10362	0.003	0	0.003	0.003	207.24	73.9803	157	314	
2.5	2.75	1	1	3	4	50	9420	50	9577	0.003	0	0.003	0.003	191.54	65.697	157	314	
2.5	2.75	1	2	4	3	50	9577	49	9420	0.003	0	0.003	0.003	192.245	66.1865	157	314	
2.5	2.75	1	3	2	3	49	9577	50	9891	0.003	0	0.003	0.003	197.82	69.5647	157	314	
2.5	2.75	1	4	6	3	50	9890	50	9890	0.003	0	0.003	0.003	197.8	76.382	157	470	
2.5	2.75	1	5	1	3	50	9420	50	9420	0.003	0	0.003	0.003	188.4	63.4376	157	314	
2.75	3	1	1	3	4	50	9577	50	9420	0.003	0	0.003	0.003	188.4	63.4376	157	314	
2.75	3	1	2	4	3	49	9106	50	9263	0.003	0	0.003	0.003	185.26	60.9298	157	314	
2.75	3	1	3	2	3	50	9106	50	9106	0.003	0	0.003	0.003	182.12	58.1415	157	314	
2.75	3	1	4	6	3	50	9263	50	9263	0.003	0	0.003	0.003	185.26	60.9298	157	314	
2.75	3	1	5	1	3	51	9890	50	9733	0.003	0	0.003	0.003	194.66	74.7165	157	470	
3	3.25	1	1	3	4	49	9106	50	9420	0.003	0	0.003	0.003	188.4	63.4376	157	314	
3	3.25	1	2	4	3	51	9891	50	9577	0.003	0	0.003	0.003	191.54	65.697	157	314	
3	3.25	1	3	2	3	50	9734	50	9734	0.003	0	0.003	0.003	194.68	67.7328	157	314	
3	3.25	1	4	6	3	49	9891	49	9891	0.003	0	0.003	0.003	201.857	71.6604	157	314	
3	3.25	1	5	1	3	50	9106	50	9106	0.003	0	0.003	0.003	182.12	58.1415	157	314	
3.25	3.5	1	1	3	4	50	10048	50	10048	0.003	0	0.003	0.003	200.96	71.2085	157	314	
3.25	3.5	1	2	4	3	49	10047	50	10361	0.003	0	0.003	0.003	207.22	80.4265	157	470	
3.25	3.5	1	3	2	3	50	10204	49	10047	0.003	0	0.003	0.003	205.041	79.7546	157	470	
3.25	3.5	1	4	6	3	51	9734	50	9420	0.003	0	0.003	0.003	188.4	63.4376	157	314	
3.25	3.5	1	5	1	3	49	9263	50	9420	0.003	0	0.003	0.003	188.4	63.4376	157	314	
3.5	3.75	1	1	3	4	50	9734	49	9577	0.003	0	0.003	0.003	195.449	68.2138	157	314	
3.5	3.75	1	2	4	3	51	10362	50	10205	0.003	0	0.003	0.003	204.1	72.6769	157	314	
3.5	3.75	1	3	2	3	49	9420	50	9577	0.003	0	0.003	0.003	191.54	65.697	157	314	
3.5	3.75	1	4	6	3	50	10362	51	10676	0.003	0	0.003	0.003	209.333	74.747	157	314	
3.5	3.75	1	5	1	3	50	9420	50	9420	0.003	0	0.003	0.003	188.4	63.4376	157	314	
3.75	4	1	1	3	4	49	9577	50	9734	0.003	0	0.003	0.003	194.68	67.7328	157	314	
3.75	4	1	2	4	3	49	9575	49	9575	0.003	0	0.003	0.003	195.408	81.7575	157	470	
3.75	4	1	3	2	3	50	9577	50	9577	0.003	0	0.003	0.003	191.54	65.697	157	314	
3.75	4	1	4	6	3	49	9420	48	9106	0.003	0	0.003	0.003	189.708	64.435	157	314	
3.75	4	1	5	1	3	50	9891	50	9891	0.003	0	0.003	0.003	197.82	69.5647	157	314	
4	4.25	1	1	3	4	51	10362	50	10205	0.003	0	0.003	0.003	204.1	72.6769	157	314	
4	4.25	1	2	4	3	50	10205	50	10048	0.003	0	0.003	0.003	200.96	71.2085	157	314	
4	4.25	1	3	2	3	50	10204	50	10204	0.003	0	0.003	0.003	204.08	79.2284	157	470	
4	4.25	1	4	6	3	50	9891	51	10205	0.003	0	0.003	0.003	200.098	70.7611	157	314	
4	4.25	1	5	1	3	49	9734	49	9734	0.003	0	0.003	0.003	198.653	70.0332	157	314	
4.25	4.5	1	1	3	4	49	10205	50	10362	0.003	0	0.003	0.003	207.24	73.9803	157	314	
4.25	4.5	1	2	4	3	49	9733	50	10047	0.003	0	0.003	0.003	200.94	77.8828	157	470	
4.25	4.5	1	3	2	3	50	9891	49	9734	0.003	0	0.003	0.003	198.653	70.0332	157	314	
4.25	4.5	1	4	6	3	49	9734	49	9734	0.003	0	0.003	0.003	198.653	70.0332	157	314	
4.25	4.5	1	5	1	3	51	9577	50	9420	0.003	0	0.003	0.003	188.4	63.4376	157	314	
4.5	4.75	1	1	3	4	50	9734	49	9577	0.003	0	0.003	0.003	195.449	68.2138	157	314	
4.5	4.75	1	2	4	3	50	10048	50	10048	0.003	0	0.003	0.003	200.96	71.2085	157	314	
4.5	4.75	1	3	2	3	50	9577	50	9420	0.003	0	0.003	0.003	188.4	63.4376	157	314	
4.5	4.75	1	4	6	3	50	9420	50	9420	0.003	0	0.003	0.003	188.4	63.4376	157	314	
4.5	4.75	1	5	1	3	49	9734	50	9891	0.003	0	0.003	0.003	197.82	69.5647	157	314	
4.75	5	1	1	3	4	50	9734	50	9734	0.003	0	0.003	0.003	194.68	67.7328	157	314	
4.75	5	1	2	4	3	50	10205	50	10205	0.003	0	0.003	0.003	204.1	72.6769	157	314	
4.75	5	1	3	2	3	50	9890	50	10047	0.003	0	0.003	0.003	200.94	77.8828	157	470	
4.75	5	1	4	6	3	50	9891	50	9891	0.003	0	0.003	0.003	197.82	69.5647	157	314	
4.75	5	1	5	1	3	50	9577	50	9577	0.003	0	0.003	0.003	191.54	65.697	157	314	
5	5.25	1	1	3	4	50	10361	51	10518	0.003	0	0.003	0.003	206.235	79.9281	157	470	
5	5.25	1	2	4	3	50	9734	49	9577	0.003	0	0.003	0.003	195.449	68.2138	157	314	
5	5.25	1	3	2	3	50	9420	50	9420	0.003	0	0.003	0.003	188.4	63.4376	157	314	
5	5.25	1	4	6	3	50	10048	50	10048	0.003	0	0.003	0.003	200.96	71.2085	157	314	
5	5.25	1	5	1	3	50	9577	50	9577	0.003	0	0.003	0.003	191.54	65.697	157	314	
5.25	5.5	1	1	3	4	50	9891	49	9577	0.003	0	0.003	0.003	195.449	68.2138	157	314	
5.25	5.5	1	2	4	3	50	10048	50	10048	0.003	0	0.003	0.003	200.96	71.2085	157	314	
5.25	5.5	1	3	2	3	49	9420	50	9577	0.003	0	0.003	0.003	191.54	65.697	157	314	
5.25	5.5	1	4	6	3	50	10362	50	10362	0.003	0	0.003	0.003	207.24	73.9803	157	314	
5.25	5.5	1	5	1	3	50	9733	50	9733	0.003	0	0.003	0.003	194.66	74.7165	157	470	
5.5	5.75	1	1	3	4	50	10048	50	10205	0.003	0	0.003	0.003	204.1	72.6769	157	314	
5.5	5.75	1	2	4	3	49	9577	50	9734	0.003	0	0.003	0.003	194.68	67.7328	157	314	
5.5	5.75	1	3	2	3	50	9577	50	9577	0.003	0	0.003	0.003	191.54	65.697	157	314	
5.5	5.75	1	4	6	3	50	10047	50	10047	0.003	0	0.003	0.003	200.94	77.8828	157	470	
5.5	5.75	1	5	1	3	50	9891	49	9734	0.003	0	0.003	0.003	198.653	70.0332	157	314	
5.75	6	1	1	3	4	49	9420	50	9577	0.003	0	0.003	0.003	191.54	65.697	157	314	
5.75	6	1	2	4	3	50	9576	49	9419	0.003	0	0.003	0.003	192.224	73.4581	157	470	
5.75	6	1	3	2	3	49	9263	48	9106	0.003	0	0.003	0.003	189.708	64.435	157	314	
5.75	6	1	4	6	3	49	9577	49	9577	0.003	0	0.003	0.003	195.449	68.2138	157	314	
5.75	6	1	5	1	3	49	9890	50	10047	0.003	0	0.003	0.003	200.94	77.8828	157	470	
6	6.25	1	1	3	4	50	10362	50	10362	0.003	0	0.003	0.003	207.24	73.9803	157	314	
6	6.25	1	2	4	3	50	10204	51	10361	0.003	0	0.003	0.003	203.157	78.7087	157	470	
6	6.25	1	3	2	3	50	9576	50	9576	0.003	0	0.003	0.003	191.52	72.8751	157	470	
6	6.25	1	4	6	3	50	10204	49	10047	0.003	0	0.003	0.003	205.041	79.7546	157	470	
6	6.25	1	5	1	3	50	10205	50	10205	0.003	0	0.003	0.003	204.1	72.6769	157	314	
6.25	6.5	1	1	3	4	50	9577	49	9420	0.003	0	0.003	0.003	192.245	66.1865	157	314	
6.25	6.5	1	2	4	3	50	9420	49	9263	0.003	0	0.003	0.003	189.041	63.9313	157	314	
6.25	6.5	1	3	2	3	49	10046	50	10203	0.003	0	0.003	0.003	204.06	85.278	157	470	
6.25	6.5	1	4	6	3	50	9420	51	9577	0.003	0	0.003	0.003	187.784	62.9537	157	314	
6.25	6.5	1	5	1	3	49	9106	49	9106	0.003	0	0.003	0.003	185.837	61.4232	157	314	
6.5	6.75	1	1	3	4	49	9420	50	9577	0.003	0	0.003	0.003	191.54	65.697	157	314	
6.5	6.75	1	2	4	3	49	9419	50	9576	0.003	0	0.003	0.003	191.52	72.8751	157	470	
6.5	6.75	1	3	2	3	50	10519	50	10519	0.003	0	0.003	0.003	210.38	75.1273	157	314	
6.5	6.75	1	4	6	3	50	9577	49	9420	0.003	0	0.003	0.003	192.245	66.1865	157	314	
6.5	6.75	1	5	1	3	50	9577	49	9263	0.003	0	0.003	0.003	189.041	63.9313	157	314	
6.75	7	1	1	3	4	51	11146	50	10989	0.003	0	0.003	0.003	219.78	83.859	157	470	
6.75	7	1	2	4	3	50	10205	50	10205	0.003	0	0.003	0.003	204.1	72.6769	157	314	
6.75	7	1	3	2	3	50	10205	50	10205	0.003	0	0.003	0.003	204.1	72.6769	157	314	
6.75	7	1	4	6	3	50	9420	50	9420	0.003	0	0.003	0.003	188.4	63.4376	157	314	
6.75	7	1	5	1	3	49	10362	50	10676	0.003	0	0.003	0.003	213.52	76.1251	157	314	
7	7.25	1	1	3	4	49	10205	50	10362	0.003	0	0.003	0.003	207.24	73.9803	157	314	
7	7.25	1	2	4	3	50	9420	49	9106	0.003	0	0.003	0.003	185.837	61.4232	157	314	
7	7.25	1	3	2	3	49	9263	49	9263	0.003	0	0.003	0.003	189.041	63.9313	157	314	
7	7.25	1	4	6	3	49	9577	50	9734	0.003	0	0.003	0.003	194.68	67.7328	157	314	
7	7.25	1	5	1	3	51	10362	50	10048	0.003	0	0.003	0.003	200.96	71.2085	157	314	
7.25	7.5	1	1	3	4	50	10518	49	10361	0.003	0	0.003	0.003	211.449	81.9596	157	470	
7.25	7.5	1	2	4	3	50	9577	50	9734	0.003	0	0.003	0.003	194.68	67.7328	157	314	
7.25	7.5	1	3	2	3	50	10362	50	10362	0.003	0	0.003	0.003	207.24	73.9803	157	314	
7.25	7.5	1	4	6	3	50	10205	50	10205	0.003	0	0.003	0.003	204.1	72.6769	157	314	
7.25	7.5	1	5	1	3	49	9891	50	10205	0.003	0	0.003	0.003	204.1	72.6769	157	314	
7.5	7.75	1	1	3	4	50	9263	50	9263	0.003	0	0.003	0.003	185.26	60.9298	157	314	
7.5	7.75	1	2	4	3	49	9577	50	9734	0.003	0	0.003	0.003	194.68	67.7328	157	314	
7.5	7.75	1	3	2	3	50	9420	50	9420	0.003	0	0.003	0.003	188.4	63.4376	157	314	
7.5	7.75	1	4	6	3	50	10048	49	9734	0.003	0	0.003	0.003	198.653	70.0332	157	314	
7.5	7.75	1	5	1	3	50	9263	50	9263	0.003	0	0.003	0.003	185.26	60.9298	157	314	
7.75	8	1	1	3	4	49	9577	50	9734	0.003	0	0.003	0.003	194.68	67.7328	157	314	
7.75	8	1	2	4	3	50	9891	50	9891	0.003	0	0.003	0.003	197.82	69.5647	157	314	
7.75	8	1	3	2	3	50	9577	50	9577	0.003	0	0.003	0.003	191.54	65.697	157	314	
7.75	8	1	4	6	3	50	10361	50	10518	0.003	0	0.003	0.003	210.36	81.4836	157	470	
7.75	8	1	5	1	3	50	10048	49	9891	0.003	0	0.003	0.003	201.857	71.6604	157	314	
8	8.25	1	1	3	4	50	10205	50	10205	0.003	0	0.003	0.003	204.1	72.6769	157	314	
8	8.25	1	2	4	3	50	9891	49	9734	0.003	0	0.003	0.003	198.653	70.0332	157	314	
8	8.25	1	3	2	3	50	9577	50	9577	0.003	0	0.003	0.003	191.54	65.697	157	314	
8	8.25	1	4	6	3	49	9577	50	9734	0.003	0	0.003	0.003	194.68	67.7328	157	314	
8	8.25	1	5	1	3	50	10362	50	10362	0.003	0	0.003	0.003	207.24	73.9803	157	314	
8.25	8.5	1	1	3	4	50	10048	50	10048	0.003	0	0.003	0.003	200.96	71.2085	157	314	
8.25	8.5	1	2	4	3	50	10361	51	10518	0.003	0	0.003	0.003	206.235	79.9281	157	470	
8.25	8.5	1	3	2	3	50	10203	49	10046	0.003	0	0.003	0.003	205.02	85.8881	157	470	
8.25	8.5	1	4	6	3	50	10362	50	10362	0.003	0	0.003	0.003	207.24	73.9803	157	314	
8.25	8.5	1	5	1	3	50	9420	50	9263	0.003	0	0.003	0.003	185.26	60.9298	157	314	
8.5	8.75	1	1	3	4	50	9420	50	9420	0.003	0	0.003	0.003	188.4	63.4376	157	314	
8.5	8.75	1	2	4	3	50	10047	49	9890	0.003	0	0.003	0.003	201.837	78.4287	157	470	
8.5	8.75	1	3	2	3	50	9890	50	9733	0.003	0	0.003	0.003	194.66	74.7165	157	470	
8.5	8.75	1	4	6	3	50	10519	50	10519	0.003	0	0.003	0.003	210.38	75.1273	157	314	
8.5	8.75	1	5	1	3	49	9576	50	9890	0.003	0	0.003	0.003	197.8	76.382	157	470	
8.75	9	1	1	3	4	50	9263	49	9106	0.003	0	0.003	0.003	185.837	61.4232	157	314	
8.75	9	1	2	4	3	49	9734	50	9891	0.003	0	0.003	0.003	197.82	69.5647	157	314	
8.75	9	1	3	2	3	50	10362	51	10676	0.003	0	0.003	0.003	209.333	74.747	157	314	
8.75	9	1	4	6	3	51	10519	50	10362	0.003	0	0.003	0.003	207.24	73.9803	157	314	
8.75	9	1	5	1	3	50	10048	50	10048	0.003	0	0.003	0.003	200.96	71.2085	157	314	
9	9.25	1	1	3	4	50	10361	51	10518	0.003	0	0.003	0.003	206.235	79.9281	157	470	
9	9.25	1	2	4	3	50	9577	50	9577	0.003	0	0.003	0.003	191.54	65.697	157	314	
9	9.25	1	3	2	3	50	9577	49	9263	0.003	0	0.003	0.003	189.041	63.9313	157	314	
9	9.25	1	4	6	3	50	9420	50	9420	0.003	0	0.003	0.003	188.4	63.4376	157	314	
9	9.25	1	5	1	3	50	9733	50	9733	0.003	0	0.003	0.003	194.66	74.7165	157	470	
9.25	9.5	1	1	3	4	49	9577	49	9577	0.003	0	0.003	0.003	195.449	68.2138	157	314	
9.25	9.5	1	2	4	3	50	9419	50	9419	0.003	0	0.003	0.003	188.38	70.8441	157	470	
9.25	9.5	1	3	2	3	50	9420	50	9577	0.003	0	0.003	0.003	191.54	65.697	157	314	
9.25	9.5	1	4	6	3	49	10046	50	10203	0.003	0	0.003	0.003	204.06	85.278	157	470	
9.25	9.5	1	5	1	3	50	10048	49	9891	0.003	0	0.003	0.003	201.857	71.6604	157	314	
9.5	9.75	1	1	3	4	51	10676	50	10519	0.003	0	0.003	0.003	210.38	75.1273	157	314	
9.5	9.75	1	2	4	3	50	10205	50	10205	0.003	0	0.003	0.003	204.1	72.6769	157	314	
9.5	9.75	1	3	2	3	49	9577	50	9734	0.003	0	0.003	0.003	194.68	67.7328	157	314	
9.5	9.75	1	4	6	3	50	9734	50	9734	0.003	0	0.003	0.003	194.68	67.7328	157	314	
9.5	9.75	1	5	1	3	50	9577	50	9577	0.003	0	0.003	0.003	191.54	65.697	157	314	
9.75	10	1	1	3	4	50	9577	50	9577	0.003	0	0.003	0.003	191.54	65.697	157	314	
9.75	10	1	2	4	3	50	9734	50	9734	0.003	0	0.003	0.003	194.68	67.7328	157	314	
9.75	10	1	3	2	3	50	9733	50	9733	0.003	0	0.003	0.003	194.66	74.7165	157	470	
9.75	10	1	4	6	3	50	9891	49	9734	0.003	0	0.003	0.003	198.653	70.0332	157	314	
9.75	10	1	5	1	3	49	9106	50	9263	0.003	0	0.003	0.003	185.26	60.9298	157	314	
10	10.25	1	1	3	4	48	9577	49	9734	0.003	0	0.003	0.003	198.653	70.0332	157	314	
10	10.25	1	2	4	3	50	9734	50	9734	0.003	0	0.003	0.003	194.68	67.7328	157	314	
10	10.25	1	3	2	3	51	9420	50	9263	0.003	0	0.003	0.003	185.26	60.9298	157	314	
10	10.25	1	4	6	3	50	9734	50	9734	0.003	0	0.003	0.003	194.68	67.7328	157	314	
10	10.25	1	5	1	3	51	10048	51	10048	0.003	0	0.003	0.003	197.02	69.1024	157	314	
10.25	10.5	1	1	3	4	52	10675	51	10518	0.003	0	0.003	0.003	206.235	79.9281	157	470	
10.25	10.5	1	2	4	3	50	10519	50	10519	0.003	0	0.003	0.003	210.38	75.1273	157	314	
10.25	10.5	1	3	2	3	49	9106	49	8949	0.003	0	0.003	0.003	182.633	58.6297	157	314	
10.25	10.5	1	4	6	3	50	10362	51	10519	0.003	0	0.003	0.003	206.255	73.5739	157	314	
10.25	10.5	1	5	1	3	48	8321	48	8321	0.003	0	0.003	0.003	173.354	48.4674	157	314	
10.5	10.75	1	1	3	4	50	9891	50	9891	0.003	0	0.003	0.003	197.82	69.5647	157	314	
10.5	10.75	1	2	4	3	50	9733	50	9733	0.003	0	0.003	0.003	194.66	74.7165	157	470	
10.5	10.75	1	3	2	3	50	9420	51	9734	0.003	0	0.003	0.003	190.863	65.2163	157	314	
10.5	10.75	1	4	6	3	49	9734	49	9734	0.003	0	0.003	0.003	198.653	70.0332	157	314	
10.5	10.75	1	5	1	3	51	9891	50	9734	0.003	0	0.003	0.003	194.68	67.7328	157	314	
10.75	11	1	1	3	4	49	10048	50	10205	0.003	0	0.003	0.003	204.1	72.6769	157	314	
10.75	11	1	2	4	3	50	10205	50	10205	0.003	0	0.003	0.003	204.1	72.6769	157	314	
10.75	11	1	3	2	3	50	9734	49	9577	0.003	0	0.003	0.003	195.449	68.2138	157	314	
10.75	11	1	4	6	3	50	10205	50	10205	0.003	0	0.003	0.003	204.1	72.6769	157	314	
10.75	11	1	5	1	3	49	9106	49	9106	0.003	0	0.003	0.003	185.837	61.4232	157	314	
11	11.25	1	1	3	4	50	9891	50	9891	0.003	0	0.003	0.003	197.82	69.5647	157	314	
11	11.25	1	2	4	3	50	10362	50	10362	0.003	0	0.003	0.003	207.24	73.9803	157	314	
11	11.25	1	3	2	3	49	10048	50	10205	0.003	0	0.003	0.003	204.1	72.6769	157	314	
11	11.25	1	4	6	3	50	9106	49	8949	0.003	0	0.003	0.003	182.633	58.6297	157	314	
11	11.25	1	5	1	3	50	9891	50	9891	0.003	0	0.003	0.003	197.82	69.5647	157	314	
11.25	11.5	1	1	3	4	50	9577	50	9577	0.003	0	0.003	0.003	191.54	65.697	157	314	
11.25	11.5	1	2	4	3	50	9263	50	9263	0.003	0	0.003	0.003	185.26	60.9298	157	314	
11.25	11.5	1	3	2	3	51	10048	50	9891	0.003	0	0.003	0.003	197.82	69.5647	157	314	
11.25	11.5	1	4	6	3	49	10204	50	10361	0.003	0	0.003	0.003	207.22	80.4265	157	470	
11.25	11.5	1	5	1	3	50	9106	50	8949	0.003	0	0.003	0.003	178.98	55.03	157	314	
11.5	11.75	1	1	3	4	50	10519	49	10205	0.003	0	0.003	0.003	208.265	74.3872	157	314	
11.5	11.75	1	2	4	3	50	9263	49	9106	0.003	0	0.003	0.003	185.837	61.4232	157	314	
11.5	11.75	1	3	2	3	49	9263	50	9420	0.003	0	0.003	0.003	188.4	63.4376	157	314	
11.5	11.75	1	4	6	3	50	9734	50	9734	0.003	0	0.003	0.003	194.68	67.7328	157	314	
11.5	11.75	1	5	1	3	49	9420	50	9734	0.003	0	0.003	0.003	194.68	67.7328	157	314	
11.75	12	1	1	3	4	49	9106	50	9420	0.003	0	0.003	0.003	188.4	63.4376	157	314	
11.75	12	1	2	4	3	50	10205	50	10205	0.003	0	0.003	0.003	204.1	72.6769	157	314	
11.75	12	1	3	2	3	50	9890	50	9890	0.003	0	0.003	0.003	197.8	76.382	157	470	
11.75	12	1	4	6	3	50	10048	50	10048	0.003	0	0.003	0.003	200.96	71.2085	157	314	
11.75	12	1	5	1	3	51	10048	50	9891	0.003	0	0.003	0.003	197.82	69.5647	157	314	
12	12.25	1	1	3	4	50	9577	49	9420	0.003	0	0.003	0.003	192.245	66.1865	157	314	
12	12.25	1	2	4	3	50	9420	50	9420	0.003	0	0.003	0.003	188.4	63.4376	157	314	
12	12.25	1	3	2	3	50	10048	50	10048	0.003	0	0.003	0.003	200.96	71.2085	157	314	
12	12.25	1	4	6	3	50	10519	50	10519	0.003	0	0.003	0.003	210.38	75.1273	157	314	
12	12.25	1	5	1	3	49	10048	50	10205	0.003	0	0.003	0.003	204.1	72.6769	157	314	
12.25	12.5	1	1	3	4	50	9734	50	9734	0.003	0	0.003	0.003	194.68	67.7328	157	314	
12.25	12.5	1	2	4	3	49	9891	50	10048	0.003	0	0.003	0.003	200.96	71.2085	157	314	
12.25	12.5	1	3	2	3	50	10048	50	10048	0.003	0	0.003	0.003	200.96	71.2085	157	314	
12.25	12.5	1	4	6	3	50	10205	49	10048	0.003	0	0.003	0.003	205.061	73.1082	157	314	
12.25	12.5	1	5	1	3	50	9733	50	9733	0.003	0	0.003	0.003	194.66	74.7165	157	470	
12.5	12.75	1	1	3	4	49	9420	49	9420	0.003	0	0.003	0.003	192.245	66.1865	157	314	
12.5	12.75	1	2	4	3	49	9419	49	9419	0.003	0	0.003	0.003	192.224	73.4581	157	470	
12.5	12.75	1	3	2	3	50	9734	49	9577	0.003	0	0.003	0.003	195.449	68.2138	157	314	
12.5	12.75	1	4	6	3	49	8949	50	9106	0.003	0	0.003	0.003	182.12	58.1415	157	314	
12.5	12.75	1	5	1	3	50	9890	50	9890	0.003	0	0.003	0.003	197.8	76.382	157	470	
12.75	13	1	1	3	4	50	9577	51	9734	0.003	0	0.003	0.003	190.863	65.2163	157	314	
12.75	13	1	2	4	3	50	10362	50	10362	0.003	0	0.003	0.003	207.24	73.9803	157	314	
12.75	13	1	3	2	3	49	9420	50	9577	0.003	0	0.003	0.003	191.54	65.697	157	314	
12.75	13	1	4	6	3	50	9577	49	9420	0.003	0	0.003	0.003	192.245	66.1865	157	314	
12.75	13	1	5	1	3	50	10519	49	10205	0.003	0	0.003	0.003	208.265	74.3872	157	314	
13	13.25	1	1	3	4	49	9577	49	9577	0.003	0	0.003	0.003	195.449	68.2138	157	314	
13	13.25	1	2	4	3	50	9576	49	9262	0.003	0	0.003	0.003	189.02	71.4319	157	470	
13	13.25	1	3	2	3	50	10048	50	10048	0.003	0	0.003	0.003	200.96	71.2085	157	314	
13	13.25	1	4	6	3	49	9577	50	9734	0.003	0	0.003	0.003	194.68	67.7328	157	314	
13	13.25	1	5	1	3	49	8949	49	9106	0.003	0	0.003	0.003	185.837	61.4232	157	314	
13.25	13.5	1	1	3	4	50	9734	50	9734	0.003	0	0.003	0.003	194.68	67.7328	157	314	
13.25	13.5	1	2	4	3	50	10361	50	10518	0.003	0	0.003	0.003	210.36	81.4836	157	470	
13.25	13.5	1	3	2	3	50	10048	49	9891	0.003	0	0.003	0.003	201.857	71.6604	157	314	
13.25	13.5	1	4	6	3	50	9734	50	9734	0.003	0	0.003	0.003	194.68	67.7328	157	314	
13.25	13.5	1	5	1	3	50	9263	51	9420	0.003	0	0.003	0.003	184.706	60.4471	157	314	
13.5	13.75	1	1	3	4	50	10205	50	10205	0.003	0	0.003	0.003	204.1	72.6769	157	314	
13.5	13.75	1	2	4	3	50	10362	50	10362	0.003	0	0.003	0.003	207.24	73.9803	157	314	
13.5	13.75	1	3	2	3	50	10519	51	10676	0.003	0	0.003	0.003	209.333	74.747	157	314	
13.5	13.75	1	4	6	3	50	9106	50	9106	0.003	0	0.003	0.003	182.12	58.1415	157	314	
13.5	13.75	1	5	1	3	50	9420	49	9263	0.003	0	0.003	0.003	189.041	63.9313	157	314	
13.75	14	1	1	3	4	50	9734	50	9734	0.003	0	0.003	0.003	194.68	67.7328	157	314	
13.75	14	1	2	4	3	49	10362	50	10519	0.003	0	0.003	0.003	210.38	75.1273	157	314	
13.75	14	1	3	2	3	50	10048	49	9891	0.003	0	0.003	0.003	201.857	71.6604	157	314	
13.75	14	1	4	6	3	50	9891	50	9891	0.003	0	0.003	0.003	197.82	69.5647	157	314	
13.75	14	1	5	1	3	50	9263	50	9263	0.003	0	0.003	0.003	185.26	60.9298	157	314	
14	14.25	1	1	3	4	50	10048	50	10048	0.003	0	0.003	0.003	200.96	71.2085	157	314	
14	14.25	1	2	4	3	50	8949	50	8949	0.003	0	0.003	0.003	178.98	55.03	157	314	
14	14.25	1	3	2	3	50	11146	50	11146	0.003	0	0.003	0.003	222.92	84.3979	157	470	
14	14.25	1	4	6	3	51	9891	50	9577	0.003	0	0.003	0.003	191.54	65.697	157	314	
14	14.25	1	5	1	3	49	10990	50	11147	0.003	0	0.003	0.003	222.94	78.2754	157	314	
14.25	14.5	1	1	3	4	50	9419	49	9262	0.003	0	0.003	0.003	189.02	71.4319	157	470	
14.25	14.5	1	2	4	3	49	9577	49	9577	0.003	0	0.003	0.003	195.449	68.2138	157	314	
14.25	14.5	1	3	2	3	49	9106	50	9263	0.003	0	0.003	0.003	185.26	60.9298	157	314	
14.25	14.5	1	4	6	3	49	10048	49	10048	0.003	0	0.003	0.003	205.061	73.1082	157	314	
14.25	14.5	1	5	1	3	50	10048	50	10048	0.003	0	0.003	0.003	200.96	71.2085	157	314	
14.5	14.75	1	1	3	4	50	10205	50	10205	0.003	0	0.003	0.003	204.1	72.6769	157	314	
14.5	14.75	1	2	4	3	50	9577	50	9577	0.003	0	0.003	0.003	191.54	65.697	157	314	
14.5	14.75	1	3	2	3	50	9890	50	9890	0.003	0	0.003	0.003	197.8	76.382	157	470	
14.5	14.75	1	4	6	3	50	9263	50	9420	0.003	0	0.003	0.003	188.4	63.4376	157	314	
14.5	14.75	1	5	1	3	50	9577	50	9577	0.003	0	0.003	0.003	191.54	65.697	157	314	
14.75	15	1	1	3	4	49	9420	50	9577	0.003	0	0.003	0.003	191.54	65.697	157	314	
14.75	15	1	2	4	3	50	10519	50	10519	0.003	0	0.003	0.003	210.38	75.1273	157	314	
14.75	15	1	3	2	3	50	10833	50	10833	0.003	0	0.003	0.003	216.66	76.9794	157	314	
14.75	15	1	4	6	3	50	9577	50	9420	0.003	0	0.003	0.003	188.4	63.4376	157	314	
14.75	15	1	5	1	3	50	10048	49	9891	0.003	0	0.003	0.003	201.857	71.6604	157	314	
15	15.25	1	1	3	4	50	9577	50	9577	0.003	0	0.003	0.003	191.54	65.697	157	314	
15	15.25	1	2	4	3	50	10046	50	10046	0.003	0	0.003	0.003	200.92	84.0286	157	470	
15	15.25	1	3	2	3	49	8949	48	8792	0.003	0	0.003	0.003	183.167	59.1296	157	314	
15	15.25	1	4	6	3	49	9420	50	9734	0.003	0	0.003	0.003	194.68	67.7328	157	314	
15	15.25	1	5	1	3	50	10519	50	10519	0.003	0	0.003	0.003	210.38	75.1273	157	314	
15.25	15.5	1	1	3	4	51	10362	50	10048	0.003	0	0.003	0.003	200.96	71.2085	157	314	
15.25	15.5	1	2	4	3	50	9734	50	9734	0.003	0	0.003	0.003	194.68	67.7328	157	314	
15.25	15.5	1	3	2	3	50	10048	50	9891	0.003	0	0.003	0.003	197.82	69.5647	157	314	
15.25	15.5	1	4	6	3	50	9420	50	9420	0.003	0	0.003	0.003	188.4	63.4376	157	314	
15.25	15.5	1	5	1	3	49	9420	50	9577	0.003	0	0.003	0.003	191.54	65.697	157	314	
15.5	15.75	1	1	3	4	49	8792	50	9106	0.003	0	0.003	0.003	182.12	58.1415	157	314	
15.5	15.75	1	2	4	3	50	9734	49	9420	0.003	0	0.003	0.003	192.245	66.1865	157	314	
15.5	15.75	1	3	2	3	50	10048	50	10205	0.003	0	0.003	0.003	204.1	72.6769	157	314	
15.5	15.75	1	4	6	3	50	9577	50	9577	0.003	0	0.003	0.003	191.54	65.697	157	314	
15.5	15.75	1	5	1	3	50	10048	50	10048	0.003	0	0.003	0.003	200.96	71.2085	157	314	
15.75	16	1	1	3	4	50	9891	50	9891	0.003	0	0.003	0.003	197.82	69.5647	157	314	
15.75	16	1	2	4	3	49	9263	50	9577	0.003	0	0.003	0.003	191.54	65.697	157	314	
15.75	16	1	3	2	3	50	10518	50	10518	0.003	0	0.003	0.003	210.36	81.4836	157	470	
15.75	16	1	4	6	3	50	9733	50	9733	0.003	0	0.003	0.003	194.66	74.7165	157	470	
15.75	16	1	5	1	3	51	9734	50	9577	0.003	0	0.003	0.003	191.54	65.697	157	314	
16	16.25	1	1	3	4	50	9419	50	9419	0.003	0	0.003	0.003	188.38	70.8441	157	470	
16	16.25	1	2	4	3	50	10048	50	10048	0.003	0	0.003	0.003	200.96	71.2085	157	314	
16	16.25	1	3	2	3	50	9419	50	9419	0.003	0	0.003	0.003	188.38	70.8441	157	470	
16	16.25	1	4	6	3	50	9577	50	9577	0.003	0	0.003	0.003	191.54	65.697	157	314	
16	16.25	1	5	1	3	50	9577	50	9577	0.003	0	0.003	0.003	191.54	65.697	157	314	
16.25	16.5	1	1	3	4	50	10361	49	10204	0.003	0	0.003	0.003	208.245	80.9294	157	470	
16.25	16.5	1	2	4	3	50	9577	50	9577	0.003	0	0.003	0.003	191.54	65.697	157	314	
16.25	16.5	1	3	2	3	49	8949	50	9106	0.003	0	0.003	0.003	182.12	58.1415	157	314	
16.25	16.5	1	4	6	3	50	9420	50	9420	0.003	0	0.003	0.003	188.4	63.4376	157	314	
16.25	16.5	1	5	1	3	50	9263	50	9263	0.003	0	0.003	0.003	185.26	60.9298	157	314	
16.5	16.75	1	1	3	4	50	10204	50	10204	0.003	0	0.003	0.003	204.08	79.2284	157	470	
16.5	16.75	1	2	4	3	50	10205	49	10048	0.003	0	0.003	0.003	205.061	73.1082	157	314	
16.5	16.75	1	3	2	3	50	10205	50	10205	0.003	0	0.003	0.003	204.1	72.6769	157	314	
16.5	16.75	1	4	6	3	49	10047	49	10047	0.003	0	0.003	0.003	205.041	79.7546	157	470	
16.5	16.75	1	5	1	3	49	9734	50	9891	0.003	0	0.003	0.003	197.82	69.5647	157	314	
16.75	17	1	1	3	4	49	9106	50	9263	0.003	0	0.003	0.003	185.26	60.9298	157	314	
16.75	17	1	2	4	3	50	9263	50	9263	0.003	0	0.003	0.003	185.26	60.9298	157	314	
16.75	17	1	3	2	3	49	9420	49	9420	0.003	0	0.003	0.003	192.245	66.1865	157	314	
16.75	17	1	4	6	3	50	9106	50	9106	0.003	0	0.003	0.003	182.12	58.1415	157	314	
16.75	17	1	5	1	3	50	9891	49	9577	0.003	0	0.003	0.003	195.449	68.2138	157	314	
17	17.25	1	1	3	4	50	10205	50	10205	0.003	0	0.003	0.003	204.1	72.6769	157	314	
17	17.25	1	2	4	3	49	10048	50	10205	0.003	0	0.003	0.003	204.1	72.6769	157	314	
17	17.25	1	3	2	3	50	10519	50	10519	0.003	0	0.003	0.003	210.38	75.1273	157	314	
17	17.25	1	4	6	3	50	9262	49	8792	0.003	0	0.003	0.003	179.429	55.5079	157	314	
17	17.25	1	5	1	3	50	9577	50	9734	0.003	0	0.003	0.003	194.68	67.7328	157	314	
17.25	17.5	1	1	3	4	50	9263	49	9106	0.003	0	0.003	0.003	185.837	61.4232	157	314	
17.25	17.5	1	2	4	3	50	9106	49	8949	0.003	0	0.003	0.003	182.633	58.6297	157	314	
17.25	17.5	1	3	2	3	50	10048	50	10048	0.003	0	0.003	0.003	200.96	71.2085	157	314	
17.25	17.5	1	4	6	3	49	9263	50	9733	0.003	0	0.003	0.003	194.66	74.7165	157	470	
17.25	17.5	1	5	1	3	49	8792	50	8949	0.003	0	0.003	0.003	178.98	55.03	157	314	
17.5	17.75	1	1	3	4	50	10676	50	10676	0.003	0	0.003	0.003	213.52	76.1251	157	314	
17.5	17.75	1	2	4	3	49	9577	50	9734	0.003	0	0.003	0.003	194.68	67.7328	157	314	
17.5	17.75	1	3	2	3	49	10519	49	10519	0.003	0	0.003	0.003	214.673	76.4712	157	314	
17.5	17.75	1	4	6	3	50	9890	49	9733	0.003	0	0.003	0.003	198.633	76.9439	157	470	
17.5	17.75	1	5	1	3	50	9263	50	9263	0.003	0	0.003	0.003	185.26	60.9298	157	314	
17.75	18	1	1	3	4	49	8949	50	9106	0.003	0	0.003	0.003	182.12	58.1415	157	314	
17.75	18	1	2	4	3	50	10519	49	10362	0.003	0	0.003	0.003	211.469	75.5058	157	314	
17.75	18	1	3	2	3	50	9577	50	9577	0.003	0	0.003	0.003	191.54	65.697	157	314	
17.75	18	1	4	6	3	49	9420	50	9577	0.003	0	0.003	0.003	191.54	65.697	157	314	
17.75	18	1	5	1	3	50	9734	50	9734	0.003	0	0.003	0.003	194.68	67.7328	157	314	
18	18.25	1	1	3	4	50	10362	49	10205	0.003	0	0.003	0.003	208.265	74.3872	157	314	
18	18.25	1	2	4	3	50	9576	50	9576	0.003	0	0.003	0.003	191.52	72.8751	157	470	
18	18.25	1	3	2	3	50	9734	50	9734	0.003	0	0.003	0.003	194.68	67.7328	157	314	
18	18.25	1	4	6	3	50	10833	50	10833	0.003	0	0.003	0.003	216.66	76.9794	157	314	
18	18.25	1	5	1	3	49	9420	49	9420	0.003	0	0.003	0.003	192.245	66.1865	157	314	
18.25	18.5	1	1	3	4	50	9891	50	9891	0.003	0	0.003	0.003	197.82	69.5647	157	314	
18.25	18.5	1	2	4	3	50	9891	50	9891	0.003	0	0.003	0.003	197.82	69.5647	157	314	
18.25	18.5	1	3	2	3	50	9891	50	9891	0.003	0	0.003	0.003	197.82	69.5647	157	314	
18.25	18.5	1	4	6	3	50	9577	50	9577	0.003	0	0.003	0.003	191.54	65.697	157	314	
18.25	18.5	1	5	1	3	50	9734	50	9734	0.003	0	0.003	0.003	194.68	67.7328	157	314	
18.5	18.75	1	1	3	4	49	8478	50	8635	0.003	0	0.003	0.003	172.7	47.5782	157	314	
18.5	18.75	1	2	4	3	50	9734	50	9734	0.003	0	0.003	0.003	194.68	67.7328	157	314	
18.5	18.75	1	3	2	3	50	10047	50	10047	0.003	0	0.003	0.003	200.94	77.8828	157	470	
18.5	18.75	1	4	6	3	50	10205	50	10205	0.003	0	0.003	0.003	204.1	72.6769	157	314	
18.5	18.75	1	5	1	3	51	9891	50	9577	0.003	0	0.003	0.003	191.54	65.697	157	314	
18.75	19	1	1	3	4	50	9734	50	9734	0.003	0	0.003	0.003	194.68	67.7328	157	314	
18.75	19	1	2	4	3	50	9891	50	9891	0.003	0	0.003	0.003	197.82	69.5647	157	314	
18.75	19	1	3	2	3	50	9734	49	9577	0.003	0	0.003	0.003	195.449	68.2138	157	314	
18.75	19	1	4	6	3	50	9420	50	9420	0.003	0	0.003	0.003	188.4	63.4376	157	314	
18.75	19	1	5	1	3	49	9262	50	9576	0.003	0	0.003	0.003	191.52	72.8751	157	470	
19	19.25	1	1	3	4	49	8949	49	8949	0.003	0	0.003	0.003	182.633	58.6297	157	314	
19	19.25	1	2	4	3	49	9105	49	9105	0.003	0	0.003	0.003	185.816	69.1953	157	470	
19	19.25	1	3	2	3	50	9577	50	9577	0.003	0	0.003	0.003	191.54	65.697	157	314	
19	19.25	1	4	6	3	49	10048	49	10048	0.003	0	0.003	0.003	205.061	73.1082	157	314	
19	19.25	1	5	1	3	50	9734	50	9734	0.003	0	0.003	0.003	194.68	67.7328	157	314	
19.25	19.5	1	1	3	4	50	9891	50	9891	0.003	0	0.003	0.003	197.82	69.5647	157	314	
19.25	19.5	1	2	4	3	50	9419	50	9419	0.003	0	0.003	0.003	188.38	70.8441	157	470	
19.25	19.5	1	3	2	3	49	9106	50	9263	0.003	0	0.003	0.003	185.26	60.9298	157	314	
19.25	19.5	1	4	6	3	50	9734	50	9734	0.003	0	0.003	0.003	194.68	67.7328	157	314	
19.25	19.5	1	5	1	3	50	10518	49	10204	0.003	0	0.003	0.003	208.245	80.9294	157	470	
19.5	19.75	1	1	3	4	50	9734	50	9734	0.003	0	0.003	0.003	194.68	67.7328	157	314	
19.5	19.75	1	2	4	3	50	10205	50	10205	0.003	0	0.003	0.003	204.1	72.6769	157	314	
19.5	19.75	1	3	2	3	51	9891	50	9734	0.003	0	0.003	0.003	194.68	67.7328	157	314	
19.5	19.75	1	4	6	3	50	9420	50	9420	0.003	0	0.003	0.003	188.4	63.4376	157	314	
19.5	19.75	1	5	1	3	49	9734	50	10048	0.003	0	0.003	0.003	200.96	71.2085	157	314	
19.75	20	1	1	3	4	50	10519	50	10519	0.003	0	0.003	0.003	210.38	75.1273	157	314	
19.75	20	1	2	4	3	50	9577	50	9577	0.003	0	0.003	0.003	191.54	65.697	157	314	
19.75	20	1	3	2	3	50	9420	50	9420	0.003	0	0.003	0.003	188.4	63.4376	157	314	
19.75	20	1	4	6	3	50	10205	50	10205	0.003	0	0.003	0.003	204.1	72.6769	157	314	
19.75	20	1	5	1	3	50	10048	50	10048	0.003	0	0.003	0.003	200.96	71.2085	157	314	
20	20.25	1	1	3	4	50	10362	50	10362	0.003	0	0.003	0.003	207.24	73.9803	157	314	
20	20.25	1	2	4	3	50	9263	50	9263	0.003	0	0.003	0.003	185.26	60.9298	157	314	
20	20.25	1	3	2	3	50	9577	50	9577	0.003	0	0.003	0.003	191.54	65.697	157	314	
20	20.25	1	4	6	3	50	10519	50	10519	0.003	0	0.003	0.003	210.38	75.1273	157	314	
20	20.25	1	5	1	3	50	9263	50	9263	0.003	0	0.003	0.003	185.26	60.9298	157	314	
20.25	20.5	1	1	3	4	50	10518	50	10518	0.003	0	0.003	0.003	210.36	81.4836	157	470	
20.25	20.5	1	2	4	3	49	10205	50	10362	0.003	0	0.003	0.003	207.24	73.9803	157	314	
20.25	20.5	1	3	2	3	50	9734	50	9734	0.003	0	0.003	0.003	194.68	67.7328	157	314	
20.25	20.5	1	4	6	3	50	10048	50	10048	0.003	0	0.003	0.003	200.96	71.2085	157	314	
20.25	20.5	1	5	1	3	50	9577	49	9420	0.003	0	0.003	0.003	192.245	66.1865	157	314	
20.5	20.75	1	1	3	4	50	10048	49	9734	0.003	0	0.003	0.003	198.653	70.0332	157	314	
20.5	20.75	1	2	4	3	50	9891	50	9891	0.003	0	0.003	0.003	197.82	69.5647	157	314	
20.5	20.75	1	3	2	3	49	10362	50	10519	0.003	0	0.003	0.003	210.38	75.1273	157	314	
20.5	20.75	1	4	6	3	50	9577	50	9577	0.003	0	0.003	0.003	191.54	65.697	157	314	
20.5	20.75	1	5	1	3	50	10048	50	10048	0.003	0	0.003	0.003	200.96	71.2085	157	314	
20.75	21	1	1	3	4	50	9577	50	9734	0.003	0	0.003	0.003	194.68	67.7328	157	314	
20.75	21	1	2	4	3	50	10361	50	10361	0.003	0	0.003	0.003	207.22	80.4265	157	470	
20.75	21	1	3	2	3	51	9263	50	9106	0.003	0	0.003	0.003	182.12	58.1415	157	314	
20.75	21	1	4	6	3	50	9420	50	9420	0.003	0	0.003	0.003	188.4	63.4376	157	314	
20.75	21	1	5	1	3	49	10047	50	10204	0.003	0	0.003	0.003	204.08	79.2284	157	470	
21	21.25	1	1	3	4	50	9734	50	9734	0.003	0	0.003	0.003	194.68	67.7328	157	314	
21	21.25	1	2	4	3	49	9420	49	9420	0.003	0	0.003	0.003	192.245	66.1865	157	314	
21	21.25	1	3	2	3	50	10048	50	10048	0.003	0	0.003	0.003	200.96	71.2085	157	314	
21	21.25	1	4	6	3	50	10518	50	10518	0.003	0	0.003	0.003	210.36	81.4836	157	470	
21	21.25	1	5	1	3	50	10676	50	10676	0.003	0	0.003	0.003	213.52	76.1251	157	314	
21.25	21.5	1	1	3	4	49	9263	50	9420	0.003	0	0.003	0.003	188.4	63.4376	157	314	
21.25	21.5	1	2	4	3	51	10048	50	9891	0.003	0	0.003	0.003	197.82	69.5647	157	314	
21.25	21.5	1	3	2	3	49	10048	50	10205	0.003	0	0.003	0.003	204.1	72.6769	157	314	
21.25	21.5	1	4	6	3	50	10518	49	10361	0.003	0	0.003	0.003	211.449	81.9596	157	470	
21.25	21.5	1	5	1	3	50	9890	50	9890	0.003	0	0.003	0.003	197.8	76.382	157	470	
21.5	21.75	1	1	3	4	50	9106	50	9106	0.003	0	0.003	0.003	182.12	58.1415	157	314	
21.5	21.75	1	2	4	3	50	9890	50	9890	0.003	0	0.003	0.003	197.8	76.382	157	470	
21.5	21.75	1	3	2	3	50	10048	50	10048	0.003	0	0.003	0.003	200.96	71.2085	157	314	
21.5	21.75	1	4	6	3	49	9420	50	9577	0.003	0	0.003	0.003	191.54	65.697	157	314	
21.5	21.75	1	5	1	3	50	9420	49	9263	0.003	0	0.003	0.003	189.041	63.9313	157	314	
21.75	22	1	1	3	4	49	10048	49	10048	0.003	0	0.003	0.003	205.061	73.1082	157	314	
21.75	22	1	2	4	3	49	10048	50	10205	0.003	0	0.003	0.003	204.1	72.6769	157	314	
21.75	22	1	3	2	3	50	10048	49	9734	0.003	0	0.003	0.003	198.653	70.0332	157	314	
21.75	22	1	4	6	3	50	9420	49	9263	0.003	0	0.003	0.003	189.041	63.9313	157	314	
21.75	22	1	5	1	3	49	9890	50	10047	0.003	0	0.003	0.003	200.94	77.8828	157	470	
22	22.25	1	1	3	4	51	9420	50	9263	0.003	0	0.003	0.003	185.26	60.9298	157	314	
22	22.25	1	2	4	3	50	9263	50	9263	0.003	0	0.003	0.003	185.26	60.9298	157	314	
22	22.25	1	3	2	3	49	9263	50	9577	0.003	0	0.003	0.003	191.54	65.697	157	314	
22	22.25	1	4	6	3	50	9577	50	9577	0.003	0	0.003	0.003	191.54	65.697	157	314	
22	22.25	1	5	1	3	50	9420	50	9420	0.003	0	0.003	0.003	188.4	63.4376	157	314	
22.25	22.5	1	1	3	4	49	9106	50	9263	0.003	0	0.003	0.003	185.26	60.9298	157	314	
22.25	22.5	1	2	4	3	50	10362	50	10362	0.003	0	0.003	0.003	207.24	73.9803	157	314	
22.25	22.5	1	3	2	3	51	9890	50	9576	0.003	0	0.003	0.003	191.52	72.8751	157	470	
22.25	22.5	1	4	6	3	50	10519	50	10519	0.003	0	0.003	0.003	210.38	75.1273	157	314	
22.25	22.5	1	5	1	3	50	10204	50	10204	0.003	0	0.003	0.003	204.08	79.2284	157	470	
22.5	22.75	1	1	3	4	50	9106	50	9106	0.003	0	0.003	0.003	182.12	58.1415	157	314	
22.5	22.75	1	2	4	3	50	10362	50	10362	0.003	0	0.003	0.003	207.24	73.9803	157	314	
22.5	22.75	1	3	2	3	50	10833	50	10833	0.003	0	0.003	0.003	216.66	76.9794	157	314	
22.5	22.75	1	4	6	3	50	9891	50	9891	0.003	0	0.003	0.003	197.82	69.5647	157	314	
22.5	22.75	1	5	1	3	50	9577	50	9577	0.003	0	0.003	0.003	191.54	65.697	157	314	
22.75	23	1	1	3	4	51	9734	51	9734	0.003	0	0.003	0.003	190.863	65.2163	157	314	
22.75	23	1	2	4	3	51	10518	50	10204	0.003	0	0.003	0.003	204.08	79.2284	157	470	
22.75	23	1	3	2	3	48	9577	48	9734	0.003	0	0.003	0.003	202.792	72.1163	157	314	
22.75	23	1	4	6	3	50	9420	51	9577	0.003	0	0.003	0.003	187.784	62.9537	157	314	
22.75	23	1	5	1	3	50	9420	50	9420	0.003	0	0.003	0.003	188.4	63.4376	157	314	
23	23.25	1	1	3	4	50	9734	50	9734	0.003	0	0.003	0.003	194.68	67.7328	157	314	
23	23.25	1	2	4	3	49	9733	50	10047	0.003	0	0.003	0.003	200.94	77.8828	157	470	
23	23.25	1	3	2	3	51	9420	51	9263	0.003	0	0.003	0.003	181.627	57.6645	157	314	
23	23.25	1	4	6	3	50	9734	49	9577	0.003	0	0.003	0.003	195.449	68.2138	157	314	
23	23.25	1	5	1	3	50	9734	50	9734	0.003	0	0.003	0.003	194.68	67.7328	157	314	
23.25	23.5	1	1	3	4	50	9420	50	9420	0.003	0	0.003	0.003	188.4	63.4376	157	314	
23.25	23.5	1	2	4	3	50	9263	50	9263	0.003	0	0.003	0.003	185.26	60.9298	157	314	
23.25	23.5	1	3	2	3	50	9891	50	10048	0.003	0	0.003	0.003	200.96	71.2085	157	314	
23.25	23.5	1	4	6	3	50	9891	50	9891	0.003	0	0.003	0.003	197.82	69.5647	157	314	
23.25	23.5	1	5	1	3	50	10048	50	10048	0.003	0	0.003	0.003	200.96	71.2085	157	314	
23.5	23.75	1	1	3	4	50	9734	49	9577	0.003	0	0.003	0.003	195.449	68.2138	157	314	
23.5	23.75	1	2	4	3	50	10362	50	10362	0.003	0	0.003	0.003	207.24	73.9803	157	314	
23.5	23.75	1	3	2	3	49	9420	50	9577	0.003	0	0.003	0.003	191.54	65.697	157	314	
23.5	23.75	1	4	6	3	50	9420	50	9420	0.003	0	0.003	0.003	188.4	63.4376	157	314	
23.5	23.75	1	5	1	3	49	9891	49	9891	0.003	0	0.003	0.003	201.857	71.6604	157	314	
23.75	24	1	1	3	4	50	9420	50	9420	0.003	0	0.003	0.003	188.4	63.4376	157	314	
23.75	24	1	2	4	3	50	9577	49	9420	0.003	0	0.003	0.003	192.245	66.1865	157	314	
23.75	24	1	3	2	3	50	10048	50	10048	0.003	0	0.003	0.003	200.96	71.2085	157	314	
23.75	24	1	4	6	3	49	9891	50	10048	0.003	0	0.003	0.003	200.96	71.2085	157	314	
23.75	24	1	5	1	3	50	10048	50	10048	0.003	0	0.003	0.003	200.96	71.2085	157	314	
24	24.25	1	1	3	4	50	9734	50	9734	0.003	0	0.003	0.003	194.68	67.7328	157	314	
24	24.25	1	2	4	3	50	9263	50	9263	0.003	0	0.003	0.003	185.26	60.9298	157	314	
24	24.25	1	3	2	3	50	10360	50	10360	0.003	0	0.003	0.003	207.2	86.393	157	470	
24	24.25	1	4	6	3	50	9891	50	9891	0.003	0	0.003	0.003	197.82	69.5647	157	314	
24	24.25	1	5	1	3	50	9891	50	9891	0.003	0	0.003	0.003	197.82	69.5647	157	314	
24.25	24.5	1	1	3	4	50	10047	51	10204	0.003	0	0.003	0.003	200.078	77.3452	157	470	
24.25	24.5	1	2	4	3	50	9263	50	9106	0.003	0	0.003	0.003	182.12	58.1415	157	314	
24.25	24.5	1	3	2	3	50	9891	50	9891	0.003	0	0.003	0.003	197.82	69.5647	157	314	
24.25	24.5	1	4	6	3	50	9734	50	9734	0.003	0	0.003	0.003	194.68	67.7328	157	314	
24.25	24.5	1	5	1	3	50	9577	49	9420	0.003	0	0.003	0.003	192.245	66.1865	157	314	
24.5	24.75	1	1	3	4	50	10047	49	9890	0.003	0	0.003	0.003	201.837	78.4287	157	470	
24.5	24.75	1	2	4	3	50	9891	50	10048	0.003	0	0.003	0.003	200.96	71.2085	157	314	
24.5	24.75	1	3	2	3	49	9575	49	9575	0.003	0	0.003	0.003	195.408	81.7575	157	470	
24.5	24.75	1	4	6	3	50	9891	50	9891	0.003	0	0.003	0.003	197.82	69.5647	157	314	
24.5	24.75	1	5	1	3	50	9891	51	10048	0.003	0	0.003	0.003	197.02	69.1024	157	314	
24.75	25	1	1	3	4	49	9891	50	10048	0.003	0	0.003	0.003	200.96	71.2085	157	314	
24.75	25	1	2	4	3	49	9263	50	9420	0.003	0	0.003	0.003	188.4	63.4376	157	314	
24.75	25	1	3	2	3	50	9106	49	8949	0.003	0	0.003	0.003	182.633	58.6297	157	314	
24.75	25	1	4	6	3	50	10048	50	10048	0.003	0	0.003	0.003	200.96	71.2085	157	314	
24.75	25	1	5	1	3	50	9891	49	9734	0.003	0	0.003	0.003	198.653	70.0332	157	314	
25	25.25	1	1	3	4	50	9106	50	9106	0.003	0	0.003	0.003	182.12	58.1415	157	314	
25	25.25	1	2	4	3	50	9420	50	9420	0.003	0	0.003	0.003	188.4	63.4376	157	314	
25	25.25	1	3	2	3	50	9891	50	9891	0.003	0	0.003	0.003	197.82	69.5647	157	314	
25	25.25	1	4	6	3	49	9891	49	9891	0.003	0	0.003	0.003	201.857	71.6604	157	314	
25	25.25	1	5	1	3	50	9734	50	9734	0.003	0	0.003	0.003	194.68	67.7328	157	314	
25.25	25.5	1	1	3	4	50	9891	50	9891	0.003	0	0.003	0.003	197.82	69.5647	157	314	
25.25	25.5	1	2	4	3	50	9420	49	9263	0.003	0	0.003	0.003	189.041	63.9313	157	314	
25.25	25.5	1	3	2	3	50	9734	50	9734	0.003	0	0.003	0.003	194.68	67.7328	157	314	
25.25	25.5	1	4	6	3	50	9891	50	9891	0.003	0	0.003	0.003	197.82	69.5647	157	314	
25.25	25.5	1	5	1	3	49	9106	50	9263	0.003	0	0.003	0.003	185.26	60.9298	157	314	
25.5	25.75	1	1	3	4	50	9420	50	9420	0.003	0	0.003	0.003	188.4	63.4376	157	314	
25.5	25.75	1	2	4	3	50	9106	50	9106	0.003	0	0.003	0.003	182.12	58.1415	157	314	
25.5	25.75	1	3	2	3	49	10048	49	10048	0.003	0	0.003	0.003	205.061	73.1082	157	314	
25.5	25.75	1	4	6	3	50	9734	50	9734	0.003	0	0.003	0.003	194.68	67.7328	157	314	
25.5	25.75	1	5	1	3	50	9734	50	9734	0.003	0	0.003	0.003	194.68	67.7328	157	314	
25.75	26	1	1	3	4	49	10047	49	10047	0.003	0	0.003	0.003	205.041	79.7546	157	470	
25.75	26	1	2	4	3	49	9263	49	9263	0.003	0	0.003	0.003	189.041	63.9313	157	314	
25.75	26	1	3	2	3	51	10205	51	10205	0.003	0	0.003	0.003	200.098	70.7611	157	314	
25.75	26	1	4	6	3	50	9733	50	9733	0.003	0	0.003	0.003	194.66	74.7165	157	470	
25.75	26	1	5	1	3	50	9106	50	9106	0.003	0	0.003	0.003	182.12	58.1415	157	314	
26	26.25	1	1	3	4	50	9577	50	9577	0.003	0	0.003	0.003	191.54	65.697	157	314	
26	26.25	1	2	4	3	50	10517	50	10517	0.003	0	0.003	0.003	210.34	87.3787	157	470	
26	26.25	1	3	2	3	49	9734	50	9891	0.003	0	0.003	0.003	197.82	69.5647	157	314	
26	26.25	1	4	6	3	50	9734	50	9734	0.003	0	0.003	0.003	194.68	67.7328	157	314	
26	26.25	1	5	1	3	50	9420	49	9106	0.003	0	0.003	0.003	185.837	61.4232	157	314	
26.25	26.5	1	1	3	4	50	9891	50	9891	0.003	0	0.003	0.003	197.82	69.5647	157	314	
26.25	26.5	1	2	4	3	50	9420	51	9577	0.003	0	0.003	0.003	187.784	62.9537	157	314	
26.25	26.5	1	3	2	3	49	9420	48	9263	0.003	0	0.003	0.003	192.979	66.6849	157	314	
26.25	26.5	1	4	6	3	51	10205	50	10048	0.003	0	0.003	0.003	200.96	71.2085	157	314	
26.25	26.5	1	5	1	3	50	9577	51	9891	0.003	0	0.003	0.003	193.941	67.2593	157	314	
26.5	26.75	1	1	3	4	50	10990	50	10990	0.003	0	0.003	0.003	219.8	77.6949	157	314	
26.5	26.75	1	2	4	3	49	9734	49	9734	0.003	0	0.003	0.003	198.653	70.0332	157	314	
26.5	26.75	1	3	2	3	51	9420	51	9263	0.003	0	0.003	0.003	181.627	57.6645	157	314	
26.5	26.75	1	4	6	3	49	9263	50	9420	0.003	0	0.003	0.003	188.4	63.4376	157	314	
26.5	26.75	1	5	1	3	50	10048	49	9891	0.003	0	0.003	0.003	201.857	71.6604	157	314	
26.75	27	1	1	3	4	50	9734	50	9734	0.003	0	0.003	0.003	194.68	67.7328	157	314	
26.75	27	1	2	4	3	51	10048	50	9891	0.003	0	0.003	0.003	197.82	69.5647	157	314	
26.75	27	1	3	2	3	49	9577	49	9734	0.003	0	0.003	0.003	198.653	70.0332	157	314	
26.75	27	1	4	6	3	50	9734	50	9734	0.003	0	0.003	0.003	194.68	67.7328	157	314	
26.75	27	1	5	1	3	50	9577	51	9734	0.003	0	0.003	0.003	190.863	65.2163	157	314	
27	27.25	1	1	3	4	49	9577	49	9577	0.003	0	0.003	0.003	195.449	68.2138	157	314	
27	27.25	1	2	4	3	49	8949	50	9106	0.003	0	0.003	0.003	182.12	58.1415	157	314	
27	27.25	1	3	2	3	50	9106	51	9263	0.003	0	0.003	0.003	181.627	57.6645	157	314	
27	27.25	1	4	6	3	50	9891	49	9734	0.003	0	0.003	0.003	198.653	70.0332	157	314	
27	27.25	1	5	1	3	50	9891	49	9577	0.003	0	0.003	0.003	195.449	68.2138	157	314	
27.25	27.5	1	1	3	4	51	9891	50	9577	0.003	0	0.003	0.003	191.54	65.697	157	314	
27.25	27.5	1	2	4	3	49	9891	49	9891	0.003	0	0.003	0.003	201.857	71.6604	157	314	
27.25	27.5	1	3	2	3	50	10362	49	10205	0.003	0	0.003	0.003	208.265	74.3872	157	314	
27.25	27.5	1	4	6	3	49	9106	50	9263	0.003	0	0.003	0.003	185.26	60.9298	157	314	
27.25	27.5	1	5	1	3	49	10048	50	10362	0.003	0	0.003	0.003	207.24	73.9803	157	314	
27.5	27.75	1	1	3	4	49	9576	50	9890	0.003	0	0.003	0.003	197.8	76.382	157	470	
27.5	27.75	1	2	4	3	50	9420	50	9420	0.003	0	0.003	0.003	188.4	63.4376	157	314	
27.5	27.75	1	3	2	3	50	9891	50	9891	0.003	0	0.003	0.003	197.82	69.5647	157	314	
27.5	27.75	1	4	6	3	50	10048	50	10048	0.003	0	0.003	0.003	200.96	71.2085	157	314	
27.5	27.75	1	5	1	3	50	9734	49	9577	0.003	0	0.003	0.003	195.449	68.2138	157	314	
27.75	28	1	1	3	4	49	9734	49	9734	0.003	0	0.003	0.003	198.653	70.0332	157	314	
27.75	28	1	2	4	3	50	9734	50	9734	0.003	0	0.003	0.003	194.68	67.7328	157	314	
27.75	28	1	3	2	3	50	9734	50	9734	0.003	0	0.003	0.003	194.68	67.7328	157	314	
27.75	28	1	4	6	3	50	10362	49	10205	0.003	0	0.003	0.003	208.265	74.3872	157	314	
27.75	28	1	5	1	3	50	9891	51	10048	0.003	0	0.003	0.003	197.02	69.1024	157	314	
28	28.25	1	1	3	4	51	9577	50	9420	0.003	0	0.003	0.003	188.4	63.4376	157	314	
28	28.25	1	2	4	3	50	9576	49	9419	0.003	0	0.003	0.003	192.224	73.4581	157	470	
28	28.25	1	3	2	3	49	9420	50	9577	0.003	0	0.003	0.003	191.54	65.697	157	314	
28	28.25	1	4	6	3	49	10048	50	10205	0.003	0	0.003	0.003	204.1	72.6769	157	314	
28	28.25	1	5	1	3	49	10675	49	10675	0.003	0	0.003	0.003	217.857	83.607	157	470	
28.25	28.5	1	1	3	4	50	9577	50	9577	0.003	0	0.003	0.003	191.54	65.697	157	314	
28.25	28.5	1	2	4	3	50	9734	50	9734	0.003	0	0.003	0.003	194.68	67.7328	157	314	
28.25	28.5	1	3	2	3	50	9734	50	9734	0.003	0	0.003	0.003	194.68	67.7328	157	314	
28.25	28.5	1	4	6	3	50	8949	50	8949	0.003	0	0.003	0.003	178.98	55.03	157	314	
28.25	28.5	1	5	1	3	50	10362	50	10362	0.003	0	0.003	0.003	207.24	73.9803	157	314	
28.5	28.75	1	1	3	4	50	10362	50	10362	0.003	0	0.003	0.003	207.24	73.9803	157	314	
28.5	28.75	1	2	4	3	50	9577	50	9577	0.003	0	0.003	0.003	191.54	65.697	157	314	
28.5	28.75	1	3	2	3	50	10362	50	10362	0.003	0	0.003	0.003	207.24	73.9803	157	314	
28.5	28.75	1	4	6	3	50	10048	50	10048	0.003	0	0.003	0.003	200.96	71.2085	157	314	
28.5	28.75	1	5	1	3	50	9734	50	9734	0.003	0	0.003	0.003	194.68	67.7328	157	314	
28.75	29	1	1	3	4	50	10048	50	10048	0.003	0	0.003	0.003	200.96	71.2085	157	314	
28.75	29	1	2	4	3	50	9891	50	9891	0.003	0	0.003	0.003	197.82	69.5647	157	314	
28.75	29	1	3	2	3	50	10205	50	10205	0.003	0	0.003	0.003	204.1	72.6769	157	314	
28.75	29	1	4	6	3	50	10048	50	10048	0.003	0	0.003	0.003	200.96	71.2085	157	314	
28.75	29	1	5	1	3	50	10048	50	10048	0.003	0	0.003	0.003	200.96	71.2085	157	314	
29	29.25	1	1	3	4	50	9734	50	9577	0.003	0	0.003	0.003	191.54	65.697	157	314	
29	29.25	1	2	4	3	49	8949	50	9106	0.003	0	0.003	0.003	182.12	58.1415	157	314	
29	29.25	1	3	2	3	50	9263	49	9106	0.003	0	0.003	0.003	185.837	61.4232	157	314	
29	29.25	1	4	6	3	50	10518	50	10518	0.003	0	0.003	0.003	210.36	81.4836	157	470	
29	29.25	1	5	1	3	50	9734	50	9734	0.003	0	0.003	0.003	194.68	67.7328	157	314	
29.25	29.5	1	1	3	4	49	9263	50	9577	0.003	0	0.003	0.003	191.54	65.697	157	314	
29.25	29.5	1	2	4	3	50	9420	49	9263	0.003	0	0.003	0.003	189.041	63.9313	157	314	
29.25	29.5	1	3	2	3	49	9577	50	9734	0.003	0	0.003	0.003	194.68	67.7328	157	314	
29.25	29.5	1	4	6	3	50	9576	49	9419	0.003	0	0.003	0.003	192.224	73.4581	157	470	
29.25	29.5	1	5	1	3	49	9263	49	9263	0.003	0	0.003	0.003	189.041	63.9313	157	314	
29.5	29.75	1	1	3	4	50	10205	49	10048	0.003	0	0.003	0.003	205.061	73.1082	157	314	
29.5	29.75	1	2	4	3	50	9891	50	9891	0.003	0	0.003	0.003	197.82	69.5647	157	314	
29.5	29.75	1	3	2	3	50	8792	50	8792	0.003	0	0.003	0.003	175.84	51.5369	157	314	
29.5	29.75	1	4	6	3	49	10048	50	10205	0.003	0	0.003	0.003	204.1	72.6769	157	314	
29.5	29.75	1	5	1	3	50	10205	50	10205	0.003	0	0.003	0.003	204.1	72.6769	157	314	
29.75	30	1	1	3	4	49	9263	50	9420	0.003	0	0.003	0.003	188.4	63.4376	157	314	
29.75	30	1	2	4	3	50	10519	50	10519	0.003	0	0.003	0.003	210.38	75.1273	157	314	
29.75	30	1	3	2	3	50	9576	50	9576	0.003	0	0.003	0.003	191.52	72.8751	157	470	
29.75	30	1	4	6	3	50	10362	50	10362	0.003	0	0.003	0.003	207.24	73.9803	157	314	
29.75	30	1	5	1	3	50	10048	49	9891	0.003	0	0.003	0.003	201.857	71.6604	157	314	
30	30.25	1	1	3	4	50	9106	50	9106	0.003	0	0.003	0.003	182.12	58.1415	157	314	
30	30.25	1	2	4	3	49	9734	50	9891	0.003	0	0.003	0.003	197.82	69.5647	157	314	
30	30.25	1	3	2	3	50	9420	49	9263	0.003	0	0.003	0.003	189.041	63.9313	157	314	
30	30.25	1	4	6	3	50	9734	50	9734	0.003	0	0.003	0.003	194.68	67.7328	157	314	
30	30.25	1	5	1	3	50	9891	50	9891	0.003	0	0.003	0.003	197.82	69.5647	157	314	
30.25	30.5	1	1	3	4	50	10833	50	10833	0.003	0	0.003	0.003	216.66	76.9794	157	314	
30.25	30.5	1	2	4	3	50	10048	50	10048	0.003	0	0.003	0.003	200.96	71.2085	157	314	
30.25	30.5	1	3	2	3	50	9420	50	9420	0.003	0	0.003	0.003	188.4	63.4376	157	314	
30.25	30.5	1	4	6	3	50	10362	50	10362	0.003	0	0.003	0.003	207.24	73.9803	157	314	
30.25	30.5	1	5	1	3	50	9891	50	9891	0.003	0	0.003	0.003	197.82	69.5647	157	314	
30.5	30.75	1	1	3	4	50	9577	49	9420	0.003	0	0.003	0.003	192.245	66.1865	157	314	
30.5	30.75	1	2	4	3	49	9577	49	9577	0.003	0	0.003	0.003	195.449	68.2138	157	314	
30.5	30.75	1	3	2	3	49	9890	50	10047	0.003	0	0.003	0.003	200.94	77.8828	157	470	
30.5	30.75	1	4	6	3	49	10047	49	10047	0.003	0	0.003	0.003	205.041	79.7546	157	470	
30.5	30.75	1	5	1	3	49	9420	49	9263	0.003	0	0.003	0.003	189.041	63.9313	157	314	
30.75	31	1	1	3	4	49	9577	50	9734	0.003	0	0.003	0.003	194.68	67.7328	157	314	
30.75	31	1	2	4	3	50	9420	50	9420	0.003	0	0.003	0.003	188.4	63.4376	157	314	
30.75	31	1	3	2	3	50	9734	50	9734	0.003	0	0.003	0.003	194.68	67.7328	157	314	
30.75	31	1	4	6	3	49	8949	48	8792	0.003	0	0.003	0.003	183.167	59.1296	157	314	
30.75	31	1	5	1	3	50	9891	50	10048	0.003	0	0.003	0.003	200.96	71.2085	157	314	
31	31.25	1	1	3	4	50	9420	50	9420	0.003	0	0.003	0.003	188.4	63.4376	157	314	
31	31.25	1	2	4	3	50	9577	49	9263	0.003	0	0.003	0.003	189.041	63.9313	157	314	
31	31.25	1	3	2	3	48	9263	48	9263	0.003	0	0.003	0.003	192.979	66.6849	157	314	
31	31.25	1	4	6	3	50	9420	50	9263	0.003	0	0.003	0.003	185.26	60.9298	157	314	
31	31.25	1	5	1	3	49	8792	50	8949	0.003	0	0.003	0.003	178.98	55.03	157	314	
31.25	31.5	1	1	3	4	50	9734	49	9577	0.003	0	0.003	0.003	195.449	68.2138	157	314	
31.25	31.5	1	2	4	3	49	10048	50	10362	0.003	0	0.003	0.003	207.24	73.9803	157	314	
31.25	31.5	1	3	2	3	51	9891	51	9891	0.003	0	0.003	0.003	193.941	67.2593	157	314	
31.25	31.5	1	4	6	3	50	9106	50	9263	0.003	0	0.003	0.003	185.26	60.9298	157	314	
31.25	31.5	1	5	1	3	50	9891	50	9891	0.003	0	0.003	0.003	197.82	69.5647	157	314	
31.5	31.75	1	1	3	4	50	10204	51	10361	0.003	0	0.003	0.003	203.157	78.7087	157	470	
31.5	31.75	1	2	4	3	50	10048	50	10048	0.003	0	0.003	0.003	200.96	71.2085	157	314	
31.5	31.75	1	3	2	3	50	10205	49	9891	0.003	0	0.003	0.003	201.857	71.6604	157	314	
31.5	31.75	1	4	6	3	50	8949	50	8949	0.003	0	0.003	0.003	178.98	55.03	157	314	
31.5	31.75	1	5	1	3	50	9734	50	9734	0.003	0	0.003	0.003	194.68	67.7328	157	314	
31.75	32	1	1	3	4	50	10360	49	10203	0.003	0	0.003	0.003	208.224	86.9809	157	470	
31.75	32	1	2	4	3	50	10205	50	10205	0.003	0	0.003	0.003	204.1	72.6769	157	314	
31.75	32	1	3	2	3	50	9734	50	9891	0.003	0	0.003	0.003	197.82	69.5647	157	314	
31.75	32	1	4	6	3	49	9891	50	10048	0.003	0	0.003	0.003	200.96	71.2085	157	314	
31.75	32	1	5	1	3	50	9734	50	9734	0.003	0	0.003	0.003	194.68	67.7328	157	314	
32	32.25	1	1	3	4	49	10047	50	10204	0.003	0	0.003	0.003	204.08	79.2284	157	470	
32	32.25	1	2	4	3	50	10205	50	10205	0.003	0	0.003	0.003	204.1	72.6769	157	314	
32	32.25	1	3	2	3	51	10519	51	10519	0.003	0	0.003	0.003	206.255	73.5739	157	314	
32	32.25	1	4	6	3	49	9263	49	9263	0.003	0	0.003	0.003	189.041	63.9313	157	314	
32	32.25	1	5	1	3	50	9263	49	9106	0.003	0	0.003	0.003	185.837	61.4232	157	314	
32.25	32.5	1	1	3	4	51	9891	50	9577	0.003	0	0.003	0.003	191.54	65.697	157	314	
32.25	32.5	1	2	4	3	50	9420	50	9420	0.003	0	0.003	0.003	188.4	63.4376	157	314	
32.25	32.5	1	3	2	3	48	9262	49	9419	0.003	0	0.003	0.003	192.224	73.4581	157	470	
32.25	32.5	1	4	6	3	51	10362	51	10362	0.003	0	0.003	0.003	203.176	72.2481	157	314	
32.25	32.5	1	5	1	3	50	9263	50	9106	0.003	0	0.003	0.003	182.12	58.1415	157	314	
32.5	32.75	1	1	3	4	49	9577	50	9891	0.003	0	0.003	0.003	197.82	69.5647	157	314	
32.5	32.75	1	2	4	3	50	10048	50	10048	0.003	0	0.003	0.003	200.96	71.2085	157	314	
32.5	32.75	1	3	2	3	50	9106	49	8949	0.003	0	0.003	0.003	182.633	58.6297	157	314	
32.5	32.75	1	4	6	3	50	10362	49	10205	0.003	0	0.003	0.003	208.265	74.3872	157	314	
32.5	32.75	1	5	1	3	50	9263	51	9577	0.003	0	0.003	0.003	187.784	62.9537	157	314	
32.75	33	1	1	3	4	51	10833	50	10676	0.003	0	0.003	0.003	213.52	76.1251	157	314	
32.75	33	1	2	4	3	50	9734	50	9734	0.003	0	0.003	0.003	194.68	67.7328	157	314	
32.75	33	1	3	2	3	49	10205	50	10362	0.003	0	0.003	0.003	207.24	73.9803	157	314	
32.75	33	1	4	6	3	50	10048	51	10205	0.003	0	0.003	0.003	200.098	70.7611	157	314	
32.75	33	1	5	1	3	50	10048	49	9891	0.003	0	0.003	0.003	201.857	71.6604	157	314	
33	33.25	1	1	3	4	50	10205	50	10205	0.003	0	0.003	0.003	204.1	72.6769	157	314	
33	33.25	1	2	4	3	50	9263	50	9263	0.003	0	0.003	0.003	185.26	60.9298	157	314	
33	33.25	1	3	2	3	50	10362	50	10362	0.003	0	0.003	0.003	207.24	73.9803	157	314	
33	33.25	1	4	6	3	50	10047	50	10047	0.003	0	0.003	0.003	200.94	77.8828	157	470	
33	33.25	1	5	1	3	50	10519	50	10519	0.003	0	0.003	0.003	210.38	75.1273	157	314	
33.25	33.5	1	1	3	4	49	9577	50	9734	0.003	0	0.003	0.003	194.68	67.7328	157	314	
33.25	33.5	1	2	4	3	50	9733	50	9733	0.003	0	0.003	0.003	194.66	74.7165	157	470	
33.25	33.5	1	3	2	3	50	9420	49	9263	0.003	0	0.003	0.003	189.041	63.9313	157	314	
33.25	33.5	1	4	6	3	50	9420	49	9263	0.003	0	0.003	0.003	189.041	63.9313	157	314	
33.25	33.5	1	5	1	3	49	10048	50	10205	0.003	0	0.003	0.003	204.1	72.6769	157	314	
33.5	33.75	1	1	3	4	50	10048	50	10048	0.003	0	0.003	0.003	200.96	71.2085	157	314	
33.5	33.75	1	2	4	3	50	9420	49	9263	0.003	0	0.003	0.003	189.041	63.9313	157	314	
33.5	33.75	1	3	2	3	49	8635	50	8792	0.003	0	0.003	0.003	175.84	51.5369	157	314	
33.5	33.75	1	4	6	3	50	9733	50	9733	0.003	0	0.003	0.003	194.66	74.7165	157	470	
33.5	33.75	1	5	1	3	50	9577	50	9577	0.003	0	0.003	0.003	191.54	65.697	157	314	
33.75	34	1	1	3	4	50	9891	50	9891	0.003	0	0.003	0.003	197.82	69.5647	157	314	
33.75	34	1	2	4	3	50	10519	50	10362	0.003	0	0.003	0.003	207.24	73.9803	157	314	
33.75	34	1	3	2	3	50	9576	50	9576	0.003	0	0.003	0.003	191.52	72.8751	157	470	
33.75	34	1	4	6	3	50	9577	50	9577	0.003	0	0.003	0.003	191.54	65.697	157	314	
33.75	34	1	5	1	3	50	10047	50	10047	0.003	0	0.003	0.003	200.94	77.8828	157	470	
34	34.25	1	1	3	4	50	9577	50	9577	0.003	0	0.003	0.003	191.54	65.697	157	314	
34	34.25	1	2	4	3	50	9420	50	9420	0.003	0	0.003	0.003	188.4	63.4376	157	314	
34	34.25	1	3	2	3	50	9420	50	9420	0.003	0	0.003	0.003	188.4	63.4376	157	314	
34	34.25	1	4	6	3	50	10205	50	10205	0.003	0	0.003	0.003	204.1	72.6769	157	314	
34	34.25	1	5	1	3	50	9106	50	9106	0.003	0	0.003	0.003	182.12	58.1415	157	314	
34.25	34.5	1	1	3	4	50	9891	50	9891	0.003	0	0.003	0.003	197.82	69.5647	157	314	
34.25	34.5	1	2	4	3	49	9106	50	9420	0.003	0	0.003	0.003	188.4	63.4376	157	314	
34.25	34.5	1	3	2	3	51	9577	50	9420	0.003	0	0.003	0.003	188.4	63.4376	157	314	
34.25	34.5	1	4	6	3	50	9577	50	9577	0.003	0	0.003	0.003	191.54	65.697	157	314	
34.25	34.5	1	5	1	3	50	9577	50	9577	0.003	0	0.003	0.003	191.54	65.697	157	314	
34.5	34.75	1	1	3	4	50	9890	50	9890	0.003	0	0.003	0.003	197.8	76.382	157	470	
34.5	34.75	1	2	4	3	50	9891	50	9891	0.003	0	0.003	0.003	197.82	69.5647	157	314	
34.5	34.75	1	3	2	3	50	10048	50	10048	0.003	0	0.003	0.003	200.96	71.2085	157	314	
34.5	34.75	1	4	6	3	49	8791	50	8948	0.003	0	0.003	0.003	178.96	63.4231	157	470	
34.5	34.75	1	5	1	3	51	10048	50	9891	0.003	0	0.003	0.003	197.82	69.5647	157	314	
34.75	35	1	1	3	4	50	9890	49	9733	0.003	0	0.003	0.003	198.633	76.9439	157	470	
34.75	35	1	2	4	3	50	10362	50	10362	0.003	0	0.003	0.003	207.24	73.9803	157	314	
34.75	35	1	3	2	3	49	9263	50	9420	0.003	0	0.003	0.003	188.4	63.4376	157	314	
34.75	35	1	4	6	3	51	10048	50	9891	0.003	0	0.003	0.003	197.82	69.5647	157	314	
34.75	35	1	5	1	3	49	9577	50	9734	0.003	0	0.003	0.003	194.68	67.7328	157	314	
35	35.25	1	1	3	4	50	10048	50	10048	0.003	0	0.003	0.003	200.96	71.2085	157	314	
35	35.25	1	2	4	3	50	9420	50	9420	0.003	0	0.003	0.003	188.4	63.4376	157	314	
35	35.25	1	3	2	3	49	9891	49	9891	0.003	0	0.003	0.003	201.857	71.6604	157	314	
35	35.25	1	4	6	3	50	9577	50	9577	0.003	0	0.003	0.003	191.54	65.697	157	314	
35	35.25	1	5	1	3	50	9734	50	9734	0.003	0	0.003	0.003	194.68	67.7328	157	314	
35.25	35.5	1	1	3	4	50	9734	50	9577	0.003	0	0.003	0.003	191.54	65.697	157	314	
35.25	35.5	1	2	4	3	50	9734	50	9734	0.003	0	0.003	0.003	194.68	67.7328	157	314	
35.25	35.5	1	3	2	3	50	8949	49	8792	0.003	0	0.003	0.003	179.429	55.5079	157	314	
35.25	35.5	1	4	6	3	49	9106	50	9263	0.003	0	0.003	0.003	185.26	60.9298	157	314	
35.25	35.5	1	5	1	3	50	10833	50	10833	0.003	0	0.003	0.003	216.66	76.9794	157	314	
35.5	35.75	1	1	3	4	50	10048	50	10048	0.003	0	0.003	0.003	200.96	71.2085	157	314	
35.5	35.75	1	2	4	3	50	10519	50	10519	0.003	0	0.003	0.003	210.38	75.1273	157	314	
35.5	35.75	1	3	2	3	50	10048	51	10205	0.003	0	0.003	0.003	200.098	70.7611	157	314	
35.5	35.75	1	4	6	3	50	10362	50	10362	0.003	0	0.003	0.003	207.24	73.9803	157	314	
35.5	35.75	1	5	1	3	50	9420	49	9263	0.003	0	0.003	0.003	189.041	63.9313	157	314	
35.75	36	1	1	3	4	49	10362	50	10676	0.003	0	0.003	0.003	213.52	76.1251	157	314	
35.75	36	1	2	4	3	51	9577	50	9420	0.003	0	0.003	0.003	188.4	63.4376	157	314	
35.75	36	1	3	2	3	50	9420	49	9106	0.003	0	0.003	0.003	185.837	61.4232	157	314	
35.75	36	1	4	6	3	50	9734	50	9734	0.003	0	0.003	0.003	194.68	67.7328	157	314	
35.75	36	1	5	1	3	50	9420	51	9577	0.003	0	0.003	0.003	187.784	62.9537	157	314	
36	36.25	1	1	3	4	52	9577	51	9420	0.003	0	0.003	0.003	184.706	60.4471	157	314	
36	36.25	1	2	4	3	49	9577	49	9577	0.003	0	0.003	0.003	195.449	68.2138	157	314	
36	36.25	1	3	2	3	49	9106	50	9420	0.003	0	0.003	0.003	188.4	63.4376	157	314	
36	36.25	1	4	6	3	50	9733	50	9733	0.003	0	0.003	0.003	194.66	74.7165	157	470	
36	36.25	1	5	1	3	50	9734	50	9734	0.003	0	0.003	0.003	194.68	67.7328	157	314	
36.25	36.5	1	1	3	4	49	10676	49	10519	0.003	0	0.003	0.003	214.673	76.4712	157	314	
36.25	36.5	1	2	4	3	50	10048	51	10205	0.003	0	0.003	0.003	200.098	70.7611	157	314	
36.25	36.5	1	3	2	3	51	9106	50	8949	0.003	0	0.003	0.003	178.98	55.03	157	314	
36.25	36.5	1	4	6	3	50	9577	50	9577	0.003	0	0.003	0.003	191.54	65.697	157	314	
36.25	36.5	1	5	1	3	49	8792	49	8792	0.003	0	0.003	0.003	179.429	55.5079	157	314	
36.5	36.75	1	1	3	4	50	10676	50	10676	0.003	0	0.003	0.003	213.52	76.1251	157	314	
36.5	36.75	1	2	4	3	50	9734	50	9734	0.003	0	0.003	0.003	194.68	67.7328	157	314	
36.5	36.75	1	3	2	3	50	10048	50	10048	0.003	0	0.003	0.003	200.96	71.2085	157	314	
36.5	36.75	1	4	6	3	50	10519	50	10519	0.003	0	0.003	0.003	210.38	75.1273	157	314	
36.5	36.75	1	5	1	3	50	10676	50	10676	0.003	0	0.003	0.003	213.52	76.1251	157	314	
36.75	37	1	1	3	4	50	10519	50	10519	0.003	0	0.003	0.003	210.38	75.1273	157	314	
36.75	37	1	2	4	3	50	9891	50	9891	0.003	0	0.003	0.003	197.82	69.5647	157	314	
36.75	37	1	3	2	3	48	9106	49	9263	0.003	0	0.003	0.003	189.041	63.9313	157	314	
36.75	37	1	4	6	3	50	9734	50	9734	0.003	0	0.003	0.003	194.68	67.7328	157	314	
36.75	37	1	5	1	3	50	9891	49	9577	0.003	0	0.003	0.003	195.449	68.2138	157	314	
37	37.25	1	1	3	4	49	9733	50	10047	0.003	0	0.003	0.003	200.94	77.8828	157	470	
37	37.25	1	2	4	3	50	9577	50	9577	0.003	0	0.003	0.003	191.54	65.697	157	314	
37	37.25	1	3	2	3	50	9106	49	8949	0.003	0	0.003	0.003	182.633	58.6297	157	314	
37	37.25	1	4	6	3	50	9577	49	9420	0.003	0	0.003	0.003	192.245	66.1865	157	314	
37	37.25	1	5	1	3	49	10204	50	10518	0.003	0	0.003	0.003	210.36	81.4836	157	470	
37.25	37.5	1	1	3	4	50	10048	49	9734	0.003	0	0.003	0.003	198.653	70.0332	157	314	
37.25	37.5	1	2	4	3	49	10518	49	10518	0.003	0	0.003	0.003	214.653	82.8507	157	470	
37.25	37.5	1	3	2	3	50	9734	51	9891	0.003	0	0.003	0.003	193.941	67.2593	157	314	
37.25	37.5	1	4	6	3	50	9577	50	9577	0.003	0	0.003	0.003	191.54	65.697	157	314	
37.25	37.5	1	5	1	3	50	10205	50	10205	0.003	0	0.003	0.003	204.1	72.6769	157	314	
37.5	37.75	1	1	3	4	50	9734	50	9891	0.003	0	0.003	0.003	197.82	69.5647	157	314	
37.5	37.75	1	2	4	3	50	10675	50	10675	0.003	0	0.003	0.003	213.5	82.4052	157	470	
37.5	37.75	1	3	2	3	50	10205	50	10205	0.003	0	0.003	0.003	204.1	72.6769	157	314	
37.5	37.75	1	4	6	3	50	9890	50	9890	0.003	0	0.003	0.003	197.8	76.382	157	470	
37.5	37.75	1	5	1	3	50	8949	50	8949	0.003	0	0.003	0.003	178.98	55.03	157	314	
37.75	38	1	1	3	4	49	9734	49	9734	0.003	0	0.003	0.003	198.653	70.0332	157	314	
37.75	38	1	2	4	3	49	9262	49	9262	0.003	0	0.003	0.003	189.02	71.4319	157	470	
37.75	38	1	3	2	3	49	9263	49	9263	0.003	0	0.003	0.003	189.041	63.9313	157	314	
37.75	38	1	4	6	3	49	9576	49	9576	0.003	0	0.003	0.003	195.429	75.2908	157	470	
37.75	38	1	5	1	3	49	9106	49	9106	0.003	0	0.003	0.003	185.837	61.4232	157	314	
38	38.25	1	1	3	4	49	9263	50	9420	0.003	0	0.003	0.003	188.4	63.4376	157	314	
38	38.25	1	2	4	3	51	10518	50	10361	0.003	0	0.003	0.003	207.22	80.4265	157	470	
38	38.25	1	3	2	3	50	9734	50	9734	0.003	0	0.003	0.003	194.68	67.7328	157	314	
38	38.25	1	4	6	3	50	9420	50	9420	0.003	0	0.003	0.003	188.4	63.4376	157	314	
38	38.25	1	5	1	3	50	9577	50	9577	0.003	0	0.003	0.003	191.54	65.697	157	314	
38.25	38.5	1	1	3	4	51	9734	51	9734	0.003	0	0.003	0.003	190.863	65.2163	157	314	
38.25	38.5	1	2	4	3	50	10204	50	10204	0.003	0	0.003	0.003	204.08	79.2284	157	470	
38.25	38.5	1	3	2	3	50	10204	50	10204	0.003	0	0.003	0.003	204.08	79.2284	157	470	
38.25	38.5	1	4	6	3	49	9734	50	9891	0.003	0	0.003	0.003	197.82	69.5647	157	314	
38.25	38.5	1	5	1	3	50	10362	49	10205	0.003	0	0.003	0.003	208.265	74.3872	157	314	
38.5	38.75	1	1	3	4	50	9891	49	9734	0.003	0	0.003	0.003	198.653	70.0332	157	314	
38.5	38.75	1	2	4	3	50	9890	51	10047	0.003	0	0.003	0.003	197	75.8298	157	470	
38.5	38.75	1	3	2	3	49	9263	49	9263	0.003	0	0.003	0.003	189.041	63.9313	157	314	
38.5	38.75	1	4	6	3	51	8792	50	8635	0.003	0	0.003	0.003	172.7	47.5782	157	314	
38.5	38.75	1	5	1	3	49	9106	50	9263	0.003	0	0.003	0.003	185.26	60.9298	157	314	
38.75	39	1	1	3	4	50	9577	50	9577	0.003	0	0.003	0.003	191.54	65.697	157	314	
38.75	39	1	2	4	3	50	9891	50	9891	0.003	0	0.003	0.003	197.82	69.5647	157	314	
38.75	39	1	3	2	3	50	9734	50	9734	0.003	0	0.003	0.003	194.68	67.7328	157	314	
38.75	39	1	4	6	3	50	9891	50	9891	0.003	0	0.003	0.003	197.82	69.5647	157	314	
38.75	39	1	5	1	3	50	10205	50	10205	0.003	0	0.003	0.003	204.1	72.6769	157	314	
39	39.25	1	1	3	4	50	10048	50	9891	0.003	0	0.003	0.003	197.82	69.5647	157	314	
39	39.25	1	2	4	3	50	9891	49	9734	0.003	0	0.003	0.003	198.653	70.0332	157	314	
39	39.25	1	3	2	3	50	9891	50	9891	0.003	0	0.003	0.003	197.82	69.5647	157	314	
39	39.25	1	4	6	3	49	9891	50	10048	0.003	0	0.003	0.003	200.96	71.2085	157	314	
39	39.25	1	5	1	3	50	10519	50	10519	0.003	0	0.003	0.003	210.38	75.1273	157	314	
39.25	39.5	1	1	3	4	49	9106	50	9420	0.003	0	0.003	0.003	188.4	63.4376	157	314	
39.25	39.5	1	2	4	3	49	9734	50	9891	0.003	0	0.003	0.003	197.82	69.5647	157	314	
39.25	39.5	1	3	2	3	49	9577	49	9577	0.003	0	0.003	0.003	195.449	68.2138	157	314	
39.25	39.5	1	4	6	3	50	9734	49	9577	0.003	0	0.003	0.003	195.449	68.2138	157	314	
39.25	39.5	1	5	1	3	50	9420	49	9263	0.003	0	0.003	0.003	189.041	63.9313	157	314	
39.5	39.75	1	1	3	4	51	10518	50	10361	0.003	0	0.003	0.003	207.22	80.4265	157	470	
39.5	39.75	1	2	4	3	50	9734	50	9734	0.003	0	0.003	0.003	194.68	67.7328	157	314	
39.5	39.75	1	3	2	3	50	10205	50	10205	0.003	0	0.003	0.003	204.1	72.6769	157	314	
39.5	39.75	1	4	6	3	50	9263	50	9263	0.003	0	0.003	0.003	185.26	60.9298	157	314	
39.5	39.75	1	5	1	3	49	9891	50	10048	0.003	0	0.003	0.003	200.96	71.2085	157	314	
39.75	40	1	1	3	4	49	9106	50	9263	0.003	0	0.003	0.003	185.26	60.9298	157	314	
39.75	40	1	2	4	3	50	10519	49	10362	0.003	0	0.003	0.003	211.469	75.5058	157	314	
39.75	40	1	3	2	3	50	10362	50	10362	0.003	0	0.003	0.003	207.24	73.9803	157	314	
39.75	40	1	4	6	3	50	10046	50	10046	0.003	0	0.003	0.003	200.92	84.0286	157	470	
39.75	40	1	5	1	3	50	9891	50	9891	0.003	0	0.003	0.003	197.82	69.5647	157	314	
40	40.25	1	1	3	4	49	9420	49	9420	0.003	0	0.003	0.003	192.245	66.1865	157	314	
40	40.25	1	2	4	3	50	9263	51	9420	0.003	0	0.003	0.003	184.706	60.4471	157	314	
40	40.25	1	3	2	3	50	9734	50	9734	0.003	0	0.003	0.003	194.68	67.7328	157	314	
40	40.25	1	4	6	3	49	9263	49	9263	0.003	0	0.003	0.003	189.041	63.9313	157	314	
40	40.25	1	5	1	3	50	9263	49	9106	0.003	0	0.003	0.003	185.837	61.4232	157	314	
40.25	40.5	1	1	3	4	50	10048	50	10048	0.003	0	0.003	0.003	200.96	71.2085	157	314	
40.25	40.5	1	2	4	3	50	10205	49	10048	0.003	0	0.003	0.003	205.061	73.1082	157	314	
40.25	40.5	1	3	2	3	49	10048	49	10048	0.003	0	0.003	0.003	205.061	73.1082	157	314	
40.25	40.5	1	4	6	3	50	9577	51	9734	0.003	0	0.003	0.003	190.863	65.2163	157	314	
40.25	40.5	1	5	1	3	48	9106	49	9263	0.003	0	0.003	0.003	189.041	63.9313	157	314	
40.5	40.75	1	1	3	4	49	9734	49	9734	0.003	0	0.003	0.003	198.653	70.0332	157	314	
40.5	40.75	1	2	4	3	50	10519	50	10519	0.003	0	0.003	0.003	210.38	75.1273	157	314	
40.5	40.75	1	3	2	3	50	10205	50	10205	0.003	0	0.003	0.003	204.1	72.6769	157	314	
40.5	40.75	1	4	6	3	50	9891	49	9734	0.003	0	0.003	0.003	198.653	70.0332	157	314	
40.5	40.75	1	5	1	3	50	9577	50	9577	0.003	0	0.003	0.003	191.54	65.697	157	314	
40.75	41	1	1	3	4	50	9577	50	9577	0.003	0	0.003	0.003	191.54	65.697	157	314	
40.75	41	1	2	4	3	49	9419	50	9576	0.003	0	0.003	0.003	191.52	72.8751	157	470	
40.75	41	1	3	2	3	50	9263	49	9106	0.003	0	0.003	0.003	185.837	61.4232	157	314	
40.75	41	1	4	6	3	50	9891	50	9734	0.003	0	0.003	0.003	194.68	67.7328	157	314	
40.75	41	1	5	1	3	50	9734	50	9734	0.003	0	0.003	0.003	194.68	67.7328	157	314	
41	41.25	1	1	3	4	50	9576	50	9576	0.003	0	0.003	0.003	191.52	72.8751	157	470	
41	41.25	1	2	4	3	50	10048	49	9891	0.003	0	0.003	0.003	201.857	71.6604	157	314	
41	41.25	1	3	2	3	49	9577	50	9734	0.003	0	0.003	0.003	194.68	67.7328	157	314	
41	41.25	1	4	6	3	50	9420	50	9577	0.003	0	0.003	0.003	191.54	65.697	157	314	
41	41.25	1	5	1	3	50	9891	50	9891	0.003	0	0.003	0.003	197.82	69.5647	157	314	
41.25	41.5	1	1	3	4	50	9577	50	9577	0.003	0	0.003	0.003	191.54	65.697	157	314	
41.25	41.5	1	2	4	3	50	10205	50	10205	0.003	0	0.003	0.003	204.1	72.6769	157	314	
41.25	41.5	1	3	2	3	50	9734	50	9734	0.003	0	0.003	0.003	194.68	67.7328	157	314	
41.25	41.5	1	4	6	3	50	9420	50	9420	0.003	0	0.003	0.003	188.4	63.4376	157	314	
41.25	41.5	1	5	1	3	50	10519	50	10519	0.003	0	0.003	0.003	210.38	75.1273	157	314	
41.5	41.75	1	1	3	4	50	10205	50	10205	0.003	0	0.003	0.003	204.1	72.6769	157	314	
41.5	41.75	1	2	4	3	50	10676	50	10676	0.003	0	0.003	0.003	213.52	76.1251	157	314	
41.5	41.75	1	3	2	3	50	9577	50	9577	0.003	0	0.003	0.003	191.54	65.697	157	314	
41.5	41.75	1	4	6	3	49	9576	50	9733	0.003	0	0.003	0.003	194.66	74.7165	157	470	
41.5	41.75	1	5	1	3	50	9577	49	9420	0.003	0	0.003	0.003	192.245	66.1865	157	314	
41.75	42	1	1	3	4	50	10676	49	10519	0.003	0	0.003	0.003	214.673	76.4712	157	314	
41.75	42	1	2	4	3	50	9106	51	9263	0.003	0	0.003	0.003	181.627	57.6645	157	314	
41.75	42	1	3	2	3	50	9734	50	9734	0.003	0	0.003	0.003	194.68	67.7328	157	314	
41.75	42	1	4	6	3	50	9263	50	9263	0.003	0	0.003	0.003	185.26	60.9298	157	314	
41.75	42	1	5	1	3	50	10362	50	10205	0.003	0	0.003	0.003	204.1	72.6769	157	314	
42	42.25	1	1	3	4	50	9420	50	9420	0.003	0	0.003	0.003	188.4	63.4376	157	314	
42	42.25	1	2	4	3	50	9734	49	9420	0.003	0	0.003	0.003	192.245	66.1865	157	314	
42	42.25	1	3	2	3	49	9734	49	9734	0.003	0	0.003	0.003	198.653	70.0332	157	314	
42	42.25	1	4	6	3	50	9734	50	9734	0.003	0	0.003	0.003	194.68	67.7328	157	314	
42	42.25	1	5	1	3	49	9263	50	9577	0.003	0	0.003	0.003	191.54	65.697	157	314	
42.25	42.5	1	1	3	4	49	9577	50	9734	0.003	0	0.003	0.003	194.68	67.7328	157	314	
42.25	42.5	1	2	4	3	50	9890	50	10047	0.003	0	0.003	0.003	200.94	77.8828	157	470	
42.25	42.5	1	3	2	3	50	10519	49	10362	0.003	0	0.003	0.003	211.469	75.5058	157	314	
42.25	42.5	1	4	6	3	50	9577	50	9577	0.003	0	0.003	0.003	191.54	65.697	157	314	
42.25	42.5	1	5	1	3	50	9890	50	9890	0.003	0	0.003	0.003	197.8	76.382	157	470	
42.5	42.75	1	1	3	4	50	10048	49	9734	0.003	0	0.003	0.003	198.653	70.0332	157	314	
42.5	42.75	1	2	4	3	49	9263	50	9420	0.003	0	0.003	0.003	188.4	63.4376	157	314	
42.5	42.75	1	3	2	3	49	9577	50	9734	0.003	0	0.003	0.003	194.68	67.7328	157	314	
42.5	42.75	1	4	6	3	49	10047	49	10047	0.003	0	0.003	0.003	205.041	79.7546	157	470	
42.5	42.75	1	5	1	3	50	10047	49	9890	0.003	0	0.003	0.003	201.837	78.4287	157	470	
42.75	43	1	1	3	4	50	10362	50	10362	0.003	0	0.003	0.003	207.24	73.9803	157	314	
42.75	43	1	2	4	3	50	10048	50	10048	0.003	0	0.003	0.003	200.96	71.2085	157	314	
42.75	43	1	3	2	3	50	10519	50	10519	0.003	0	0.003	0.003	210.38	75.1273	157	314	
42.75	43	1	4	6	3	50	10519	50	10519	0.003	0	0.003	0.003	210.38	75.1273	157	314	
42.75	43	1	5	1	3	50	10048	50	10048	0.003	0	0.003	0.003	200.96	71.2085	157	314	
43	43.25	1	1	3	4	49	8949	50	9263	0.003	0	0.003	0.003	185.26	60.9298	157	314	
43	43.25	1	2	4	3	50	10519	50	10519	0.003	0	0.003	0.003	210.38	75.1273	157	314	
43	43.25	1	3	2	3	50	9891	50	9891	0.003	0	0.003	0.003	197.82	69.5647	157	314	
43	43.25	1	4	6	3	50	9891	49	9734	0.003	0	0.003	0.003	198.653	70.0332	157	314	
43	43.25	1	5	1	3	50	10362	50	10362	0.003	0	0.003	0.003	207.24	73.9803	157	314	
43.25	43.5	1	1	3	4	50	9733	50	9733	0.003	0	0.003	0.003	194.66	74.7165	157	470	
43.25	43.5	1	2	4	3	50	10361	49	10204	0.003	0	0.003	0.003	208.245	80.9294	157	470	
43.25	43.5	1	3	2	3	50	9734	50	9734	0.003	0	0.003	0.003	194.68	67.7328	157	314	
43.25	43.5	1	4	6	3	49	8792	50	8949	0.003	0	0.003	0.003	178.98	55.03	157	314	
43.25	43.5	1	5	1	3	50	10048	50	10048	0.003	0	0.003	0.003	200.96	71.2085	157	314	
43.5	43.75	1	1	3	4	50	9577	50	9577	0.003	0	0.003	0.003	191.54	65.697	157	314	
43.5	43.75	1	2	4	3	50	9577	50	9577	0.003	0	0.003	0.003	191.54	65.697	157	314	
43.5	43.75	1	3	2	3	50	10362	50	10362	0.003	0	0.003	0.003	207.24	73.9803	157	314	
43.5	43.75	1	4	6	3	51	10205	50	9891	0.003	0	0.003	0.003	197.82	69.5647	157	314	
43.5	43.75	1	5	1	3	49	9263	50	9420	0.003	0	0.003	0.003	188.4	63.4376	157	314	
43.75	44	1	1	3	4	50	10205	50	10205	0.003	0	0.003	0.003	204.1	72.6769	157	314	
43.75	44	1	2	4	3	49	8949	50	9106	0.003	0	0.003	0.003	182.12	58.1415	157	314	
43.75	44	1	3	2	3	50	10048	49	9891	0.003	0	0.003	0.003	201.857	71.6604	157	314	
43.75	44	1	4	6	3	49	10048	50	10362	0.003	0	0.003	0.003	207.24	73.9803	157	314	
43.75	44	1	5	1	3	50	9891	49	9577	0.003	0	0.003	0.003	195.449	68.2138	157	314	
44	44.25	1	1	3	4	50	10362	49	10205	0.003	0	0.003	0.003	208.265	74.3872	157	314	
44	44.25	1	2	4	3	50	9576	50	9576	0.003	0	0.003	0.003	191.52	72.8751	157	470	
44	44.25	1	3	2	3	50	9577	50	9577	0.003	0	0.003	0.003	191.54	65.697	157	314	
44	44.25	1	4	6	3	50	9734	50	9734	0.003	0	0.003	0.003	194.68	67.7328	157	314	
44	44.25	1	5	1	3	50	9734	51	10048	0.003	0	0.003	0.003	197.02	69.1024	157	314	
44.25	44.5	1	1	3	4	50	9420	50	9420	0.003	0	0.003	0.003	188.4	63.4376	157	314	
44.25	44.5	1	2	4	3	50	10048	49	9734	0.003	0	0.003	0.003	198.653	70.0332	157	314	
44.25	44.5	1	3	2	3	49	9577	50	9734	0.003	0	0.003	0.003	194.68	67.7328	157	314	
44.25	44.5	1	4	6	3	50	10362	50	10362	0.003	0	0.003	0.003	207.24	73.9803	157	314	
44.25	44.5	1	5	1	3	49	9577	49	9577	0.003	0	0.003	0.003	195.449	68.2138	157	314	
44.5	44.75	1	1	3	4	49	9734	50	9891	0.003	0	0.003	0.003	197.82	69.5647	157	314	
44.5	44.75	1	2	4	3	50	10833	50	10990	0.003	0	0.003	0.003	219.8	77.6949	157	314	
44.5	44.75	1	3	2	3	50	9263	50	9263	0.003	0	0.003	0.003	185.26	60.9298	157	314	
44.5	44.75	1	4	6	3	50	9263	49	9106	0.003	0	0.003	0.003	185.837	61.4232	157	314	
44.5	44.75	1	5	1	3	50	10676	50	10676	0.003	0	0.003	0.003	213.52	76.1251	157	314	
44.75	45	1	1	3	4	50	10362	50	10362	0.003	0	0.003	0.003	207.24	73.9803	157	314	
44.75	45	1	2	4	3	50	10205	50	10205	0.003	0	0.003	0.003	204.1	72.6769	157	314	
44.75	45	1	3	2	3	50	10205	50	10205	0.003	0	0.003	0.003	204.1	72.6769	157	314	
44.75	45	1	4	6	3	50	10205	50	10048	0.003	0	0.003	0.003	200.96	71.2085	157	314	
44.75	45	1	5	1	3	50	9420	50	9420	0.003	0	0.003	0.003	188.4	63.4376	157	314	
45	45.25	1	1	3	4	50	10362	50	10362	0.003	0	0.003	0.003	207.24	73.9803	157	314	
45	45.25	1	2	4	3	49	10676	50	10833	0.003	0	0.003	0.003	216.66	76.9794	157	314	
45	45.25	1	3	2	3	50	10362	49	10205	0.003	0	0.003	0.003	208.265	74.3872	157	314	
45	45.25	1	4	6	3	49	9577	50	9891	0.003	0	0.003	0.003	197.82	69.5647	157	314	
45	45.25	1	5	1	3	50	9734	49	9420	0.003	0	0.003	0.003	192.245	66.1865	157	314	
45.25	45.5	1	1	3	4	50	9891	49	9734	0.003	0	0.003	0.003	198.653	70.0332	157	314	
45.25	45.5	1	2	4	3	50	8949	50	8949	0.003	0	0.003	0.003	178.98	55.03	157	314	
45.25	45.5	1	3	2	3	49	9263	50	9420	0.003	0	0.003	0.003	188.4	63.4376	157	314	
45.25	45.5	1	4	6	3	50	9890	50	9890	0.003	0	0.003	0.003	197.8	76.382	157	470	
45.25	45.5	1	5	1	3	50	9106	50	9106	0.003	0	0.003	0.003	182.12	58.1415	157	314	
45.5	45.75	1	1	3	4	50	9890	50	9733	0.003	0	0.003	0.003	194.66	74.7165	157	470	
45.5	45.75	1	2	4	3	50	10205	49	10048	0.003	0	0.003	0.003	205.061	73.1082	157	314	
45.5	45.75	1	3	2	3	50	9420	50	9420	0.003	0	0.003	0.003	188.4	63.4376	157	314	
45.5	45.75	1	4	6	3	50	10831	50	10831	0.003	0	0.003	0.003	216.62	88.979	157	470	
45.5	45.75	1	5	1	3	49	9577	50	9891	0.003	0	0.003	0.003	197.82	69.5647	157	314	
45.75	46	1	1	3	4	50	10048	50	10048	0.003	0	0.003	0.003	200.96	71.2085	157	314	
45.75	46	1	2	4	3	50	9577	50	9577	0.003	0	0.003	0.003	191.54	65.697	157	314	
45.75	46	1	3	2	3	50	9576	50	9576	0.003	0	0.003	0.003	191.52	72.8751	157	470	
45.75	46	1	4	6	3	50	10205	50	10205	0.003	0	0.003	0.003	204.1	72.6769	157	314	
45.75	46	1	5	1	3	50	10205	50	10205	0.003	0	0.003	0.003	204.1	72.6769	157	314	
46	46.25	1	1	3	4	48	9577	49	9891	0.003	0	0.003	0.003	201.857	71.6604	157	314	
46	46.25	1	2	4	3	50	9891	50	9891	0.003	0	0.003	0.003	197.82	69.5647	157	314	
46	46.25	1	3	2	3	50	10047	50	10047	0.003	0	0.003	0.003	200.94	77.8828	157	470	
46	46.25	1	4	6	3	50	8792	50	8792	0.003	0	0.003	0.003	175.84	51.5369	157	314	
46	46.25	1	5	1	3	51	10205	50	10048	0.003	0	0.003	0.003	200.96	71.2085	157	314	
46.25	46.5	1	1	3	4	50	9262	50	9262	0.003	0	0.003	0.003	185.24	68.6067	157	470	
46.25	46.5	1	2	4	3	49	9262	49	9262	0.003	0	0.003	0.003	189.02	71.4319	157	470	
46.25	46.5	1	3	2	3	49	9420	49	9420	0.003	0	0.003	0.003	192.245	66.1865	157	314	
46.25	46.5	1	4	6	3	50	10205	49	9891	0.003	0	0.003	0.003	201.857	71.6604	157	314	
46.25	46.5	1	5	1	3	49	9577	50	9734	0.003	0	0.003	0.003	194.68	67.7328	157	314	
46.5	46.75	1	1	3	4	50	9890	50	9890	0.003	0	0.003	0.003	197.8	76.382	157	470	
46.5	46.75	1	2	4	3	50	10048	50	10048	0.003	0	0.003	0.003	200.96	71.2085	157	314	
46.5	46.75	1	3	2	3	51	10048	50	9891	0.003	0	0.003	0.003	197.82	69.5647	157	314	
46.5	46.75	1	4	6	3	49	8949	50	9263	0.003	0	0.003	0.003	185.26	60.9298	157	314	
46.5	46.75	1	5	1	3	50	10205	50	10205	0.003	0	0.003	0.003	204.1	72.6769	157	314	
46.75	47	1	1	3	4	50	9734	50	9734	0.003	0	0.003	0.003	194.68	67.7328	157	314	
46.75	47	1	2	4	3	50	9734	50	9734	0.003	0	0.003	0.003	194.68	67.7328	157	314	
46.75	47	1	3	2	3	50	10048	50	10048	0.003	0	0.003	0.003	200.96	71.2085	157	314	
46.75	47	1	4	6	3	50	10048	50	10048	0.003	0	0.003	0.003	200.96	71.2085	157	314	
46.75	47	1	5	1	3	49	8949	49	8949	0.003	0	0.003	0.003	182.633	58.6297	157	314	
47	47.25	1	1	3	4	50	9734	50	9734	0.003	0	0.003	0.003	194.68	67.7328	157	314	
47	47.25	1	2	4	3	50	10361	50	10361	0.003	0	0.003	0.003	207.22	80.4265	157	470	
47	47.25	1	3	2	3	49	9577	50	9734	0.003	0	0.003	0.003	194.68	67.7328	157	314	
47	47.25	1	4	6	3	50	9263	49	8949	0.003	0	0.003	0.003	182.633	58.6297	157	314	
47	47.25	1	5	1	3	50	9106	50	9106	0.003	0	0.003	0.003	182.12	58.1415	157	314	
47.25	47.5	1	1	3	4	50	9577	50	9577	0.003	0	0.003	0.003	191.54	65.697	157	314	
47.25	47.5	1	2	4	3	50	9891	50	9891	0.003	0	0.003	0.003	197.82	69.5647	157	314	
47.25	47.5	1	3	2	3	50	9891	50	9891	0.003	0	0.003	0.003	197.82	69.5647	157	314	
47.25	47.5	1	4	6	3	49	9263	50	9577	0.003	0	0.003	0.003	191.54	65.697	157	314	
47.25	47.5	1	5	1	3	50	9420	49	9106	0.003	0	0.003	0.003	185.837	61.4232	157	314	
47.5	47.75	1	1	3	4	50	10048	50	10048	0.003	0	0.003	0.003	200.96	71.2085	157	314	
47.5	47.75	1	2	4	3	49	10205	50	10362	0.003	0	0.003	0.003	207.24	73.9803	157	314	
47.5	47.75	1	3	2	3	50	9577	49	9420	0.003	0	0.003	0.003	192.245	66.1865	157	314	
47.5	47.75	1	4	6	3	50	10048	49	9891	0.003	0	0.003	0.003	201.857	71.6604	157	314	
47.5	47.75	1	5	1	3	49	9577	50	9891	0.003	0	0.003	0.003	197.82	69.5647	157	314	
47.75	48	1	1	3	4	49	9577	49	9577	0.003	0	0.003	0.003	195.449	68.2138	157	314	
47.75	48	1	2	4	3	50	9734	50	9734	0.003	0	0.003	0.003	194.68	67.7328	157	314	
47.75	48	1	3	2	3	49	10048	49	10048	0.003	0	0.003	0.003	205.061	73.1082	157	314	
47.75	48	1	4	6	3	50	10676	50	10519	0.003	0	0.003	0.003	210.38	75.1273	157	314	
47.75	48	1	5	1	3	50	9420	50	9420	0.003	0	0.003	0.003	188.4	63.4376	157	314	
48	48.25	1	1	3	4	50	10048	50	10048	0.003	0	0.003	0.003	200.96	71.2085	157	314	
48	48.25	1	2	4	3	50	10047	49	9890	0.003	0	0.003	0.003	201.837	78.4287	157	470	
48	48.25	1	3	2	3	50	10519	51	10676	0.003	0	0.003	0.003	209.333	74.747	157	314	
48	48.25	1	4	6	3	50	10362	50	10519	0.003	0	0.003	0.003	210.38	75.1273	157	314	
48	48.25	1	5	1	3	50	10048	50	10048	0.003	0	0.003	0.003	200.96	71.2085	157	314	
48.25	48.5	1	1	3	4	50	10519	50	10519	0.003	0	0.003	0.003	210.38	75.1273	157	314	
48.25	48.5	1	2	4	3	49	8792	50	8949	0.003	0	0.003	0.003	178.98	55.03	157	314	
48.25	48.5	1	3	2	3	50	9263	49	9106	0.003	0	0.003	0.003	185.837	61.4232	157	314	
48.25	48.5	1	4	6	3	49	10047	50	10204	0.003	0	0.003	0.003	204.08	79.2284	157	470	
48.25	48.5	1	5	1	3	50	9891	49	9734	0.003	0	0.003	0.003	198.653	70.0332	157	314	
48.5	48.75	1	1	3	4	49	9577	49	9577	0.003	0	0.003	0.003	195.449	68.2138	157	314	
48.5	48.75	1	2	4	3	51	10676	51	10676	0.003	0	0.003	0.003	209.333	74.747	157	314	
48.5	48.75	1	3	2	3	50	9575	50	9575	0.003	0	0.003	0.003	191.5	79.4071	157	470	
48.5	48.75	1	4	6	3	50	9263	50	9263	0.003	0	0.003	0.003	185.26	60.9298	157	314	
48.5	48.75	1	5	1	3	49	9576	49	9576	0.003	0	0.003	0.003	195.429	75.2908	157	470	
48.75	49	1	1	3	4	51	10362	51	10362	0.003	0	0.003	0.003	203.176	72.2481	157	314	
48.75	49	1	2	4	3	50	9891	49	9577	0.003	0	0.003	0.003	195.449	68.2138	157	314	
48.75	49	1	3	2	3	50	10362	51	10519	0.003	0	0.003	0.003	206.255	73.5739	157	314	
48.75	49	1	4	6	3	50	9262	50	9262	0.003	0	0.003	0.003	185.24	68.6067	157	470	
48.75	49	1	5	1	3	49	9420	49	9420	0.003	0	0.003	0.003	192.245	66.1865	157	314	
49	49.25	1	1	3	4	50	9577	50	9577	0.003	0	0.003	0.003	191.54	65.697	157	314	
49	49.25	1	2	4	3	50	10832	50	10832	0.003	0	0.003	0.003	216.64	83.1958	157	470	
49	49.25	1	3	2	3	50	9891	49	9734	0.003	0	0.003	0.003	198.653	70.0332	157	314	
49	49.25	1	4	6	3	50	9419	50	9419	0.003	0	0.003	0.003	188.38	70.8441	157	470	
49	49.25	1	5	1	3	50	9577	51	9734	0.003	0	0.003	0.003	190.863	65.2163	157	314	
49.25	49.5	1	1	3	4	51	9577	51	9577	0.003	0	0.003	0.003	187.784	62.9537	157	314	
49.25	49.5	1	2	4	3	49	10361	50	10675	0.003	0	0.003	0.003	213.5	82.4052	157	470	
49.25	49.5	1	3	2	3	49	9577	49	9577	0.003	0	0.003	0.003	195.449	68.2138	157	314	
49.25	49.5	1	4	6	3	50	8792	49	8635	0.003	0	0.003	0.003	176.224	51.9985	157	314	
49.25	49.5	1	5	1	3	49	8949	49	8949	0.003	0	0.003	0.003	182.633	58.6297	157	314	
49.5	49.75	1	1	3	4	49	9577	48	9420	0.003	0	0.003	0.003	196.25	68.7024	157	314	
49.5	49.75	1	2	4	3	50	10047	49	9733	0.003	0	0.003	0.003	198.633	76.9439	157	470	
49.5	49.75	1	3	2	3	50	9263	51	9420	0.003	0	0.003	0.003	184.706	60.4471	157	314	
49.5	49.75	1	4	6	3	49	9420	50	9577	0.003	0	0.003	0.003	191.54	65.697	157	314	
49.5	49.75	1	5	1	3	50	9891	50	9891	0.003	0	0.003	0.003	197.82	69.5647	157	314	
49.75	50	1	1	3	4	49	10204	50	10361	0.003	0	0.003	0.003	207.22	80.4265	157	470	
49.75	50	1	2	4	3	50	10205	50	10362	0.003	0	0.003	0.003	207.24	73.9803	157	314	
49.75	50	1	3	2	3	50	9891	49	9577	0.003	0	0.003	0.003	195.449	68.2138	157	314	
49.75	50	1	4	6	3	50	9734	50	9734	0.003	0	0.003	0.003	194.68	67.7328	157	314	
49.75	50	1	5	1	3	50	10205	50	10205	0.003	0	0.003	0.003	204.1	72.6769	157	314	
50	50.25	1	1	3	4	50	9420	49	9263	0.003	0	0.003	0.003	189.041	63.9313	157	314	
50	50.25	1	2	4	3	49	9891	50	10048	0.003	0	0.003	0.003	200.96	71.2085	157	314	
50	50.25	1	3	2	3	50	8949	50	9106	0.003	0	0.003	0.003	182.12	58.1415	157	314	
50	50.25	1	4	6	3	50	9420	50	9420	0.003	0	0.003	0.003	188.4	63.4376	157	314	
50	50.25	1	5	1	3	50	9734	50	9734	0.003	0	0.003	0.003	194.68	67.7328	157	314	
50.25	50.5	1	1	3	4	49	9106	50	9263	0.003	0	0.003	0.003	185.26	60.9298	157	314	
50.25	50.5	1	2	4	3	50	9106	50	9106	0.003	0	0.003	0.003	182.12	58.1415	157	314	
50.25	50.5	1	3	2	3	50	10048	50	9891	0.003	0	0.003	0.003	197.82	69.5647	157	314	
50.25	50.5	1	4	6	3	50	10205	49	9891	0.003	0	0.003	0.003	201.857	71.6604	157	314	
50.25	50.5	1	5	1	3	50	9577	50	9577	0.003	0	0.003	0.003	191.54	65.697	157	314	
50.5	50.75	1	1	3	4	51	9891	50	9734	0.003	0	0.003	0.003	194.68	67.7328	157	314	
50.5	50.75	1	2	4	3	50	9106	50	9106	0.003	0	0.003	0.003	182.12	58.1415	157	314	
50.5	50.75	1	3	2	3	49	9419	50	9733	0.003	0	0.003	0.003	194.66	74.7165	157	470	
50.5	50.75	1	4	6	3	49	9577	50	9891	0.003	0	0.003	0.003	197.82	69.5647	157	314	
50.5	50.75	1	5	1	3	50	9891	49	9734	0.003	0	0.003	0.003	198.653	70.0332	157	314	
50.75	51	1	1	3	4	49	9420	49	9420	0.003	0	0.003	0.003	192.245	66.1865	157	314	
50.75	51	1	2	4	3	50	10519	50	10519	0.003	0	0.003	0.003	210.38	75.1273	157	314	
50.75	51	1	3	2	3	50	10205	50	10205	0.003	0	0.003	0.003	204.1	72.6769	157	314	
50.75	51	1	4	6	3	50	9734	50	9734	0.003	0	0.003	0.003	194.68	67.7328	157	314	
50.75	51	1	5	1	3	50	9734	50	9577	0.003	0	0.003	0.003	191.54	65.697	157	314	
51	51.25	1	1	3	4	50	9891	51	10048	0.003	0	0.003	0.003	197.02	69.1024	157	314	
51	51.25	1	2	4	3	49	10205	49	10205	0.003	0	0.003	0.003	208.265	74.3872	157	314	
51	51.25	1	3	2	3	50	9420	49	9106	0.003	0	0.003	0.003	185.837	61.4232	157	314	
51	51.25	1	4	6	3	50	9576	50	9576	0.003	0	0.003	0.003	191.52	72.8751	157	470	
51	51.25	1	5	1	3	49	9106	49	9263	0.003	0	0.003	0.003	189.041	63.9313	157	314	
51.25	51.5	1	1	3	4	50	9577	50	9577	0.003	0	0.003	0.003	191.54	65.697	157	314	
51.25	51.5	1	2	4	3	50	10205	50	10205	0.003	0	0.003	0.003	204.1	72.6769	157	314	
51.25	51.5	1	3	2	3	50	9891	50	9891	0.003	0	0.003	0.003	197.82	69.5647	157	314	
51.25	51.5	1	4	6	3	50	9577	50	9577	0.003	0	0.003	0.003	191.54	65.697	157	314	
51.25	51.5	1	5	1	3	50	9577	50	9420	0.003	0	0.003	0.003	188.4	63.4376	157	314	
51.5	51.75	1	1	3	4	50	9577	50	9577	0.003	0	0.003	0.003	191.54	65.697	157	314	
51.5	51.75	1	2	4	3	50	9890	50	9890	0.003	0	0.003	0.003	197.8	76.382	157	470	
51.5	51.75	1	3	2	3	50	9891	50	10048	0.003	0	0.003	0.003	200.96	71.2085	157	314	
51.5	51.75	1	4	6	3	50	9890	50	9890	0.003	0	0.003	0.003	197.8	76.382	157	470	
51.5	51.75	1	5	1	3	50	10205	50	10362	0.003	0	0.003	0.003	207.24	73.9803	157	314	
51.75	52	1	1	3	4	50	10048	50	10048	0.003	0	0.003	0.003	200.96	71.2085	157	314	
51.75	52	1	2	4	3	50	10048	50	10048	0.003	0	0.003	0.003	200.96	71.2085	157	314	
51.75	52	1	3	2	3	50	9891	50	9891	0.003	0	0.003	0.003	197.82	69.5647	157	314	
51.75	52	1	4	6	3	50	10047	49	9890	0.003	0	0.003	0.003	201.837	78.4287	157	470	
51.75	52	1	5	1	3	49	9420	50	9577	0.003	0	0.003	0.003	191.54	65.697	157	314	
52	52.25	1	1	3	4	50	9577	49	9420	0.003	0	0.003	0.003	192.245	66.1865	157	314	
52	52.25	1	2	4	3	50	9577	50	9577	0.003	0	0.003	0.003	191.54	65.697	157	314	
52	52.25	1	3	2	3	50	9734	51	9891	0.003	0	0.003	0.003	193.941	67.2593	157	314	
52	52.25	1	4	6	3	50	9577	50	9577	0.003	0	0.003	0.003	191.54	65.697	157	314	
52	52.25	1	5	1	3	50	10362	50	10362	0.003	0	0.003	0.003	207.24	73.9803	157	314	
52.25	52.5	1	1	3	4	49	8949	50	9106	0.003	0	0.003	0.003	182.12	58.1415	157	314	
52.25	52.5	1	2	4	3	50	9891	50	9891	0.003	0	0.003	0.003	197.82	69.5647	157	314	
52.25	52.5	1	3	2	3	49	9263	49	9263	0.003	0	0.003	0.003	189.041	63.9313	157	314	
52.25	52.5	1	4	6	3	48	9106	48	9106	0.003	0	0.003	0.003	189.708	64.435	157	314	
52.25	52.5	1	5	1	3	50	10047	49	9890	0.003	0	0.003	0.003	201.837	78.4287	157	470	
52.5	52.75	1	1	3	4	50	10046	50	10046	0.003	0	0.003	0.003	200.92	84.0286	157	470	
52.5	52.75	1	2	4	3	50	9263	50	9263	0.003	0	0.003	0.003	185.26	60.9298	157	314	
52.5	52.75	1	3	2	3	50	9891	50	9891	0.003	0	0.003	0.003	197.82	69.5647	157	314	
52.5	52.75	1	4	6	3	50	9577	50	9577	0.003	0	0.003	0.003	191.54	65.697	157	314	
52.5	52.75	1	5	1	3	50	10204	50	10204	0.003	0	0.003	0.003	204.08	79.2284	157	470	
52.75	53	1	1	3	4	50	9891	50	9891	0.003	0	0.003	0.003	197.82	69.5647	157	314	
52.75	53	1	2	4	3	50	10048	50	10048	0.003	0	0.003	0.003	200.96	71.2085	157	314	
52.75	53	1	3	2	3	50	9734	50	9734	0.003	0	0.003	0.003	194.68	67.7328	157	314	
52.75	53	1	4	6	3	50	10205	50	10205	0.003	0	0.003	0.003	204.1	72.6769	157	314	
52.75	53	1	5	1	3	50	10362	50	10362	0.003	0	0.003	0.003	207.24	73.9803	157	314	
53	53.25	1	1	3	4	50	9734	50	9734	0.003	0	0.003	0.003	194.68	67.7328	157	314	
53	53.25	1	2	4	3	50	9734	50	9734	0.003	0	0.003	0.003	194.68	67.7328	157	314	
53	53.25	1	3	2	3	49	9891	49	9891	0.003	0	0.003	0.003	201.857	71.6604	157	314	
53	53.25	1	4	6	3	50	9891	50	9891	0.003	0	0.003	0.003	197.82	69.5647	157	314	
53	53.25	1	5	1	3	49	9575	49	9575	0.003	0	0.003	0.003	195.408	81.7575	157	470	
53.25	53.5	1	1	3	4	50	10519	50	10519	0.003	0	0.003	0.003	210.38	75.1273	157	314	
53.25	53.5	1	2	4	3	50	10518	49	10204	0.003	0	0.003	0.003	208.245	80.9294	157	470	
53.25	53.5	1	3	2	3	51	9577	51	9577	0.003	0	0.003	0.003	187.784	62.9537	157	314	
53.25	53.5	1	4	6	3	49	9734	50	9891	0.003	0	0.003	0.003	197.82	69.5647	157	314	
53.25	53.5	1	5	1	3	50	9576	50	9576	0.003	0	0.003	0.003	191.52	72.8751	157	470	
53.5	53.75	1	1	3	4	50	10205	49	10048	0.003	0	0.003	0.003	205.061	73.1082	157	314	
53.5	53.75	1	2	4	3	49	9734	50	10048	0.003	0	0.003	0.003	200.96	71.2085	157	314	
53.5	53.75	1	3	2	3	49	10205	49	10205	0.003	0	0.003	0.003	208.265	74.3872	157	314	
53.5	53.75	1	4	6	3	50	9891	50	9891	0.003	0	0.003	0.003	197.82	69.5647	157	314	
53.5	53.75	1	5	1	3	50	9263	50	9263	0.003	0	0.003	0.003	185.26	60.9298	157	314	
53.75	54	1	1	3	4	50	10519	50	10362	0.003	0	0.003	0.003	207.24	73.9803	157	314	
53.75	54	1	2	4	3	50	9891	50	9891	0.003	0	0.003	0.003	197.82	69.5647	157	314	
53.75	54	1	3	2	3	50	9733	50	9733	0.003	0	0.003	0.003	194.66	74.7165	157	470	
53.75	54	1	4	6	3	50	9263	49	8949	0.003	0	0.003	0.003	182.633	58.6297	157	314	
53.75	54	1	5	1	3	49	9420	50	9577	0.003	0	0.003	0.003	191.54	65.697	157	314	
54	54.25	1	1	3	4	50	9420	50	9577	0.003	0	0.003	0.003	191.54	65.697	157	314	
54	54.25	1	2	4	3	50	10205	50	10205	0.003	0	0.003	0.003	204.1	72.6769	157	314	
54	54.25	1	3	2	3	50	9420	50	9420	0.003	0	0.003	0.003	188.4	63.4376	157	314	
54	54.25	1	4	6	3	50	10205	50	10205	0.003	0	0.003	0.003	204.1	72.6769	157	314	
54	54.25	1	5	1	3	50	9891	50	9891	0.003	0	0.003	0.003	197.82	69.5647	157	314	
54.25	54.5	1	1	3	4	50	9420	51	9577	0.003	0	0.003	0.003	187.784	62.9537	157	314	
54.25	54.5	1	2	4	3	50	9891	50	9891	0.003	0	0.003	0.003	197.82	69.5647	157	314	
54.25	54.5	1	3	2	3	51	10362	50	10048	0.003	0	0.003	0.003	200.96	71.2085	157	314	
54.25	54.5	1	4	6	3	48	9106	49	9420	0.003	0	0.003	0.003	192.245	66.1865	157	314	
54.25	54.5	1	5	1	3	51	10362	50	10048	0.003	0	0.003	0.003	200.96	71.2085	157	314	
54.5	54.75	1	1	3	4	50	10048	49	9891	0.003	0	0.003	0.003	201.857	71.6604	157	314	
54.5	54.75	1	2	4	3	50	10833	50	10833	0.003	0	0.003	0.003	216.66	76.9794	157	314	
54.5	54.75	1	3	2	3	49	9891	50	10205	0.003	0	0.003	0.003	204.1	72.6769	157	314	
54.5	54.75	1	4	6	3	51	9734	50	9577	0.003	0	0.003	0.003	191.54	65.697	157	314	
54.5	54.75	1	5	1	3	49	8635	50	8949	0.003	0	0.003	0.003	178.98	55.03	157	314	
54.75	55	1	1	3	4	50	10205	50	10048	0.003	0	0.003	0.003	200.96	71.2085	157	314	
54.75	55	1	2	4	3	50	10048	49	9891	0.003	0	0.003	0.003	201.857	71.6604	157	314	
54.75	55	1	3	2	3	50	9420	50	9420	0.003	0	0.003	0.003	188.4	63.4376	157	314	
54.75	55	1	4	6	3	49	9263	50	9420	0.003	0	0.003	0.003	188.4	63.4376	157	314	
54.75	55	1	5	1	3	50	9106	50	9106	0.003	0	0.003	0.003	182.12	58.1415	157	314	
55	55.25	1	1	3	4	50	9891	51	10205	0.003	0	0.003	0.003	200.098	70.7611	157	314	
55	55.25	1	2	4	3	49	9577	50	9734	0.003	0	0.003	0.003	194.68	67.7328	157	314	
55	55.25	1	3	2	3	50	9734	50	9734	0.003	0	0.003	0.003	194.68	67.7328	157	314	
55	55.25	1	4	6	3	51	10205	50	9891	0.003	0	0.003	0.003	197.82	69.5647	157	314	
55	55.25	1	5	1	3	50	10205	49	10048	0.003	0	0.003	0.003	205.061	73.1082	157	314	
55.25	55.5	1	1	3	4	49	8635	49	8635	0.003	0	0.003	0.003	176.224	51.9985	157	314	
55.25	55.5	1	2	4	3	50	9733	49	9576	0.003	0	0.003	0.003	195.429	75.2908	157	470	
55.25	55.5	1	3	2	3	50	9734	49	9577	0.003	0	0.003	0.003	195.449	68.2138	157	314	
55.25	55.5	1	4	6	3	49	10048	50	10362	0.003	0	0.003	0.003	207.24	73.9803	157	314	
55.25	55.5	1	5	1	3	49	10048	50	10205	0.003	0	0.003	0.003	204.1	72.6769	157	314	
55.5	55.75	1	1	3	4	50	9420	49	9263	0.003	0	0.003	0.003	189.041	63.9313	157	314	
55.5	55.75	1	2	4	3	49	9106	50	9263	0.003	0	0.003	0.003	185.26	60.9298	157	314	
55.5	55.75	1	3	2	3	49	9262	50	9419	0.003	0	0.003	0.003	188.38	70.8441	157	470	
55.5	55.75	1	4	6	3	49	9734	49	9734	0.003	0	0.003	0.003	198.653	70.0332	157	314	
55.5	55.75	1	5	1	3	50	9577	49	9420	0.003	0	0.003	0.003	192.245	66.1865	157	314	
55.75	56	1	1	3	4	50	9420	51	9577	0.003	0	0.003	0.003	187.784	62.9537	157	314	
55.75	56	1	2	4	3	50	10362	50	10362	0.003	0	0.003	0.003	207.24	73.9803	157	314	
55.75	56	1	3	2	3	49	10519	49	10519	0.003	0	0.003	0.003	214.673	76.4712	157	314	
55.75	56	1	4	6	3	51	9891	50	9734	0.003	0	0.003	0.003	194.68	67.7328	157	314	
55.75	56	1	5	1	3	50	9891	50	9734	0.003	0	0.003	0.003	194.68	67.7328	157	314	
56	56.25	1	1	3	4	50	10519	49	10362	0.003	0	0.003	0.003	211.469	75.5058	157	314	
56	56.25	1	2	4	3	50	9577	49	9420	0.003	0	0.003	0.003	192.245	66.1865	157	314	
56	56.25	1	3	2	3	51	10048	51	10048	0.003	0	0.003	0.003	197.02	69.1024	157	314	
56	56.25	1	4	6	3	49	8949	50	9106	0.003	0	0.003	0.003	182.12	58.1415	157	314	
56	56.25	1	5	1	3	49	9577	50	9891	0.003	0	0.003	0.003	197.82	69.5647	157	314	
56.25	56.5	1	1	3	4	49	9891	50	10048	0.003	0	0.003	0.003	200.96	71.2085	157	314	
56.25	56.5	1	2	4	3	49	9891	49	9891	0.003	0	0.003	0.003	201.857	71.6604	157	314	
56.25	56.5	1	3	2	3	50	9734	50	9734	0.003	0	0.003	0.003	194.68	67.7328	157	314	
56.25	56.5	1	4	6	3	50	8949	50	8949	0.003	0	0.003	0.003	178.98	55.03	157	314	
56.25	56.5	1	5	1	3	50	10048	49	9891	0.003	0	0.003	0.003	201.857	71.6604	157	314	
56.5	56.75	1	1	3	4	50	9734	50	9734	0.003	0	0.003	0.003	194.68	67.7328	157	314	
56.5	56.75	1	2	4	3	50	9420	51	9577	0.003	0	0.003	0.003	187.784	62.9537	157	314	
56.5	56.75	1	3	2	3	50	10205	49	10048	0.003	0	0.003	0.003	205.061	73.1082	157	314	
56.5	56.75	1	4	6	3	50	9734	50	9734	0.003	0	0.003	0.003	194.68	67.7328	157	314	
56.5	56.75	1	5	1	3	50	10205	50	10205	0.003	0	0.003	0.003	204.1	72.6769	157	314	
56.75	57	1	1	3	4	50	8949	49	8792	0.003	0	0.003	0.003	179.429	55.5079	157	314	
56.75	57	1	2	4	3	50	9891	50	9891	0.003	0	0.003	0.003	197.82	69.5647	157	314	
56.75	57	1	3	2	3	49	9577	50	9734	0.003	0	0.003	0.003	194.68	67.7328	157	314	
56.75	57	1	4	6	3	50	9891	50	9891	0.003	0	0.003	0.003	197.82	69.5647	157	314	
56.75	57	1	5	1	3	50	10048	50	9891	0.003	0	0.003	0.003	197.82	69.5647	157	314	
57	57.25	1	1	3	4	50	9577	51	9734	0.003	0	0.003	0.003	190.863	65.2163	157	314	
57	57.25	1	2	4	3	50	9733	50	9733	0.003	0	0.003	0.003	194.66	74.7165	157	470	
57	57.25	1	3	2	3	50	10676	50	10676	0.003	0	0.003	0.003	213.52	76.1251	157	314	
57	57.25	1	4	6	3	50	9263	49	9106	0.003	0	0.003	0.003	185.837	61.4232	157	314	
57	57.25	1	5	1	3	50	9734	50	9891	0.003	0	0.003	0.003	197.82	69.5647	157	314	
57.25	57.5	1	1	3	4	50	10048	49	9891	0.003	0	0.003	0.003	201.857	71.6604	157	314	
57.25	57.5	1	2	4	3	50	9891	50	9891	0.003	0	0.003	0.003	197.82	69.5647	157	314	
57.25	57.5	1	3	2	3	50	9420	50	9420	0.003	0	0.003	0.003	188.4	63.4376	157	314	
57.25	57.5	1	4	6	3	50	9577	50	9577	0.003	0	0.003	0.003	191.54	65.697	157	314	
57.25	57.5	1	5	1	3	49	8635	50	8792	0.003	0	0.003	0.003	175.84	51.5369	157	314	
57.5	57.75	1	1	3	4	49	9106	50	9263	0.003	0	0.003	0.003	185.26	60.9298	157	314	
57.5	57.75	1	2	4	3	50	10047	49	9890	0.003	0	0.003	0.003	201.837	78.4287	157	470	
57.5	57.75	1	3	2	3	50	9263	49	9106	0.003	0	0.003	0.003	185.837	61.4232	157	314	
57.5	57.75	1	4	6	3	49	9577	50	9734	0.003	0	0.003	0.003	194.68	67.7328	157	314	
57.5	57.75	1	5	1	3	50	9263	50	9263	0.003	0	0.003	0.003	185.26	60.9298	157	314	
57.75	58	1	1	3	4	50	9263	49	8949	0.003	0	0.003	0.003	182.633	58.6297	157	314	
57.75	58	1	2	4	3	49	9420	50	9577	0.003	0	0.003	0.003	191.54	65.697	157	314	
57.75	58	1	3	2	3	49	9577	50	9734	0.003	0	0.003	0.003	194.68	67.7328	157	314	
57.75	58	1	4	6	3	50	9733	49	9576	0.003	0	0.003	0.003	195.429	75.2908	157	470	
57.75	58	1	5	1	3	49	9106	49	9106	0.003	0	0.003	0.003	185.837	61.4232	157	314	
58	58.25	1	1	3	4	49	8949	49	9106	0.003	0	0.003	0.003	185.837	61.4232	157	314	
58	58.25	1	2	4	3	50	9263	50	9263	0.003	0	0.003	0.003	185.26	60.9298	157	314	
58	58.25	1	3	2	3	50	9891	49	9734	0.003	0	0.003	0.003	198.653	70.0332	157	314	
58	58.25	1	4	6	3	50	9891	51	10048	0.003	0	0.003	0.003	197.02	69.1024	157	314	
58	58.25	1	5	1	3	48	9891	48	9891	0.003	0	0.003	0.003	206.062	73.5415	157	314	
58.25	58.5	1	1	3	4	50	9734	50	9734	0.003	0	0.003	0.003	194.68	67.7328	157	314	
58.25	58.5	1	2	4	3	50	9891	49	9577	0.003	0	0.003	0.003	195.449	68.2138	157	314	
58.25	58.5	1	3	2	3	50	10204	51	10361	0.003	0	0.003	0.003	203.157	78.7087	157	470	
58.25	58.5	1	4	6	3	49	9891	49	9891	0.003	0	0.003	0.003	201.857	71.6604	157	314	
58.25	58.5	1	5	1	3	51	9891	51	9891	0.003	0	0.003	0.003	193.941	67.2593	157	314	
58.5	58.75	1	1	3	4	50	10205	50	10048	0.003	0	0.003	0.003	200.96	71.2085	157	314	
58.5	58.75	1	2	4	3	49	9734	50	10048	0.003	0	0.003	0.003	200.96	71.2085	157	314	
58.5	58.75	1	3	2	3	50	10519	50	10519	0.003	0	0.003	0.003	210.38	75.1273	157	314	
58.5	58.75	1	4	6	3	50	10048	50	10048	0.003	0	0.003	0.003	200.96	71.2085	157	314	
58.5	58.75	1	5	1	3	51	9577	50	9420	0.003	0	0.003	0.003	188.4	63.4376	157	314	
58.75	59	1	1	3	4	50	9891	51	10205	0.003	0	0.003	0.003	200.098	70.7611	157	314	
58.75	59	1	2	4	3	51	9891	50	9734	0.003	0	0.003	0.003	194.68	67.7328	157	314	
58.75	59	1	3	2	3	50	9734	49	9420	0.003	0	0.003	0.003	192.245	66.1865	157	314	
58.75	59	1	4	6	3	50	10205	50	10205	0.003	0	0.003	0.003	204.1	72.6769	157	314	
58.75	59	1	5	1	3	49	9577	50	9734	0.003	0	0.003	0.003	194.68	67.7328	157	314	
59	59.25	1	1	3	4	50	11147	50	11147	0.003	0	0.003	0.003	222.94	78.2754	157	314	
59	59.25	1	2	4	3	50	10832	51	10989	0.003	0	0.003	0.003	215.471	82.782	157	470	
59	59.25	1	3	2	3	50	9419	50	9576	0.003	0	0.003	0.003	191.52	72.8751	157	470	
59	59.25	1	4	6	3	49	9106	49	9106	0.003	0	0.003	0.003	185.837	61.4232	157	314	
59	59.25	1	5	1	3	50	9891	50	9891	0.003	0	0.003	0.003	197.82	69.5647	157	314	
59.25	59.5	1	1	3	4	49	9106	48	8949	0.003	0	0.003	0.003	186.437	61.9275	157	314	
59.25	59.5	1	2	4	3	48	9263	48	9263	0.003	0	0.003	0.003	192.979	66.6849	157	314	
59.25	59.5	1	3	2	3	49	9263	49	9106	0.003	0	0.003	0.003	185.837	61.4232	157	314	
59.25	59.5	1	4	6	3	50	9734	50	9734	0.003	0	0.003	0.003	194.68	67.7328	157	314	
59.25	59.5	1	5	1	3	49	9577	49	9577	0.003	0	0.003	0.003	195.449	68.2138	157	314	
59.5	59.75	1	1	3	4	50	9891	50	9734	0.003	0	0.003	0.003	194.68	67.7328	157	314	
59.5	59.75	1	2	4	3	51	9734	50	9577	0.003	0	0.003	0.003	191.54	65.697	157	314	
59.5	59.75	1	3	2	3	49	9577	50	9891	0.003	0	0.003	0.003	197.82	69.5647	157	314	
59.5	59.75	1	4	6	3	49	9420	49	9420	0.003	0	0.003	0.003	192.245	66.1865	157	314	
59.5	59.75	1	5	1	3	50	10518	50	10518	0.003	0	0.003	0.003	210.36	81.4836	157	470	
59.75	60	1	1	3	4	49	10048	50	10362	0.003	0	0.003	0.003	207.24	73.9803	157	314	
59.75	60	1	2	4	3	49	9106	50	9263	0.003	0	0.003	0.003	185.26	60.9298	157	314	
59.75	60	1	3	2	3	50	9577	50	9577	0.003	0	0.003	0.003	191.54	65.697	157	314	
59.75	60	1	4	6	3	51	9577	50	9420	0.003	0	0.003	0.003	188.4	63.4376	157	314	
59.75	60	1	5	1	3	50	10048	49	9891	0.003	0	0.003	0.003	201.857	71.6604	157	314	
