% time	cellId	IMSI	RNTI	sinrLinear	componentCarrierId
0.041	1	1	1	33204.2	0
0.081	1	1	1	84111.9	0
0.121	1	1	1	46917.1	0
0.161	1	1	1	65795.6	0
0.201	1	1	1	72830.5	0
0.241	1	1	1	88544.5	0
0.281	1	1	1	192620	0
0.321	1	1	1	42962.3	0
0.361	1	1	1	115820	0
0.401	1	1	1	322274	0
0.441	1	1	1	99972.4	0
0.481	1	1	1	182057	0
0.521	1	1	1	39893.5	0
0.561	1	1	1	16943	0
0.601	1	1	1	16533.7	0
0.641	1	1	1	15874.8	0
0.681	1	1	1	57367.1	0
0.721	1	1	1	37302.1	0
0.761	1	1	1	48774.7	0
0.801	1	1	1	103180	0
0.841	1	1	1	67962.6	0
0.881	1	1	1	79387.6	0
0.921	1	1	1	142635	0
0.961	1	1	1	71726.8	0
1.001	1	1	1	67085.3	0
1.041	1	1	1	68253.7	0
1.081	1	1	1	75498.6	0
1.121	1	1	1	165908	0
1.161	1	1	1	105017	0
1.201	1	1	1	177935	0
1.241	1	1	1	85001.6	0
1.281	1	1	1	87626	0
1.321	1	1	1	103745	0
1.361	1	1	1	15890.2	0
1.401	1	1	1	43085.9	0
1.441	1	1	1	71441.1	0
1.481	1	1	1	83941	0
1.521	1	1	1	43182.9	0
1.561	1	1	1	37459.7	0
1.601	1	1	1	25276.5	0
1.641	1	1	1	18656.3	0
1.681	1	1	1	44803.5	0
1.721	1	1	1	30724	0
1.761	1	1	1	46763.7	0
1.801	1	1	1	69229.3	0
1.841	1	1	1	26097.3	0
1.881	1	1	1	24789.5	0
1.921	1	1	1	26817.3	0
1.961	1	1	1	29723.2	0
2.001	1	1	1	99040.7	0
2.041	1	1	1	105842	0
2.081	1	1	1	72782.2	0
2.121	1	1	1	87741.7	0
2.161	1	1	1	93291.5	0
2.201	1	1	1	26718.5	0
2.241	1	1	1	56237.6	0
2.281	1	1	1	69392.3	0
2.321	1	1	1	30677.2	0
2.361	1	1	1	50534.4	0
2.401	1	1	1	28924.8	0
2.441	1	1	1	15323.8	0
2.481	1	1	1	34335.3	0
2.521	1	1	1	60498.9	0
2.561	1	1	1	16715.6	0
2.601	1	1	1	118956	0
2.641	1	1	1	101161	0
2.681	1	1	1	68689.5	0
2.721	1	1	1	70153.9	0
2.761	1	1	1	69230.6	0
2.801	1	1	1	174160	0
2.841	1	1	1	149396	0
2.881	1	1	1	37459.2	0
2.921	1	1	1	34067.2	0
2.961	1	1	1	89059.7	0
3.001	1	1	1	67377.8	0
3.041	1	1	1	61665.5	0
3.081	1	1	1	23345.4	0
3.121	1	1	1	35285.7	0
3.161	1	1	1	50209.1	0
3.201	1	1	1	85658.8	0
3.241	1	1	1	103352	0
3.281	1	1	1	65630.1	0
3.321	1	1	1	62617.8	0
3.361	1	1	1	27126.7	0
3.401	1	1	1	15946.6	0
3.441	1	1	1	10183.3	0
3.481	1	1	1	77996.9	0
3.521	1	1	1	27164.5	0
3.561	1	1	1	11999.3	0
3.601	1	1	1	58474.5	0
3.641	1	1	1	40503	0
3.681	1	1	1	34530.7	0
3.721	1	1	1	32018.4	0
3.761	1	1	1	27883.2	0
3.801	1	1	1	22948.1	0
3.841	1	1	1	90027.7	0
3.881	1	1	1	102189	0
3.921	1	1	1	45574	0
3.961	1	1	1	54534.7	0
4.001	1	1	1	60772.1	0
4.041	1	1	1	109587	0
4.081	1	1	1	93093.7	0
4.121	1	1	1	79858	0
4.161	1	1	1	40996.3	0
4.201	1	1	1	24835.1	0
4.241	1	1	1	93569.2	0
4.281	1	1	1	99392.5	0
4.321	1	1	1	44449.3	0
4.361	1	1	1	55538.4	0
4.401	1	1	1	34627.2	0
4.441	1	1	1	14288.2	0
4.481	1	1	1	13415.2	0
4.521	1	1	1	49540.9	0
4.561	1	1	1	37095.9	0
4.601	1	1	1	22928.5	0
4.641	1	1	1	20986.6	0
4.681	1	1	1	9769.18	0
4.721	1	1	1	5648.98	0
4.761	1	1	1	18126.4	0
4.801	1	1	1	92993.1	0
4.841	1	1	1	36182.3	0
4.881	1	1	1	35223.2	0
4.921	1	1	1	70506.2	0
4.961	1	1	1	106821	0
5.001	1	1	1	55591.4	0
5.041	1	1	1	155159	0
5.081	1	1	1	139594	0
5.121	1	1	1	77254.6	0
5.161	1	1	1	203156	0
5.201	1	1	1	181884	0
5.241	1	1	1	71786.9	0
5.281	1	1	1	66294.8	0
5.321	1	1	1	6728.7	0
5.361	1	1	1	45745.9	0
5.401	1	1	1	73080.2	0
5.441	1	1	1	4612.34	0
5.481	1	1	1	41145.1	0
5.521	1	1	1	32396.3	0
5.561	1	1	1	22465.8	0
5.601	1	1	1	72342.8	0
5.641	1	1	1	125118	0
5.681	1	1	1	63639.2	0
5.721	1	1	1	47482.9	0
5.761	1	1	1	53028.8	0
5.801	1	1	1	22872.5	0
5.841	1	1	1	31266.6	0
5.881	1	1	1	102746	0
5.921	1	1	1	168031	0
5.961	1	1	1	171128	0
6.001	1	1	1	125183	0
6.041	1	1	1	46954.6	0
6.081	1	1	1	35789.7	0
6.121	1	1	1	31068.8	0
6.161	1	1	1	15608.9	0
6.201	1	1	1	118719	0
6.241	1	1	1	200896	0
6.281	1	1	1	109881	0
6.321	1	1	1	143525	0
6.361	1	1	1	134285	0
6.401	1	1	1	43734.3	0
6.441	1	1	1	40888.2	0
6.481	1	1	1	12895.1	0
6.521	1	1	1	17431.8	0
6.561	1	1	1	91581.3	0
6.601	1	1	1	165821	0
6.641	1	1	1	99161	0
6.681	1	1	1	104536	0
6.721	1	1	1	52755.2	0
6.761	1	1	1	37903.5	0
6.801	1	1	1	120432	0
6.841	1	1	1	103552	0
6.881	1	1	1	68885.7	0
6.921	1	1	1	54532.9	0
6.961	1	1	1	81130.1	0
7.001	1	1	1	45791.7	0
7.041	1	1	1	160399	0
7.081	1	1	1	122550	0
7.121	1	1	1	121354	0
7.161	1	1	1	116292	0
7.201	1	1	1	133924	0
7.241	1	1	1	68063	0
7.281	1	1	1	42956.8	0
7.321	1	1	1	60170.8	0
7.361	1	1	1	40422.3	0
7.401	1	1	1	36725.8	0
7.441	1	1	1	130244	0
7.481	1	1	1	64905.1	0
7.521	1	1	1	160430	0
7.561	1	1	1	95109.4	0
7.601	1	1	1	28225.5	0
7.641	1	1	1	32480.9	0
7.681	1	1	1	16016.2	0
7.721	1	1	1	21802.2	0
7.761	1	1	1	11157.7	0
7.801	1	1	1	24653.1	0
7.841	1	1	1	96028.7	0
7.881	1	1	1	42127.6	0
7.921	1	1	1	42214	0
7.961	1	1	1	43507.5	0
8.001	1	1	1	27557.6	0
8.041	1	1	1	42498.9	0
8.081	1	1	1	58979.2	0
8.121	1	1	1	33468.3	0
8.161	1	1	1	36526.1	0
8.201	1	1	1	4997.51	0
8.241	1	1	1	2848.57	0
8.281	1	1	1	34323.3	0
8.321	1	1	1	75103.7	0
8.361	1	1	1	56149.2	0
8.401	1	1	1	49328.9	0
8.441	1	1	1	52134.9	0
8.481	1	1	1	128902	0
8.521	1	1	1	31632.9	0
8.561	1	1	1	41789.2	0
8.601	1	1	1	34138.1	0
8.641	1	1	1	79565.7	0
8.681	1	1	1	23691.9	0
8.721	1	1	1	14736.9	0
8.761	1	1	1	194492	0
8.801	1	1	1	76480	0
8.841	1	1	1	106168	0
8.881	1	1	1	183983	0
8.921	1	1	1	74495.7	0
8.961	1	1	1	33858	0
9.001	1	1	1	71760.6	0
9.041	1	1	1	110788	0
9.081	1	1	1	130798	0
9.121	1	1	1	152003	0
9.161	1	1	1	44468.8	0
9.201	1	1	1	18624.2	0
9.241	1	1	1	56658.1	0
9.281	1	1	1	112843	0
9.321	1	1	1	28286.3	0
9.361	1	1	1	114403	0
9.401	1	1	1	58042.7	0
9.441	1	1	1	21381.8	0
9.481	1	1	1	53369.3	0
9.521	1	1	1	107095	0
9.561	1	1	1	109072	0
9.601	1	1	1	83287.2	0
9.641	1	1	1	175363	0
9.681	1	1	1	51766.5	0
9.721	1	1	1	94757.5	0
9.761	1	1	1	143060	0
9.801	1	1	1	46140.7	0
9.841	1	1	1	187813	0
9.881	1	1	1	101270	0
9.921	1	1	1	101608	0
9.961	1	1	1	25998.5	0
10.001	1	1	1	18398.4	0
10.041	1	1	1	14968.9	0
10.081	1	1	1	14221.8	0
10.121	1	1	1	23295.3	0
10.161	1	1	1	27815.1	0
10.201	1	1	1	61521.2	0
10.241	1	1	1	37324.3	0
10.281	1	1	1	36295.2	0
10.321	1	1	1	76883.3	0
10.361	1	1	1	66721.1	0
10.401	1	1	1	38102.9	0
10.441	1	1	1	24792.7	0
10.481	1	1	1	122127	0
10.521	1	1	1	62343.4	0
10.561	1	1	1	17451.2	0
10.601	1	1	1	78432.9	0
10.641	1	1	1	90873.6	0
10.681	1	1	1	123866	0
10.721	1	1	1	116628	0
10.761	1	1	1	28475.4	0
10.801	1	1	1	16743.2	0
10.841	1	1	1	14403.3	0
10.881	1	1	1	12502.9	0
10.921	1	1	1	11296	0
10.961	1	1	1	22640.2	0
11.001	1	1	1	14506.5	0
11.041	1	1	1	15208.6	0
11.081	1	1	1	112636	0
11.121	1	1	1	56542.2	0
11.161	1	1	1	27443.2	0
11.201	1	1	1	204009	0
11.241	1	1	1	40852.8	0
11.281	1	1	1	13453.1	0
11.321	1	1	1	29580.6	0
11.361	1	1	1	10956.7	0
11.401	1	1	1	9520.25	0
11.441	1	1	1	19378.4	0
11.481	1	1	1	65195.6	0
11.521	1	1	1	71619.3	0
11.561	1	1	1	53771.6	0
11.601	1	1	1	130625	0
11.641	1	1	1	132216	0
11.681	1	1	1	128793	0
11.721	1	1	1	103987	0
11.761	1	1	1	78292.8	0
11.801	1	1	1	155757	0
11.841	1	1	1	119837	0
11.881	1	1	1	42716.7	0
11.921	1	1	1	63259.4	0
11.961	1	1	1	173579	0
12.001	1	1	1	153671	0
12.041	1	1	1	100632	0
12.081	1	1	1	18369.3	0
12.121	1	1	1	172904	0
12.161	1	1	1	126198	0
12.201	1	1	1	47968.8	0
12.241	1	1	1	65860.4	0
12.281	1	1	1	25868.3	0
12.321	1	1	1	14944	0
12.361	1	1	1	8592.73	0
12.401	1	1	1	22735.3	0
12.441	1	1	1	77276.5	0
12.481	1	1	1	21594.8	0
12.521	1	1	1	5728.19	0
12.561	1	1	1	20154.5	0
12.601	1	1	1	164410	0
12.641	1	1	1	127673	0
12.681	1	1	1	64425.6	0
12.721	1	1	1	62379.3	0
12.761	1	1	1	86220.9	0
12.801	1	1	1	59301.6	0
12.841	1	1	1	48550.6	0
12.881	1	1	1	44466.9	0
12.921	1	1	1	67501.3	0
12.961	1	1	1	114030	0
13.001	1	1	1	39031.4	0
13.041	1	1	1	17447.5	0
13.081	1	1	1	22694.9	0
13.121	1	1	1	146690	0
13.161	1	1	1	50487.6	0
13.201	1	1	1	35390	0
13.241	1	1	1	56394.3	0
13.281	1	1	1	41939.4	0
13.321	1	1	1	34280.6	0
13.361	1	1	1	23138.9	0
13.401	1	1	1	30593.1	0
13.441	1	1	1	32699.2	0
13.481	1	1	1	69795.1	0
13.521	1	1	1	167107	0
13.561	1	1	1	219880	0
13.601	1	1	1	104907	0
13.641	1	1	1	132785	0
13.681	1	1	1	55152.8	0
13.721	1	1	1	40703.6	0
13.761	1	1	1	63334.7	0
13.801	1	1	1	21392.4	0
13.841	1	1	1	68286.1	0
13.881	1	1	1	87331.4	0
13.921	1	1	1	43353.2	0
13.961	1	1	1	38586.9	0
14.001	1	1	1	121565	0
14.041	1	1	1	137266	0
14.081	1	1	1	56693.4	0
14.121	1	1	1	56030.7	0
14.161	1	1	1	11640.9	0
14.201	1	1	1	113818	0
14.241	1	1	1	117115	0
14.281	1	1	1	35525.1	0
14.321	1	1	1	100979	0
14.361	1	1	1	104354	0
14.401	1	1	1	61158.8	0
14.441	1	1	1	64612.1	0
14.481	1	1	1	12415.5	0
14.521	1	1	1	69004.8	0
14.561	1	1	1	80100.3	0
14.601	1	1	1	176618	0
14.641	1	1	1	182655	0
14.681	1	1	1	48667.8	0
14.721	1	1	1	24189.3	0
14.761	1	1	1	26136.3	0
14.801	1	1	1	22625.3	0
14.841	1	1	1	42231.9	0
14.881	1	1	1	15111.5	0
14.921	1	1	1	55852.2	0
14.961	1	1	1	71978	0
15.001	1	1	1	170425	0
15.041	1	1	1	39495.7	0
15.081	1	1	1	34303.3	0
15.121	1	1	1	17273.6	0
15.161	1	1	1	73586.5	0
15.201	1	1	1	120940	0
15.241	1	1	1	2675.23	0
15.281	1	1	1	19713.7	0
15.321	1	1	1	97876.9	0
15.361	1	1	1	36397.8	0
15.401	1	1	1	26012.2	0
15.441	1	1	1	49765.4	0
15.481	1	1	1	17268.8	0
15.521	1	1	1	43815.2	0
15.561	1	1	1	88912.6	0
15.601	1	1	1	132675	0
15.641	1	1	1	70195.1	0
15.681	1	1	1	38555	0
15.721	1	1	1	79565.1	0
15.761	1	1	1	132454	0
15.801	1	1	1	157026	0
15.841	1	1	1	123089	0
15.881	1	1	1	99571.2	0
15.921	1	1	1	159099	0
15.961	1	1	1	151578	0
16.001	1	1	1	251220	0
16.041	1	1	1	125607	0
16.081	1	1	1	161061	0
16.121	1	1	1	207393	0
16.161	1	1	1	62343.7	0
16.201	1	1	1	94700.2	0
16.241	1	1	1	117946	0
16.281	1	1	1	83269.8	0
16.321	1	1	1	70925.2	0
16.361	1	1	1	22029.6	0
16.401	1	1	1	50035.6	0
16.441	1	1	1	27551.6	0
16.481	1	1	1	18200	0
16.521	1	1	1	212739	0
16.561	1	1	1	173104	0
16.601	1	1	1	69217.9	0
16.641	1	1	1	152628	0
16.681	1	1	1	151122	0
16.721	1	1	1	42886.6	0
16.761	1	1	1	55102	0
16.801	1	1	1	134746	0
16.841	1	1	1	100650	0
16.881	1	1	1	72402.8	0
16.921	1	1	1	99802.5	0
16.961	1	1	1	114167	0
17.001	1	1	1	70328.7	0
17.041	1	1	1	39204.8	0
17.081	1	1	1	31320.6	0
17.121	1	1	1	14349.6	0
17.161	1	1	1	24828.7	0
17.201	1	1	1	80304	0
17.241	1	1	1	24810.2	0
17.281	1	1	1	27404.9	0
17.321	1	1	1	45335.2	0
17.361	1	1	1	45010.2	0
17.401	1	1	1	113993	0
17.441	1	1	1	19524.5	0
17.481	1	1	1	12530.8	0
17.521	1	1	1	47444.3	0
17.561	1	1	1	65132.4	0
17.601	1	1	1	97331.7	0
17.641	1	1	1	20678	0
17.681	1	1	1	81265.8	0
17.721	1	1	1	21206	0
17.761	1	1	1	100682	0
17.801	1	1	1	315558	0
17.841	1	1	1	135322	0
17.881	1	1	1	100080	0
17.921	1	1	1	50300.4	0
17.961	1	1	1	98163.4	0
18.001	1	1	1	63851.9	0
18.041	1	1	1	40637.2	0
18.081	1	1	1	66737.1	0
18.121	1	1	1	118789	0
18.161	1	1	1	132454	0
18.201	1	1	1	157222	0
18.241	1	1	1	137997	0
18.281	1	1	1	80113	0
18.321	1	1	1	79544	0
18.361	1	1	1	128725	0
18.401	1	1	1	90158.9	0
18.441	1	1	1	77266.8	0
18.481	1	1	1	144398	0
18.521	1	1	1	67789	0
18.561	1	1	1	59871.9	0
18.601	1	1	1	25948.2	0
18.641	1	1	1	91410.2	0
18.681	1	1	1	61067.4	0
18.721	1	1	1	53820.9	0
18.761	1	1	1	94396.1	0
18.801	1	1	1	40926.4	0
18.841	1	1	1	29756.5	0
18.881	1	1	1	22784	0
18.921	1	1	1	39551.9	0
18.961	1	1	1	27531.9	0
19.001	1	1	1	89230	0
19.041	1	1	1	97318.8	0
19.081	1	1	1	41114.7	0
19.121	1	1	1	11253.1	0
19.161	1	1	1	37358.2	0
19.201	1	1	1	182721	0
19.241	1	1	1	72373.4	0
19.281	1	1	1	40358.2	0
19.321	1	1	1	72379.3	0
19.361	1	1	1	40635.4	0
19.401	1	1	1	24629.1	0
19.441	1	1	1	19589.5	0
19.481	1	1	1	8527.9	0
19.521	1	1	1	108653	0
19.561	1	1	1	58690.5	0
19.601	1	1	1	19843.5	0
19.641	1	1	1	37567.2	0
19.681	1	1	1	38930.7	0
19.721	1	1	1	32723.5	0
19.761	1	1	1	114809	0
19.801	1	1	1	91593.1	0
19.841	1	1	1	117423	0
19.881	1	1	1	187162	0
19.921	1	1	1	69239.3	0
19.961	1	1	1	40960.2	0
20.001	1	1	1	31087.8	0
20.041	1	1	1	45317.3	0
20.081	1	1	1	69265.6	0
20.121	1	1	1	183503	0
20.161	1	1	1	47229.3	0
20.201	1	1	1	19999.3	0
20.241	1	1	1	20536.1	0
20.281	1	1	1	41821.6	0
20.321	1	1	1	63285.6	0
20.361	1	1	1	13197.2	0
20.401	1	1	1	26992.6	0
20.441	1	1	1	42973.8	0
20.481	1	1	1	24433.9	0
20.521	1	1	1	45516.4	0
20.561	1	1	1	12798.6	0
20.601	1	1	1	6020.82	0
20.641	1	1	1	27518.6	0
20.681	1	1	1	154570	0
20.721	1	1	1	230580	0
20.761	1	1	1	86680.4	0
20.801	1	1	1	215161	0
20.841	1	1	1	184672	0
20.881	1	1	1	70634	0
20.921	1	1	1	138542	0
20.961	1	1	1	101462	0
21.001	1	1	1	51796.8	0
21.041	1	1	1	19704.8	0
21.081	1	1	1	56021	0
21.121	1	1	1	119940	0
21.161	1	1	1	35329.5	0
21.201	1	1	1	17837.3	0
21.241	1	1	1	52646.7	0
21.281	1	1	1	50382.2	0
21.321	1	1	1	25286.3	0
21.361	1	1	1	51107	0
21.401	1	1	1	33515.3	0
21.441	1	1	1	69233.1	0
21.481	1	1	1	111928	0
21.521	1	1	1	29492	0
21.561	1	1	1	17324.8	0
21.601	1	1	1	24668.5	0
21.641	1	1	1	83488.5	0
21.681	1	1	1	26619.1	0
21.721	1	1	1	20344.7	0
21.761	1	1	1	114741	0
21.801	1	1	1	101560	0
21.841	1	1	1	50259.1	0
21.881	1	1	1	64016.3	0
21.921	1	1	1	31636.5	0
21.961	1	1	1	12280.3	0
22.001	1	1	1	64736	0
22.041	1	1	1	121643	0
22.081	1	1	1	68490.2	0
22.121	1	1	1	36028.8	0
22.161	1	1	1	99184.2	0
22.201	1	1	1	91491.6	0
22.241	1	1	1	91540	0
22.281	1	1	1	79449.5	0
22.321	1	1	1	109448	0
22.361	1	1	1	195340	0
22.401	1	1	1	93120.6	0
22.441	1	1	1	41680	0
22.481	1	1	1	44315.4	0
22.521	1	1	1	42353.9	0
22.561	1	1	1	112667	0
22.601	1	1	1	89699.6	0
22.641	1	1	1	86599.8	0
22.681	1	1	1	41482.4	0
22.721	1	1	1	5001.67	0
22.761	1	1	1	24532.1	0
22.801	1	1	1	95848.5	0
22.841	1	1	1	12384	0
22.881	1	1	1	70421.1	0
22.921	1	1	1	154969	0
22.961	1	1	1	64551.6	0
23.001	1	1	1	60901.8	0
23.041	1	1	1	24002.3	0
23.081	1	1	1	22842.2	0
23.121	1	1	1	17307.6	0
23.161	1	1	1	14406	0
23.201	1	1	1	9233.14	0
23.241	1	1	1	39766.9	0
23.281	1	1	1	33436.1	0
23.321	1	1	1	67010	0
23.361	1	1	1	81811.3	0
23.401	1	1	1	38801.3	0
23.441	1	1	1	150523	0
23.481	1	1	1	222102	0
23.521	1	1	1	28556.6	0
23.561	1	1	1	62173.9	0
23.601	1	1	1	24061.5	0
23.641	1	1	1	49910.7	0
23.681	1	1	1	119897	0
23.721	1	1	1	84115.4	0
23.761	1	1	1	98657.9	0
23.801	1	1	1	68826.9	0
23.841	1	1	1	86099.2	0
23.881	1	1	1	187518	0
23.921	1	1	1	77388.2	0
23.961	1	1	1	72662	0
24.001	1	1	1	39252.5	0
24.041	1	1	1	22969.6	0
24.081	1	1	1	96110.6	0
24.121	1	1	1	56805.7	0
24.161	1	1	1	39210.5	0
24.201	1	1	1	28606.4	0
24.241	1	1	1	29478.8	0
24.281	1	1	1	184773	0
24.321	1	1	1	175545	0
24.361	1	1	1	89752	0
24.401	1	1	1	110452	0
24.441	1	1	1	65132.2	0
24.481	1	1	1	51003.6	0
24.521	1	1	1	40504.3	0
24.561	1	1	1	142673	0
24.601	1	1	1	61993.1	0
24.641	1	1	1	114356	0
24.681	1	1	1	122585	0
24.721	1	1	1	37370.3	0
24.761	1	1	1	101614	0
24.801	1	1	1	130266	0
24.841	1	1	1	9753.45	0
24.881	1	1	1	41396.1	0
24.921	1	1	1	38997.8	0
24.961	1	1	1	17234.2	0
25.001	1	1	1	23929.9	0
25.041	1	1	1	28610.9	0
25.081	1	1	1	80737.3	0
25.121	1	1	1	59405.9	0
25.161	1	1	1	24075.4	0
25.201	1	1	1	69318.2	0
25.241	1	1	1	16782.8	0
25.281	1	1	1	68773.5	0
25.321	1	1	1	64291.4	0
25.361	1	1	1	21335.3	0
25.401	1	1	1	30754.9	0
25.441	1	1	1	100830	0
25.481	1	1	1	12151.9	0
25.521	1	1	1	64656.7	0
25.561	1	1	1	50834.7	0
25.601	1	1	1	41148.2	0
25.641	1	1	1	68619.3	0
25.681	1	1	1	77575.8	0
25.721	1	1	1	62402.2	0
25.761	1	1	1	40348.1	0
25.801	1	1	1	54801.9	0
25.841	1	1	1	125268	0
25.881	1	1	1	48799.4	0
25.921	1	1	1	23576.1	0
25.961	1	1	1	47117.7	0
26.001	1	1	1	64109.9	0
26.041	1	1	1	37998.4	0
26.081	1	1	1	40962.1	0
26.121	1	1	1	8635.45	0
26.161	1	1	1	15653.1	0
26.201	1	1	1	45498	0
26.241	1	1	1	13293.1	0
26.281	1	1	1	30285.6	0
26.321	1	1	1	57084.7	0
26.361	1	1	1	50631.2	0
26.401	1	1	1	41880	0
26.441	1	1	1	30290.4	0
26.481	1	1	1	113918	0
26.521	1	1	1	204495	0
26.561	1	1	1	43294.8	0
26.601	1	1	1	34889.3	0
26.641	1	1	1	61694	0
26.681	1	1	1	69402.1	0
26.721	1	1	1	92250.9	0
26.761	1	1	1	37416.8	0
26.801	1	1	1	44016.1	0
26.841	1	1	1	129792	0
26.881	1	1	1	67641.1	0
26.921	1	1	1	27283.7	0
26.961	1	1	1	21493.7	0
27.001	1	1	1	67888.8	0
27.041	1	1	1	202012	0
27.081	1	1	1	49192.2	0
27.121	1	1	1	66966.4	0
27.161	1	1	1	55179	0
27.201	1	1	1	20102.7	0
27.241	1	1	1	19161.7	0
27.281	1	1	1	4636.88	0
27.321	1	1	1	11243.4	0
27.361	1	1	1	81389	0
27.401	1	1	1	41011.4	0
27.441	1	1	1	187393	0
27.481	1	1	1	123217	0
27.521	1	1	1	109002	0
27.561	1	1	1	100184	0
27.601	1	1	1	78143.4	0
27.641	1	1	1	39590.5	0
27.681	1	1	1	10946.7	0
27.721	1	1	1	131752	0
27.761	1	1	1	83742.2	0
27.801	1	1	1	24318.9	0
27.841	1	1	1	47052.8	0
27.881	1	1	1	40495.4	0
27.921	1	1	1	50471.5	0
27.961	1	1	1	67817.5	0
28.001	1	1	1	62531.9	0
28.041	1	1	1	31888.4	0
28.081	1	1	1	45906.9	0
28.121	1	1	1	36861.1	0
28.161	1	1	1	21072.3	0
28.201	1	1	1	32344.7	0
28.241	1	1	1	59797.7	0
28.281	1	1	1	78656	0
28.321	1	1	1	11843.9	0
28.361	1	1	1	35996.3	0
28.401	1	1	1	140808	0
28.441	1	1	1	47751.1	0
28.481	1	1	1	73870.7	0
28.521	1	1	1	194444	0
28.561	1	1	1	106955	0
28.601	1	1	1	51638.6	0
28.641	1	1	1	127686	0
28.681	1	1	1	91135.7	0
28.721	1	1	1	97951.3	0
28.761	1	1	1	118942	0
28.801	1	1	1	48568	0
28.841	1	1	1	148706	0
28.881	1	1	1	140229	0
28.921	1	1	1	84294.1	0
28.961	1	1	1	58164.7	0
29.001	1	1	1	75454.6	0
29.041	1	1	1	123970	0
29.081	1	1	1	141166	0
29.121	1	1	1	65703.5	0
29.161	1	1	1	35157.4	0
29.201	1	1	1	50822.8	0
29.241	1	1	1	32792.4	0
29.281	1	1	1	56601.2	0
29.321	1	1	1	118849	0
29.361	1	1	1	43239.5	0
29.401	1	1	1	33410.4	0
29.441	1	1	1	15318.4	0
29.481	1	1	1	19124.1	0
29.521	1	1	1	27077.9	0
29.561	1	1	1	14056.6	0
29.601	1	1	1	33001.9	0
29.641	1	1	1	12664.4	0
29.681	1	1	1	10458.1	0
29.721	1	1	1	37787.8	0
29.761	1	1	1	107238	0
29.801	1	1	1	212836	0
29.841	1	1	1	123406	0
29.881	1	1	1	188280	0
29.921	1	1	1	159581	0
29.961	1	1	1	99973.4	0
30.001	1	1	1	38185.2	0
30.041	1	1	1	36439.8	0
30.081	1	1	1	29754.7	0
30.121	1	1	1	84478.6	0
30.161	1	1	1	176568	0
30.201	1	1	1	40570.5	0
30.241	1	1	1	49753.3	0
30.281	1	1	1	110781	0
30.321	1	1	1	36443	0
30.361	1	1	1	36683.9	0
30.401	1	1	1	128290	0
30.441	1	1	1	103665	0
30.481	1	1	1	46398.2	0
30.521	1	1	1	58096.2	0
30.561	1	1	1	74451.2	0
30.601	1	1	1	40638.9	0
30.641	1	1	1	51884	0
30.681	1	1	1	67706.3	0
30.721	1	1	1	43535.2	0
30.761	1	1	1	192237	0
30.801	1	1	1	124306	0
30.841	1	1	1	33529.2	0
30.881	1	1	1	86854.6	0
30.921	1	1	1	45232.2	0
30.961	1	1	1	111293	0
31.001	1	1	1	89543.4	0
31.041	1	1	1	23203.4	0
31.081	1	1	1	41782.3	0
31.121	1	1	1	50445.3	0
31.161	1	1	1	38394.1	0
31.201	1	1	1	35390.8	0
31.241	1	1	1	20747.9	0
31.281	1	1	1	28123.4	0
31.321	1	1	1	30755.1	0
31.361	1	1	1	20488.8	0
31.401	1	1	1	33620.9	0
31.441	1	1	1	40378.6	0
31.481	1	1	1	46410.6	0
31.521	1	1	1	53548.7	0
31.561	1	1	1	30959.9	0
31.601	1	1	1	28266.3	0
31.641	1	1	1	13565.4	0
31.681	1	1	1	177194	0
31.721	1	1	1	174107	0
31.761	1	1	1	94299.4	0
31.801	1	1	1	182334	0
31.841	1	1	1	105412	0
31.881	1	1	1	87496	0
31.921	1	1	1	56295.2	0
31.961	1	1	1	21850	0
32.001	1	1	1	103665	0
32.041	1	1	1	104271	0
32.081	1	1	1	26200.7	0
32.121	1	1	1	33340	0
32.161	1	1	1	38781	0
32.201	1	1	1	46602.9	0
32.241	1	1	1	109110	0
32.281	1	1	1	28754.3	0
32.321	1	1	1	15443.9	0
32.361	1	1	1	27660.6	0
32.401	1	1	1	26970.3	0
32.441	1	1	1	12142.7	0
32.481	1	1	1	16199	0
32.521	1	1	1	14671.6	0
32.561	1	1	1	46454.3	0
32.601	1	1	1	31105.2	0
32.641	1	1	1	24802.8	0
32.681	1	1	1	92688.6	0
32.721	1	1	1	95353.5	0
32.761	1	1	1	135492	0
32.801	1	1	1	71610.7	0
32.841	1	1	1	33464.8	0
32.881	1	1	1	49832.8	0
32.921	1	1	1	28027	0
32.961	1	1	1	38210.4	0
33.001	1	1	1	63159.6	0
33.041	1	1	1	11469.5	0
33.081	1	1	1	42784.2	0
33.121	1	1	1	33896	0
33.161	1	1	1	27780.1	0
33.201	1	1	1	39222.2	0
33.241	1	1	1	48716.8	0
33.281	1	1	1	25885.3	0
33.321	1	1	1	6826.59	0
33.361	1	1	1	38456.5	0
33.401	1	1	1	261995	0
33.441	1	1	1	64308.2	0
33.481	1	1	1	45440.2	0
33.521	1	1	1	37299.6	0
33.561	1	1	1	83626.2	0
33.601	1	1	1	56269.7	0
33.641	1	1	1	45195.4	0
33.681	1	1	1	130194	0
33.721	1	1	1	144235	0
33.761	1	1	1	45849	0
33.801	1	1	1	20970.8	0
33.841	1	1	1	18281.1	0
33.881	1	1	1	22527.7	0
33.921	1	1	1	27522.3	0
33.961	1	1	1	26504.2	0
34.001	1	1	1	88616.6	0
34.041	1	1	1	51316.5	0
34.081	1	1	1	85855.4	0
34.121	1	1	1	60443.3	0
34.161	1	1	1	26440.8	0
34.201	1	1	1	27804	0
34.241	1	1	1	99087.9	0
34.281	1	1	1	43547.7	0
34.321	1	1	1	41546.8	0
34.361	1	1	1	124972	0
34.401	1	1	1	38914.1	0
34.441	1	1	1	78208.1	0
34.481	1	1	1	85856.6	0
34.521	1	1	1	29034.5	0
34.561	1	1	1	66048.8	0
34.601	1	1	1	143673	0
34.641	1	1	1	63734.4	0
34.681	1	1	1	35041	0
34.721	1	1	1	16686	0
34.761	1	1	1	16239.2	0
34.801	1	1	1	43868.7	0
34.841	1	1	1	38752	0
34.881	1	1	1	64148.3	0
34.921	1	1	1	107205	0
34.961	1	1	1	78941.5	0
35.001	1	1	1	46255.9	0
35.041	1	1	1	18061.6	0
35.081	1	1	1	20662.6	0
35.121	1	1	1	51714	0
35.161	1	1	1	40612.2	0
35.201	1	1	1	22110.7	0
35.241	1	1	1	42266.9	0
35.281	1	1	1	32601.8	0
35.321	1	1	1	108883	0
35.361	1	1	1	41631.8	0
35.401	1	1	1	9535.31	0
35.441	1	1	1	59963.1	0
35.481	1	1	1	46495.6	0
35.521	1	1	1	85817.6	0
35.561	1	1	1	20196.4	0
35.601	1	1	1	24657.9	0
35.641	1	1	1	44996.1	0
35.681	1	1	1	25206.8	0
35.721	1	1	1	44266.7	0
35.761	1	1	1	13037.6	0
35.801	1	1	1	24515.5	0
35.841	1	1	1	119078	0
35.881	1	1	1	47002.4	0
35.921	1	1	1	67092.9	0
35.961	1	1	1	183116	0
36.001	1	1	1	103233	0
36.041	1	1	1	82040.1	0
36.081	1	1	1	22835.1	0
36.121	1	1	1	21949.9	0
36.161	1	1	1	59232.3	0
36.201	1	1	1	27168.5	0
36.241	1	1	1	24298.5	0
36.281	1	1	1	25897	0
36.321	1	1	1	88580.3	0
36.361	1	1	1	100344	0
36.401	1	1	1	22712.4	0
36.441	1	1	1	14154.8	0
36.481	1	1	1	22159.3	0
36.521	1	1	1	84274.2	0
36.561	1	1	1	95531.6	0
36.601	1	1	1	21196.6	0
36.641	1	1	1	64125.8	0
36.681	1	1	1	22638.8	0
36.721	1	1	1	138184	0
36.761	1	1	1	73064.3	0
36.801	1	1	1	20130.6	0
36.841	1	1	1	63874.8	0
36.881	1	1	1	141387	0
36.921	1	1	1	111209	0
36.961	1	1	1	37534.1	0
37.001	1	1	1	56992.4	0
37.041	1	1	1	84291.3	0
37.081	1	1	1	11073.4	0
37.121	1	1	1	12261.3	0
37.161	1	1	1	43153.4	0
37.201	1	1	1	26936.8	0
37.241	1	1	1	78057.9	0
37.281	1	1	1	85220.7	0
37.321	1	1	1	43325	0
37.361	1	1	1	51629.8	0
37.401	1	1	1	36686.8	0
37.441	1	1	1	92245.3	0
37.481	1	1	1	113714	0
37.521	1	1	1	36661.2	0
37.561	1	1	1	52212.5	0
37.601	1	1	1	27221.3	0
37.641	1	1	1	49370.8	0
37.681	1	1	1	17084.6	0
37.721	1	1	1	4378.11	0
37.761	1	1	1	33825.1	0
37.801	1	1	1	149396	0
37.841	1	1	1	148049	0
37.881	1	1	1	75738.1	0
37.921	1	1	1	68445.2	0
37.961	1	1	1	104200	0
38.001	1	1	1	89708	0
38.041	1	1	1	34079.6	0
38.081	1	1	1	171974	0
38.121	1	1	1	116433	0
38.161	1	1	1	18002.3	0
38.201	1	1	1	68069.4	0
38.241	1	1	1	45108.1	0
38.281	1	1	1	44562.9	0
38.321	1	1	1	37434.1	0
38.361	1	1	1	17908.7	0
38.401	1	1	1	141019	0
38.441	1	1	1	173026	0
38.481	1	1	1	42101	0
38.521	1	1	1	44776.7	0
38.561	1	1	1	74527.5	0
38.601	1	1	1	38900.1	0
38.641	1	1	1	45952.9	0
38.681	1	1	1	35136.4	0
38.721	1	1	1	42669.1	0
38.761	1	1	1	84139.5	0
38.801	1	1	1	33948.9	0
38.841	1	1	1	99091	0
38.881	1	1	1	48817	0
38.921	1	1	1	78909.1	0
38.961	1	1	1	73270.9	0
39.001	1	1	1	18561.4	0
39.041	1	1	1	9739.63	0
39.081	1	1	1	20733.3	0
39.121	1	1	1	20041.6	0
39.161	1	1	1	77917.3	0
39.201	1	1	1	98029.5	0
39.241	1	1	1	74034.5	0
39.281	1	1	1	148532	0
39.321	1	1	1	106492	0
39.361	1	1	1	100495	0
39.401	1	1	1	83846.4	0
39.441	1	1	1	110068	0
39.481	1	1	1	145018	0
39.521	1	1	1	56743.6	0
39.561	1	1	1	126283	0
39.601	1	1	1	15030.4	0
39.641	1	1	1	18112.1	0
39.681	1	1	1	64948.8	0
39.721	1	1	1	130685	0
39.761	1	1	1	80174.7	0
39.801	1	1	1	94208.8	0
39.841	1	1	1	36743.5	0
39.881	1	1	1	63724.6	0
39.921	1	1	1	86493.8	0
39.961	1	1	1	21970.2	0
40.001	1	1	1	13831.8	0
40.041	1	1	1	32873.7	0
40.081	1	1	1	72431.3	0
40.121	1	1	1	27184	0
40.161	1	1	1	66748.8	0
40.201	1	1	1	43450	0
40.241	1	1	1	156442	0
40.281	1	1	1	276578	0
40.321	1	1	1	98147.7	0
40.361	1	1	1	53626.5	0
40.401	1	1	1	29672.8	0
40.441	1	1	1	9564.26	0
40.481	1	1	1	93364.1	0
40.521	1	1	1	224620	0
40.561	1	1	1	328597	0
40.601	1	1	1	168250	0
40.641	1	1	1	50939.3	0
40.681	1	1	1	59507.9	0
40.721	1	1	1	10646.6	0
40.761	1	1	1	21230.7	0
40.801	1	1	1	54944	0
40.841	1	1	1	113770	0
40.881	1	1	1	94970.5	0
40.921	1	1	1	64348	0
40.961	1	1	1	77904.2	0
41.001	1	1	1	51280.6	0
41.041	1	1	1	26352.4	0
41.081	1	1	1	5499.78	0
41.121	1	1	1	14851.8	0
41.161	1	1	1	52837.5	0
41.201	1	1	1	94197.3	0
41.241	1	1	1	97953	0
41.281	1	1	1	115538	0
41.321	1	1	1	235271	0
41.361	1	1	1	92924.8	0
41.401	1	1	1	106248	0
41.441	1	1	1	114547	0
41.481	1	1	1	62930.1	0
41.521	1	1	1	9795.48	0
41.561	1	1	1	25041.3	0
41.601	1	1	1	54568.2	0
41.641	1	1	1	12233.3	0
41.681	1	1	1	26867.2	0
41.721	1	1	1	40219.1	0
41.761	1	1	1	33149.5	0
41.801	1	1	1	42968.2	0
41.841	1	1	1	22867.4	0
41.881	1	1	1	29122.7	0
41.921	1	1	1	47803	0
41.961	1	1	1	57542.5	0
42.001	1	1	1	40047.3	0
42.041	1	1	1	48145.3	0
42.081	1	1	1	42295.5	0
42.121	1	1	1	208320	0
42.161	1	1	1	129331	0
42.201	1	1	1	33292.2	0
42.241	1	1	1	31846.4	0
42.281	1	1	1	34847.9	0
42.321	1	1	1	35805.1	0
42.361	1	1	1	183503	0
42.401	1	1	1	132879	0
42.441	1	1	1	129309	0
42.481	1	1	1	159172	0
42.521	1	1	1	109182	0
42.561	1	1	1	117319	0
42.601	1	1	1	26790.3	0
42.641	1	1	1	37890.1	0
42.681	1	1	1	85153.2	0
42.721	1	1	1	62128.3	0
42.761	1	1	1	39049.5	0
42.801	1	1	1	25346.1	0
42.841	1	1	1	99067.8	0
42.881	1	1	1	158696	0
42.921	1	1	1	90351.1	0
42.961	1	1	1	52899.8	0
43.001	1	1	1	14351.9	0
43.041	1	1	1	26836.2	0
43.081	1	1	1	29138.8	0
43.121	1	1	1	40633.5	0
43.161	1	1	1	98972.8	0
43.201	1	1	1	37093	0
43.241	1	1	1	64421.5	0
43.281	1	1	1	75554	0
43.321	1	1	1	112084	0
43.361	1	1	1	269034	0
43.401	1	1	1	91697.8	0
43.441	1	1	1	195042	0
43.481	1	1	1	190097	0
43.521	1	1	1	61139.2	0
43.561	1	1	1	54085.2	0
43.601	1	1	1	134886	0
43.641	1	1	1	98696	0
43.681	1	1	1	79449.5	0
43.721	1	1	1	109448	0
43.761	1	1	1	195340	0
43.801	1	1	1	125117	0
43.841	1	1	1	41657.2	0
43.881	1	1	1	60428.2	0
43.921	1	1	1	35856.8	0
43.961	1	1	1	28108.4	0
44.001	1	1	1	14995.1	0
44.041	1	1	1	39165.2	0
44.081	1	1	1	106587	0
44.121	1	1	1	41454.7	0
44.161	1	1	1	46455	0
44.201	1	1	1	31086.6	0
44.241	1	1	1	75598.4	0
44.281	1	1	1	49867.6	0
44.321	1	1	1	8435.45	0
44.361	1	1	1	48468.8	0
44.401	1	1	1	38917.3	0
44.441	1	1	1	15463.5	0
44.481	1	1	1	50249.3	0
44.521	1	1	1	82690.1	0
44.561	1	1	1	43805.7	0
44.601	1	1	1	81877.8	0
44.641	1	1	1	69050.6	0
44.681	1	1	1	142159	0
44.721	1	1	1	158071	0
44.761	1	1	1	103005	0
44.801	1	1	1	116035	0
44.841	1	1	1	168178	0
44.881	1	1	1	120543	0
44.921	1	1	1	59778.1	0
44.961	1	1	1	95116	0
45.001	1	1	1	29569	0
45.041	1	1	1	67458	0
45.081	1	1	1	50131.9	0
45.121	1	1	1	65526.6	0
45.161	1	1	1	26716.1	0
45.201	1	1	1	11324.5	0
45.241	1	1	1	258633	0
45.281	1	1	1	79546.4	0
45.321	1	1	1	64166.9	0
45.361	1	1	1	50487.1	0
45.401	1	1	1	62911.5	0
45.441	1	1	1	98407	0
45.481	1	1	1	24313.7	0
45.521	1	1	1	44844.2	0
45.561	1	1	1	48899.5	0
45.601	1	1	1	29635.6	0
45.641	1	1	1	70136.4	0
45.681	1	1	1	109637	0
45.721	1	1	1	72757.9	0
45.761	1	1	1	61024.5	0
45.801	1	1	1	8892.95	0
45.841	1	1	1	4830.45	0
45.881	1	1	1	8217.84	0
45.921	1	1	1	38021.3	0
45.961	1	1	1	98015.6	0
46.001	1	1	1	57812.6	0
46.041	1	1	1	64365.1	0
46.081	1	1	1	150407	0
46.121	1	1	1	204528	0
46.161	1	1	1	86186.3	0
46.201	1	1	1	162112	0
46.241	1	1	1	77237.8	0
46.281	1	1	1	29331.7	0
46.321	1	1	1	66174.6	0
46.361	1	1	1	51315.4	0
46.401	1	1	1	16292.5	0
46.441	1	1	1	21699.2	0
46.481	1	1	1	23947.6	0
46.521	1	1	1	49761.9	0
46.561	1	1	1	45162.6	0
46.601	1	1	1	158223	0
46.641	1	1	1	65129.5	0
46.681	1	1	1	52359.5	0
46.721	1	1	1	90248.4	0
46.761	1	1	1	49254	0
46.801	1	1	1	176676	0
46.841	1	1	1	122689	0
46.881	1	1	1	43854.3	0
46.921	1	1	1	117614	0
46.961	1	1	1	76899.9	0
47.001	1	1	1	73051	0
47.041	1	1	1	74771.6	0
47.081	1	1	1	262709	0
47.121	1	1	1	149685	0
47.161	1	1	1	69799.6	0
47.201	1	1	1	79958.1	0
47.241	1	1	1	70642.8	0
47.281	1	1	1	88654.7	0
47.321	1	1	1	66514.2	0
47.361	1	1	1	61782.9	0
47.401	1	1	1	162586	0
47.441	1	1	1	189930	0
47.481	1	1	1	119571	0
47.521	1	1	1	117333	0
47.561	1	1	1	90546.8	0
47.601	1	1	1	30242.3	0
47.641	1	1	1	48776.7	0
47.681	1	1	1	96275.3	0
47.721	1	1	1	30218.4	0
47.761	1	1	1	22574.6	0
47.801	1	1	1	62571.4	0
47.841	1	1	1	99246.2	0
47.881	1	1	1	68176.6	0
47.921	1	1	1	39932.8	0
47.961	1	1	1	65628.9	0
48.001	1	1	1	125713	0
48.041	1	1	1	245863	0
48.081	1	1	1	165584	0
48.121	1	1	1	68524.6	0
48.161	1	1	1	99224	0
48.201	1	1	1	85732.3	0
48.241	1	1	1	36780.9	0
48.281	1	1	1	31680	0
48.321	1	1	1	69546	0
48.361	1	1	1	48587.1	0
48.401	1	1	1	73416.8	0
48.441	1	1	1	67922	0
48.481	1	1	1	26988	0
48.521	1	1	1	88138.7	0
48.561	1	1	1	104813	0
48.601	1	1	1	37782.7	0
48.641	1	1	1	50860.1	0
48.681	1	1	1	62683.2	0
48.721	1	1	1	22305.1	0
48.761	1	1	1	55501.4	0
48.801	1	1	1	71115.9	0
48.841	1	1	1	25103.2	0
48.881	1	1	1	77735.3	0
48.921	1	1	1	82309.5	0
48.961	1	1	1	57038	0
49.001	1	1	1	48740.1	0
49.041	1	1	1	25763.4	0
49.081	1	1	1	32052.7	0
49.121	1	1	1	39512.3	0
49.161	1	1	1	73531.3	0
49.201	1	1	1	20253.2	0
49.241	1	1	1	21962.9	0
49.281	1	1	1	105813	0
49.321	1	1	1	52555.6	0
49.361	1	1	1	49456.9	0
49.401	1	1	1	33759.5	0
49.441	1	1	1	8020.21	0
49.481	1	1	1	10765.8	0
49.521	1	1	1	59968.5	0
49.561	1	1	1	107808	0
49.601	1	1	1	153281	0
49.641	1	1	1	88343.9	0
49.681	1	1	1	65335	0
49.721	1	1	1	177786	0
49.761	1	1	1	82621.9	0
49.801	1	1	1	39076.1	0
49.841	1	1	1	42128.5	0
49.881	1	1	1	38625.1	0
49.921	1	1	1	53168.4	0
49.961	1	1	1	23680.7	0
50.001	1	1	1	28153.9	0
50.041	1	1	1	13612.8	0
50.081	1	1	1	27049.9	0
50.121	1	1	1	36513.7	0
50.161	1	1	1	45779	0
50.201	1	1	1	77269.4	0
50.241	1	1	1	23069.3	0
50.281	1	1	1	58582.2	0
50.321	1	1	1	93526.6	0
50.361	1	1	1	26002.1	0
50.401	1	1	1	29687.4	0
50.441	1	1	1	32606.7	0
50.481	1	1	1	54572.7	0
50.521	1	1	1	38782.2	0
50.561	1	1	1	76994.7	0
50.601	1	1	1	73988.3	0
50.641	1	1	1	134176	0
50.681	1	1	1	181343	0
50.721	1	1	1	100309	0
50.761	1	1	1	79643.1	0
50.801	1	1	1	8197.64	0
50.841	1	1	1	67763	0
50.881	1	1	1	65631.9	0
50.921	1	1	1	18693.8	0
50.961	1	1	1	81809.5	0
51.001	1	1	1	25946.5	0
51.041	1	1	1	30398.6	0
51.081	1	1	1	37530.8	0
51.121	1	1	1	69052.2	0
51.161	1	1	1	45585.5	0
51.201	1	1	1	111130	0
51.241	1	1	1	237637	0
51.281	1	1	1	89162.4	0
51.321	1	1	1	51386.6	0
51.361	1	1	1	101161	0
51.401	1	1	1	35179.8	0
51.441	1	1	1	101704	0
51.481	1	1	1	222284	0
51.521	1	1	1	129328	0
51.561	1	1	1	138119	0
51.601	1	1	1	54185.7	0
51.641	1	1	1	70969.1	0
51.681	1	1	1	54604.5	0
51.721	1	1	1	41713.7	0
51.761	1	1	1	33532.9	0
51.801	1	1	1	10851.3	0
51.841	1	1	1	33192.7	0
51.881	1	1	1	41283.6	0
51.921	1	1	1	37754.7	0
51.961	1	1	1	32411.4	0
52.001	1	1	1	39258	0
52.041	1	1	1	75629.6	0
52.081	1	1	1	118841	0
52.121	1	1	1	82832.2	0
52.161	1	1	1	39544.9	0
52.201	1	1	1	73604.2	0
52.241	1	1	1	88902.8	0
52.281	1	1	1	16463.1	0
52.321	1	1	1	10415.7	0
52.361	1	1	1	134571	0
52.401	1	1	1	69979.1	0
52.441	1	1	1	88359.3	0
52.481	1	1	1	150399	0
52.521	1	1	1	36097.9	0
52.561	1	1	1	85025	0
52.601	1	1	1	138867	0
52.641	1	1	1	48219.1	0
52.681	1	1	1	26968.7	0
52.721	1	1	1	37775.4	0
52.761	1	1	1	130202	0
52.801	1	1	1	79209.3	0
52.841	1	1	1	33403	0
52.881	1	1	1	93361.5	0
52.921	1	1	1	115747	0
52.961	1	1	1	64659.6	0
53.001	1	1	1	35429.3	0
53.041	1	1	1	26615.9	0
53.081	1	1	1	20155.7	0
53.121	1	1	1	63544.7	0
53.161	1	1	1	58748.7	0
53.201	1	1	1	60358.4	0
53.241	1	1	1	44133.5	0
53.281	1	1	1	89186.5	0
53.321	1	1	1	195767	0
53.361	1	1	1	88045.6	0
53.401	1	1	1	80120.5	0
53.441	1	1	1	107842	0
53.481	1	1	1	69732.7	0
53.521	1	1	1	31198.1	0
53.561	1	1	1	67888.1	0
53.601	1	1	1	39989.8	0
53.641	1	1	1	60246.9	0
53.681	1	1	1	110197	0
53.721	1	1	1	41982.1	0
53.761	1	1	1	49961.1	0
53.801	1	1	1	26803	0
53.841	1	1	1	28452.1	0
53.881	1	1	1	57131.9	0
53.921	1	1	1	105858	0
53.961	1	1	1	213431	0
54.001	1	1	1	36772.8	0
54.041	1	1	1	77954.5	0
54.081	1	1	1	74624.5	0
54.121	1	1	1	68629.5	0
54.161	1	1	1	86505.2	0
54.201	1	1	1	49173.1	0
54.241	1	1	1	142950	0
54.281	1	1	1	39542.9	0
54.321	1	1	1	50439.3	0
54.361	1	1	1	136578	0
54.401	1	1	1	29335.9	0
54.441	1	1	1	126705	0
54.481	1	1	1	121319	0
54.521	1	1	1	46684.1	0
54.561	1	1	1	68162.6	0
54.601	1	1	1	16622.4	0
54.641	1	1	1	87728.8	0
54.681	1	1	1	68074.4	0
54.721	1	1	1	28632.2	0
54.761	1	1	1	36336	0
54.801	1	1	1	30247.3	0
54.841	1	1	1	15537	0
54.881	1	1	1	54050.5	0
54.921	1	1	1	84063.5	0
54.961	1	1	1	46951.2	0
55.001	1	1	1	133378	0
55.041	1	1	1	178631	0
55.081	1	1	1	54991.9	0
55.121	1	1	1	269055	0
55.161	1	1	1	250248	0
55.201	1	1	1	33416.5	0
55.241	1	1	1	68927.4	0
55.281	1	1	1	50881	0
55.321	1	1	1	41272.4	0
55.361	1	1	1	54977.1	0
55.401	1	1	1	27432.9	0
55.441	1	1	1	207001	0
55.481	1	1	1	146508	0
55.521	1	1	1	54081.7	0
55.561	1	1	1	36875.1	0
55.601	1	1	1	104205	0
55.641	1	1	1	72782.5	0
55.681	1	1	1	42883	0
55.721	1	1	1	37518.5	0
55.761	1	1	1	21890.6	0
55.801	1	1	1	28637	0
55.841	1	1	1	41295.5	0
55.881	1	1	1	46183.7	0
55.921	1	1	1	34260.4	0
55.961	1	1	1	69025	0
56.001	1	1	1	39930.4	0
56.041	1	1	1	30948.7	0
56.081	1	1	1	34590.4	0
56.121	1	1	1	58530	0
56.161	1	1	1	49420.8	0
56.201	1	1	1	24838	0
56.241	1	1	1	11725.4	0
56.281	1	1	1	9094.54	0
56.321	1	1	1	43687.3	0
56.361	1	1	1	134829	0
56.401	1	1	1	73940.5	0
56.441	1	1	1	46030	0
56.481	1	1	1	135564	0
56.521	1	1	1	15546.1	0
56.561	1	1	1	86790.4	0
56.601	1	1	1	64457.8	0
56.641	1	1	1	4738.05	0
56.681	1	1	1	70475.9	0
56.721	1	1	1	181556	0
56.761	1	1	1	50378.9	0
56.801	1	1	1	46970.8	0
56.841	1	1	1	51645.7	0
56.881	1	1	1	19085.1	0
56.921	1	1	1	25398.7	0
56.961	1	1	1	45435.6	0
57.001	1	1	1	68116.8	0
57.041	1	1	1	28963.3	0
57.081	1	1	1	96848.6	0
57.121	1	1	1	105816	0
57.161	1	1	1	30604.8	0
57.201	1	1	1	66446.4	0
57.241	1	1	1	67994.9	0
57.281	1	1	1	45632.5	0
57.321	1	1	1	70708	0
57.361	1	1	1	110725	0
57.401	1	1	1	118253	0
57.441	1	1	1	157337	0
57.481	1	1	1	135364	0
57.521	1	1	1	76584.9	0
57.561	1	1	1	319383	0
57.601	1	1	1	103221	0
57.641	1	1	1	36894.5	0
57.681	1	1	1	148472	0
57.721	1	1	1	75702.3	0
57.761	1	1	1	57353.2	0
57.801	1	1	1	35481	0
57.841	1	1	1	39508	0
57.881	1	1	1	168462	0
57.921	1	1	1	91559.8	0
57.961	1	1	1	46127.2	0
58.001	1	1	1	167676	0
58.041	1	1	1	41458.2	0
58.081	1	1	1	80280.5	0
58.121	1	1	1	189015	0
58.161	1	1	1	96364.6	0
58.201	1	1	1	25291.3	0
58.241	1	1	1	10875.1	0
58.281	1	1	1	17628.9	0
58.321	1	1	1	70981.5	0
58.361	1	1	1	68679	0
58.401	1	1	1	34318.6	0
58.441	1	1	1	122501	0
58.481	1	1	1	179215	0
58.521	1	1	1	81939.5	0
58.561	1	1	1	49283.3	0
58.601	1	1	1	82101.9	0
58.641	1	1	1	200884	0
58.681	1	1	1	31848.8	0
58.721	1	1	1	27869.6	0
58.761	1	1	1	40522.9	0
58.801	1	1	1	14528.2	0
58.841	1	1	1	39274	0
58.881	1	1	1	105397	0
58.921	1	1	1	56444.1	0
58.961	1	1	1	54894.5	0
59.001	1	1	1	26675.1	0
59.041	1	1	1	55437.9	0
59.081	1	1	1	151687	0
59.121	1	1	1	139375	0
59.161	1	1	1	61572.9	0
59.201	1	1	1	112512	0
59.241	1	1	1	29429.1	0
59.281	1	1	1	120052	0
59.321	1	1	1	218277	0
59.361	1	1	1	75729.3	0
59.401	1	1	1	73581.6	0
59.441	1	1	1	56137	0
59.481	1	1	1	24563.6	0
59.521	1	1	1	46585.3	0
59.561	1	1	1	43792.2	0
59.601	1	1	1	53568.5	0
59.641	1	1	1	79411.3	0
59.681	1	1	1	32715.6	0
59.721	1	1	1	37737.6	0
59.761	1	1	1	58878.2	0
59.801	1	1	1	70892.8	0
59.841	1	1	1	20506	0
59.881	1	1	1	15955	0
59.921	1	1	1	17417.1	0
59.961	1	1	1	19690.9	0
