% start	end	CellId	IMSI	RNTI	LCID	nTxPDUs	TxBytes	nRxPDUs	RxBytes	delay	stdDev	min	max	PduSize	stdDev	min	max
0	0.25	1	1	1	4	60	9300	58	8990	0.00754185	0.00296833	0.00303766	0.0139782	155	0	155	155	
0	0.25	1	2	10	3	54	8370	52	8060	0.00693893	0.00285601	0.00307518	0.0129868	155	0	155	155	
0	0.25	1	3	15	3	54	8370	52	8060	0.00798169	0.00283146	0.0033139	0.0132049	155	0	155	155	
0	0.25	1	4	9	3	59	9145	58	8990	0.00742641	0.00269131	0.00300596	0.0126796	155	0	155	155	
0	0.25	1	5	11	3	54	8370	53	8215	0.00570601	0.00235418	0.0030531	0.0118537	155	0	155	155	
0	0.25	1	6	3	3	59	9145	58	8990	0.00778805	0.00290062	0.00311941	0.0139736	155	0	155	155	
0	0.25	1	7	12	3	59	9145	58	8990	0.00775628	0.0027288	0.00316046	0.013884	155	0	155	155	
0	0.25	1	8	2	3	61	9455	59	9145	0.00747431	0.00293518	0.00322064	0.0138722	155	0	155	155	
0	0.25	1	9	4	3	55	8525	53	8215	0.00766312	0.00324015	0.00308364	0.0191039	155	0	155	155	
0	0.25	1	10	16	3	56	8680	53	8215	0.00709757	0.00287128	0.00303173	0.0133535	155	0	155	155	
0.25	0.5	1	1	1	4	63	9765	64	9920	0.0077163	0.00301319	0.00307054	0.0138897	155	0	155	155	
0.25	0.5	1	2	10	3	61	9455	61	9455	0.00779649	0.00270713	0.00323472	0.0125034	155	0	155	155	
0.25	0.5	1	3	15	3	62	9610	63	9765	0.00865808	0.00313598	0.00319367	0.018375	155	0	155	155	
0.25	0.5	1	4	9	3	66	10230	65	10075	0.00756712	0.00278892	0.0030702	0.0125448	155	0	155	155	
0.25	0.5	1	5	11	3	67	10385	67	10385	0.00781363	0.00282787	0.00301544	0.0128912	155	0	155	155	
0.25	0.5	1	6	3	3	63	9765	61	9455	0.00791681	0.00297104	0.00304473	0.0134626	155	0	155	155	
0.25	0.5	1	7	12	3	67	10385	67	10385	0.00774985	0.00287018	0.00305977	0.0133985	155	0	155	155	
0.25	0.5	1	8	2	3	64	9920	63	9765	0.00761502	0.00284498	0.0030757	0.0131061	155	0	155	155	
0.25	0.5	1	9	4	3	63	9765	63	9765	0.00811286	0.00277967	0.0035329	0.0128641	155	0	155	155	
0.25	0.5	1	10	16	3	63	9765	65	10075	0.00760087	0.00279867	0.00300837	0.0127754	155	0	155	155	
0.5	0.75	1	1	1	4	61	9455	59	9145	0.00765261	0.00266786	0.00333193	0.012945	155	0	155	155	
0.5	0.75	1	2	10	3	62	9610	63	9765	0.00768973	0.00301546	0.00303569	0.0143816	155	0	155	155	
0.5	0.75	1	3	15	3	59	9145	59	9145	0.00812281	0.00293461	0.0031929	0.0131564	155	0	155	155	
0.5	0.75	1	4	9	3	64	9920	64	9920	0.00768037	0.00268219	0.00312713	0.0128471	155	0	155	155	
0.5	0.75	1	5	11	3	58	8990	56	8680	0.00749117	0.00261307	0.00311922	0.0125153	155	0	155	155	
0.5	0.75	1	6	3	3	62	9610	63	9765	0.00785718	0.00275713	0.00301547	0.0128602	155	0	155	155	
0.5	0.75	1	7	12	3	61	9455	58	8990	0.00780707	0.00282509	0.00313814	0.0138832	155	0	155	155	
0.5	0.75	1	8	2	3	59	9145	61	9455	0.00794012	0.00287342	0.00305248	0.0129172	155	0	155	155	
0.5	0.75	1	9	4	3	62	9610	63	9765	0.00740873	0.00281263	0.00302378	0.0126668	155	0	155	155	
0.5	0.75	1	10	16	3	61	9455	61	9455	0.00767658	0.00290611	0.00301777	0.0129758	155	0	155	155	
0.75	1	1	1	1	4	64	9920	66	10230	0.00769453	0.00294537	0.00308947	0.0135131	155	0	155	155	
0.75	1	1	2	10	3	67	10385	66	10230	0.00827061	0.00286033	0.00322045	0.0129471	155	0	155	155	
0.75	1	1	3	15	3	58	8990	58	8990	0.00768984	0.0028513	0.00330885	0.0128183	155	0	155	155	
0.75	1	1	4	9	3	67	10385	67	10385	0.00812164	0.00289535	0.00307354	0.0129361	155	0	155	155	
0.75	1	1	5	11	3	62	9610	62	9610	0.0076548	0.0027948	0.00306668	0.0130805	155	0	155	155	
0.75	1	1	6	3	3	64	9920	65	10075	0.00757479	0.00270695	0.00307632	0.0124023	155	0	155	155	
0.75	1	1	7	12	3	61	9455	64	9920	0.00763612	0.00285347	0.0030011	0.0127698	155	0	155	155	
0.75	1	1	8	2	3	65	10075	66	10230	0.00822236	0.0028021	0.00370172	0.0128444	155	0	155	155	
0.75	1	1	9	4	3	64	9920	62	9610	0.00786348	0.00285566	0.00305275	0.0129602	155	0	155	155	
0.75	1	1	10	16	3	59	9145	57	8835	0.00795638	0.00303422	0.00302264	0.0180022	155	0	155	155	
1	1.25	1	1	1	4	64	9920	65	10075	0.00829106	0.00298867	0.00345795	0.0137245	155	0	155	155	
1	1.25	1	2	10	3	61	9455	61	9455	0.00795618	0.0028063	0.00308761	0.0127534	155	0	155	155	
1	1.25	1	3	15	3	59	9145	57	8835	0.00781223	0.00292732	0.00336826	0.012857	155	0	155	155	
1	1.25	1	4	9	3	65	10075	64	9920	0.00765944	0.00284402	0.00307499	0.012988	155	0	155	155	
1	1.25	1	5	11	3	61	9455	63	9765	0.00731178	0.00275609	0.00300982	0.0129083	155	0	155	155	
1	1.25	1	6	3	3	65	10075	65	10075	0.00744244	0.00277508	0.00303302	0.0128733	155	0	155	155	
1	1.25	1	7	12	3	55	8525	55	8525	0.00771789	0.00296023	0.00315697	0.0135065	155	0	155	155	
1	1.25	1	8	2	3	62	9610	59	9145	0.00816894	0.00293527	0.00305738	0.0134194	155	0	155	155	
1	1.25	1	9	4	3	62	9610	63	9765	0.00733834	0.00293754	0.0030142	0.0129408	155	0	155	155	
1	1.25	1	10	16	3	63	9765	65	10075	0.0076973	0.00272048	0.00327931	0.012592	155	0	155	155	
1.25	1.5	1	1	1	4	65	10075	62	9610	0.00721269	0.00275662	0.00307189	0.0129231	155	0	155	155	
1.25	1.5	1	2	10	3	57	8835	57	8835	0.00729076	0.00298259	0.00303145	0.013137	155	0	155	155	
1.25	1.5	1	3	15	3	63	9765	65	10075	0.00812878	0.00284955	0.00302594	0.0131539	155	0	155	155	
1.25	1.5	1	4	9	3	61	9455	63	9765	0.00755946	0.00269203	0.00343716	0.012465	155	0	155	155	
1.25	1.5	1	5	11	3	67	10385	67	10385	0.00700284	0.00246058	0.00312781	0.0128701	155	0	155	155	
1.25	1.5	1	6	3	3	60	9300	59	9145	0.00743473	0.00295938	0.00303052	0.0127714	155	0	155	155	
1.25	1.5	1	7	12	3	63	9765	61	9455	0.00851991	0.00302656	0.00304742	0.0169839	155	0	155	155	
1.25	1.5	1	8	2	3	65	10075	67	10385	0.00778012	0.00287975	0.0030582	0.0125156	155	0	155	155	
1.25	1.5	1	9	4	3	64	9920	64	9920	0.00767531	0.00287909	0.00305601	0.0124958	155	0	155	155	
1.25	1.5	1	10	16	3	67	10385	67	10385	0.00762529	0.0028915	0.00306352	0.0127036	155	0	155	155	
1.5	1.75	1	1	1	4	60	9300	63	9765	0.00750527	0.00297548	0.00302841	0.0127371	155	0	155	155	
1.5	1.75	1	2	10	3	63	9765	63	9765	0.00808839	0.00272834	0.00318523	0.0136753	155	0	155	155	
1.5	1.75	1	3	15	3	68	10540	67	10385	0.00780457	0.00291121	0.00302834	0.0138187	155	0	155	155	
1.5	1.75	1	4	9	3	65	10075	65	10075	0.00779673	0.0029709	0.00323501	0.0127317	155	0	155	155	
1.5	1.75	1	5	11	3	66	10230	66	10230	0.0070251	0.00267606	0.003016	0.0128242	155	0	155	155	
1.5	1.75	1	6	3	3	59	9145	59	9145	0.00754534	0.00287611	0.00307727	0.0137364	155	0	155	155	
1.5	1.75	1	7	12	3	63	9765	65	10075	0.00732556	0.00271672	0.00332187	0.0128822	155	0	155	155	
1.5	1.75	1	8	2	3	65	10075	64	9920	0.00800924	0.00301006	0.00307318	0.0139781	155	0	155	155	
1.5	1.75	1	9	4	3	61	9455	62	9610	0.00756968	0.00294165	0.00300238	0.0129875	155	0	155	155	
1.5	1.75	1	10	16	3	66	10230	64	9920	0.00760123	0.00280629	0.00325989	0.0128115	155	0	155	155	
1.75	2	1	1	1	4	62	9610	61	9455	0.00721424	0.00287424	0.00308394	0.013935	155	0	155	155	
1.75	2	1	2	10	3	63	9765	63	9765	0.00785353	0.00276267	0.00334713	0.0127683	155	0	155	155	
1.75	2	1	3	15	3	61	9455	60	9300	0.00807108	0.00297828	0.00328994	0.0127633	155	0	155	155	
1.75	2	1	4	9	3	63	9765	63	9765	0.00736684	0.00293168	0.00307112	0.0130039	155	0	155	155	
1.75	2	1	5	11	3	63	9765	63	9765	0.00748479	0.00296974	0.00330572	0.0162175	155	0	155	155	
1.75	2	1	6	3	3	63	9765	63	9765	0.00751544	0.00280559	0.00312117	0.0133993	155	0	155	155	
1.75	2	1	7	12	3	68	10540	68	10540	0.00728883	0.00282854	0.00301555	0.0126365	155	0	155	155	
1.75	2	1	8	2	3	62	9610	64	9920	0.00766834	0.00285247	0.00305034	0.0129018	155	0	155	155	
1.75	2	1	9	4	3	63	9765	63	9765	0.00742903	0.00294108	0.0030567	0.0130923	155	0	155	155	
1.75	2	1	10	16	3	69	10695	69	10695	0.00781092	0.00293742	0.00305604	0.014995	155	0	155	155	
2	2.25	1	1	1	4	64	9920	63	9765	0.00757237	0.00294498	0.00305446	0.0133144	155	0	155	155	
2	2.25	1	2	10	3	61	9455	60	9300	0.00802826	0.0031454	0.00313872	0.0137714	155	0	155	155	
2	2.25	1	3	15	3	55	8525	55	8525	0.00759316	0.00293394	0.00301567	0.0131054	155	0	155	155	
2	2.25	1	4	9	3	69	10695	68	10540	0.00810096	0.00281596	0.00305157	0.0136117	155	0	155	155	
2	2.25	1	5	11	3	64	9920	64	9920	0.00724286	0.00263376	0.00338679	0.0136894	155	0	155	155	
2	2.25	1	6	3	3	57	8835	58	8990	0.00794825	0.00318202	0.00317606	0.0134917	155	0	155	155	
2	2.25	1	7	12	3	61	9455	60	9300	0.00799488	0.00344011	0.00311628	0.0195455	155	0	155	155	
2	2.25	1	8	2	3	62	9610	59	9145	0.00814641	0.00273322	0.0033454	0.0134917	155	0	155	155	
2	2.25	1	9	4	3	65	10075	65	10075	0.00771373	0.00295634	0.00300597	0.0128863	155	0	155	155	
2	2.25	1	10	16	3	64	9920	66	10230	0.00774626	0.00291116	0.00305643	0.0129223	155	0	155	155	
2.25	2.5	1	1	1	4	66	10230	65	10075	0.00802791	0.00287835	0.00325514	0.0138713	155	0	155	155	
2.25	2.5	1	2	10	3	58	8990	59	9145	0.00760136	0.00272185	0.00330083	0.0126305	155	0	155	155	
2.25	2.5	1	3	15	3	68	10540	70	10850	0.00804816	0.00272934	0.00303545	0.0129797	155	0	155	155	
2.25	2.5	1	4	9	3	62	9610	61	9455	0.00795581	0.00282258	0.00323981	0.012748	155	0	155	155	
2.25	2.5	1	5	11	3	62	9610	60	9300	0.00665895	0.0025723	0.00309146	0.0126328	155	0	155	155	
2.25	2.5	1	6	3	3	61	9455	60	9300	0.00813454	0.00290422	0.00343849	0.0130646	155	0	155	155	
2.25	2.5	1	7	12	3	63	9765	64	9920	0.00745015	0.00283115	0.00317507	0.0129266	155	0	155	155	
2.25	2.5	1	8	2	3	60	9300	62	9610	0.00782674	0.00286704	0.00301619	0.0126008	155	0	155	155	
2.25	2.5	1	9	4	3	60	9300	61	9455	0.00784474	0.00284055	0.00309853	0.0128588	155	0	155	155	
2.25	2.5	1	10	16	3	62	9610	60	9300	0.00782486	0.00279191	0.00312906	0.0127956	155	0	155	155	
2.5	2.75	1	1	1	4	59	9145	60	9300	0.00780822	0.00279437	0.00309368	0.012654	155	0	155	155	
2.5	2.75	1	2	10	3	61	9455	61	9455	0.00783745	0.00272861	0.0033447	0.012893	155	0	155	155	
2.5	2.75	1	3	15	3	63	9765	61	9455	0.00769319	0.00284677	0.00300497	0.0129587	155	0	155	155	
2.5	2.75	1	4	9	3	67	10385	68	10540	0.00758452	0.00281674	0.00322693	0.0129042	155	0	155	155	
2.5	2.75	1	5	11	3	57	8835	57	8835	0.00712806	0.00283147	0.0032716	0.0156236	155	0	155	155	
2.5	2.75	1	6	3	3	67	10385	67	10385	0.00796645	0.00293222	0.00310242	0.0137653	155	0	155	155	
2.5	2.75	1	7	12	3	63	9765	63	9765	0.00832659	0.00285409	0.00328741	0.0127198	155	0	155	155	
2.5	2.75	1	8	2	3	65	10075	65	10075	0.00788839	0.00295283	0.00306974	0.0129849	155	0	155	155	
2.5	2.75	1	9	4	3	62	9610	60	9300	0.00762729	0.00285973	0.00306889	0.0128796	155	0	155	155	
2.5	2.75	1	10	16	3	60	9300	62	9610	0.00811231	0.00292104	0.0030727	0.0134669	155	0	155	155	
2.75	3	1	1	1	4	68	10540	69	10695	0.00724302	0.00284158	0.00315531	0.0128705	155	0	155	155	
2.75	3	1	2	10	3	64	9920	64	9920	0.00766171	0.00304645	0.00310149	0.0138275	155	0	155	155	
2.75	3	1	3	15	3	60	9300	62	9610	0.00787659	0.00279944	0.0030777	0.0127725	155	0	155	155	
2.75	3	1	4	9	3	64	9920	65	10075	0.00795843	0.00276515	0.00306226	0.0128914	155	0	155	155	
2.75	3	1	5	11	3	67	10385	69	10695	0.00708617	0.00261258	0.00311258	0.0129627	155	0	155	155	
2.75	3	1	6	3	3	64	9920	64	9920	0.00772925	0.00284093	0.00302651	0.0123816	155	0	155	155	
2.75	3	1	7	12	3	63	9765	62	9610	0.0077907	0.00274804	0.00301143	0.0129049	155	0	155	155	
2.75	3	1	8	2	3	65	10075	63	9765	0.00767628	0.00285739	0.00308098	0.0129742	155	0	155	155	
2.75	3	1	9	4	3	64	9920	65	10075	0.00790058	0.00280636	0.00302987	0.0136843	155	0	155	155	
2.75	3	1	10	16	3	61	9455	59	9145	0.0075549	0.00290317	0.00310042	0.0127672	155	0	155	155	
3	3.25	1	1	1	4	65	10075	65	10075	0.00757132	0.00286779	0.00301743	0.0126683	155	0	155	155	
3	3.25	1	2	10	3	62	9610	64	9920	0.00782045	0.00280916	0.0030906	0.0136772	155	0	155	155	
3	3.25	1	3	15	3	64	9920	64	9920	0.00802343	0.0032572	0.00300156	0.0171407	155	0	155	155	
3	3.25	1	4	9	3	61	9455	60	9300	0.0077731	0.00275824	0.00300069	0.0128183	155	0	155	155	
3	3.25	1	5	11	3	64	9920	63	9765	0.00780299	0.00301078	0.00317684	0.0136847	155	0	155	155	
3	3.25	1	6	3	3	58	8990	59	9145	0.0078207	0.00309653	0.00301723	0.0138611	155	0	155	155	
3	3.25	1	7	12	3	61	9455	61	9455	0.00817242	0.00270503	0.00317724	0.0124628	155	0	155	155	
3	3.25	1	8	2	3	60	9300	62	9610	0.00786527	0.00292236	0.00308606	0.0129296	155	0	155	155	
3	3.25	1	9	4	3	61	9455	60	9300	0.00762823	0.00267903	0.00316714	0.0125633	155	0	155	155	
3	3.25	1	10	16	3	62	9610	64	9920	0.00753639	0.00290064	0.00318538	0.0127019	155	0	155	155	
3.25	3.5	1	1	1	4	60	9300	61	9455	0.00721283	0.00291698	0.00301322	0.0127042	155	0	155	155	
3.25	3.5	1	2	10	3	65	10075	63	9765	0.00746895	0.00302883	0.00306065	0.0133993	155	0	155	155	
3.25	3.5	1	3	15	3	63	9765	61	9455	0.00811119	0.00280233	0.00327919	0.0145943	155	0	155	155	
3.25	3.5	1	4	9	3	58	8990	58	8990	0.00772286	0.00303846	0.00312458	0.013117	155	0	155	155	
3.25	3.5	1	5	11	3	60	9300	61	9455	0.00759207	0.0031049	0.00303274	0.0169373	155	0	155	155	
3.25	3.5	1	6	3	3	62	9610	61	9455	0.00810429	0.00288954	0.00304656	0.0127053	155	0	155	155	
3.25	3.5	1	7	12	3	63	9765	64	9920	0.00723402	0.00282663	0.0032376	0.0134606	155	0	155	155	
3.25	3.5	1	8	2	3	66	10230	64	9920	0.0074574	0.00292212	0.00306479	0.0132615	155	0	155	155	
3.25	3.5	1	9	4	3	59	9145	58	8990	0.00749767	0.0028474	0.00309638	0.0131125	155	0	155	155	
3.25	3.5	1	10	16	3	65	10075	64	9920	0.00746949	0.00274617	0.00302635	0.0131525	155	0	155	155	
3.5	3.75	1	1	1	4	57	8835	56	8680	0.00808339	0.0027344	0.00308373	0.0127369	155	0	155	155	
3.5	3.75	1	2	10	3	62	9610	63	9765	0.0076599	0.00280948	0.00338252	0.0129457	155	0	155	155	
3.5	3.75	1	3	15	3	62	9610	63	9765	0.00749732	0.00273124	0.00306903	0.0129814	155	0	155	155	
3.5	3.75	1	4	9	3	61	9455	62	9610	0.00808739	0.00285697	0.00323104	0.0129372	155	0	155	155	
3.5	3.75	1	5	11	3	62	9610	60	9300	0.00700467	0.00278555	0.00300883	0.0125524	155	0	155	155	
3.5	3.75	1	6	3	3	63	9765	65	10075	0.00756476	0.00276945	0.00302943	0.0125555	155	0	155	155	
3.5	3.75	1	7	12	3	63	9765	62	9610	0.00795824	0.00278589	0.00304695	0.0131303	155	0	155	155	
3.5	3.75	1	8	2	3	63	9765	63	9765	0.00805066	0.00284082	0.00318177	0.0130998	155	0	155	155	
3.5	3.75	1	9	4	3	65	10075	65	10075	0.00778522	0.00295917	0.00310012	0.0124411	155	0	155	155	
3.5	3.75	1	10	16	3	62	9610	62	9610	0.00741054	0.00292944	0.00302067	0.0128166	155	0	155	155	
3.75	4	1	1	1	4	58	8990	58	8990	0.00751124	0.00283103	0.00300026	0.0128311	155	0	155	155	
3.75	4	1	2	10	3	65	10075	65	10075	0.00751356	0.00305028	0.00301398	0.0135167	155	0	155	155	
3.75	4	1	3	15	3	60	9300	58	8990	0.00739701	0.00286785	0.00300943	0.0129571	155	0	155	155	
3.75	4	1	4	9	3	62	9610	61	9455	0.00781322	0.00294214	0.0030199	0.0128653	155	0	155	155	
3.75	4	1	5	11	3	63	9765	65	10075	0.00688652	0.00246892	0.00315951	0.0127426	155	0	155	155	
3.75	4	1	6	3	3	66	10230	64	9920	0.00749042	0.0029034	0.00306908	0.0129964	155	0	155	155	
3.75	4	1	7	12	3	65	10075	66	10230	0.00746491	0.00278382	0.0030256	0.0128533	155	0	155	155	
3.75	4	1	8	2	3	62	9610	63	9765	0.00765321	0.00294068	0.00309952	0.0126508	155	0	155	155	
3.75	4	1	9	4	3	58	8990	58	8990	0.00756398	0.00284095	0.00322706	0.0134375	155	0	155	155	
3.75	4	1	10	16	3	58	8990	59	9145	0.00795423	0.00297149	0.00322718	0.0131437	155	0	155	155	
4	4.25	1	1	1	4	63	9765	64	9920	0.00792681	0.00305259	0.00300154	0.0139202	155	0	155	155	
4	4.25	1	2	10	3	64	9920	62	9610	0.00780949	0.00281433	0.00327208	0.0129937	155	0	155	155	
4	4.25	1	3	15	3	59	9145	61	9455	0.0077829	0.00297182	0.0030515	0.0127961	155	0	155	155	
4	4.25	1	4	9	3	61	9455	60	9300	0.00760158	0.00266477	0.0033616	0.0128467	155	0	155	155	
4	4.25	1	5	11	3	61	9455	60	9300	0.00697127	0.00235056	0.00351992	0.0116531	155	0	155	155	
4	4.25	1	6	3	3	66	10230	66	10230	0.00775874	0.0029587	0.00316057	0.0138829	155	0	155	155	
4	4.25	1	7	12	3	63	9765	62	9610	0.00744678	0.00280963	0.00303913	0.0129374	155	0	155	155	
4	4.25	1	8	2	3	57	8835	57	8835	0.00805833	0.00280162	0.00327631	0.0126564	155	0	155	155	
4	4.25	1	9	4	3	57	8835	58	8990	0.00800911	0.00288944	0.00302118	0.0133564	155	0	155	155	
4	4.25	1	10	16	3	62	9610	62	9610	0.00737006	0.00286815	0.00326681	0.0129824	155	0	155	155	
4.25	4.5	1	1	1	4	58	8990	57	8835	0.00734944	0.00283398	0.00314151	0.012871	155	0	155	155	
4.25	4.5	1	2	10	3	63	9765	64	9920	0.00811938	0.00290956	0.00305769	0.0129765	155	0	155	155	
4.25	4.5	1	3	15	3	68	10540	67	10385	0.00802146	0.0029572	0.00305802	0.0129302	155	0	155	155	
4.25	4.5	1	4	9	3	65	10075	66	10230	0.00789914	0.00267202	0.00313236	0.012262	155	0	155	155	
4.25	4.5	1	5	11	3	57	8835	57	8835	0.00744299	0.00279821	0.00309928	0.0139346	155	0	155	155	
4.25	4.5	1	6	3	3	63	9765	65	10075	0.00801598	0.00297767	0.00312031	0.0139756	155	0	155	155	
4.25	4.5	1	7	12	3	61	9455	61	9455	0.00796471	0.00275027	0.00301401	0.0121441	155	0	155	155	
4.25	4.5	1	8	2	3	61	9455	60	9300	0.00787791	0.00295627	0.00306696	0.0136626	155	0	155	155	
4.25	4.5	1	9	4	3	65	10075	66	10230	0.00798344	0.00291026	0.00304904	0.0138271	155	0	155	155	
4.25	4.5	1	10	16	3	56	8680	54	8370	0.00751444	0.00249679	0.00365722	0.0126578	155	0	155	155	
4.5	4.75	1	1	1	4	64	9920	62	9610	0.00777184	0.00301166	0.00311434	0.0129917	155	0	155	155	
4.5	4.75	1	2	10	3	67	10385	67	10385	0.00824863	0.00288628	0.00316491	0.013739	155	0	155	155	
4.5	4.75	1	3	15	3	61	9455	63	9765	0.00785528	0.00278765	0.00321815	0.0134106	155	0	155	155	
4.5	4.75	1	4	9	3	62	9610	63	9765	0.00724829	0.00281738	0.00309669	0.0138254	155	0	155	155	
4.5	4.75	1	5	11	3	63	9765	62	9610	0.00767764	0.00282028	0.00332121	0.0127042	155	0	155	155	
4.5	4.75	1	6	3	3	63	9765	60	9300	0.00791852	0.00299167	0.00303799	0.0136093	155	0	155	155	
4.5	4.75	1	7	12	3	65	10075	66	10230	0.00766444	0.00300887	0.003028	0.0130615	155	0	155	155	
4.5	4.75	1	8	2	3	67	10385	66	10230	0.00768736	0.00283611	0.00306427	0.0129773	155	0	155	155	
4.5	4.75	1	9	4	3	69	10695	69	10695	0.00820776	0.00309986	0.00303065	0.0168673	155	0	155	155	
4.5	4.75	1	10	16	3	63	9765	65	10075	0.00814329	0.00294873	0.00305042	0.0132202	155	0	155	155	
4.75	5	1	1	1	4	62	9610	63	9765	0.00746327	0.00284118	0.00303181	0.0129765	155	0	155	155	
4.75	5	1	2	10	3	65	10075	66	10230	0.00786301	0.00287361	0.00306264	0.0136369	155	0	155	155	
4.75	5	1	3	15	3	64	9920	64	9920	0.0076835	0.00283206	0.00307281	0.013473	155	0	155	155	
4.75	5	1	4	9	3	67	10385	65	10075	0.00800068	0.00295911	0.00354805	0.0135223	155	0	155	155	
4.75	5	1	5	11	3	58	8990	60	9300	0.0073819	0.00267195	0.0034196	0.0128837	155	0	155	155	
4.75	5	1	6	3	3	65	10075	66	10230	0.00799437	0.00278934	0.00308907	0.0128914	155	0	155	155	
4.75	5	1	7	12	3	66	10230	65	10075	0.00746287	0.00254431	0.00303866	0.0128651	155	0	155	155	
4.75	5	1	8	2	3	61	9455	64	9920	0.0076883	0.00298187	0.00301088	0.0129578	155	0	155	155	
4.75	5	1	9	4	3	64	9920	65	10075	0.00763494	0.00278817	0.00304978	0.0127581	155	0	155	155	
4.75	5	1	10	16	3	62	9610	62	9610	0.00769453	0.00278561	0.00316001	0.0146813	155	0	155	155	
5	5.25	1	1	1	4	62	9610	64	9920	0.00750533	0.00288353	0.00309582	0.013901	155	0	155	155	
5	5.25	1	2	10	3	66	10230	67	10385	0.00731143	0.00284721	0.00320451	0.0136248	155	0	155	155	
5	5.25	1	3	15	3	69	10695	66	10230	0.00776414	0.00276337	0.00307466	0.0129024	155	0	155	155	
5	5.25	1	4	9	3	64	9920	65	10075	0.0076987	0.00288121	0.00302273	0.0128501	155	0	155	155	
5	5.25	1	5	11	3	62	9610	61	9455	0.00710955	0.00309975	0.00339652	0.0177908	155	0	155	155	
5	5.25	1	6	3	3	61	9455	60	9300	0.00791753	0.0027043	0.00310403	0.0131555	155	0	155	155	
5	5.25	1	7	12	3	64	9920	65	10075	0.00794158	0.00311405	0.00304581	0.0178475	155	0	155	155	
5	5.25	1	8	2	3	60	9300	59	9145	0.00757221	0.00295856	0.00304651	0.0132799	155	0	155	155	
5	5.25	1	9	4	3	64	9920	63	9765	0.00745427	0.00277682	0.00310568	0.0128453	155	0	155	155	
5	5.25	1	10	16	3	62	9610	60	9300	0.00761434	0.00278617	0.00304898	0.0126401	155	0	155	155	
5.25	5.5	1	1	1	4	62	9610	62	9610	0.00733835	0.00283355	0.00305828	0.0139409	155	0	155	155	
5.25	5.5	1	2	10	3	65	10075	63	9765	0.00750545	0.00276811	0.00301493	0.0128345	155	0	155	155	
5.25	5.5	1	3	15	3	63	9765	65	10075	0.00816192	0.00289506	0.00341967	0.0159193	155	0	155	155	
5.25	5.5	1	4	9	3	60	9300	61	9455	0.00812149	0.00283154	0.00322973	0.0128753	155	0	155	155	
5.25	5.5	1	5	11	3	62	9610	62	9610	0.00666779	0.00263631	0.00301832	0.0117672	155	0	155	155	
5.25	5.5	1	6	3	3	62	9610	62	9610	0.00751542	0.00298688	0.00304182	0.0138835	155	0	155	155	
5.25	5.5	1	7	12	3	61	9455	60	9300	0.00749133	0.00280824	0.00319954	0.0126205	155	0	155	155	
5.25	5.5	1	8	2	3	63	9765	62	9610	0.00737498	0.00273405	0.00311746	0.0127465	155	0	155	155	
5.25	5.5	1	9	4	3	63	9765	62	9610	0.00721191	0.00286041	0.00315753	0.0129309	155	0	155	155	
5.25	5.5	1	10	16	3	64	9920	65	10075	0.00755604	0.00283315	0.00300285	0.0129129	155	0	155	155	
5.5	5.75	1	1	1	4	57	8835	54	8370	0.00750099	0.00282457	0.00308318	0.0129893	155	0	155	155	
5.5	5.75	1	2	10	3	67	10385	66	10230	0.00750556	0.00283143	0.00307871	0.0129645	155	0	155	155	
5.5	5.75	1	3	15	3	61	9455	61	9455	0.00729613	0.00293685	0.00307742	0.0140169	155	0	155	155	
5.5	5.75	1	4	9	3	57	8835	56	8680	0.00723927	0.00292491	0.00315329	0.0126731	155	0	155	155	
5.5	5.75	1	5	11	3	62	9610	63	9765	0.00715542	0.00272363	0.0030631	0.013967	155	0	155	155	
5.5	5.75	1	6	3	3	61	9455	63	9765	0.00784106	0.00286459	0.00304805	0.0136675	155	0	155	155	
5.5	5.75	1	7	12	3	58	8990	59	9145	0.00733923	0.00280828	0.00302858	0.0124897	155	0	155	155	
5.5	5.75	1	8	2	3	65	10075	67	10385	0.00803199	0.00286089	0.00333544	0.0128767	155	0	155	155	
5.5	5.75	1	9	4	3	63	9765	62	9610	0.00756332	0.00269515	0.00319292	0.0127097	155	0	155	155	
5.5	5.75	1	10	16	3	58	8990	58	8990	0.00743282	0.00290379	0.00322016	0.0125277	155	0	155	155	
5.75	6	1	1	1	4	62	9610	63	9765	0.00746588	0.00278087	0.00327257	0.0125168	155	0	155	155	
5.75	6	1	2	10	3	54	8370	54	8370	0.00723336	0.00297022	0.00312912	0.0128905	155	0	155	155	
5.75	6	1	3	15	3	62	9610	64	9920	0.00753678	0.00278198	0.00301965	0.0127025	155	0	155	155	
5.75	6	1	4	9	3	65	10075	64	9920	0.00785224	0.0029214	0.00311809	0.0129186	155	0	155	155	
5.75	6	1	5	11	3	67	10385	65	10075	0.00697907	0.00271156	0.00313408	0.0140492	155	0	155	155	
5.75	6	1	6	3	3	61	9455	61	9455	0.00828927	0.00279217	0.00367753	0.0136981	155	0	155	155	
5.75	6	1	7	12	3	64	9920	63	9765	0.00754852	0.00280949	0.00316095	0.0128717	155	0	155	155	
5.75	6	1	8	2	3	61	9455	60	9300	0.00749399	0.00273427	0.00302618	0.0125915	155	0	155	155	
5.75	6	1	9	4	3	59	9145	61	9455	0.00751641	0.00287637	0.00312615	0.0126791	155	0	155	155	
5.75	6	1	10	16	3	61	9455	61	9455	0.0070476	0.00257697	0.00313111	0.0124646	155	0	155	155	
6	6.25	1	1	1	4	60	9300	61	9455	0.00773325	0.00285083	0.00301546	0.0127235	155	0	155	155	
6	6.25	1	2	10	3	66	10230	67	10385	0.00770009	0.00300294	0.00307264	0.0132841	155	0	155	155	
6	6.25	1	3	15	3	63	9765	61	9455	0.00779575	0.00280583	0.00333048	0.0134714	155	0	155	155	
6	6.25	1	4	9	3	68	10540	69	10695	0.00785864	0.00289238	0.00301354	0.0134498	155	0	155	155	
6	6.25	1	5	11	3	61	9455	62	9610	0.0075089	0.00271667	0.00301632	0.0130041	155	0	155	155	
6	6.25	1	6	3	3	64	9920	64	9920	0.00809745	0.00311174	0.00302975	0.0129545	155	0	155	155	
6	6.25	1	7	12	3	62	9610	60	9300	0.00765269	0.00292074	0.00305736	0.0125443	155	0	155	155	
6	6.25	1	8	2	3	62	9610	61	9455	0.0071543	0.00260246	0.00307372	0.0125803	155	0	155	155	
6	6.25	1	9	4	3	63	9765	62	9610	0.00757575	0.00255823	0.00307821	0.0127498	155	0	155	155	
6	6.25	1	10	16	3	63	9765	64	9920	0.00777356	0.00276473	0.00314902	0.0128968	155	0	155	155	
6.25	6.5	1	1	1	4	66	10230	64	9920	0.00760755	0.00291299	0.00321125	0.0136746	155	0	155	155	
6.25	6.5	1	2	10	3	58	8990	58	8990	0.0063766	0.00266103	0.00300464	0.0116944	155	0	155	155	
6.25	6.5	1	3	15	3	59	9145	60	9300	0.00776147	0.00293046	0.00301662	0.0127505	155	0	155	155	
6.25	6.5	1	4	9	3	60	9300	60	9300	0.00775447	0.00280198	0.00312251	0.0135547	155	0	155	155	
6.25	6.5	1	5	11	3	63	9765	64	9920	0.00754988	0.00329842	0.00317541	0.0178829	155	0	155	155	
6.25	6.5	1	6	3	3	60	9300	60	9300	0.00766087	0.00290384	0.00300217	0.0128357	155	0	155	155	
6.25	6.5	1	7	12	3	68	10540	71	11005	0.00794123	0.0027091	0.0032204	0.0129913	155	0	155	155	
6.25	6.5	1	8	2	3	61	9455	62	9610	0.00812552	0.0029594	0.00303707	0.0127757	155	0	155	155	
6.25	6.5	1	9	4	3	63	9765	63	9765	0.00724412	0.00289246	0.00311178	0.0145071	155	0	155	155	
6.25	6.5	1	10	16	3	65	10075	63	9765	0.00823658	0.00293146	0.00313706	0.0133317	155	0	155	155	
6.5	6.75	1	1	1	4	58	8990	59	9145	0.0079933	0.00274992	0.00318595	0.0136854	155	0	155	155	
6.5	6.75	1	2	10	3	60	9300	59	9145	0.00762541	0.00272267	0.00311956	0.012262	155	0	155	155	
6.5	6.75	1	3	15	3	62	9610	61	9455	0.0077845	0.0031294	0.0030685	0.0192458	155	0	155	155	
6.5	6.75	1	4	9	3	60	9300	59	9145	0.00791566	0.00288055	0.00308765	0.0133166	155	0	155	155	
6.5	6.75	1	5	11	3	66	10230	65	10075	0.00734707	0.00250901	0.00304992	0.0127686	155	0	155	155	
6.5	6.75	1	6	3	3	63	9765	63	9765	0.00757368	0.00292565	0.00300753	0.0129878	155	0	155	155	
6.5	6.75	1	7	12	3	62	9610	62	9610	0.00789785	0.00296872	0.00320896	0.0129039	155	0	155	155	
6.5	6.75	1	8	2	3	61	9455	60	9300	0.00804349	0.00299194	0.00323475	0.0147534	155	0	155	155	
6.5	6.75	1	9	4	3	64	9920	65	10075	0.00811072	0.00282093	0.00322031	0.0128052	155	0	155	155	
6.5	6.75	1	10	16	3	61	9455	62	9610	0.0082733	0.00287152	0.00320316	0.013959	155	0	155	155	
6.75	7	1	1	1	4	62	9610	63	9765	0.00775206	0.00285516	0.00303829	0.0127689	155	0	155	155	
6.75	7	1	2	10	3	59	9145	58	8990	0.00759023	0.00293116	0.00313429	0.01396	155	0	155	155	
6.75	7	1	3	15	3	57	8835	57	8835	0.00782718	0.00274008	0.00307384	0.0127745	155	0	155	155	
6.75	7	1	4	9	3	65	10075	67	10385	0.00785482	0.00266631	0.00358508	0.0127247	155	0	155	155	
6.75	7	1	5	11	3	64	9920	65	10075	0.00666419	0.00267553	0.00306747	0.0127105	155	0	155	155	
6.75	7	1	6	3	3	62	9610	61	9455	0.00820201	0.00282552	0.00321758	0.0131099	155	0	155	155	
6.75	7	1	7	12	3	63	9765	63	9765	0.0076698	0.00267085	0.00317904	0.0127709	155	0	155	155	
6.75	7	1	8	2	3	62	9610	63	9765	0.00778069	0.00274337	0.0030844	0.0128862	155	0	155	155	
6.75	7	1	9	4	3	66	10230	66	10230	0.00845982	0.00291797	0.00321411	0.0139213	155	0	155	155	
6.75	7	1	10	16	3	72	11160	73	11315	0.00771589	0.00289122	0.00307826	0.0128197	155	0	155	155	
7	7.25	1	1	1	4	64	9920	62	9610	0.00752112	0.00280233	0.00317339	0.0129612	155	0	155	155	
7	7.25	1	2	10	3	66	10230	68	10540	0.00791828	0.0029228	0.00306773	0.0126792	155	0	155	155	
7	7.25	1	3	15	3	66	10230	64	9920	0.0080333	0.00291973	0.00311483	0.0133177	155	0	155	155	
7	7.25	1	4	9	3	64	9920	64	9920	0.00813703	0.00297726	0.00306941	0.0129934	155	0	155	155	
7	7.25	1	5	11	3	65	10075	64	9920	0.00674126	0.00277769	0.00309632	0.0125921	155	0	155	155	
7	7.25	1	6	3	3	62	9610	63	9765	0.00822891	0.00275521	0.00370147	0.0129785	155	0	155	155	
7	7.25	1	7	12	3	61	9455	61	9455	0.00808948	0.00262419	0.00322168	0.0137949	155	0	155	155	
7	7.25	1	8	2	3	64	9920	62	9610	0.007315	0.00271453	0.00313285	0.0127614	155	0	155	155	
7	7.25	1	9	4	3	65	10075	64	9920	0.00730042	0.0029682	0.00314406	0.0133853	155	0	155	155	
7	7.25	1	10	16	3	63	9765	63	9765	0.00810211	0.00298727	0.0032345	0.0180568	155	0	155	155	
7.25	7.5	1	1	1	4	61	9455	60	9300	0.00805848	0.00274821	0.00311819	0.0129837	155	0	155	155	
7.25	7.5	1	2	10	3	62	9610	61	9455	0.00705467	0.00284398	0.00302938	0.0135654	155	0	155	155	
7.25	7.5	1	3	15	3	64	9920	66	10230	0.00810091	0.00310638	0.00332804	0.0180932	155	0	155	155	
7.25	7.5	1	4	9	3	61	9455	61	9455	0.00765915	0.00270947	0.00307497	0.0135028	155	0	155	155	
7.25	7.5	1	5	11	3	63	9765	63	9765	0.00760854	0.00272575	0.00304409	0.0126029	155	0	155	155	
7.25	7.5	1	6	3	3	64	9920	64	9920	0.0073974	0.00271964	0.00307154	0.0129074	155	0	155	155	
7.25	7.5	1	7	12	3	68	10540	66	10230	0.00792078	0.00278669	0.00325389	0.0139182	155	0	155	155	
7.25	7.5	1	8	2	3	56	8680	59	9145	0.00771494	0.00289385	0.00307346	0.0129744	155	0	155	155	
7.25	7.5	1	9	4	3	59	9145	59	9145	0.00762926	0.00284252	0.00313194	0.0133748	155	0	155	155	
7.25	7.5	1	10	16	3	64	9920	62	9610	0.00759767	0.00272258	0.00316634	0.0121441	155	0	155	155	
7.5	7.75	1	1	1	4	61	9455	64	9920	0.00786409	0.0031159	0.00304682	0.01339	155	0	155	155	
7.5	7.75	1	2	10	3	62	9610	63	9765	0.00741507	0.00273265	0.00307892	0.0128791	155	0	155	155	
7.5	7.75	1	3	15	3	65	10075	65	10075	0.00741753	0.00270234	0.00345288	0.0127919	155	0	155	155	
7.5	7.75	1	4	9	3	61	9455	61	9455	0.00753992	0.00295465	0.00321784	0.0128585	155	0	155	155	
7.5	7.75	1	5	11	3	66	10230	67	10385	0.00714742	0.00247471	0.00309136	0.0123558	155	0	155	155	
7.5	7.75	1	6	3	3	63	9765	62	9610	0.00769078	0.00301426	0.00318602	0.0136801	155	0	155	155	
7.5	7.75	1	7	12	3	65	10075	66	10230	0.00769171	0.00271468	0.00331734	0.0129125	155	0	155	155	
7.5	7.75	1	8	2	3	65	10075	64	9920	0.00764611	0.00323922	0.00305339	0.0185394	155	0	155	155	
7.5	7.75	1	9	4	3	63	9765	63	9765	0.00789236	0.00301439	0.00301258	0.0137735	155	0	155	155	
7.5	7.75	1	10	16	3	58	8990	59	9145	0.0072101	0.00281291	0.00310156	0.0125011	155	0	155	155	
7.75	8	1	1	1	4	58	8990	55	8525	0.00773288	0.00279974	0.00302175	0.0126365	155	0	155	155	
7.75	8	1	2	10	3	62	9610	63	9765	0.00776808	0.00288611	0.00322493	0.0130858	155	0	155	155	
7.75	8	1	3	15	3	59	9145	60	9300	0.0080292	0.00291186	0.00309891	0.0135704	155	0	155	155	
7.75	8	1	4	9	3	59	9145	58	8990	0.00758015	0.002952	0.00301809	0.0136904	155	0	155	155	
7.75	8	1	5	11	3	56	8680	56	8680	0.00752436	0.00275546	0.00302771	0.0135251	155	0	155	155	
7.75	8	1	6	3	3	60	9300	61	9455	0.00754464	0.00291167	0.00332373	0.0139869	155	0	155	155	
7.75	8	1	7	12	3	59	9145	59	9145	0.00751547	0.0028303	0.00317823	0.0134379	155	0	155	155	
7.75	8	1	8	2	3	57	8835	57	8835	0.00784659	0.00297957	0.00339533	0.0129212	155	0	155	155	
7.75	8	1	9	4	3	61	9455	60	9300	0.00773666	0.0028617	0.00315443	0.0132744	155	0	155	155	
7.75	8	1	10	16	3	67	10385	67	10385	0.00765164	0.00280158	0.00325614	0.0128753	155	0	155	155	
8	8.25	1	1	1	4	60	9300	63	9765	0.00776716	0.00292842	0.00309198	0.0126223	155	0	155	155	
8	8.25	1	2	10	3	62	9610	61	9455	0.00742043	0.00270311	0.00317429	0.0122638	155	0	155	155	
8	8.25	1	3	15	3	66	10230	66	10230	0.00753033	0.00275166	0.00300501	0.0128725	155	0	155	155	
8	8.25	1	4	9	3	58	8990	58	8990	0.00767324	0.00282372	0.00311625	0.0127084	155	0	155	155	
8	8.25	1	5	11	3	63	9765	62	9610	0.00752693	0.00298792	0.00319719	0.0157023	155	0	155	155	
8	8.25	1	6	3	3	57	8835	54	8370	0.00744008	0.00299423	0.00305229	0.0128222	155	0	155	155	
8	8.25	1	7	12	3	56	8680	56	8680	0.00701915	0.00292641	0.00311925	0.013587	155	0	155	155	
8	8.25	1	8	2	3	62	9610	62	9610	0.00794656	0.00290254	0.00312404	0.012995	155	0	155	155	
8	8.25	1	9	4	3	63	9765	65	10075	0.00775819	0.00289071	0.00313688	0.0130663	155	0	155	155	
8	8.25	1	10	16	3	62	9610	62	9610	0.00749179	0.00298346	0.00324232	0.016741	155	0	155	155	
8.25	8.5	1	1	1	4	57	8835	57	8835	0.00812786	0.00265522	0.00356346	0.0138525	155	0	155	155	
8.25	8.5	1	2	10	3	61	9455	60	9300	0.00779738	0.00275312	0.00302888	0.0129075	155	0	155	155	
8.25	8.5	1	3	15	3	62	9610	61	9455	0.00784147	0.00292754	0.00306319	0.0127773	155	0	155	155	
8.25	8.5	1	4	9	3	64	9920	64	9920	0.00819509	0.00297857	0.00304964	0.0129306	155	0	155	155	
8.25	8.5	1	5	11	3	63	9765	63	9765	0.00737109	0.0029161	0.00301747	0.0129646	155	0	155	155	
8.25	8.5	1	6	3	3	66	10230	68	10540	0.00784344	0.00296668	0.00312752	0.0133891	155	0	155	155	
8.25	8.5	1	7	12	3	60	9300	61	9455	0.00766705	0.00275088	0.00314915	0.0122781	155	0	155	155	
8.25	8.5	1	8	2	3	67	10385	67	10385	0.00802938	0.00286111	0.00311514	0.0131907	155	0	155	155	
8.25	8.5	1	9	4	3	58	8990	58	8990	0.00824683	0.0028124	0.0034	0.0129444	155	0	155	155	
8.25	8.5	1	10	16	3	62	9610	62	9610	0.00784214	0.00327642	0.00301599	0.016662	155	0	155	155	
8.5	8.75	1	1	1	4	62	9610	62	9610	0.00775712	0.00279621	0.00333001	0.0122726	155	0	155	155	
8.5	8.75	1	2	10	3	63	9765	65	10075	0.00810811	0.00279537	0.00332536	0.013331	155	0	155	155	
8.5	8.75	1	3	15	3	64	9920	65	10075	0.00794877	0.00275802	0.00328061	0.0126987	155	0	155	155	
8.5	8.75	1	4	9	3	62	9610	63	9765	0.00757443	0.00273737	0.00310116	0.0128876	155	0	155	155	
8.5	8.75	1	5	11	3	67	10385	67	10385	0.00767786	0.00272634	0.00301414	0.0125375	155	0	155	155	
8.5	8.75	1	6	3	3	63	9765	63	9765	0.00781409	0.00279929	0.00300243	0.0129102	155	0	155	155	
8.5	8.75	1	7	12	3	57	8835	56	8680	0.0080107	0.00286888	0.00322681	0.0126026	155	0	155	155	
8.5	8.75	1	8	2	3	64	9920	63	9765	0.0075026	0.00282879	0.00317752	0.0127687	155	0	155	155	
8.5	8.75	1	9	4	3	60	9300	58	8990	0.00794737	0.00285857	0.00317577	0.0128615	155	0	155	155	
8.5	8.75	1	10	16	3	62	9610	63	9765	0.00782645	0.00287904	0.00308719	0.012484	155	0	155	155	
8.75	9	1	1	1	4	56	8680	56	8680	0.0078677	0.00303649	0.00304099	0.0134256	155	0	155	155	
8.75	9	1	2	10	3	62	9610	61	9455	0.00804565	0.00325805	0.00306397	0.0147757	155	0	155	155	
8.75	9	1	3	15	3	61	9455	60	9300	0.00830007	0.00290334	0.00314874	0.0134244	155	0	155	155	
8.75	9	1	4	9	3	61	9455	61	9455	0.00795798	0.00286722	0.00305757	0.0132458	155	0	155	155	
8.75	9	1	5	11	3	61	9455	62	9610	0.00827181	0.00317533	0.00301415	0.0176205	155	0	155	155	
8.75	9	1	6	3	3	63	9765	64	9920	0.00722865	0.00295371	0.00306049	0.0140119	155	0	155	155	
8.75	9	1	7	12	3	64	9920	65	10075	0.00729776	0.00327363	0.00302553	0.0172436	155	0	155	155	
8.75	9	1	8	2	3	54	8370	54	8370	0.00693078	0.00264592	0.00318009	0.0139495	155	0	155	155	
8.75	9	1	9	4	3	62	9610	63	9765	0.00751963	0.0028576	0.00309645	0.0125924	155	0	155	155	
8.75	9	1	10	16	3	67	10385	66	10230	0.00779801	0.00287722	0.00312174	0.0129058	155	0	155	155	
9	9.25	1	1	1	4	65	10075	65	10075	0.00772753	0.00288471	0.00306101	0.0127942	155	0	155	155	
9	9.25	1	2	10	3	58	8990	59	9145	0.00805399	0.00281971	0.00318437	0.0138723	155	0	155	155	
9	9.25	1	3	15	3	58	8990	58	8990	0.00776317	0.0029496	0.00325894	0.0136369	155	0	155	155	
9	9.25	1	4	9	3	65	10075	65	10075	0.00743802	0.00287349	0.0031152	0.0138103	155	0	155	155	
9	9.25	1	5	11	3	61	9455	59	9145	0.00720055	0.002504	0.00304305	0.0138608	155	0	155	155	
9	9.25	1	6	3	3	65	10075	63	9765	0.00750047	0.00265966	0.00329094	0.0126387	155	0	155	155	
9	9.25	1	7	12	3	63	9765	62	9610	0.00794468	0.00272951	0.00336729	0.012888	155	0	155	155	
9	9.25	1	8	2	3	61	9455	61	9455	0.00689408	0.00280129	0.00312639	0.0128707	155	0	155	155	
9	9.25	1	9	4	3	66	10230	67	10385	0.00755373	0.00295278	0.00305414	0.0129363	155	0	155	155	
9	9.25	1	10	16	3	69	10695	70	10850	0.00697273	0.00272435	0.00303261	0.0128318	155	0	155	155	
9.25	9.5	1	1	1	4	59	9145	59	9145	0.00737505	0.00270857	0.00310776	0.0125954	155	0	155	155	
9.25	9.5	1	2	10	3	61	9455	59	9145	0.00719875	0.00293535	0.00306261	0.012894	155	0	155	155	
9.25	9.5	1	3	15	3	62	9610	62	9610	0.00718322	0.00278909	0.00308791	0.0126772	155	0	155	155	
9.25	9.5	1	4	9	3	63	9765	62	9610	0.00735491	0.00298751	0.0030324	0.0127385	155	0	155	155	
9.25	9.5	1	5	11	3	63	9765	63	9765	0.00716437	0.00295762	0.00315392	0.0133622	155	0	155	155	
9.25	9.5	1	6	3	3	64	9920	66	10230	0.00739169	0.00289526	0.00301106	0.0137802	155	0	155	155	
9.25	9.5	1	7	12	3	64	9920	63	9765	0.00772825	0.00279852	0.00330342	0.0128512	155	0	155	155	
9.25	9.5	1	8	2	3	60	9300	61	9455	0.00787319	0.00315336	0.0031691	0.0171333	155	0	155	155	
9.25	9.5	1	9	4	3	63	9765	62	9610	0.0076918	0.00296068	0.00323741	0.0133856	155	0	155	155	
9.25	9.5	1	10	16	3	66	10230	66	10230	0.00800212	0.00282612	0.00317857	0.013292	155	0	155	155	
9.5	9.75	1	1	1	4	64	9920	63	9765	0.0077747	0.00283593	0.00309149	0.0137688	155	0	155	155	
9.5	9.75	1	2	10	3	65	10075	67	10385	0.00788605	0.002781	0.00344893	0.0126242	155	0	155	155	
9.5	9.75	1	3	15	3	63	9765	63	9765	0.00792056	0.00288367	0.00333933	0.0130608	155	0	155	155	
9.5	9.75	1	4	9	3	57	8835	58	8990	0.00785831	0.00278239	0.00305985	0.0127409	155	0	155	155	
9.5	9.75	1	5	11	3	61	9455	62	9610	0.0074863	0.00271958	0.00302894	0.0129465	155	0	155	155	
9.5	9.75	1	6	3	3	60	9300	59	9145	0.00812747	0.00288761	0.00346643	0.0141105	155	0	155	155	
9.5	9.75	1	7	12	3	68	10540	68	10540	0.00787995	0.00290938	0.00306003	0.0128425	155	0	155	155	
9.5	9.75	1	8	2	3	61	9455	60	9300	0.00818194	0.00268963	0.00300432	0.0128722	155	0	155	155	
9.5	9.75	1	9	4	3	60	9300	62	9610	0.00733183	0.00291342	0.00301323	0.0128256	155	0	155	155	
9.5	9.75	1	10	16	3	59	9145	59	9145	0.00797594	0.00283248	0.00305363	0.0128464	155	0	155	155	
9.75	10	1	1	1	4	59	9145	60	9300	0.00789733	0.00280441	0.00313934	0.0143097	155	0	155	155	
9.75	10	1	2	10	3	63	9765	63	9765	0.00776806	0.00275247	0.00301519	0.0125476	155	0	155	155	
9.75	10	1	3	15	3	57	8835	57	8835	0.0077135	0.00270452	0.00323677	0.0139515	155	0	155	155	
9.75	10	1	4	9	3	62	9610	62	9610	0.00786552	0.00284807	0.00311506	0.0125217	155	0	155	155	
9.75	10	1	5	11	3	62	9610	62	9610	0.00781708	0.00294671	0.0030538	0.0133005	155	0	155	155	
9.75	10	1	6	3	3	64	9920	64	9920	0.00785781	0.00283752	0.00308106	0.0127665	155	0	155	155	
9.75	10	1	7	12	3	62	9610	63	9765	0.00813367	0.00310479	0.00308822	0.0178973	155	0	155	155	
9.75	10	1	8	2	3	65	10075	67	10385	0.00789581	0.00275395	0.00334647	0.0129359	155	0	155	155	
9.75	10	1	9	4	3	61	9455	60	9300	0.0082651	0.00335109	0.00305308	0.0193082	155	0	155	155	
9.75	10	1	10	16	3	63	9765	62	9610	0.00739948	0.00294391	0.00315137	0.0127386	155	0	155	155	
10	10.25	1	1	1	4	63	9765	63	9765	0.00788983	0.00278541	0.00309847	0.0128712	155	0	155	155	
10	10.25	1	2	10	3	61	9455	60	9300	0.00772842	0.00299525	0.00307708	0.0129238	155	0	155	155	
10	10.25	1	3	15	3	64	9920	65	10075	0.00764274	0.00280673	0.00302423	0.0128466	155	0	155	155	
10	10.25	1	4	9	3	60	9300	59	9145	0.00754458	0.00278307	0.0030481	0.0126672	155	0	155	155	
10	10.25	1	5	11	3	62	9610	61	9455	0.00760038	0.00303396	0.00301195	0.0156371	155	0	155	155	
10	10.25	1	6	3	3	61	9455	62	9610	0.00775052	0.00286824	0.00304769	0.0134225	155	0	155	155	
10	10.25	1	7	12	3	64	9920	62	9610	0.00812489	0.0029212	0.00302461	0.0157588	155	0	155	155	
10	10.25	1	8	2	3	59	9145	57	8835	0.0076444	0.00256845	0.00306253	0.0126537	155	0	155	155	
10	10.25	1	9	4	3	60	9300	58	8990	0.00689658	0.00280296	0.00300191	0.0123035	155	0	155	155	
10	10.25	1	10	16	3	64	9920	65	10075	0.00744148	0.00292055	0.00307272	0.0135425	155	0	155	155	
10.25	10.5	1	1	1	4	64	9920	62	9610	0.00765971	0.0030471	0.00303345	0.0139084	155	0	155	155	
10.25	10.5	1	2	10	3	63	9765	63	9765	0.00734468	0.00271187	0.00309565	0.0128323	155	0	155	155	
10.25	10.5	1	3	15	3	65	10075	64	9920	0.00768753	0.00288526	0.00301803	0.0128315	155	0	155	155	
10.25	10.5	1	4	9	3	62	9610	64	9920	0.00777591	0.00295691	0.00321401	0.012967	155	0	155	155	
10.25	10.5	1	5	11	3	62	9610	64	9920	0.00729947	0.00268491	0.00301987	0.0129393	155	0	155	155	
10.25	10.5	1	6	3	3	65	10075	65	10075	0.0075583	0.00293113	0.00303094	0.012813	155	0	155	155	
10.25	10.5	1	7	12	3	63	9765	64	9920	0.00784944	0.00261961	0.00307566	0.0129073	155	0	155	155	
10.25	10.5	1	8	2	3	64	9920	63	9765	0.00782614	0.00286858	0.00314866	0.0133512	155	0	155	155	
10.25	10.5	1	9	4	3	60	9300	61	9455	0.0074764	0.00268624	0.00325556	0.0133001	155	0	155	155	
10.25	10.5	1	10	16	3	62	9610	61	9455	0.00757249	0.00293293	0.00306403	0.012898	155	0	155	155	
10.5	10.75	1	1	1	4	66	10230	67	10385	0.00795777	0.00295744	0.00300533	0.0128684	155	0	155	155	
10.5	10.75	1	2	10	3	65	10075	66	10230	0.00804496	0.00283302	0.00326087	0.0137897	155	0	155	155	
10.5	10.75	1	3	15	3	58	8990	59	9145	0.00721834	0.00295766	0.0030892	0.0128067	155	0	155	155	
10.5	10.75	1	4	9	3	66	10230	64	9920	0.00780832	0.00290186	0.00305691	0.0129547	155	0	155	155	
10.5	10.75	1	5	11	3	65	10075	62	9610	0.00725544	0.00268954	0.00322321	0.0124519	155	0	155	155	
10.5	10.75	1	6	3	3	63	9765	61	9455	0.00791983	0.00278872	0.00303011	0.0131433	155	0	155	155	
10.5	10.75	1	7	12	3	61	9455	62	9610	0.00787247	0.00289862	0.00320449	0.0129004	155	0	155	155	
10.5	10.75	1	8	2	3	61	9455	64	9920	0.00771712	0.00302465	0.00301533	0.0129963	155	0	155	155	
10.5	10.75	1	9	4	3	62	9610	64	9920	0.00801209	0.00287758	0.00303161	0.0129675	155	0	155	155	
10.5	10.75	1	10	16	3	64	9920	64	9920	0.00747886	0.00271155	0.00319821	0.0124794	155	0	155	155	
10.75	11	1	1	1	4	65	10075	65	10075	0.00781217	0.00298257	0.00310378	0.0139592	155	0	155	155	
10.75	11	1	2	10	3	60	9300	58	8990	0.00784841	0.00296815	0.00303375	0.0134722	155	0	155	155	
10.75	11	1	3	15	3	62	9610	62	9610	0.00767697	0.00294273	0.00303014	0.0133886	155	0	155	155	
10.75	11	1	4	9	3	59	9145	60	9300	0.00794151	0.00279537	0.00314544	0.0137186	155	0	155	155	
10.75	11	1	5	11	3	68	10540	69	10695	0.00760522	0.00295029	0.00301957	0.0131799	155	0	155	155	
10.75	11	1	6	3	3	64	9920	65	10075	0.0081567	0.002862	0.003233	0.013848	155	0	155	155	
10.75	11	1	7	12	3	64	9920	64	9920	0.00821616	0.00288294	0.00320591	0.0129766	155	0	155	155	
10.75	11	1	8	2	3	62	9610	62	9610	0.00806168	0.00287261	0.00320118	0.0132739	155	0	155	155	
10.75	11	1	9	4	3	63	9765	62	9610	0.0077267	0.00280522	0.00321166	0.0126195	155	0	155	155	
10.75	11	1	10	16	3	61	9455	62	9610	0.00725544	0.00315264	0.00306178	0.014414	155	0	155	155	
11	11.25	1	1	1	4	62	9610	62	9610	0.00766571	0.00298104	0.00300199	0.013088	155	0	155	155	
11	11.25	1	2	10	3	67	10385	68	10540	0.00757061	0.00282287	0.00325266	0.0139001	155	0	155	155	
11	11.25	1	3	15	3	61	9455	61	9455	0.00752258	0.00293239	0.00320919	0.0134537	155	0	155	155	
11	11.25	1	4	9	3	63	9765	62	9610	0.00724245	0.00277559	0.00305348	0.0128967	155	0	155	155	
11	11.25	1	5	11	3	62	9610	61	9455	0.0070889	0.00306108	0.00300136	0.0167006	155	0	155	155	
11	11.25	1	6	3	3	62	9610	63	9765	0.0079914	0.00293461	0.00308454	0.0129967	155	0	155	155	
11	11.25	1	7	12	3	67	10385	66	10230	0.00717621	0.00258767	0.00318927	0.0126461	155	0	155	155	
11	11.25	1	8	2	3	65	10075	65	10075	0.00728141	0.00277581	0.00303218	0.0128763	155	0	155	155	
11	11.25	1	9	4	3	62	9610	62	9610	0.00778618	0.00285653	0.00306578	0.012553	155	0	155	155	
11	11.25	1	10	16	3	64	9920	63	9765	0.00710111	0.0027182	0.00308476	0.0128134	155	0	155	155	
11.25	11.5	1	1	1	4	60	9300	62	9610	0.00746268	0.00287786	0.0030017	0.013258	155	0	155	155	
11.25	11.5	1	2	10	3	60	9300	59	9145	0.00729302	0.00288832	0.00313786	0.0126662	155	0	155	155	
11.25	11.5	1	3	15	3	66	10230	64	9920	0.00746251	0.00291548	0.00303417	0.0138473	155	0	155	155	
11.25	11.5	1	4	9	3	64	9920	64	9920	0.00760653	0.00287806	0.0030133	0.0126725	155	0	155	155	
11.25	11.5	1	5	11	3	61	9455	62	9610	0.00738641	0.00272304	0.00305095	0.0149307	155	0	155	155	
11.25	11.5	1	6	3	3	65	10075	65	10075	0.00816256	0.00293893	0.00342155	0.0139674	155	0	155	155	
11.25	11.5	1	7	12	3	67	10385	69	10695	0.00725686	0.00292776	0.00310833	0.0130063	155	0	155	155	
11.25	11.5	1	8	2	3	59	9145	59	9145	0.0077168	0.00278946	0.00315042	0.0127663	155	0	155	155	
11.25	11.5	1	9	4	3	63	9765	62	9610	0.00833612	0.00290924	0.00341138	0.0135791	155	0	155	155	
11.25	11.5	1	10	16	3	60	9300	61	9455	0.00758834	0.00285924	0.00305578	0.0131277	155	0	155	155	
11.5	11.75	1	1	1	4	58	8990	56	8680	0.00750044	0.00269686	0.00327884	0.0131905	155	0	155	155	
11.5	11.75	1	2	10	3	61	9455	61	9455	0.00750011	0.00284121	0.00305087	0.0126075	155	0	155	155	
11.5	11.75	1	3	15	3	65	10075	67	10385	0.0075635	0.00291344	0.00310786	0.0128894	155	0	155	155	
11.5	11.75	1	4	9	3	62	9610	63	9765	0.00752038	0.00284325	0.00312307	0.0134329	155	0	155	155	
11.5	11.75	1	5	11	3	62	9610	64	9920	0.00719987	0.00267802	0.00306323	0.0128565	155	0	155	155	
11.5	11.75	1	6	3	3	67	10385	66	10230	0.00748422	0.00285566	0.00318766	0.0132458	155	0	155	155	
11.5	11.75	1	7	12	3	62	9610	61	9455	0.00728102	0.00276389	0.00357743	0.0127245	155	0	155	155	
11.5	11.75	1	8	2	3	64	9920	63	9765	0.00722185	0.00272607	0.00311618	0.0119602	155	0	155	155	
11.5	11.75	1	9	4	3	69	10695	69	10695	0.00749378	0.00266525	0.00310261	0.0125849	155	0	155	155	
11.5	11.75	1	10	16	3	62	9610	62	9610	0.00739065	0.00285859	0.00302642	0.0129774	155	0	155	155	
11.75	12	1	1	1	4	58	8990	59	9145	0.00766831	0.00262907	0.00308376	0.0127508	155	0	155	155	
11.75	12	1	2	10	3	61	9455	62	9610	0.00801277	0.00288645	0.0036079	0.0134207	155	0	155	155	
11.75	12	1	3	15	3	61	9455	59	9145	0.00741436	0.00273452	0.00322169	0.0125973	155	0	155	155	
11.75	12	1	4	9	3	62	9610	62	9610	0.00769412	0.00288684	0.00302484	0.0122895	155	0	155	155	
11.75	12	1	5	11	3	64	9920	64	9920	0.0061746	0.00300777	0.00301323	0.0157205	155	0	155	155	
11.75	12	1	6	3	3	65	10075	63	9765	0.00753316	0.0030021	0.00316888	0.0139854	155	0	155	155	
11.75	12	1	7	12	3	65	10075	66	10230	0.00778018	0.00285673	0.00310291	0.0135448	155	0	155	155	
11.75	12	1	8	2	3	61	9455	63	9765	0.00812877	0.00273821	0.00375113	0.0138751	155	0	155	155	
11.75	12	1	9	4	3	61	9455	61	9455	0.00801236	0.00292944	0.00303284	0.0138434	155	0	155	155	
11.75	12	1	10	16	3	63	9765	62	9610	0.00788464	0.00291923	0.00330744	0.0129825	155	0	155	155	
12	12.25	1	1	1	4	62	9610	61	9455	0.00763467	0.00299051	0.00302457	0.0127254	155	0	155	155	
12	12.25	1	2	10	3	60	9300	60	9300	0.00788564	0.0028824	0.00314102	0.0129412	155	0	155	155	
12	12.25	1	3	15	3	64	9920	65	10075	0.0076486	0.00285173	0.00300269	0.0128554	155	0	155	155	
12	12.25	1	4	9	3	64	9920	63	9765	0.0081981	0.00291081	0.00320902	0.0129946	155	0	155	155	
12	12.25	1	5	11	3	64	9920	62	9610	0.00770536	0.00276968	0.00315279	0.0141665	155	0	155	155	
12	12.25	1	6	3	3	63	9765	65	10075	0.00765477	0.00281105	0.00306669	0.0127063	155	0	155	155	
12	12.25	1	7	12	3	59	9145	59	9145	0.00760722	0.00310141	0.00301045	0.0133846	155	0	155	155	
12	12.25	1	8	2	3	62	9610	59	9145	0.00754093	0.00293909	0.00312395	0.0129043	155	0	155	155	
12	12.25	1	9	4	3	62	9610	63	9765	0.00802285	0.00288908	0.00321132	0.0137855	155	0	155	155	
12	12.25	1	10	16	3	55	8525	57	8835	0.00681845	0.0028529	0.00316438	0.0132549	155	0	155	155	
12.25	12.5	1	1	1	4	56	8680	56	8680	0.00751607	0.00277065	0.00305939	0.0124641	155	0	155	155	
12.25	12.5	1	2	10	3	61	9455	60	9300	0.00769759	0.00264904	0.00324909	0.012794	155	0	155	155	
12.25	12.5	1	3	15	3	63	9765	64	9920	0.00739286	0.00295525	0.00307943	0.0129886	155	0	155	155	
12.25	12.5	1	4	9	3	64	9920	62	9610	0.00780196	0.0027735	0.00305355	0.0125946	155	0	155	155	
12.25	12.5	1	5	11	3	61	9455	61	9455	0.00739513	0.00278114	0.0033912	0.0136839	155	0	155	155	
12.25	12.5	1	6	3	3	56	8680	57	8835	0.00788482	0.00290459	0.00310434	0.012947	155	0	155	155	
12.25	12.5	1	7	12	3	60	9300	61	9455	0.00720549	0.00281611	0.00305536	0.0134518	155	0	155	155	
12.25	12.5	1	8	2	3	62	9610	63	9765	0.0077973	0.00273207	0.00315612	0.0129344	155	0	155	155	
12.25	12.5	1	9	4	3	63	9765	63	9765	0.00836611	0.00286031	0.00335821	0.012935	155	0	155	155	
12.25	12.5	1	10	16	3	62	9610	60	9300	0.00721551	0.00275352	0.0031148	0.0129367	155	0	155	155	
12.5	12.75	1	1	1	4	69	10695	68	10540	0.00759391	0.00276769	0.00307772	0.0124002	155	0	155	155	
12.5	12.75	1	2	10	3	64	9920	66	10230	0.00777975	0.0029697	0.00323754	0.0137815	155	0	155	155	
12.5	12.75	1	3	15	3	69	10695	67	10385	0.00781297	0.00282904	0.00303311	0.0135465	155	0	155	155	
12.5	12.75	1	4	9	3	61	9455	65	10075	0.00791384	0.00294248	0.00315072	0.0130505	155	0	155	155	
12.5	12.75	1	5	11	3	57	8835	60	9300	0.00790768	0.0030141	0.00319084	0.0175817	155	0	155	155	
12.5	12.75	1	6	3	3	60	9300	60	9300	0.00814955	0.00287292	0.00303604	0.01275	155	0	155	155	
12.5	12.75	1	7	12	3	62	9610	60	9300	0.00781061	0.00274254	0.00320327	0.0122496	155	0	155	155	
12.5	12.75	1	8	2	3	69	10695	69	10695	0.00725938	0.0027427	0.00302983	0.012763	155	0	155	155	
12.5	12.75	1	9	4	3	64	9920	63	9765	0.00738755	0.00289437	0.00307641	0.0149268	155	0	155	155	
12.5	12.75	1	10	16	3	61	9455	62	9610	0.00806718	0.00283448	0.00301305	0.012627	155	0	155	155	
12.75	13	1	1	1	4	66	10230	67	10385	0.00802588	0.00293848	0.0031218	0.0129841	155	0	155	155	
12.75	13	1	2	10	3	64	9920	62	9610	0.00791396	0.00295081	0.003052	0.0137875	155	0	155	155	
12.75	13	1	3	15	3	64	9920	66	10230	0.00772595	0.00298182	0.00306067	0.0127908	155	0	155	155	
12.75	13	1	4	9	3	67	10385	64	9920	0.00777707	0.00281534	0.00302379	0.0125712	155	0	155	155	
12.75	13	1	5	11	3	62	9610	60	9300	0.00679676	0.00265856	0.00302766	0.0137791	155	0	155	155	
12.75	13	1	6	3	3	61	9455	60	9300	0.00816044	0.00267887	0.00338208	0.0124612	155	0	155	155	
12.75	13	1	7	12	3	66	10230	66	10230	0.00810706	0.00285415	0.00303679	0.0136961	155	0	155	155	
12.75	13	1	8	2	3	64	9920	65	10075	0.00785592	0.00286202	0.00308278	0.0134772	155	0	155	155	
12.75	13	1	9	4	3	57	8835	57	8835	0.00792088	0.00288695	0.00312473	0.0128036	155	0	155	155	
12.75	13	1	10	16	3	60	9300	60	9300	0.00817179	0.00292776	0.00370955	0.0138576	155	0	155	155	
13	13.25	1	1	1	4	63	9765	65	10075	0.00730414	0.00295397	0.00300906	0.013289	155	0	155	155	
13	13.25	1	2	10	3	58	8990	60	9300	0.00790905	0.00300985	0.0030082	0.0133409	155	0	155	155	
13	13.25	1	3	15	3	66	10230	66	10230	0.00812784	0.00296182	0.00301226	0.0135624	155	0	155	155	
13	13.25	1	4	9	3	66	10230	67	10385	0.00759621	0.00299036	0.00307881	0.0142203	155	0	155	155	
13	13.25	1	5	11	3	67	10385	66	10230	0.00806402	0.00338635	0.00319057	0.0197113	155	0	155	155	
13	13.25	1	6	3	3	58	8990	57	8835	0.00739448	0.00302845	0.00307647	0.0132016	155	0	155	155	
13	13.25	1	7	12	3	63	9765	63	9765	0.0074162	0.00285388	0.00323497	0.0137293	155	0	155	155	
13	13.25	1	8	2	3	61	9455	60	9300	0.00752842	0.00292162	0.00322797	0.0138272	155	0	155	155	
13	13.25	1	9	4	3	65	10075	65	10075	0.00763568	0.00283315	0.00301836	0.0129564	155	0	155	155	
13	13.25	1	10	16	3	66	10230	64	9920	0.00788303	0.00301024	0.00309537	0.0169854	155	0	155	155	
13.25	13.5	1	1	1	4	64	9920	63	9765	0.00789245	0.00294806	0.00305344	0.0128945	155	0	155	155	
13.25	13.5	1	2	10	3	63	9765	61	9455	0.00782209	0.00283218	0.00311597	0.0136335	155	0	155	155	
13.25	13.5	1	3	15	3	60	9300	58	8990	0.00795826	0.00302289	0.0030978	0.0135341	155	0	155	155	
13.25	13.5	1	4	9	3	62	9610	64	9920	0.00791721	0.00274565	0.00313608	0.012969	155	0	155	155	
13.25	13.5	1	5	11	3	62	9610	63	9765	0.0074373	0.00289357	0.00338939	0.0129181	155	0	155	155	
13.25	13.5	1	6	3	3	60	9300	62	9610	0.00761859	0.00299738	0.00302058	0.0127134	155	0	155	155	
13.25	13.5	1	7	12	3	63	9765	63	9765	0.00770008	0.00283911	0.00325025	0.0129985	155	0	155	155	
13.25	13.5	1	8	2	3	69	10695	68	10540	0.00740895	0.0026326	0.0031746	0.0129768	155	0	155	155	
13.25	13.5	1	9	4	3	65	10075	66	10230	0.00808601	0.00278173	0.00321069	0.012989	155	0	155	155	
13.25	13.5	1	10	16	3	54	8370	54	8370	0.00786614	0.0032347	0.00311675	0.0178389	155	0	155	155	
13.5	13.75	1	1	1	4	63	9765	62	9610	0.00792757	0.00283141	0.00335349	0.0137221	155	0	155	155	
13.5	13.75	1	2	10	3	66	10230	68	10540	0.00760225	0.00301785	0.00310681	0.013056	155	0	155	155	
13.5	13.75	1	3	15	3	63	9765	64	9920	0.00786308	0.0026446	0.00325573	0.0133631	155	0	155	155	
13.5	13.75	1	4	9	3	65	10075	64	9920	0.00787674	0.00281316	0.00321697	0.0131009	155	0	155	155	
13.5	13.75	1	5	11	3	62	9610	62	9610	0.00684146	0.00233192	0.00307861	0.0120245	155	0	155	155	
13.5	13.75	1	6	3	3	63	9765	62	9610	0.0077308	0.00259631	0.00312442	0.0126903	155	0	155	155	
13.5	13.75	1	7	12	3	60	9300	60	9300	0.00742738	0.00294214	0.00307722	0.0130674	155	0	155	155	
13.5	13.75	1	8	2	3	64	9920	63	9765	0.00772411	0.00294762	0.00302938	0.0134537	155	0	155	155	
13.5	13.75	1	9	4	3	61	9455	59	9145	0.00789896	0.0028448	0.00321794	0.0125012	155	0	155	155	
13.5	13.75	1	10	16	3	63	9765	64	9920	0.00754047	0.00323779	0.00312701	0.0190875	155	0	155	155	
13.75	14	1	1	1	4	58	8990	57	8835	0.00739654	0.00299693	0.00300449	0.0124931	155	0	155	155	
13.75	14	1	2	10	3	62	9610	63	9765	0.0082662	0.00276106	0.00317465	0.0127937	155	0	155	155	
13.75	14	1	3	15	3	66	10230	65	10075	0.00768965	0.00286191	0.00338415	0.0134582	155	0	155	155	
13.75	14	1	4	9	3	64	9920	64	9920	0.00784048	0.00288725	0.00311927	0.0138997	155	0	155	155	
13.75	14	1	5	11	3	60	9300	60	9300	0.00731652	0.00269214	0.00308047	0.0148668	155	0	155	155	
13.75	14	1	6	3	3	65	10075	63	9765	0.00806717	0.00271907	0.0030704	0.012805	155	0	155	155	
13.75	14	1	7	12	3	58	8990	59	9145	0.00740584	0.00290314	0.00300282	0.01293	155	0	155	155	
13.75	14	1	8	2	3	62	9610	64	9920	0.00782693	0.00296156	0.00305474	0.0127909	155	0	155	155	
13.75	14	1	9	4	3	58	8990	59	9145	0.00694411	0.00267107	0.0030093	0.0121259	155	0	155	155	
13.75	14	1	10	16	3	60	9300	60	9300	0.00781567	0.00314846	0.00301735	0.0169831	155	0	155	155	
14	14.25	1	1	1	4	59	9145	62	9610	0.00740873	0.00293579	0.00306482	0.0130426	155	0	155	155	
14	14.25	1	2	10	3	65	10075	65	10075	0.00801732	0.0030251	0.00300741	0.0129587	155	0	155	155	
14	14.25	1	3	15	3	64	9920	65	10075	0.00809805	0.00293252	0.00301832	0.0129355	155	0	155	155	
14	14.25	1	4	9	3	61	9455	60	9300	0.0074061	0.00275389	0.00306415	0.0121831	155	0	155	155	
14	14.25	1	5	11	3	60	9300	60	9300	0.00766892	0.00300924	0.00314381	0.0128619	155	0	155	155	
14	14.25	1	6	3	3	58	8990	58	8990	0.00797296	0.00286894	0.00300057	0.0137149	155	0	155	155	
14	14.25	1	7	12	3	62	9610	61	9455	0.00834368	0.00313167	0.00317199	0.017299	155	0	155	155	
14	14.25	1	8	2	3	60	9300	60	9300	0.00782295	0.00279151	0.0030765	0.0127881	155	0	155	155	
14	14.25	1	9	4	3	65	10075	65	10075	0.00802182	0.00277379	0.00317921	0.012639	155	0	155	155	
14	14.25	1	10	16	3	60	9300	60	9300	0.00763544	0.00284652	0.00306752	0.0128844	155	0	155	155	
14.25	14.5	1	1	1	4	65	10075	63	9765	0.00756322	0.00299436	0.00303177	0.0129025	155	0	155	155	
14.25	14.5	1	2	10	3	61	9455	58	8990	0.00737367	0.00288897	0.00313057	0.014079	155	0	155	155	
14.25	14.5	1	3	15	3	60	9300	60	9300	0.00686865	0.00278267	0.00303783	0.0127559	155	0	155	155	
14.25	14.5	1	4	9	3	64	9920	66	10230	0.00758788	0.00284277	0.00306579	0.0135842	155	0	155	155	
14.25	14.5	1	5	11	3	60	9300	61	9455	0.0069787	0.00251908	0.00325341	0.0126685	155	0	155	155	
14.25	14.5	1	6	3	3	63	9765	65	10075	0.00753497	0.00295335	0.00303818	0.0127897	155	0	155	155	
14.25	14.5	1	7	12	3	63	9765	62	9610	0.00779736	0.00300665	0.003188	0.0183927	155	0	155	155	
14.25	14.5	1	8	2	3	66	10230	67	10385	0.00746769	0.00283947	0.00306009	0.012877	155	0	155	155	
14.25	14.5	1	9	4	3	66	10230	67	10385	0.0078034	0.0030502	0.00302587	0.0149613	155	0	155	155	
14.25	14.5	1	10	16	3	61	9455	60	9300	0.00748603	0.00270488	0.00302505	0.0118779	155	0	155	155	
14.5	14.75	1	1	1	4	62	9610	62	9610	0.00806218	0.0029087	0.00318719	0.0131226	155	0	155	155	
14.5	14.75	1	2	10	3	63	9765	64	9920	0.00746542	0.00279318	0.0030092	0.0133919	155	0	155	155	
14.5	14.75	1	3	15	3	58	8990	58	8990	0.00775515	0.00281041	0.00320394	0.0126917	155	0	155	155	
14.5	14.75	1	4	9	3	57	8835	56	8680	0.00790567	0.00272828	0.00303407	0.0136718	155	0	155	155	
14.5	14.75	1	5	11	3	64	9920	64	9920	0.00752497	0.00263253	0.00301185	0.0125922	155	0	155	155	
14.5	14.75	1	6	3	3	57	8835	56	8680	0.00753268	0.00273946	0.00313657	0.0128571	155	0	155	155	
14.5	14.75	1	7	12	3	63	9765	65	10075	0.00693942	0.00261438	0.00306267	0.0126147	155	0	155	155	
14.5	14.75	1	8	2	3	57	8835	55	8525	0.00735336	0.00259694	0.00305197	0.0121034	155	0	155	155	
14.5	14.75	1	9	4	3	61	9455	62	9610	0.00791614	0.00289621	0.00305149	0.0128157	155	0	155	155	
14.5	14.75	1	10	16	3	57	8835	58	8990	0.0079749	0.00273063	0.00317342	0.0129874	155	0	155	155	
14.75	15	1	1	1	4	63	9765	63	9765	0.00791864	0.00290943	0.00307794	0.0127158	155	0	155	155	
14.75	15	1	2	10	3	60	9300	60	9300	0.00782549	0.00278309	0.00318063	0.0124025	155	0	155	155	
14.75	15	1	3	15	3	64	9920	65	10075	0.00806511	0.00282344	0.00315896	0.0133055	155	0	155	155	
14.75	15	1	4	9	3	60	9300	58	8990	0.00760493	0.00303908	0.0030464	0.0135295	155	0	155	155	
14.75	15	1	5	11	3	61	9455	61	9455	0.00709536	0.00273178	0.003177	0.0138827	155	0	155	155	
14.75	15	1	6	3	3	61	9455	62	9610	0.00809209	0.00298329	0.00323241	0.0138651	155	0	155	155	
14.75	15	1	7	12	3	58	8990	57	8835	0.0078081	0.00287547	0.0032244	0.0138559	155	0	155	155	
14.75	15	1	8	2	3	58	8990	60	9300	0.00776063	0.00251145	0.00305814	0.0122095	155	0	155	155	
14.75	15	1	9	4	3	60	9300	59	9145	0.00776438	0.0030841	0.00306353	0.012945	155	0	155	155	
14.75	15	1	10	16	3	62	9610	63	9765	0.00756738	0.00279233	0.00303253	0.0129386	155	0	155	155	
15	15.25	1	1	1	4	66	10230	67	10385	0.00774921	0.00297826	0.00302645	0.0134244	155	0	155	155	
15	15.25	1	2	10	3	63	9765	63	9765	0.00767324	0.00289897	0.00311035	0.0129732	155	0	155	155	
15	15.25	1	3	15	3	69	10695	66	10230	0.00766566	0.00285238	0.00319667	0.0128517	155	0	155	155	
15	15.25	1	4	9	3	63	9765	63	9765	0.00776221	0.0027529	0.00330151	0.0130103	155	0	155	155	
15	15.25	1	5	11	3	67	10385	67	10385	0.00692081	0.00279349	0.00316642	0.0158095	155	0	155	155	
15	15.25	1	6	3	3	61	9455	62	9610	0.00782419	0.00274077	0.00317386	0.0124419	155	0	155	155	
15	15.25	1	7	12	3	59	9145	59	9145	0.00758075	0.00289639	0.00300333	0.0133883	155	0	155	155	
15	15.25	1	8	2	3	60	9300	60	9300	0.00761881	0.00293287	0.00301463	0.0138073	155	0	155	155	
15	15.25	1	9	4	3	68	10540	66	10230	0.00737837	0.00294985	0.00306495	0.0132236	155	0	155	155	
15	15.25	1	10	16	3	61	9455	61	9455	0.00769182	0.00283217	0.00308412	0.0128675	155	0	155	155	
15.25	15.5	1	1	1	4	64	9920	64	9920	0.0079902	0.00283772	0.00328249	0.0127924	155	0	155	155	
15.25	15.5	1	2	10	3	63	9765	62	9610	0.00751188	0.00280173	0.00305629	0.0126135	155	0	155	155	
15.25	15.5	1	3	15	3	65	10075	68	10540	0.00763957	0.00284405	0.00311157	0.0135568	155	0	155	155	
15.25	15.5	1	4	9	3	63	9765	63	9765	0.0077917	0.00281895	0.00302927	0.0129557	155	0	155	155	
15.25	15.5	1	5	11	3	63	9765	60	9300	0.00734128	0.00257468	0.00301998	0.0127447	155	0	155	155	
15.25	15.5	1	6	3	3	62	9610	61	9455	0.00767743	0.00293478	0.00302596	0.0130675	155	0	155	155	
15.25	15.5	1	7	12	3	58	8990	59	9145	0.00758109	0.00299764	0.00304879	0.0133418	155	0	155	155	
15.25	15.5	1	8	2	3	66	10230	63	9765	0.00778941	0.00298059	0.0030899	0.0163122	155	0	155	155	
15.25	15.5	1	9	4	3	62	9610	63	9765	0.00812208	0.00287265	0.00344053	0.0129023	155	0	155	155	
15.25	15.5	1	10	16	3	64	9920	63	9765	0.0077859	0.00282081	0.00304947	0.0125336	155	0	155	155	
15.5	15.75	1	1	1	4	62	9610	62	9610	0.00774252	0.00279386	0.0030411	0.0127777	155	0	155	155	
15.5	15.75	1	2	10	3	62	9610	63	9765	0.00776126	0.00279199	0.00305945	0.0125539	155	0	155	155	
15.5	15.75	1	3	15	3	63	9765	63	9765	0.00775555	0.00294132	0.00301762	0.012975	155	0	155	155	
15.5	15.75	1	4	9	3	59	9145	60	9300	0.00766052	0.00290561	0.00312946	0.0129679	155	0	155	155	
15.5	15.75	1	5	11	3	61	9455	64	9920	0.00816715	0.00308092	0.00315035	0.0188885	155	0	155	155	
15.5	15.75	1	6	3	3	59	9145	58	8990	0.00805637	0.00289828	0.00307695	0.0127406	155	0	155	155	
15.5	15.75	1	7	12	3	62	9610	60	9300	0.00773719	0.00297927	0.00305138	0.0134583	155	0	155	155	
15.5	15.75	1	8	2	3	59	9145	61	9455	0.00745675	0.00271569	0.00313652	0.0124436	155	0	155	155	
15.5	15.75	1	9	4	3	64	9920	63	9765	0.00731795	0.00294435	0.0030267	0.0133322	155	0	155	155	
15.5	15.75	1	10	16	3	63	9765	63	9765	0.00762534	0.00281556	0.00322513	0.0132867	155	0	155	155	
15.75	16	1	1	1	4	56	8680	56	8680	0.00743493	0.00298544	0.00304306	0.014336	155	0	155	155	
15.75	16	1	2	10	3	62	9610	62	9610	0.00710823	0.00295739	0.00310328	0.0126601	155	0	155	155	
15.75	16	1	3	15	3	62	9610	62	9610	0.00762229	0.00272198	0.00341499	0.0132003	155	0	155	155	
15.75	16	1	4	9	3	60	9300	60	9300	0.00812927	0.00275188	0.00322098	0.0128222	155	0	155	155	
15.75	16	1	5	11	3	59	9145	59	9145	0.00653803	0.00265984	0.00311972	0.0129704	155	0	155	155	
15.75	16	1	6	3	3	66	10230	68	10540	0.0074356	0.00267652	0.00322647	0.0126217	155	0	155	155	
15.75	16	1	7	12	3	59	9145	61	9455	0.00775473	0.00263125	0.00309295	0.0126334	155	0	155	155	
15.75	16	1	8	2	3	58	8990	59	9145	0.00672559	0.00289552	0.00301836	0.01278	155	0	155	155	
15.75	16	1	9	4	3	62	9610	63	9765	0.00783717	0.00283072	0.00301941	0.0131975	155	0	155	155	
15.75	16	1	10	16	3	62	9610	61	9455	0.00743202	0.00292663	0.00303457	0.0138146	155	0	155	155	
16	16.25	1	1	1	4	59	9145	59	9145	0.00761124	0.00284269	0.00313291	0.012737	155	0	155	155	
16	16.25	1	2	10	3	64	9920	63	9765	0.00757511	0.0028285	0.00302123	0.0132049	155	0	155	155	
16	16.25	1	3	15	3	62	9610	60	9300	0.00806147	0.00283499	0.00310297	0.0132526	155	0	155	155	
16	16.25	1	4	9	3	67	10385	69	10695	0.00794227	0.0028666	0.00316542	0.0137102	155	0	155	155	
16	16.25	1	5	11	3	63	9765	64	9920	0.00799253	0.00276964	0.00300282	0.0129304	155	0	155	155	
16	16.25	1	6	3	3	62	9610	61	9455	0.00756299	0.0027174	0.0031719	0.0126364	155	0	155	155	
16	16.25	1	7	12	3	64	9920	63	9765	0.00798718	0.00277841	0.00343973	0.0128545	155	0	155	155	
16	16.25	1	8	2	3	57	8835	57	8835	0.00784985	0.00287565	0.00307258	0.0135712	155	0	155	155	
16	16.25	1	9	4	3	63	9765	63	9765	0.00807738	0.00280688	0.00310835	0.0134869	155	0	155	155	
16	16.25	1	10	16	3	56	8680	57	8835	0.00830631	0.00302151	0.00330579	0.0137754	155	0	155	155	
16.25	16.5	1	1	1	4	66	10230	65	10075	0.00765559	0.00281317	0.00311483	0.0128352	155	0	155	155	
16.25	16.5	1	2	10	3	61	9455	64	9920	0.00777741	0.00307144	0.00306216	0.0129846	155	0	155	155	
16.25	16.5	1	3	15	3	67	10385	67	10385	0.00729326	0.0027539	0.00323067	0.012956	155	0	155	155	
16.25	16.5	1	4	9	3	68	10540	66	10230	0.00741582	0.00280338	0.0031562	0.0127095	155	0	155	155	
16.25	16.5	1	5	11	3	62	9610	60	9300	0.00691221	0.00266241	0.00336553	0.014525	155	0	155	155	
16.25	16.5	1	6	3	3	66	10230	67	10385	0.0075114	0.00285139	0.00304493	0.0128114	155	0	155	155	
16.25	16.5	1	7	12	3	62	9610	61	9455	0.00742001	0.00280282	0.00305235	0.0139266	155	0	155	155	
16.25	16.5	1	8	2	3	65	10075	65	10075	0.00818476	0.00273431	0.00303887	0.0142775	155	0	155	155	
16.25	16.5	1	9	4	3	63	9765	62	9610	0.0075221	0.00300026	0.0031239	0.0139657	155	0	155	155	
16.25	16.5	1	10	16	3	64	9920	64	9920	0.00777526	0.00301694	0.0031174	0.0131794	155	0	155	155	
16.5	16.75	1	1	1	4	63	9765	64	9920	0.00818831	0.00280726	0.00312898	0.0129514	155	0	155	155	
16.5	16.75	1	2	10	3	60	9300	59	9145	0.00777677	0.00285825	0.00310923	0.0123782	155	0	155	155	
16.5	16.75	1	3	15	3	63	9765	65	10075	0.00774855	0.00294699	0.00306025	0.0128375	155	0	155	155	
16.5	16.75	1	4	9	3	59	9145	58	8990	0.00792893	0.00275409	0.0030388	0.0127183	155	0	155	155	
16.5	16.75	1	5	11	3	68	10540	68	10540	0.00722864	0.0024739	0.00307311	0.0126162	155	0	155	155	
16.5	16.75	1	6	3	3	63	9765	61	9455	0.00725781	0.00285014	0.00320218	0.0127297	155	0	155	155	
16.5	16.75	1	7	12	3	59	9145	61	9455	0.00767814	0.00277909	0.00304009	0.0129274	155	0	155	155	
16.5	16.75	1	8	2	3	62	9610	60	9300	0.00759068	0.00280975	0.00300875	0.0129647	155	0	155	155	
16.5	16.75	1	9	4	3	61	9455	60	9300	0.00754013	0.00264665	0.003229	0.0121864	155	0	155	155	
16.5	16.75	1	10	16	3	59	9145	59	9145	0.0078065	0.00293127	0.00302571	0.0137326	155	0	155	155	
16.75	17	1	1	1	4	64	9920	64	9920	0.00760706	0.00271049	0.00304028	0.0132539	155	0	155	155	
16.75	17	1	2	10	3	62	9610	62	9610	0.00737405	0.00271742	0.00321442	0.012981	155	0	155	155	
16.75	17	1	3	15	3	58	8990	55	8525	0.00776476	0.0028198	0.00304008	0.0138553	155	0	155	155	
16.75	17	1	4	9	3	64	9920	65	10075	0.00790069	0.0026787	0.0033211	0.0127568	155	0	155	155	
16.75	17	1	5	11	3	63	9765	64	9920	0.00686818	0.0024682	0.00327314	0.0122035	155	0	155	155	
16.75	17	1	6	3	3	67	10385	69	10695	0.00676434	0.00285104	0.00306734	0.0137812	155	0	155	155	
16.75	17	1	7	12	3	63	9765	61	9455	0.00776339	0.00280077	0.00303938	0.0127167	155	0	155	155	
16.75	17	1	8	2	3	64	9920	65	10075	0.00765675	0.00281648	0.00311112	0.0126981	155	0	155	155	
16.75	17	1	9	4	3	67	10385	69	10695	0.00765337	0.00296416	0.00323736	0.0139067	155	0	155	155	
16.75	17	1	10	16	3	63	9765	62	9610	0.00783564	0.00345574	0.00303003	0.0189485	155	0	155	155	
17	17.25	1	1	1	4	64	9920	62	9610	0.00806594	0.00295513	0.00305573	0.0128825	155	0	155	155	
17	17.25	1	2	10	3	61	9455	58	8990	0.00739599	0.00270658	0.00341207	0.0125736	155	0	155	155	
17	17.25	1	3	15	3	61	9455	63	9765	0.00755722	0.00296648	0.00302623	0.0137556	155	0	155	155	
17	17.25	1	4	9	3	60	9300	60	9300	0.00724705	0.00287349	0.00302292	0.0129643	155	0	155	155	
17	17.25	1	5	11	3	62	9610	62	9610	0.00676517	0.00259758	0.00301233	0.0124217	155	0	155	155	
17	17.25	1	6	3	3	61	9455	62	9610	0.00793049	0.00281205	0.00315308	0.0129616	155	0	155	155	
17	17.25	1	7	12	3	63	9765	64	9920	0.00754235	0.00291856	0.00304302	0.0126768	155	0	155	155	
17	17.25	1	8	2	3	63	9765	63	9765	0.00780629	0.00287159	0.00304137	0.0129145	155	0	155	155	
17	17.25	1	9	4	3	60	9300	61	9455	0.00762329	0.00291608	0.00304496	0.0127952	155	0	155	155	
17	17.25	1	10	16	3	61	9455	63	9765	0.00747481	0.0029203	0.0031456	0.0139894	155	0	155	155	
17.25	17.5	1	1	1	4	65	10075	67	10385	0.00766023	0.00287147	0.00301711	0.0130089	155	0	155	155	
17.25	17.5	1	2	10	3	59	9145	62	9610	0.00698929	0.00285458	0.00307915	0.0121251	155	0	155	155	
17.25	17.5	1	3	15	3	61	9455	61	9455	0.00852192	0.00314712	0.00306364	0.0192913	155	0	155	155	
17.25	17.5	1	4	9	3	63	9765	64	9920	0.00705441	0.00260687	0.00305294	0.0123283	155	0	155	155	
17.25	17.5	1	5	11	3	61	9455	60	9300	0.00751457	0.00251886	0.00348974	0.0127677	155	0	155	155	
17.25	17.5	1	6	3	3	62	9610	60	9300	0.00862778	0.00272622	0.0037938	0.0129686	155	0	155	155	
17.25	17.5	1	7	12	3	63	9765	63	9765	0.00833005	0.00289907	0.00326015	0.012989	155	0	155	155	
17.25	17.5	1	8	2	3	63	9765	62	9610	0.00733518	0.00280305	0.00309827	0.0125911	155	0	155	155	
17.25	17.5	1	9	4	3	64	9920	62	9610	0.0078844	0.00280328	0.0030053	0.0132182	155	0	155	155	
17.25	17.5	1	10	16	3	62	9610	63	9765	0.00778589	0.00274513	0.00314913	0.0124595	155	0	155	155	
17.5	17.75	1	1	1	4	63	9765	63	9765	0.00779906	0.00282714	0.00313259	0.0125362	155	0	155	155	
17.5	17.75	1	2	10	3	61	9455	59	9145	0.00761515	0.00285342	0.00310653	0.0129061	155	0	155	155	
17.5	17.75	1	3	15	3	66	10230	67	10385	0.00820539	0.00300378	0.00317593	0.0136923	155	0	155	155	
17.5	17.75	1	4	9	3	64	9920	64	9920	0.00780643	0.0028752	0.00315448	0.0137454	155	0	155	155	
17.5	17.75	1	5	11	3	66	10230	65	10075	0.00780844	0.0030064	0.0031696	0.0168626	155	0	155	155	
17.5	17.75	1	6	3	3	60	9300	60	9300	0.00765356	0.00290275	0.00311962	0.01299	155	0	155	155	
17.5	17.75	1	7	12	3	63	9765	64	9920	0.00770324	0.00273225	0.00305021	0.012881	155	0	155	155	
17.5	17.75	1	8	2	3	62	9610	63	9765	0.00764646	0.00299276	0.00300954	0.0135429	155	0	155	155	
17.5	17.75	1	9	4	3	63	9765	64	9920	0.00783068	0.00305053	0.00320902	0.0130522	155	0	155	155	
17.5	17.75	1	10	16	3	64	9920	63	9765	0.00752536	0.00281288	0.00304988	0.0137559	155	0	155	155	
17.75	18	1	1	1	4	63	9765	63	9765	0.00756252	0.00284843	0.00301919	0.0141524	155	0	155	155	
17.75	18	1	2	10	3	63	9765	64	9920	0.00741037	0.00291125	0.00303707	0.01281	155	0	155	155	
17.75	18	1	3	15	3	61	9455	60	9300	0.00691983	0.00294885	0.00307566	0.0133152	155	0	155	155	
17.75	18	1	4	9	3	57	8835	56	8680	0.00788693	0.00284271	0.00328665	0.0130353	155	0	155	155	
17.75	18	1	5	11	3	57	8835	59	9145	0.00641815	0.00261874	0.00300109	0.0116846	155	0	155	155	
17.75	18	1	6	3	3	64	9920	64	9920	0.00755365	0.00289495	0.0030713	0.013312	155	0	155	155	
17.75	18	1	7	12	3	65	10075	63	9765	0.00797102	0.00290414	0.00307962	0.0129677	155	0	155	155	
17.75	18	1	8	2	3	66	10230	66	10230	0.0075611	0.00268889	0.00303309	0.0119891	155	0	155	155	
17.75	18	1	9	4	3	63	9765	61	9455	0.00730247	0.0028633	0.00308207	0.0125773	155	0	155	155	
17.75	18	1	10	16	3	61	9455	61	9455	0.0078177	0.00276674	0.00322976	0.0127228	155	0	155	155	
18	18.25	1	1	1	4	58	8990	58	8990	0.0074915	0.00290453	0.0030388	0.0135463	155	0	155	155	
18	18.25	1	2	10	3	64	9920	63	9765	0.00801632	0.00306586	0.00301332	0.0146628	155	0	155	155	
18	18.25	1	3	15	3	64	9920	66	10230	0.00738732	0.00292125	0.00303649	0.0146247	155	0	155	155	
18	18.25	1	4	9	3	67	10385	67	10385	0.00774958	0.0028621	0.00319907	0.0143291	155	0	155	155	
18	18.25	1	5	11	3	59	9145	58	8990	0.00661036	0.00257527	0.00302867	0.0117184	155	0	155	155	
18	18.25	1	6	3	3	63	9765	64	9920	0.00780027	0.00280239	0.00304795	0.0129229	155	0	155	155	
18	18.25	1	7	12	3	65	10075	68	10540	0.00752146	0.00283729	0.00313008	0.0129042	155	0	155	155	
18	18.25	1	8	2	3	65	10075	66	10230	0.00768871	0.00273356	0.00339892	0.0126173	155	0	155	155	
18	18.25	1	9	4	3	62	9610	63	9765	0.0083352	0.00295482	0.00349822	0.0168872	155	0	155	155	
18	18.25	1	10	16	3	61	9455	60	9300	0.00725819	0.0027164	0.00303349	0.0122801	155	0	155	155	
18.25	18.5	1	1	1	4	63	9765	63	9765	0.00739537	0.00280538	0.00308362	0.0129592	155	0	155	155	
18.25	18.5	1	2	10	3	64	9920	66	10230	0.00744435	0.00264131	0.00332938	0.0125776	155	0	155	155	
18.25	18.5	1	3	15	3	64	9920	62	9610	0.00776851	0.00282966	0.00309768	0.0126717	155	0	155	155	
18.25	18.5	1	4	9	3	66	10230	66	10230	0.00818219	0.00293962	0.00300088	0.0136175	155	0	155	155	
18.25	18.5	1	5	11	3	68	10540	69	10695	0.00748997	0.00255816	0.00344754	0.0132465	155	0	155	155	
18.25	18.5	1	6	3	3	62	9610	60	9300	0.00732743	0.00287146	0.00316146	0.0132335	155	0	155	155	
18.25	18.5	1	7	12	3	70	10850	68	10540	0.00752873	0.00283107	0.00304758	0.0130931	155	0	155	155	
18.25	18.5	1	8	2	3	65	10075	66	10230	0.00768862	0.00282217	0.00308762	0.0131708	155	0	155	155	
18.25	18.5	1	9	4	3	66	10230	66	10230	0.00703303	0.00273457	0.00302357	0.0121356	155	0	155	155	
18.25	18.5	1	10	16	3	61	9455	63	9765	0.00687464	0.0029238	0.00305341	0.0158114	155	0	155	155	
