% start	end	CellId	IMSI	RNTI	LCID	nTxPDUs	TxBytes	nRxPDUs	RxBytes	delay	stdDev	min	max	PduSize	stdDev	min	max
0	0.25	1	1	1	4	53	8215	52	8060	0.00505005	0.00164776	0.00308671	0.00962156	155	0	155	155	
0	0.25	1	2	4	3	56	8680	55	8525	0.005195	0.00148395	0.00302163	0.00825392	155	0	155	155	
0	0.25	1	3	3	3	56	8680	55	8525	0.00521863	0.00142916	0.00308116	0.00829855	155	0	155	155	
0	0.25	1	4	6	3	51	7905	50	7750	0.00483807	0.00159383	0.00303391	0.00980311	155	0	155	155	
0	0.25	1	5	2	3	56	8680	55	8525	0.00514179	0.00158594	0.00320143	0.00955104	155	0	155	155	
0.25	0.5	1	1	1	4	59	9145	60	9300	0.00471275	0.0013757	0.00300239	0.00796198	155	0	155	155	
0.25	0.5	1	2	4	3	62	9610	61	9455	0.00513636	0.00147688	0.00306725	0.00853985	155	0	155	155	
0.25	0.5	1	3	3	3	65	10075	65	10075	0.00529621	0.00157181	0.00311677	0.00897458	155	0	155	155	
0.25	0.5	1	4	6	3	65	10075	65	10075	0.00557207	0.00158785	0.00309486	0.00889029	155	0	155	155	
0.25	0.5	1	5	2	3	63	9765	62	9610	0.00503106	0.00150583	0.00301761	0.00808282	155	0	155	155	
0.5	0.75	1	1	1	4	67	10385	66	10230	0.00527356	0.00148691	0.00300122	0.00839612	155	0	155	155	
0.5	0.75	1	2	4	3	63	9765	64	9920	0.005346	0.001524	0.00308131	0.00873837	155	0	155	155	
0.5	0.75	1	3	3	3	61	9455	61	9455	0.00527988	0.00143789	0.00302492	0.00765898	155	0	155	155	
0.5	0.75	1	4	6	3	64	9920	63	9765	0.0051588	0.00151271	0.00306126	0.00907736	155	0	155	155	
0.5	0.75	1	5	2	3	61	9455	61	9455	0.00509574	0.00147666	0.00304136	0.00824239	155	0	155	155	
0.75	1	1	1	1	4	61	9455	60	9300	0.00553187	0.00147337	0.00303508	0.00784542	155	0	155	155	
0.75	1	1	2	4	3	65	10075	64	9920	0.00516771	0.00149817	0.0030989	0.00980958	155	0	155	155	
0.75	1	1	3	3	3	64	9920	64	9920	0.00528304	0.00146146	0.00311563	0.00818262	155	0	155	155	
0.75	1	1	4	6	3	61	9455	62	9610	0.00502999	0.00157019	0.00300544	0.00793388	155	0	155	155	
0.75	1	1	5	2	3	63	9765	64	9920	0.00547859	0.00139648	0.00316187	0.00863465	155	0	155	155	
1	1.25	1	1	1	4	61	9455	63	9765	0.00528114	0.00145924	0.00308927	0.00846858	155	0	155	155	
1	1.25	1	2	4	3	59	9145	60	9300	0.00478309	0.00151957	0.00301402	0.00792004	155	0	155	155	
1	1.25	1	3	3	3	64	9920	63	9765	0.00533769	0.0013883	0.0031548	0.00882542	155	0	155	155	
1	1.25	1	4	6	3	63	9765	63	9765	0.00565202	0.00168651	0.00314146	0.0117404	155	0	155	155	
1	1.25	1	5	2	3	66	10230	64	9920	0.00492513	0.00156579	0.0030111	0.00791725	155	0	155	155	
1.25	1.5	1	1	1	4	59	9145	58	8990	0.00499261	0.00146864	0.00303933	0.00804358	155	0	155	155	
1.25	1.5	1	2	4	3	61	9455	61	9455	0.00509155	0.00151966	0.00306303	0.00809598	155	0	155	155	
1.25	1.5	1	3	3	3	62	9610	63	9765	0.00515446	0.00158269	0.00301681	0.00785967	155	0	155	155	
1.25	1.5	1	4	6	3	62	9610	62	9610	0.00514859	0.00155621	0.00301728	0.00803514	155	0	155	155	
1.25	1.5	1	5	2	3	63	9765	65	10075	0.00522355	0.00163393	0.00309648	0.00902737	155	0	155	155	
1.5	1.75	1	1	1	4	62	9610	62	9610	0.0054184	0.00164784	0.00302373	0.00866019	155	0	155	155	
1.5	1.75	1	2	4	3	62	9610	63	9765	0.00554822	0.00157507	0.00301059	0.0105809	155	0	155	155	
1.5	1.75	1	3	3	3	64	9920	64	9920	0.00543639	0.00152516	0.00301153	0.0081538	155	0	155	155	
1.5	1.75	1	4	6	3	59	9145	58	8990	0.00491346	0.00161384	0.00301334	0.00872588	155	0	155	155	
1.5	1.75	1	5	2	3	67	10385	68	10540	0.00550559	0.00167207	0.00300913	0.0108063	155	0	155	155	
1.75	2	1	1	1	4	65	10075	65	10075	0.00547722	0.00142073	0.00314277	0.00841087	155	0	155	155	
1.75	2	1	2	4	3	62	9610	61	9455	0.00520771	0.0013747	0.00301867	0.00782517	155	0	155	155	
1.75	2	1	3	3	3	63	9765	63	9765	0.00518929	0.00148385	0.00300435	0.00861276	155	0	155	155	
1.75	2	1	4	6	3	61	9455	62	9610	0.0051017	0.00158582	0.00300533	0.00789298	155	0	155	155	
1.75	2	1	5	2	3	66	10230	65	10075	0.00512614	0.00136404	0.00303118	0.0077774	155	0	155	155	
2	2.25	1	1	1	4	65	10075	64	9920	0.00512468	0.00145783	0.00316452	0.00776996	155	0	155	155	
2	2.25	1	2	4	3	63	9765	63	9765	0.0051786	0.00151582	0.0030652	0.00797645	155	0	155	155	
2	2.25	1	3	3	3	62	9610	62	9610	0.00514781	0.00147119	0.00300694	0.00787624	155	0	155	155	
2	2.25	1	4	6	3	66	10230	66	10230	0.0056442	0.00141824	0.00310627	0.00837738	155	0	155	155	
2	2.25	1	5	2	3	63	9765	63	9765	0.00547216	0.00148875	0.00305563	0.00848333	155	0	155	155	
2.25	2.5	1	1	1	4	65	10075	65	10075	0.00559559	0.00139916	0.00308759	0.00802351	155	0	155	155	
2.25	2.5	1	2	4	3	60	9300	61	9455	0.00529044	0.00133251	0.00324639	0.0078346	155	0	155	155	
2.25	2.5	1	3	3	3	63	9765	63	9765	0.00553508	0.00136539	0.00302259	0.00773804	155	0	155	155	
2.25	2.5	1	4	6	3	66	10230	67	10385	0.00541765	0.00140472	0.00302674	0.00778667	155	0	155	155	
2.25	2.5	1	5	2	3	64	9920	64	9920	0.00529715	0.00139987	0.00301392	0.00855061	155	0	155	155	
2.5	2.75	1	1	1	4	64	9920	64	9920	0.00532235	0.00140556	0.00305639	0.00832803	155	0	155	155	
2.5	2.75	1	2	4	3	61	9455	59	9145	0.00499545	0.00152975	0.00302519	0.0078269	155	0	155	155	
2.5	2.75	1	3	3	3	58	8990	59	9145	0.00469287	0.00146529	0.00301158	0.00808423	155	0	155	155	
2.5	2.75	1	4	6	3	64	9920	62	9610	0.00550246	0.0014982	0.00321751	0.0090982	155	0	155	155	
2.5	2.75	1	5	2	3	67	10385	67	10385	0.00536729	0.00154947	0.00304835	0.00905577	155	0	155	155	
2.75	3	1	1	1	4	67	10385	68	10540	0.00532139	0.00158766	0.00310727	0.0113381	155	0	155	155	
2.75	3	1	2	4	3	64	9920	65	10075	0.00494217	0.00136777	0.00306594	0.00770447	155	0	155	155	
2.75	3	1	3	3	3	60	9300	60	9300	0.00510221	0.00149198	0.0030035	0.00793266	155	0	155	155	
2.75	3	1	4	6	3	63	9765	63	9765	0.00548204	0.00146772	0.00300337	0.00799582	155	0	155	155	
2.75	3	1	5	2	3	63	9765	63	9765	0.00536055	0.00157472	0.00304939	0.010107	155	0	155	155	
3	3.25	1	1	1	4	63	9765	62	9610	0.00536398	0.00155661	0.00301961	0.00881923	155	0	155	155	
3	3.25	1	2	4	3	64	9920	64	9920	0.00528338	0.00161043	0.00302993	0.00967796	155	0	155	155	
3	3.25	1	3	3	3	58	8990	57	8835	0.00491464	0.00145195	0.00305657	0.00846581	155	0	155	155	
3	3.25	1	4	6	3	61	9455	62	9610	0.00521302	0.00166296	0.0030291	0.0119864	155	0	155	155	
3	3.25	1	5	2	3	59	9145	58	8990	0.00472399	0.00143713	0.00302164	0.00804043	155	0	155	155	
3.25	3.5	1	1	1	4	65	10075	66	10230	0.00548717	0.00145316	0.00302835	0.009297	155	0	155	155	
3.25	3.5	1	2	4	3	62	9610	62	9610	0.00490127	0.0015127	0.00300703	0.00779343	155	0	155	155	
3.25	3.5	1	3	3	3	68	10540	67	10385	0.00535715	0.0014109	0.00313705	0.00847941	155	0	155	155	
3.25	3.5	1	4	6	3	65	10075	65	10075	0.00520544	0.00147248	0.00301043	0.00790791	155	0	155	155	
3.25	3.5	1	5	2	3	67	10385	67	10385	0.00544144	0.0014331	0.00304644	0.00843001	155	0	155	155	
3.5	3.75	1	1	1	4	59	9145	59	9145	0.00530919	0.00160748	0.00302839	0.0083574	155	0	155	155	
3.5	3.75	1	2	4	3	65	10075	65	10075	0.00556987	0.00143231	0.00343142	0.00981459	155	0	155	155	
3.5	3.75	1	3	3	3	62	9610	63	9765	0.00527132	0.0015869	0.00301063	0.00854003	155	0	155	155	
3.5	3.75	1	4	6	3	60	9300	59	9145	0.00512158	0.00150309	0.00313731	0.00886786	155	0	155	155	
3.5	3.75	1	5	2	3	63	9765	63	9765	0.00522727	0.00166695	0.0030192	0.0108489	155	0	155	155	
3.75	4	1	1	1	4	60	9300	60	9300	0.00500699	0.00160526	0.0030301	0.00837009	155	0	155	155	
3.75	4	1	2	4	3	62	9610	62	9610	0.00539517	0.00159118	0.00301067	0.00797127	155	0	155	155	
3.75	4	1	3	3	3	62	9610	63	9765	0.00519832	0.00155529	0.00311105	0.00980454	155	0	155	155	
3.75	4	1	4	6	3	66	10230	66	10230	0.00536015	0.00153935	0.00301333	0.00818317	155	0	155	155	
3.75	4	1	5	2	3	60	9300	61	9455	0.00513195	0.00136047	0.00302338	0.00799253	155	0	155	155	
4	4.25	1	1	1	4	66	10230	66	10230	0.0051836	0.00145428	0.0030593	0.00819503	155	0	155	155	
4	4.25	1	2	4	3	60	9300	60	9300	0.00466848	0.00134878	0.00308653	0.00756541	155	0	155	155	
4	4.25	1	3	3	3	62	9610	61	9455	0.00484828	0.00147062	0.00301093	0.00904141	155	0	155	155	
4	4.25	1	4	6	3	61	9455	61	9455	0.00557247	0.00140666	0.00300313	0.00859402	155	0	155	155	
4	4.25	1	5	2	3	61	9455	60	9300	0.00518594	0.00138113	0.00314402	0.00798313	155	0	155	155	
4.25	4.5	1	1	1	4	63	9765	63	9765	0.0051279	0.00152697	0.00300515	0.00933459	155	0	155	155	
4.25	4.5	1	2	4	3	66	10230	66	10230	0.00528888	0.00167071	0.00308008	0.00980152	155	0	155	155	
4.25	4.5	1	3	3	3	62	9610	62	9610	0.00516286	0.00140944	0.00315565	0.00812013	155	0	155	155	
4.25	4.5	1	4	6	3	62	9610	63	9765	0.00500133	0.00139553	0.00316861	0.00798063	155	0	155	155	
4.25	4.5	1	5	2	3	64	9920	65	10075	0.00536153	0.0015548	0.00300421	0.00930222	155	0	155	155	
4.5	4.75	1	1	1	4	59	9145	58	8990	0.0046076	0.00130459	0.00304131	0.00739825	155	0	155	155	
4.5	4.75	1	2	4	3	61	9455	62	9610	0.00545009	0.00156978	0.0030371	0.00881535	155	0	155	155	
4.5	4.75	1	3	3	3	61	9455	62	9610	0.00498332	0.00148169	0.00301395	0.00821457	155	0	155	155	
4.5	4.75	1	4	6	3	59	9145	58	8990	0.00489158	0.00141641	0.00301321	0.00787531	155	0	155	155	
4.5	4.75	1	5	2	3	61	9455	61	9455	0.00528435	0.00138323	0.00302199	0.00770079	155	0	155	155	
4.75	5	1	1	1	4	65	10075	66	10230	0.00572984	0.00157856	0.00300139	0.00981291	155	0	155	155	
4.75	5	1	2	4	3	62	9610	60	9300	0.00506502	0.0014331	0.00309522	0.00792056	155	0	155	155	
4.75	5	1	3	3	3	67	10385	66	10230	0.00540624	0.00140607	0.00322811	0.00803743	155	0	155	155	
4.75	5	1	4	6	3	61	9455	62	9610	0.00558098	0.00157672	0.00302828	0.00931977	155	0	155	155	
4.75	5	1	5	2	3	63	9765	63	9765	0.00549928	0.00155848	0.00303078	0.00885643	155	0	155	155	
5	5.25	1	1	1	4	65	10075	66	10230	0.00542541	0.00162419	0.00314224	0.00880368	155	0	155	155	
5	5.25	1	2	4	3	67	10385	67	10385	0.00561915	0.00143675	0.00315383	0.0093676	155	0	155	155	
5	5.25	1	3	3	3	60	9300	60	9300	0.0049274	0.00135319	0.00302733	0.00829186	155	0	155	155	
5	5.25	1	4	6	3	60	9300	60	9300	0.00502499	0.00140545	0.0030418	0.00776759	155	0	155	155	
5	5.25	1	5	2	3	67	10385	67	10385	0.00538964	0.00143663	0.00304562	0.00796869	155	0	155	155	
5.25	5.5	1	1	1	4	65	10075	63	9765	0.00498313	0.00155125	0.00300018	0.00794195	155	0	155	155	
5.25	5.5	1	2	4	3	67	10385	67	10385	0.00537554	0.00146321	0.00309662	0.00842255	155	0	155	155	
5.25	5.5	1	3	3	3	63	9765	63	9765	0.00555834	0.00144179	0.00306781	0.00990258	155	0	155	155	
5.25	5.5	1	4	6	3	63	9765	63	9765	0.00536856	0.00153877	0.00311256	0.00880319	155	0	155	155	
5.25	5.5	1	5	2	3	65	10075	65	10075	0.00537551	0.00138921	0.00311837	0.00788186	155	0	155	155	
5.5	5.75	1	1	1	4	65	10075	65	10075	0.00524316	0.00158911	0.0030717	0.00966456	155	0	155	155	
5.5	5.75	1	2	4	3	63	9765	65	10075	0.00504974	0.0015126	0.00308528	0.00796646	155	0	155	155	
5.5	5.75	1	3	3	3	62	9610	61	9455	0.005029	0.00148696	0.00302554	0.00873395	155	0	155	155	
5.5	5.75	1	4	6	3	60	9300	60	9300	0.00531806	0.00166374	0.00314408	0.00891024	155	0	155	155	
5.5	5.75	1	5	2	3	64	9920	65	10075	0.00553579	0.00165875	0.00302709	0.0119185	155	0	155	155	
5.75	6	1	1	1	4	65	10075	65	10075	0.00501752	0.00144814	0.00300401	0.00792739	155	0	155	155	
5.75	6	1	2	4	3	63	9765	62	9610	0.00509477	0.00135356	0.00305894	0.00786918	155	0	155	155	
5.75	6	1	3	3	3	59	9145	59	9145	0.00500601	0.00145102	0.00301254	0.00780242	155	0	155	155	
5.75	6	1	4	6	3	67	10385	67	10385	0.00535178	0.00151591	0.00309748	0.0100792	155	0	155	155	
5.75	6	1	5	2	3	61	9455	60	9300	0.00528893	0.00129774	0.00302093	0.00797259	155	0	155	155	
6	6.25	1	1	1	4	63	9765	64	9920	0.00512024	0.00148091	0.00301791	0.00898239	155	0	155	155	
6	6.25	1	2	4	3	59	9145	60	9300	0.00509216	0.0014761	0.00301804	0.00777444	155	0	155	155	
6	6.25	1	3	3	3	63	9765	65	10075	0.00520655	0.00161487	0.00300125	0.00963786	155	0	155	155	
6	6.25	1	4	6	3	61	9455	60	9300	0.00527418	0.00154588	0.00300189	0.00981762	155	0	155	155	
6	6.25	1	5	2	3	63	9765	63	9765	0.00532084	0.00139071	0.00311301	0.0079024	155	0	155	155	
6.25	6.5	1	1	1	4	63	9765	62	9610	0.00528145	0.00142797	0.00304714	0.00793544	155	0	155	155	
6.25	6.5	1	2	4	3	61	9455	60	9300	0.00493855	0.00140593	0.00304852	0.00799082	155	0	155	155	
6.25	6.5	1	3	3	3	63	9765	62	9610	0.0050011	0.0015601	0.00300335	0.00875295	155	0	155	155	
6.25	6.5	1	4	6	3	63	9765	64	9920	0.00551905	0.00150736	0.00318944	0.00889563	155	0	155	155	
6.25	6.5	1	5	2	3	67	10385	67	10385	0.00575764	0.00146217	0.00304606	0.00886428	155	0	155	155	
6.5	6.75	1	1	1	4	61	9455	61	9455	0.00510523	0.00154644	0.00301755	0.00947361	155	0	155	155	
6.5	6.75	1	2	4	3	63	9765	64	9920	0.00501239	0.0013648	0.003056	0.00787864	155	0	155	155	
6.5	6.75	1	3	3	3	64	9920	64	9920	0.00523306	0.00138623	0.00302901	0.00829694	155	0	155	155	
6.5	6.75	1	4	6	3	61	9455	61	9455	0.00477161	0.00137612	0.00306083	0.00793847	155	0	155	155	
6.5	6.75	1	5	2	3	63	9765	63	9765	0.00534961	0.00146287	0.00308377	0.0079986	155	0	155	155	
6.75	7	1	1	1	4	65	10075	65	10075	0.00536459	0.00152601	0.00300264	0.00799429	155	0	155	155	
6.75	7	1	2	4	3	61	9455	61	9455	0.00521337	0.00157954	0.00302715	0.00796058	155	0	155	155	
6.75	7	1	3	3	3	62	9610	62	9610	0.00513644	0.001447	0.00307276	0.00938445	155	0	155	155	
6.75	7	1	4	6	3	62	9610	61	9455	0.00550215	0.00161214	0.00312569	0.00867468	155	0	155	155	
6.75	7	1	5	2	3	62	9610	62	9610	0.00506398	0.00147969	0.00303516	0.0080965	155	0	155	155	
