% time	cellId	IMSI	RNTI	sinrLinear	componentCarrierId
0.041	1	1	1	10618.7	0
0.081	1	1	1	5545.74	0
0.121	1	1	1	31054.8	0
0.161	1	1	1	15348.6	0
0.201	1	1	1	4074.6	0
0.241	1	1	1	2533.15	0
0.281	1	1	1	2180.11	0
0.321	1	1	1	7210.21	0
0.361	1	1	1	2355.78	0
0.401	1	1	1	2941.19	0
0.441	1	1	1	7181.84	0
0.481	1	1	1	2643.17	0
0.521	1	1	1	3335.89	0
0.561	1	1	1	2694.23	0
0.601	1	1	1	756.183	0
0.641	1	1	1	864.115	0
0.681	1	1	1	1637.99	0
0.721	1	1	1	7035.23	0
0.761	1	1	1	10923.8	0
0.801	1	1	1	11764.9	0
0.841	1	1	1	15770.9	0
0.881	1	1	1	8218.62	0
0.921	1	1	1	7972.24	0
0.961	1	1	1	3370.66	0
1.001	1	1	1	2443.26	0
1.041	1	1	1	4304.77	0
1.081	1	1	1	9563.43	0
1.121	1	1	1	5684.21	0
1.161	1	1	1	2926.53	0
1.201	1	1	1	3594.38	0
1.241	1	1	1	3736.16	0
1.281	1	1	1	4779.96	0
1.321	1	1	1	2524.44	0
1.361	1	1	1	2505.93	0
1.401	1	1	1	5189.49	0
1.441	1	1	1	6781.56	0
1.481	1	1	1	5102.86	0
1.521	1	1	1	7187.08	0
1.561	1	1	1	2385.56	0
1.601	1	1	1	6829.81	0
1.641	1	1	1	7794.68	0
1.681	1	1	1	12337.3	0
1.721	1	1	1	9996.29	0
1.761	1	1	1	4653.27	0
1.801	1	1	1	3272.91	0
1.841	1	1	1	2358.51	0
1.881	1	1	1	2673.44	0
1.921	1	1	1	4295.25	0
1.961	1	1	1	3451.85	0
2.001	1	1	1	4861.44	0
2.041	1	1	1	7119.32	0
2.081	1	1	1	2434.76	0
2.121	1	1	1	6230.9	0
2.161	1	1	1	9666.78	0
2.201	1	1	1	5173.42	0
2.241	1	1	1	7764.65	0
2.281	1	1	1	5026.16	0
2.321	1	1	1	4511.02	0
2.361	1	1	1	2600.82	0
2.401	1	1	1	2519.82	0
2.441	1	1	1	2190.41	0
2.481	1	1	1	2949.52	0
2.521	1	1	1	2025.69	0
2.561	1	1	1	2191.17	0
2.601	1	1	1	2514.07	0
2.641	1	1	1	1984.18	0
2.681	1	1	1	2911.88	0
2.721	1	1	1	3590.51	0
2.761	1	1	1	3350.66	0
2.801	1	1	1	4313.24	0
2.841	1	1	1	4972.76	0
2.881	1	1	1	6724.08	0
2.921	1	1	1	5925.91	0
2.961	1	1	1	2382.02	0
3.001	1	1	1	12968.2	0
3.041	1	1	1	13888.4	0
3.081	1	1	1	3996.04	0
3.121	1	1	1	11909.9	0
3.161	1	1	1	7815.86	0
3.201	1	1	1	7513.23	0
3.241	1	1	1	6145.9	0
3.281	1	1	1	16398.7	0
3.321	1	1	1	28242.1	0
3.361	1	1	1	2788.9	0
3.401	1	1	1	3530.5	0
3.441	1	1	1	7859.93	0
3.481	1	1	1	3107.35	0
3.521	1	1	1	5919.01	0
3.561	1	1	1	18235.7	0
3.601	1	1	1	6171.66	0
3.641	1	1	1	15674.8	0
3.681	1	1	1	32069.4	0
3.721	1	1	1	5270.24	0
3.761	1	1	1	8651.41	0
3.801	1	1	1	7492.26	0
3.841	1	1	1	431.366	0
3.881	1	1	1	1655.03	0
3.921	1	1	1	4791.03	0
3.961	1	1	1	5102.08	0
4.001	1	1	1	11591.7	0
4.041	1	1	1	9480.01	0
4.081	1	1	1	4774.46	0
4.121	1	1	1	3068.51	0
4.161	1	1	1	1919.7	0
4.201	1	1	1	2307.04	0
4.241	1	1	1	8269.57	0
4.281	1	1	1	3451.61	0
4.321	1	1	1	2194.29	0
4.361	1	1	1	12106.5	0
4.401	1	1	1	14980.1	0
4.441	1	1	1	12876.6	0
4.481	1	1	1	8461.81	0
4.521	1	1	1	587.465	0
4.561	1	1	1	4341.56	0
4.601	1	1	1	5199.17	0
4.641	1	1	1	2774.8	0
4.681	1	1	1	3227.22	0
4.721	1	1	1	1297.84	0
4.761	1	1	1	650.3	0
4.801	1	1	1	1959.02	0
4.841	1	1	1	1894.36	0
4.881	1	1	1	4126.77	0
4.921	1	1	1	5573.01	0
4.961	1	1	1	1666.34	0
5.001	1	1	1	6965.84	0
5.041	1	1	1	1955.53	0
5.081	1	1	1	1750.71	0
5.121	1	1	1	698.472	0
5.161	1	1	1	855.256	0
5.201	1	1	1	3286.97	0
5.241	1	1	1	1771.01	0
5.281	1	1	1	5175.57	0
5.321	1	1	1	4777.22	0
5.361	1	1	1	3092.31	0
5.401	1	1	1	7313.81	0
5.441	1	1	1	4653.03	0
5.481	1	1	1	12086.9	0
5.521	1	1	1	30133.7	0
5.561	1	1	1	8661.56	0
5.601	1	1	1	2184.72	0
5.641	1	1	1	8310.2	0
5.681	1	1	1	3431.75	0
5.721	1	1	1	3743.91	0
5.761	1	1	1	2329.2	0
5.801	1	1	1	2295.02	0
5.841	1	1	1	9361.61	0
5.881	1	1	1	4317.17	0
5.921	1	1	1	8634.35	0
5.961	1	1	1	2659.29	0
6.001	1	1	1	2855.67	0
6.041	1	1	1	2660.54	0
6.081	1	1	1	1426.95	0
6.121	1	1	1	4389.76	0
6.161	1	1	1	2401.58	0
6.201	1	1	1	3104.56	0
6.241	1	1	1	14954.3	0
6.281	1	1	1	7711.13	0
6.321	1	1	1	4152.94	0
6.361	1	1	1	4205.61	0
6.401	1	1	1	1206.19	0
6.441	1	1	1	3053.47	0
6.481	1	1	1	11911.9	0
6.521	1	1	1	4929.02	0
6.561	1	1	1	10502.3	0
6.601	1	1	1	2611.24	0
6.641	1	1	1	1356.59	0
6.681	1	1	1	2935.65	0
6.721	1	1	1	2856.98	0
6.761	1	1	1	3124.5	0
6.801	1	1	1	2040.41	0
6.841	1	1	1	3466.83	0
6.881	1	1	1	8134.27	0
6.921	1	1	1	9818.04	0
6.961	1	1	1	20092.8	0
7.001	1	1	1	2292.1	0
7.041	1	1	1	1753.97	0
7.081	1	1	1	1039.24	0
7.121	1	1	1	3006.35	0
7.161	1	1	1	1630.94	0
7.201	1	1	1	1427.4	0
7.241	1	1	1	7023.94	0
7.281	1	1	1	4725.69	0
7.321	1	1	1	9807.02	0
7.361	1	1	1	1529.26	0
7.401	1	1	1	466.232	0
7.441	1	1	1	5099.57	0
7.481	1	1	1	5002.71	0
7.521	1	1	1	7697.53	0
7.561	1	1	1	5662.03	0
7.601	1	1	1	3433.96	0
7.641	1	1	1	4873.63	0
7.681	1	1	1	2399.55	0
7.721	1	1	1	3178	0
7.761	1	1	1	6500.58	0
7.801	1	1	1	1792.48	0
7.841	1	1	1	1375.99	0
7.881	1	1	1	1757.65	0
7.921	1	1	1	1139.07	0
7.961	1	1	1	1629.29	0
8.001	1	1	1	6400.94	0
8.041	1	1	1	44666.2	0
8.081	1	1	1	3175.83	0
8.121	1	1	1	4015.52	0
8.161	1	1	1	31909.6	0
8.201	1	1	1	2213.69	0
8.241	1	1	1	1218.39	0
8.281	1	1	1	3967.56	0
8.321	1	1	1	3638.27	0
8.361	1	1	1	6312.81	0
8.401	1	1	1	22712.3	0
8.441	1	1	1	14782.5	0
8.481	1	1	1	5955.8	0
8.521	1	1	1	20178.2	0
8.561	1	1	1	7199.07	0
8.601	1	1	1	5407.36	0
8.641	1	1	1	4183.62	0
8.681	1	1	1	3560.96	0
8.721	1	1	1	3136.95	0
8.761	1	1	1	2860.62	0
8.801	1	1	1	5234.89	0
8.841	1	1	1	2307.98	0
8.881	1	1	1	3080.52	0
8.921	1	1	1	7712.31	0
8.961	1	1	1	2168.19	0
9.001	1	1	1	4693.77	0
9.041	1	1	1	2087.37	0
9.081	1	1	1	829.381	0
9.121	1	1	1	1225.39	0
9.161	1	1	1	1197.99	0
9.201	1	1	1	1866.89	0
9.241	1	1	1	4975.12	0
9.281	1	1	1	9561.67	0
9.321	1	1	1	19672.8	0
9.361	1	1	1	11384.7	0
9.401	1	1	1	10841.2	0
9.441	1	1	1	1566.21	0
9.481	1	1	1	5271.93	0
9.521	1	1	1	5830.45	0
9.561	1	1	1	3467.79	0
9.601	1	1	1	2014.95	0
9.641	1	1	1	3027.57	0
9.681	1	1	1	3440.86	0
9.721	1	1	1	6634.2	0
9.761	1	1	1	18062.3	0
9.801	1	1	1	6895.63	0
9.841	1	1	1	1969.7	0
9.881	1	1	1	798.711	0
9.921	1	1	1	2834.13	0
9.961	1	1	1	7637.81	0
10.001	1	1	1	2951.5	0
10.041	1	1	1	2024.59	0
10.081	1	1	1	3195.84	0
10.121	1	1	1	8653.36	0
10.161	1	1	1	4481.96	0
10.201	1	1	1	10592.3	0
10.241	1	1	1	5211.37	0
10.281	1	1	1	3649.39	0
10.321	1	1	1	14768.4	0
10.361	1	1	1	6341.54	0
10.401	1	1	1	6131.57	0
10.441	1	1	1	5947.77	0
10.481	1	1	1	6604.95	0
10.521	1	1	1	1921.59	0
10.561	1	1	1	1205.38	0
10.601	1	1	1	3675.23	0
10.641	1	1	1	6282.36	0
10.681	1	1	1	3325.73	0
10.721	1	1	1	4116.68	0
10.761	1	1	1	5878.86	0
10.801	1	1	1	4532.82	0
10.841	1	1	1	12493.7	0
10.881	1	1	1	3640.52	0
10.921	1	1	1	2984.36	0
10.961	1	1	1	10074.8	0
11.001	1	1	1	7044.53	0
11.041	1	1	1	4086.31	0
11.081	1	1	1	15404.8	0
11.121	1	1	1	11448.8	0
11.161	1	1	1	2215.26	0
11.201	1	1	1	2811.39	0
11.241	1	1	1	3356.12	0
11.281	1	1	1	3782.49	0
11.321	1	1	1	3244.62	0
11.361	1	1	1	1476.5	0
11.401	1	1	1	3637.39	0
11.441	1	1	1	8832.74	0
11.481	1	1	1	12204.1	0
11.521	1	1	1	5023.58	0
11.561	1	1	1	5034.32	0
11.601	1	1	1	4030.27	0
11.641	1	1	1	5162.28	0
11.681	1	1	1	5636.07	0
11.721	1	1	1	1834.72	0
11.761	1	1	1	638.356	0
11.801	1	1	1	1889.14	0
11.841	1	1	1	7608.4	0
11.881	1	1	1	17139.9	0
11.921	1	1	1	15170.5	0
11.961	1	1	1	6387.35	0
12.001	1	1	1	12837.9	0
12.041	1	1	1	2940.29	0
12.081	1	1	1	12181.2	0
12.121	1	1	1	6509.51	0
12.161	1	1	1	9105.2	0
12.201	1	1	1	5133.53	0
12.241	1	1	1	1631.25	0
12.281	1	1	1	4343.46	0
12.321	1	1	1	4628.55	0
12.361	1	1	1	2484.48	0
12.401	1	1	1	2598.54	0
12.441	1	1	1	1556.42	0
12.481	1	1	1	3773.79	0
12.521	1	1	1	13404.2	0
12.561	1	1	1	14097.4	0
12.601	1	1	1	1629.39	0
12.641	1	1	1	2451.98	0
12.681	1	1	1	4428.78	0
12.721	1	1	1	3693.57	0
12.761	1	1	1	3331.01	0
12.801	1	1	1	7950.53	0
12.841	1	1	1	5023.3	0
12.881	1	1	1	2836.07	0
12.921	1	1	1	7407.69	0
12.961	1	1	1	3455.48	0
13.001	1	1	1	15815.8	0
13.041	1	1	1	16092.5	0
13.081	1	1	1	7341.15	0
13.121	1	1	1	13683.7	0
13.161	1	1	1	9098.3	0
13.201	1	1	1	2794.19	0
13.241	1	1	1	1175.24	0
13.281	1	1	1	1189.64	0
13.321	1	1	1	3561.57	0
13.361	1	1	1	4917.15	0
13.401	1	1	1	6412.55	0
13.441	1	1	1	6063.11	0
13.481	1	1	1	15629.7	0
13.521	1	1	1	2192.2	0
13.561	1	1	1	6347	0
13.601	1	1	1	3100.56	0
13.641	1	1	1	3369.29	0
13.681	1	1	1	3317.62	0
13.721	1	1	1	488.24	0
13.761	1	1	1	1519.05	0
13.801	1	1	1	7914.69	0
13.841	1	1	1	5633.52	0
13.881	1	1	1	2543.75	0
13.921	1	1	1	9541.42	0
13.961	1	1	1	8429.95	0
14.001	1	1	1	5403.33	0
14.041	1	1	1	4385.9	0
14.081	1	1	1	2498.79	0
14.121	1	1	1	8792.77	0
14.161	1	1	1	14795.7	0
14.201	1	1	1	11160.8	0
14.241	1	1	1	3723.76	0
14.281	1	1	1	9548.26	0
14.321	1	1	1	9227.05	0
14.361	1	1	1	2472.82	0
14.401	1	1	1	2787.82	0
14.441	1	1	1	1191.26	0
14.481	1	1	1	1382.96	0
14.521	1	1	1	18239.5	0
14.561	1	1	1	3698.26	0
14.601	1	1	1	6525.68	0
14.641	1	1	1	7163.45	0
14.681	1	1	1	2617.33	0
14.721	1	1	1	14860.6	0
14.761	1	1	1	15706.6	0
14.801	1	1	1	3908.78	0
14.841	1	1	1	6684.29	0
14.881	1	1	1	1854.12	0
14.921	1	1	1	13801.5	0
14.961	1	1	1	28442.6	0
15.001	1	1	1	6137.63	0
15.041	1	1	1	8664.74	0
15.081	1	1	1	11855.8	0
15.121	1	1	1	13533.1	0
15.161	1	1	1	12714.4	0
15.201	1	1	1	12680.3	0
15.241	1	1	1	9025.47	0
15.281	1	1	1	8798.55	0
15.321	1	1	1	19809.2	0
15.361	1	1	1	7154.11	0
15.401	1	1	1	3669.53	0
15.441	1	1	1	3410.87	0
15.481	1	1	1	3153.69	0
15.521	1	1	1	9387.47	0
15.561	1	1	1	6798.49	0
15.601	1	1	1	9053.52	0
15.641	1	1	1	19697.6	0
15.681	1	1	1	8955.42	0
15.721	1	1	1	3422	0
15.761	1	1	1	2402.62	0
15.801	1	1	1	2380.44	0
15.841	1	1	1	2655.21	0
15.881	1	1	1	5597.49	0
15.921	1	1	1	4961.37	0
15.961	1	1	1	4887.81	0
16.001	1	1	1	3564.67	0
16.041	1	1	1	3152.2	0
16.081	1	1	1	1008.78	0
16.121	1	1	1	7161.45	0
16.161	1	1	1	6511.65	0
16.201	1	1	1	2051.22	0
16.241	1	1	1	3605.24	0
16.281	1	1	1	2805.06	0
16.321	1	1	1	563.148	0
16.361	1	1	1	8204.97	0
16.401	1	1	1	12830.6	0
16.441	1	1	1	25008.8	0
16.481	1	1	1	4413.61	0
16.521	1	1	1	7663.87	0
16.561	1	1	1	12427.8	0
16.601	1	1	1	2577.35	0
16.641	1	1	1	1847.81	0
16.681	1	1	1	585.224	0
16.721	1	1	1	733.515	0
16.761	1	1	1	4101.45	0
16.801	1	1	1	2099.14	0
16.841	1	1	1	3760.16	0
16.881	1	1	1	33089.8	0
16.921	1	1	1	10088.3	0
16.961	1	1	1	6846.58	0
17.001	1	1	1	5942.67	0
17.041	1	1	1	2488.51	0
17.081	1	1	1	6104.63	0
17.121	1	1	1	10938.7	0
17.161	1	1	1	11211.6	0
17.201	1	1	1	11074.2	0
17.241	1	1	1	7928.72	0
17.281	1	1	1	9564.07	0
17.321	1	1	1	3621.19	0
17.361	1	1	1	2254.13	0
17.401	1	1	1	3443.89	0
17.441	1	1	1	4134.02	0
17.481	1	1	1	4178.04	0
17.521	1	1	1	1781.53	0
17.561	1	1	1	5730.71	0
17.601	1	1	1	3731.93	0
17.641	1	1	1	1605.89	0
17.681	1	1	1	4411.36	0
17.721	1	1	1	1453.32	0
17.761	1	1	1	2101.73	0
17.801	1	1	1	3352.92	0
17.841	1	1	1	1615.84	0
17.881	1	1	1	5162.06	0
17.921	1	1	1	8827.78	0
17.961	1	1	1	8535.56	0
18.001	1	1	1	16723.8	0
18.041	1	1	1	20851.3	0
18.081	1	1	1	12088.4	0
18.121	1	1	1	5488.95	0
18.161	1	1	1	9781.22	0
18.201	1	1	1	8760.77	0
18.241	1	1	1	8602.34	0
18.281	1	1	1	39316.9	0
18.321	1	1	1	7052.18	0
18.361	1	1	1	1332.7	0
18.401	1	1	1	2236.19	0
18.441	1	1	1	1760.38	0
18.481	1	1	1	988.75	0
18.521	1	1	1	2125.06	0
18.561	1	1	1	2123.48	0
18.601	1	1	1	4503.14	0
18.641	1	1	1	4745.61	0
18.681	1	1	1	3450.74	0
18.721	1	1	1	8165.44	0
18.761	1	1	1	12254.7	0
18.801	1	1	1	6543.39	0
18.841	1	1	1	9584.56	0
18.881	1	1	1	3634.46	0
18.921	1	1	1	5437.41	0
18.961	1	1	1	12966.7	0
19.001	1	1	1	3762.74	0
19.041	1	1	1	13367.6	0
19.081	1	1	1	5402.46	0
19.121	1	1	1	3150.66	0
19.161	1	1	1	2342.67	0
19.201	1	1	1	1201.59	0
19.241	1	1	1	12421.8	0
19.281	1	1	1	30392	0
19.321	1	1	1	3511.27	0
19.361	1	1	1	3649.3	0
19.401	1	1	1	10675.6	0
19.441	1	1	1	10391	0
19.481	1	1	1	3146.99	0
19.521	1	1	1	1368.09	0
19.561	1	1	1	1342.12	0
19.601	1	1	1	2315.18	0
19.641	1	1	1	2606.92	0
19.681	1	1	1	4822.76	0
19.721	1	1	1	25635.1	0
19.761	1	1	1	4476.03	0
19.801	1	1	1	4728.13	0
19.841	1	1	1	2036.72	0
19.881	1	1	1	2324.25	0
19.921	1	1	1	7596	0
19.961	1	1	1	3722.65	0
20.001	1	1	1	4660.63	0
20.041	1	1	1	2797.4	0
20.081	1	1	1	3078.21	0
20.121	1	1	1	6794.01	0
20.161	1	1	1	942.054	0
20.201	1	1	1	1457.39	0
20.241	1	1	1	3365.73	0
20.281	1	1	1	1548.85	0
20.321	1	1	1	2296.04	0
20.361	1	1	1	2977.36	0
20.401	1	1	1	5545.97	0
20.441	1	1	1	24181.5	0
20.481	1	1	1	13008.8	0
20.521	1	1	1	2204.58	0
20.561	1	1	1	4558.85	0
20.601	1	1	1	3188.4	0
20.641	1	1	1	3992.35	0
20.681	1	1	1	2176.89	0
20.721	1	1	1	1882.55	0
20.761	1	1	1	1273.94	0
20.801	1	1	1	663.49	0
20.841	1	1	1	384.154	0
20.881	1	1	1	3517.33	0
20.921	1	1	1	6933.39	0
20.961	1	1	1	1837.75	0
21.001	1	1	1	5771.53	0
21.041	1	1	1	9444.98	0
21.081	1	1	1	8455.35	0
21.121	1	1	1	7436.49	0
21.161	1	1	1	10531.3	0
21.201	1	1	1	2361.23	0
21.241	1	1	1	3486.32	0
21.281	1	1	1	7159.63	0
21.321	1	1	1	1866.31	0
21.361	1	1	1	1404.81	0
21.401	1	1	1	1502.7	0
21.441	1	1	1	6882.6	0
21.481	1	1	1	5651.41	0
21.521	1	1	1	2248.08	0
21.561	1	1	1	1640	0
21.601	1	1	1	4331.98	0
21.641	1	1	1	3347.77	0
21.681	1	1	1	6345.36	0
21.721	1	1	1	6490.06	0
21.761	1	1	1	6473.83	0
21.801	1	1	1	8801.08	0
21.841	1	1	1	5733.59	0
21.881	1	1	1	13882.6	0
21.921	1	1	1	41966.1	0
21.961	1	1	1	27034.5	0
22.001	1	1	1	7965.42	0
22.041	1	1	1	4340.11	0
22.081	1	1	1	8670.87	0
22.121	1	1	1	5289.33	0
22.161	1	1	1	2884.72	0
22.201	1	1	1	1148.89	0
22.241	1	1	1	1439.68	0
22.281	1	1	1	7526.65	0
22.321	1	1	1	4441.46	0
22.361	1	1	1	3873.39	0
22.401	1	1	1	21021.8	0
22.441	1	1	1	9131.45	0
22.481	1	1	1	4978.66	0
22.521	1	1	1	7712.67	0
22.561	1	1	1	12846.4	0
22.601	1	1	1	2153.17	0
22.641	1	1	1	3739.46	0
22.681	1	1	1	7615.04	0
22.721	1	1	1	4676.59	0
22.761	1	1	1	2343.35	0
22.801	1	1	1	1101.12	0
22.841	1	1	1	2564.34	0
22.881	1	1	1	4644.47	0
22.921	1	1	1	3243.43	0
22.961	1	1	1	2081.51	0
23.001	1	1	1	17944	0
23.041	1	1	1	12559.1	0
23.081	1	1	1	3950.8	0
23.121	1	1	1	1959.18	0
23.161	1	1	1	4821.14	0
23.201	1	1	1	1227.71	0
23.241	1	1	1	3834.48	0
23.281	1	1	1	8548.8	0
23.321	1	1	1	2234.95	0
23.361	1	1	1	3978.85	0
23.401	1	1	1	2390.86	0
23.441	1	1	1	1710.01	0
23.481	1	1	1	5778.45	0
23.521	1	1	1	15589	0
23.561	1	1	1	7244.28	0
23.601	1	1	1	7279.72	0
23.641	1	1	1	3869.92	0
23.681	1	1	1	1430.66	0
23.721	1	1	1	2679.5	0
23.761	1	1	1	1650.58	0
23.801	1	1	1	1377.81	0
23.841	1	1	1	1821.85	0
23.881	1	1	1	1204.68	0
23.921	1	1	1	1408.87	0
23.961	1	1	1	5397.49	0
24.001	1	1	1	7788.08	0
24.041	1	1	1	5992.45	0
24.081	1	1	1	1643.99	0
24.121	1	1	1	1381.68	0
24.161	1	1	1	2061.64	0
24.201	1	1	1	1675.62	0
24.241	1	1	1	2431.33	0
24.281	1	1	1	3333.05	0
24.321	1	1	1	4081.83	0
24.361	1	1	1	7567.08	0
24.401	1	1	1	3196.75	0
24.441	1	1	1	1413.28	0
24.481	1	1	1	1319.24	0
24.521	1	1	1	2600.31	0
24.561	1	1	1	2242.47	0
24.601	1	1	1	1556.28	0
24.641	1	1	1	1923.38	0
24.681	1	1	1	14499.8	0
24.721	1	1	1	4361.3	0
24.761	1	1	1	2271.9	0
24.801	1	1	1	7254.13	0
24.841	1	1	1	2441.48	0
24.881	1	1	1	544.558	0
24.921	1	1	1	2254.56	0
24.961	1	1	1	11467.3	0
25.001	1	1	1	3807.53	0
25.041	1	1	1	10930.1	0
25.081	1	1	1	11440.8	0
25.121	1	1	1	4008.75	0
25.161	1	1	1	7189.54	0
25.201	1	1	1	6757.27	0
25.241	1	1	1	9013.49	0
25.281	1	1	1	18589.5	0
25.321	1	1	1	2848.83	0
25.361	1	1	1	1281.56	0
25.401	1	1	1	560.163	0
25.441	1	1	1	4816.43	0
25.481	1	1	1	5282.45	0
25.521	1	1	1	4012.22	0
25.561	1	1	1	5502.61	0
25.601	1	1	1	3557.39	0
25.641	1	1	1	2163.98	0
25.681	1	1	1	6361.55	0
25.721	1	1	1	4357.66	0
25.761	1	1	1	4795.07	0
25.801	1	1	1	11110.7	0
25.841	1	1	1	8713.39	0
25.881	1	1	1	9088.47	0
25.921	1	1	1	3359.01	0
25.961	1	1	1	2184.51	0
26.001	1	1	1	1216.42	0
26.041	1	1	1	2224.79	0
26.081	1	1	1	8838.37	0
26.121	1	1	1	5647.4	0
26.161	1	1	1	17137.5	0
26.201	1	1	1	2233.29	0
26.241	1	1	1	816.339	0
26.281	1	1	1	19422.9	0
26.321	1	1	1	3411.7	0
26.361	1	1	1	995.143	0
26.401	1	1	1	3790.05	0
26.441	1	1	1	4932.24	0
26.481	1	1	1	5058.98	0
26.521	1	1	1	10860	0
26.561	1	1	1	28295.9	0
26.601	1	1	1	13517.8	0
26.641	1	1	1	4748.82	0
26.681	1	1	1	11257.8	0
26.721	1	1	1	1980.04	0
26.761	1	1	1	2093.87	0
26.801	1	1	1	5347.54	0
26.841	1	1	1	4668.3	0
26.881	1	1	1	11711.8	0
26.921	1	1	1	14529.5	0
26.961	1	1	1	5469.13	0
27.001	1	1	1	4813.49	0
27.041	1	1	1	4571.03	0
27.081	1	1	1	3812.65	0
27.121	1	1	1	3931.25	0
27.161	1	1	1	5892.73	0
27.201	1	1	1	5012.91	0
27.241	1	1	1	4111.99	0
27.281	1	1	1	4369.63	0
27.321	1	1	1	4930.15	0
27.361	1	1	1	3988.37	0
27.401	1	1	1	4469.48	0
27.441	1	1	1	4616.05	0
27.481	1	1	1	4390.77	0
27.521	1	1	1	4035.41	0
27.561	1	1	1	1856.32	0
27.601	1	1	1	3207.29	0
27.641	1	1	1	3450.74	0
27.681	1	1	1	3936.95	0
27.721	1	1	1	2217.14	0
27.761	1	1	1	8444.82	0
27.801	1	1	1	12155	0
27.841	1	1	1	3062.43	0
27.881	1	1	1	8309.11	0
27.921	1	1	1	16669.3	0
27.961	1	1	1	2923.93	0
28.001	1	1	1	3255.15	0
28.041	1	1	1	4803.13	0
28.081	1	1	1	6576.18	0
28.121	1	1	1	2899.57	0
28.161	1	1	1	2585.49	0
28.201	1	1	1	938.823	0
28.241	1	1	1	3505.15	0
28.281	1	1	1	6350.2	0
28.321	1	1	1	5471.8	0
28.361	1	1	1	7353.03	0
28.401	1	1	1	7166.44	0
28.441	1	1	1	15992.2	0
28.481	1	1	1	10722.4	0
28.521	1	1	1	4380.4	0
28.561	1	1	1	5647.52	0
28.601	1	1	1	6959.51	0
28.641	1	1	1	15404	0
28.681	1	1	1	16799.9	0
28.721	1	1	1	8344.76	0
28.761	1	1	1	2108.72	0
28.801	1	1	1	4259.29	0
28.841	1	1	1	5042.35	0
28.881	1	1	1	1629.02	0
28.921	1	1	1	3288.27	0
28.961	1	1	1	2665.5	0
29.001	1	1	1	3863.65	0
29.041	1	1	1	4386.83	0
29.081	1	1	1	5243.64	0
29.121	1	1	1	2884.71	0
29.161	1	1	1	6076.64	0
29.201	1	1	1	2166.23	0
29.241	1	1	1	965.768	0
29.281	1	1	1	3246.57	0
29.321	1	1	1	1664.72	0
29.361	1	1	1	2915.65	0
29.401	1	1	1	4808.75	0
29.441	1	1	1	6230.51	0
29.481	1	1	1	9513.37	0
29.521	1	1	1	25379.8	0
29.561	1	1	1	36048.3	0
29.601	1	1	1	16629.2	0
29.641	1	1	1	3093.32	0
29.681	1	1	1	2905.69	0
29.721	1	1	1	1876.37	0
29.761	1	1	1	2307.83	0
29.801	1	1	1	1973.15	0
29.841	1	1	1	2532.59	0
29.881	1	1	1	5123.26	0
29.921	1	1	1	3277.69	0
29.961	1	1	1	3669.69	0
30.001	1	1	1	7738.09	0
30.041	1	1	1	35888.6	0
30.081	1	1	1	2791.09	0
30.121	1	1	1	1527.63	0
30.161	1	1	1	3957.27	0
30.201	1	1	1	3644.38	0
30.241	1	1	1	5332.97	0
30.281	1	1	1	20355	0
30.321	1	1	1	17999.8	0
30.361	1	1	1	5524.11	0
30.401	1	1	1	2377.71	0
30.441	1	1	1	1128.18	0
30.481	1	1	1	2115.28	0
30.521	1	1	1	2795.29	0
30.561	1	1	1	798.246	0
30.601	1	1	1	3331.18	0
30.641	1	1	1	3175.12	0
30.681	1	1	1	2059.45	0
30.721	1	1	1	3875.87	0
30.761	1	1	1	2366.01	0
30.801	1	1	1	18164.6	0
30.841	1	1	1	2051.72	0
30.881	1	1	1	738.702	0
30.921	1	1	1	2109.35	0
30.961	1	1	1	1301.49	0
31.001	1	1	1	4999.77	0
31.041	1	1	1	16580.7	0
31.081	1	1	1	4925.21	0
31.121	1	1	1	1452.97	0
31.161	1	1	1	6961.53	0
31.201	1	1	1	9208.14	0
31.241	1	1	1	10627.8	0
31.281	1	1	1	5492.55	0
31.321	1	1	1	1416.74	0
31.361	1	1	1	3059.39	0
31.401	1	1	1	8268.92	0
31.441	1	1	1	4506.86	0
31.481	1	1	1	3970.2	0
31.521	1	1	1	8759.8	0
31.561	1	1	1	13875.3	0
31.601	1	1	1	4069.44	0
31.641	1	1	1	4948.55	0
31.681	1	1	1	9094.15	0
31.721	1	1	1	5887.03	0
31.761	1	1	1	4727.84	0
31.801	1	1	1	6733.49	0
31.841	1	1	1	5905.6	0
31.881	1	1	1	5315.72	0
31.921	1	1	1	1875.26	0
31.961	1	1	1	1435.49	0
32.001	1	1	1	2984.27	0
32.041	1	1	1	1938.5	0
32.081	1	1	1	3305.46	0
32.121	1	1	1	3240.84	0
32.161	1	1	1	3008.97	0
32.201	1	1	1	7704.42	0
32.241	1	1	1	3038.12	0
32.281	1	1	1	5541.39	0
32.321	1	1	1	6904.61	0
32.361	1	1	1	2230.15	0
32.401	1	1	1	17923	0
32.441	1	1	1	9802.81	0
32.481	1	1	1	5525.99	0
32.521	1	1	1	1520.26	0
32.561	1	1	1	6188.05	0
32.601	1	1	1	23305.8	0
32.641	1	1	1	7791.86	0
32.681	1	1	1	3921.88	0
32.721	1	1	1	2431.08	0
32.761	1	1	1	3000.03	0
32.801	1	1	1	4397.99	0
32.841	1	1	1	4115.5	0
32.881	1	1	1	2899.23	0
32.921	1	1	1	3009.43	0
32.961	1	1	1	3279.19	0
33.001	1	1	1	14640.8	0
33.041	1	1	1	4374.34	0
33.081	1	1	1	16687.9	0
33.121	1	1	1	6514.43	0
33.161	1	1	1	848.586	0
33.201	1	1	1	2182.32	0
33.241	1	1	1	7501.99	0
33.281	1	1	1	5338.49	0
33.321	1	1	1	22469.8	0
33.361	1	1	1	5128.96	0
33.401	1	1	1	2397.41	0
33.441	1	1	1	5565.5	0
33.481	1	1	1	3819.46	0
33.521	1	1	1	13756.3	0
33.561	1	1	1	2226.81	0
33.601	1	1	1	1058.01	0
33.641	1	1	1	1606.85	0
33.681	1	1	1	4233.33	0
33.721	1	1	1	9382.89	0
33.761	1	1	1	10044.2	0
33.801	1	1	1	4337.02	0
33.841	1	1	1	5230.93	0
33.881	1	1	1	2564.14	0
33.921	1	1	1	637.937	0
33.961	1	1	1	346.552	0
34.001	1	1	1	3290.65	0
34.041	1	1	1	7517.31	0
34.081	1	1	1	16168.5	0
34.121	1	1	1	12746.6	0
34.161	1	1	1	5794.24	0
34.201	1	1	1	3223.34	0
34.241	1	1	1	2826.78	0
34.281	1	1	1	2145.21	0
34.321	1	1	1	4017.46	0
34.361	1	1	1	4470.99	0
34.401	1	1	1	4394.21	0
34.441	1	1	1	6775.62	0
34.481	1	1	1	6494.96	0
34.521	1	1	1	13244.1	0
34.561	1	1	1	3062.65	0
34.601	1	1	1	1899.39	0
34.641	1	1	1	4216.73	0
34.681	1	1	1	4009.78	0
34.721	1	1	1	9050.29	0
34.761	1	1	1	23568.4	0
34.801	1	1	1	4865.53	0
34.841	1	1	1	1273.25	0
34.881	1	1	1	750.326	0
34.921	1	1	1	771.472	0
34.961	1	1	1	311.124	0
35.001	1	1	1	3681.3	0
35.041	1	1	1	2756.09	0
35.081	1	1	1	2982.75	0
35.121	1	1	1	490.845	0
35.161	1	1	1	1121.71	0
35.201	1	1	1	14588.5	0
35.241	1	1	1	1661.22	0
35.281	1	1	1	3393.99	0
35.321	1	1	1	6644.96	0
35.361	1	1	1	3103.82	0
35.401	1	1	1	2417.53	0
35.441	1	1	1	1607.08	0
35.481	1	1	1	3865.93	0
35.521	1	1	1	2304.51	0
35.561	1	1	1	3349.16	0
35.601	1	1	1	6206.84	0
35.641	1	1	1	3376.5	0
35.681	1	1	1	5044.42	0
35.721	1	1	1	821.361	0
35.761	1	1	1	2004.93	0
35.801	1	1	1	11216.7	0
35.841	1	1	1	2557.65	0
35.881	1	1	1	3765.83	0
35.921	1	1	1	8861.99	0
35.961	1	1	1	5476.65	0
36.001	1	1	1	6319.95	0
36.041	1	1	1	7767.8	0
36.081	1	1	1	999.752	0
36.121	1	1	1	1826.45	0
36.161	1	1	1	4684.49	0
36.201	1	1	1	5917.78	0
36.241	1	1	1	14350.2	0
36.281	1	1	1	14092.1	0
36.321	1	1	1	9807.28	0
36.361	1	1	1	2100.12	0
36.401	1	1	1	848.223	0
36.441	1	1	1	793.454	0
36.481	1	1	1	8963.1	0
36.521	1	1	1	2874.37	0
36.561	1	1	1	1581.29	0
36.601	1	1	1	9048.07	0
36.641	1	1	1	3528.71	0
36.681	1	1	1	1047.12	0
36.721	1	1	1	4763.1	0
36.761	1	1	1	4958.47	0
36.801	1	1	1	3959.36	0
36.841	1	1	1	3190.78	0
36.881	1	1	1	3621.6	0
36.921	1	1	1	5016.53	0
36.961	1	1	1	7343.22	0
37.001	1	1	1	5444.16	0
37.041	1	1	1	4305.39	0
37.081	1	1	1	4633.41	0
37.121	1	1	1	4614.34	0
37.161	1	1	1	4476.88	0
37.201	1	1	1	4553.88	0
37.241	1	1	1	4331.99	0
37.281	1	1	1	4512.86	0
37.321	1	1	1	4296.13	0
37.361	1	1	1	4530.53	0
37.401	1	1	1	4733.95	0
37.441	1	1	1	4258.27	0
37.481	1	1	1	4537.71	0
37.521	1	1	1	7388.31	0
37.561	1	1	1	10663.1	0
37.601	1	1	1	1649.27	0
37.641	1	1	1	1767.46	0
37.681	1	1	1	6538.03	0
37.721	1	1	1	1007.64	0
37.761	1	1	1	788.633	0
37.801	1	1	1	5282.4	0
37.841	1	1	1	2861.57	0
37.881	1	1	1	3430.53	0
37.921	1	1	1	5251.53	0
37.961	1	1	1	9700.9	0
38.001	1	1	1	2127.32	0
38.041	1	1	1	1400.49	0
38.081	1	1	1	3189.45	0
38.121	1	1	1	2122.87	0
38.161	1	1	1	3894.15	0
38.201	1	1	1	2919.31	0
38.241	1	1	1	1864.82	0
38.281	1	1	1	2292.31	0
38.321	1	1	1	1715.85	0
38.361	1	1	1	1720.26	0
38.401	1	1	1	1950.97	0
38.441	1	1	1	9073.38	0
38.481	1	1	1	33794.9	0
38.521	1	1	1	2326.25	0
38.561	1	1	1	1164.04	0
38.601	1	1	1	1797.24	0
38.641	1	1	1	2341.56	0
38.681	1	1	1	1842.18	0
38.721	1	1	1	4996.32	0
38.761	1	1	1	4497.67	0
38.801	1	1	1	7002.51	0
38.841	1	1	1	8047.6	0
38.881	1	1	1	3867.42	0
38.921	1	1	1	1369.87	0
38.961	1	1	1	4950.95	0
39.001	1	1	1	4163.36	0
39.041	1	1	1	5674.92	0
39.081	1	1	1	2613.54	0
39.121	1	1	1	4271.5	0
39.161	1	1	1	11657.5	0
39.201	1	1	1	4672.77	0
39.241	1	1	1	10421.5	0
39.281	1	1	1	18276.4	0
39.321	1	1	1	5662.99	0
39.361	1	1	1	11407.2	0
39.401	1	1	1	15778	0
39.441	1	1	1	5400.28	0
39.481	1	1	1	3195.85	0
39.521	1	1	1	464.085	0
39.561	1	1	1	1810.41	0
39.601	1	1	1	6469.91	0
39.641	1	1	1	2278.41	0
39.681	1	1	1	6456.3	0
39.721	1	1	1	6049.61	0
39.761	1	1	1	6037.14	0
39.801	1	1	1	2690.83	0
39.841	1	1	1	1839.26	0
39.881	1	1	1	3040.08	0
39.921	1	1	1	1151.26	0
39.961	1	1	1	3400.49	0
40.001	1	1	1	3256.64	0
40.041	1	1	1	1448.65	0
40.081	1	1	1	6782.88	0
40.121	1	1	1	7530.27	0
40.161	1	1	1	1352.08	0
40.201	1	1	1	5735.72	0
40.241	1	1	1	20819.5	0
