% time	cellId	IMSI	frame	sframe	RNTI	mcsTb1	sizeTb1	mcsTb2	sizeTb2	ccId
0.05	1	1	6	1	1	28	2196	0	0	0
0.075	1	1	8	6	1	28	2196	0	0	0
0.08	1	1	9	1	1	28	2196	0	0	0
0.089	1	1	9	10	1	28	2196	0	0	0
0.111	1	1	12	2	1	28	2196	0	0	0
0.123	1	1	13	4	1	28	2196	0	0	0
0.145	1	1	15	6	1	28	2196	0	0	0
0.191	1	1	20	2	1	28	2196	0	0	0
0.231	1	1	24	2	1	28	2196	0	0	0
0.25	1	1	26	1	1	28	2196	0	0	0
0.28	1	1	29	1	1	28	2196	0	0	0
0.306	1	1	31	7	1	28	2196	0	0	0
0.408	1	1	41	9	1	28	2196	0	0	0
0.437	1	1	44	8	1	28	2196	0	0	0
0.446	1	1	45	7	1	28	2196	0	0	0
0.464	1	1	47	5	1	28	2196	0	0	0
0.475	1	1	48	6	1	28	2196	0	0	0
0.485	1	1	49	6	1	28	2196	0	0	0
0.497	1	1	50	8	1	28	2196	0	0	0
0.52	1	1	53	1	1	28	2196	0	0	0
0.54	1	1	55	1	1	28	2196	0	0	0
0.553	1	1	56	4	1	28	2196	0	0	0
0.567	1	1	57	8	1	28	2196	0	0	0
0.591	1	1	60	2	1	28	2196	0	0	0
0.635	1	1	64	6	1	28	2196	0	0	0
0.661	1	1	67	2	1	28	2196	0	0	0
0.673	1	1	68	4	1	28	2196	0	0	0
0.701	1	1	71	2	1	28	2196	0	0	0
0.732	1	1	74	3	1	28	2196	0	0	0
0.736	1	1	74	7	1	28	2196	0	0	0
0.753	1	1	76	4	1	28	2196	0	0	0
0.765	1	1	77	6	1	28	2196	0	0	0
0.797	1	1	80	8	1	28	2196	0	0	0
0.826	1	1	83	7	1	28	2196	0	0	0
0.849	1	1	85	10	1	28	2196	0	0	0
0.857	1	1	86	8	1	28	2196	0	0	0
0.881	1	1	89	2	1	28	2196	0	0	0
0.914	1	1	92	5	1	28	2196	0	0	0
0.955	1	1	96	6	1	28	2196	0	0	0
0.963	1	1	97	4	1	28	2196	0	0	0
0.97	1	1	98	1	1	28	2196	0	0	0
1.002	1	1	101	3	1	28	2196	0	0	0
1.047	1	1	105	8	1	28	2196	0	0	0
1.075	1	1	108	6	1	28	2196	0	0	0
1.09	1	1	110	1	1	28	2196	0	0	0
1.106	1	1	111	7	1	28	2196	0	0	0
1.122	1	1	113	3	1	28	2196	0	0	0
1.171	1	1	118	2	1	28	2196	0	0	0
1.181	1	1	119	2	1	28	2196	0	0	0
1.213	1	1	122	4	1	28	2196	0	0	0
1.243	1	1	125	4	1	28	2196	0	0	0
1.258	1	1	126	9	1	28	2196	0	0	0
1.263	1	1	127	4	1	28	2196	0	0	0
1.28	1	1	129	1	1	24	1620	0	0	0
1.309	1	1	131	10	1	28	2196	0	0	0
1.324	1	1	133	5	1	28	2196	0	0	0
1.337	1	1	134	8	1	28	2196	0	0	0
1.368	1	1	137	9	1	28	2196	0	0	0
1.386	1	1	139	7	1	28	2196	0	0	0
1.395	1	1	140	6	1	28	2196	0	0	0
1.416	1	1	142	7	1	28	2196	0	0	0
1.432	1	1	144	3	1	28	2196	0	0	0
1.478	1	1	148	9	1	28	2196	0	0	0
1.486	1	1	149	7	1	28	2196	0	0	0
1.509	1	1	151	10	1	28	2196	0	0	0
1.522	1	1	153	3	1	28	2196	0	0	0
1.526	1	1	153	7	1	28	2196	0	0	0
1.543	1	1	155	4	1	28	2196	0	0	0
1.589	1	1	159	10	1	28	2196	0	0	0
1.593	1	1	160	4	1	28	2196	0	0	0
1.658	1	1	166	9	1	28	2196	0	0	0
1.671	1	1	168	2	1	28	2196	0	0	0
1.685	1	1	169	6	1	28	2196	0	0	0
1.709	1	1	171	10	1	28	2196	0	0	0
1.728	1	1	173	9	1	28	2196	0	0	0
1.737	1	1	174	8	1	28	2196	0	0	0
1.768	1	1	177	9	1	28	2196	0	0	0
1.78	1	1	179	1	1	28	2196	0	0	0
1.801	1	1	181	2	1	28	2196	0	0	0
1.848	1	1	185	9	1	28	2196	0	0	0
1.854	1	1	186	5	1	28	2196	0	0	0
1.886	1	1	189	7	1	28	2196	0	0	0
1.915	1	1	192	6	1	28	2196	0	0	0
1.936	1	1	194	7	1	28	2196	0	0	0
1.952	1	1	196	3	1	28	2196	0	0	0
1.977	1	1	198	8	1	28	2196	0	0	0
2.016	1	1	202	7	1	28	2196	0	0	0
2.062	1	1	207	3	1	28	2196	0	0	0
2.07	1	1	208	1	1	28	2196	0	0	0
2.079	1	1	208	10	1	14	775	0	0	0
2.096	1	1	210	7	1	20	1191	0	0	0
2.114	1	1	212	5	1	28	2196	0	0	0
2.137	1	1	214	8	1	28	2196	0	0	0
2.168	1	1	217	9	1	28	2196	0	0	0
2.214	1	1	222	5	1	28	2196	0	0	0
2.224	1	1	223	5	1	28	2196	0	0	0
2.235	1	1	224	6	1	28	2196	0	0	0
2.245	1	1	225	6	1	28	2196	0	0	0
2.264	1	1	227	5	1	28	2196	0	0	0
2.274	1	1	228	5	1	28	2196	0	0	0
2.282	1	1	229	3	1	28	2196	0	0	0
2.297	1	1	230	8	1	28	2196	0	0	0
2.313	1	1	232	4	1	28	2196	0	0	0
2.327	1	1	233	8	1	28	2196	0	0	0
2.344	1	1	235	5	1	28	2196	0	0	0
2.395	1	1	240	6	1	28	2196	0	0	0
2.412	1	1	242	3	1	28	2196	0	0	0
2.427	1	1	243	8	1	28	2196	0	0	0
2.464	1	1	247	5	1	28	2196	0	0	0
2.473	1	1	248	4	1	28	2196	0	0	0
2.489	1	1	249	10	1	28	2196	0	0	0
2.507	1	1	251	8	1	28	2196	0	0	0
2.517	1	1	252	8	1	28	2196	0	0	0
2.524	1	1	253	5	1	28	2196	0	0	0
2.535	1	1	254	6	1	28	2196	0	0	0
2.583	1	1	259	4	1	28	2196	0	0	0
2.587	1	1	259	8	1	28	2196	0	0	0
2.599	1	1	260	10	1	28	2196	0	0	0
2.626	1	1	263	7	1	28	2196	0	0	0
2.637	1	1	264	8	1	28	2196	0	0	0
2.654	1	1	266	5	1	28	2196	0	0	0
2.672	1	1	268	3	1	28	2196	0	0	0
2.718	1	1	272	9	1	28	2196	0	0	0
2.749	1	1	275	10	1	28	2196	0	0	0
2.755	1	1	276	6	1	28	2196	0	0	0
2.78	1	1	279	1	1	28	2196	0	0	0
2.832	1	1	284	3	1	28	2196	0	0	0
2.841	1	1	285	2	1	28	2196	0	0	0
2.869	1	1	287	10	1	28	2196	0	0	0
2.885	1	1	289	6	1	28	2196	0	0	0
2.897	1	1	290	8	1	28	2196	0	0	0
2.909	1	1	291	10	1	28	2196	0	0	0
2.952	1	1	296	3	1	28	2196	0	0	0
2.976	1	1	298	7	1	28	2196	0	0	0
2.992	1	1	300	3	1	28	2196	0	0	0
3.025	1	1	303	6	1	28	2196	0	0	0
3.042	1	1	305	3	1	28	2196	0	0	0
3.056	1	1	306	7	1	28	2196	0	0	0
3.099	1	1	310	10	1	28	2196	0	0	0
3.116	1	1	312	7	1	28	2196	0	0	0
3.125	1	1	313	6	1	28	2196	0	0	0
3.136	1	1	314	7	1	28	2196	0	0	0
3.175	1	1	318	6	1	28	2196	0	0	0
3.179	1	1	318	10	1	28	2196	0	0	0
3.235	1	1	324	6	1	28	2196	0	0	0
3.246	1	1	325	7	1	28	2196	0	0	0
3.279	1	1	328	10	1	28	2196	0	0	0
3.293	1	1	330	4	1	28	2196	0	0	0
3.335	1	1	334	6	1	28	2196	0	0	0
3.344	1	1	335	5	1	28	2196	0	0	0
3.369	1	1	337	10	1	28	2196	0	0	0
3.406	1	1	341	7	1	28	2196	0	0	0
3.419	1	1	342	10	1	28	2196	0	0	0
3.442	1	1	345	3	1	28	2196	0	0	0
3.452	1	1	346	3	1	28	2196	0	0	0
3.457	1	1	346	8	1	28	2196	0	0	0
3.47	1	1	348	1	1	28	2196	0	0	0
3.485	1	1	349	6	1	28	2196	0	0	0
3.5	1	1	351	1	1	28	2196	0	0	0
3.509	1	1	351	10	1	28	2196	0	0	0
3.536	1	1	354	7	1	28	2196	0	0	0
3.557	1	1	356	8	1	28	2196	0	0	0
3.578	1	1	358	9	1	28	2196	0	0	0
3.582	1	1	359	3	1	28	2196	0	0	0
3.587	1	1	359	8	1	28	2196	0	0	0
3.601	1	1	361	2	1	28	2196	0	0	0
3.631	1	1	364	2	1	28	2196	0	0	0
3.666	1	1	367	7	1	28	2196	0	0	0
3.675	1	1	368	6	1	28	2196	0	0	0
3.687	1	1	369	8	1	28	2196	0	0	0
3.701	1	1	371	2	1	28	2196	0	0	0
3.748	1	1	375	9	1	28	2196	0	0	0
3.76	1	1	377	1	1	28	2196	0	0	0
3.778	1	1	378	9	1	28	2196	0	0	0
3.787	1	1	379	8	1	28	2196	0	0	0
3.792	1	1	380	3	1	28	2196	0	0	0
3.797	1	1	380	8	1	28	2196	0	0	0
3.817	1	1	382	8	1	28	2196	0	0	0
3.829	1	1	383	10	1	28	2196	0	0	0
3.868	1	1	387	9	1	28	2196	0	0	0
3.891	1	1	390	2	1	28	2196	0	0	0
3.918	1	1	392	9	1	28	2196	0	0	0
3.935	1	1	394	6	1	28	2196	0	0	0
3.978	1	1	398	9	1	28	2196	0	0	0
4.008	1	1	401	9	1	28	2196	0	0	0
4.063	1	1	407	4	1	28	2196	0	0	0
4.082	1	1	409	3	1	28	2196	0	0	0
4.094	1	1	410	5	1	28	2196	0	0	0
4.106	1	1	411	7	1	28	2196	0	0	0
4.125	1	1	413	6	1	28	2196	0	0	0
4.133	1	1	414	4	1	28	2196	0	0	0
4.144	1	1	415	5	1	28	2196	0	0	0
4.159	1	1	416	10	1	28	2196	0	0	0
4.167	1	1	417	8	1	28	2196	0	0	0
4.199	1	1	420	10	1	28	2196	0	0	0
4.206	1	1	421	7	1	28	2196	0	0	0
4.222	1	1	423	3	1	28	2196	0	0	0
4.239	1	1	424	10	1	28	2196	0	0	0
4.245	1	1	425	6	1	28	2196	0	0	0
4.267	1	1	427	8	1	28	2196	0	0	0
4.286	1	1	429	7	1	28	2196	0	0	0
4.313	1	1	432	4	1	28	2196	0	0	0
4.319	1	1	432	10	1	28	2196	0	0	0
4.335	1	1	434	6	1	28	2196	0	0	0
4.368	1	1	437	9	1	28	2196	0	0	0
4.38	1	1	439	1	1	28	2196	0	0	0
4.394	1	1	440	5	1	28	2196	0	0	0
4.401	1	1	441	2	1	28	2196	0	0	0
4.418	1	1	442	9	1	28	2196	0	0	0
4.435	1	1	444	6	1	28	2196	0	0	0
4.446	1	1	445	7	1	28	2196	0	0	0
4.51	1	1	452	1	1	28	2196	0	0	0
4.525	1	1	453	6	1	28	2196	0	0	0
4.549	1	1	455	10	1	28	2196	0	0	0
4.568	1	1	457	9	1	28	2196	0	0	0
4.581	1	1	459	2	1	28	2196	0	0	0
4.595	1	1	460	6	1	26	1836	0	0	0
4.634	1	1	464	5	1	28	2196	0	0	0
4.663	1	1	467	4	1	28	2196	0	0	0
4.679	1	1	468	10	1	28	2196	0	0	0
4.698	1	1	470	9	1	28	2196	0	0	0
4.705	1	1	471	6	1	20	1191	0	0	0
4.715	1	1	472	6	1	28	2196	0	0	0
4.726	1	1	473	7	1	28	2196	0	0	0
4.759	1	1	476	10	1	28	2196	0	0	0
4.765	1	1	477	6	1	28	2196	0	0	0
4.776	1	1	478	7	1	28	2196	0	0	0
4.786	1	1	479	7	1	28	2196	0	0	0
4.825	1	1	483	6	1	28	2196	0	0	0
4.832	1	1	484	3	1	28	2196	0	0	0
4.861	1	1	487	2	1	28	2196	0	0	0
4.88	1	1	489	1	1	28	2196	0	0	0
4.907	1	1	491	8	1	28	2196	0	0	0
4.923	1	1	493	4	1	28	2196	0	0	0
4.949	1	1	495	10	1	28	2196	0	0	0
4.974	1	1	498	5	1	28	2196	0	0	0
4.99	1	1	500	1	1	28	2196	0	0	0
5.007	1	1	501	8	1	28	2196	0	0	0
5.051	1	1	506	2	1	28	2196	0	0	0
5.062	1	1	507	3	1	28	2196	0	0	0
5.1	1	1	511	1	1	28	2196	0	0	0
5.141	1	1	515	2	1	28	2196	0	0	0
5.208	1	1	521	9	1	18	967	0	0	0
5.222	1	1	523	3	1	28	2196	0	0	0
5.236	1	1	524	7	1	28	2196	0	0	0
5.254	1	1	526	5	1	28	2196	0	0	0
5.28	1	1	529	1	1	28	2196	0	0	0
5.339	1	1	534	10	1	28	2196	0	0	0
5.373	1	1	538	4	1	28	2196	0	0	0
5.383	1	1	539	4	1	28	2196	0	0	0
5.402	1	1	541	3	1	28	2196	0	0	0
5.42	1	1	543	1	1	28	2196	0	0	0
5.44	1	1	545	1	1	28	2196	0	0	0
5.454	1	1	546	5	1	28	2196	0	0	0
5.478	1	1	548	9	1	28	2196	0	0	0
5.5	1	1	551	1	1	28	2196	0	0	0
5.504	1	1	551	5	1	28	2196	0	0	0
5.524	1	1	553	5	1	28	2196	0	0	0
5.534	1	1	554	5	1	28	2196	0	0	0
5.554	1	1	556	5	1	22	1383	0	0	0
5.58	1	1	559	1	1	28	2196	0	0	0
5.612	1	1	562	3	1	28	2196	0	0	0
5.632	1	1	564	3	1	28	2196	0	0	0
5.655	1	1	566	6	1	28	2196	0	0	0
5.682	1	1	569	3	1	28	2196	0	0	0
5.696	1	1	570	7	1	28	2196	0	0	0
5.717	1	1	572	8	1	28	2196	0	0	0
5.744	1	1	575	5	1	28	2196	0	0	0
5.751	1	1	576	2	1	28	2196	0	0	0
5.775	1	1	578	6	1	28	2196	0	0	0
5.782	1	1	579	3	1	28	2196	0	0	0
5.806	1	1	581	7	1	28	2196	0	0	0
5.817	1	1	582	8	1	28	2196	0	0	0
5.825	1	1	583	6	1	28	2196	0	0	0
5.864	1	1	587	5	1	28	2196	0	0	0
5.881	1	1	589	2	1	28	2196	0	0	0
5.9	1	1	591	1	1	28	2196	0	0	0
5.91	1	1	592	1	1	28	2196	0	0	0
5.916	1	1	592	7	1	28	2196	0	0	0
5.921	1	1	593	2	1	28	2196	0	0	0
5.935	1	1	594	6	1	28	2196	0	0	0
5.95	1	1	596	1	1	28	2196	0	0	0
5.963	1	1	597	4	1	28	2196	0	0	0
5.967	1	1	597	8	1	28	2196	0	0	0
6.002	1	1	601	3	1	28	2196	0	0	0
6.029	1	1	603	10	1	28	2196	0	0	0
6.064	1	1	607	5	1	28	2196	0	0	0
6.093	1	1	610	4	1	28	2196	0	0	0
6.112	1	1	612	3	1	28	2196	0	0	0
6.167	1	1	617	8	1	28	2196	0	0	0
6.175	1	1	618	6	1	28	2196	0	0	0
6.199	1	1	620	10	1	28	2196	0	0	0
6.223	1	1	623	4	1	28	2196	0	0	0
6.243	1	1	625	4	1	28	2196	0	0	0
6.279	1	1	628	10	1	28	2196	0	0	0
6.29	1	1	630	1	1	28	2196	0	0	0
6.313	1	1	632	4	1	28	2196	0	0	0
6.322	1	1	633	3	1	28	2196	0	0	0
6.353	1	1	636	4	1	28	2196	0	0	0
6.364	1	1	637	5	1	28	2196	0	0	0
6.382	1	1	639	3	1	28	2196	0	0	0
6.42	1	1	643	1	1	28	2196	0	0	0
6.448	1	1	645	9	1	28	2196	0	0	0
6.469	1	1	647	10	1	28	2196	0	0	0
6.481	1	1	649	2	1	28	2196	0	0	0
6.496	1	1	650	7	1	28	2196	0	0	0
6.525	1	1	653	6	1	28	2196	0	0	0
6.587	1	1	659	8	1	28	2196	0	0	0
6.609	1	1	661	10	1	28	2196	0	0	0
6.62	1	1	663	1	1	28	2196	0	0	0
6.637	1	1	664	8	1	28	2196	0	0	0
6.668	1	1	667	9	1	28	2196	0	0	0
6.694	1	1	670	5	1	28	2196	0	0	0
6.704	1	1	671	5	1	28	2196	0	0	0
6.737	1	1	674	8	1	28	2196	0	0	0
6.775	1	1	678	6	1	28	2196	0	0	0
6.782	1	1	679	3	1	28	2196	0	0	0
6.807	1	1	681	8	1	28	2196	0	0	0
6.818	1	1	682	9	1	28	2196	0	0	0
6.86	1	1	687	1	1	28	2196	0	0	0
6.916	1	1	692	7	1	28	2196	0	0	0
6.921	1	1	693	2	1	28	2196	0	0	0
6.943	1	1	695	4	1	28	2196	0	0	0
6.991	1	1	700	2	1	28	2196	0	0	0
7.004	1	1	701	5	1	28	2196	0	0	0
7.009	1	1	701	10	1	28	2196	0	0	0
7.04	1	1	705	1	1	28	2196	0	0	0
7.12	1	1	713	1	1	28	2196	0	0	0
7.13	1	1	714	1	1	28	2196	0	0	0
7.158	1	1	716	9	1	28	2196	0	0	0
7.182	1	1	719	3	1	28	2196	0	0	0
7.198	1	1	720	9	1	28	2196	0	0	0
7.216	1	1	722	7	1	28	2196	0	0	0
7.222	1	1	723	3	1	28	2196	0	0	0
7.251	1	1	726	2	1	28	2196	0	0	0
7.272	1	1	728	3	1	28	2196	0	0	0
7.285	1	1	729	6	1	28	2196	0	0	0
7.306	1	1	731	7	1	28	2196	0	0	0
7.339	1	1	734	10	1	28	2196	0	0	0
7.352	1	1	736	3	1	28	2196	0	0	0
7.418	1	1	742	9	1	28	2196	0	0	0
7.434	1	1	744	5	1	28	2196	0	0	0
7.47	1	1	748	1	1	28	2196	0	0	0
7.504	1	1	751	5	1	28	2196	0	0	0
7.519	1	1	752	10	1	28	2196	0	0	0
7.535	1	1	754	6	1	28	2196	0	0	0
7.548	1	1	755	9	1	28	2196	0	0	0
7.558	1	1	756	9	1	28	2196	0	0	0
7.588	1	1	759	9	1	28	2196	0	0	0
7.613	1	1	762	4	1	28	2196	0	0	0
7.621	1	1	763	2	1	28	2196	0	0	0
7.624	1	1	763	5	1	28	2196	0	0	0
7.626	1	1	763	7	1	28	2196	0	0	0
7.676	1	1	768	7	1	28	2196	0	0	0
7.692	1	1	770	3	1	28	2196	0	0	0
7.713	1	1	772	4	1	28	2196	0	0	0
7.746	1	1	775	7	1	28	2196	0	0	0
7.755	1	1	776	6	1	28	2196	0	0	0
7.766	1	1	777	7	1	28	2196	0	0	0
7.785	1	1	779	6	1	28	2196	0	0	0
7.835	1	1	784	6	1	28	2196	0	0	0
7.85	1	1	786	1	1	28	2196	0	0	0
7.918	1	1	792	9	1	28	2196	0	0	0
7.923	1	1	793	4	1	28	2196	0	0	0
7.96	1	1	797	1	1	28	2196	0	0	0
7.985	1	1	799	6	1	28	2196	0	0	0
7.995	1	1	800	6	1	28	2196	0	0	0
8.01	1	1	802	1	1	28	2196	0	0	0
8.03	1	1	804	1	1	28	2196	0	0	0
8.048	1	1	805	9	1	28	2196	0	0	0
8.06	1	1	807	1	1	28	2196	0	0	0
8.066	1	1	807	7	1	28	2196	0	0	0
8.117	1	1	812	8	1	28	2196	0	0	0
8.165	1	1	817	6	1	28	2196	0	0	0
8.199	1	1	820	10	1	28	2196	0	0	0
8.215	1	1	822	6	1	28	2196	0	0	0
8.235	1	1	824	6	1	28	2196	0	0	0
8.256	1	1	826	7	1	28	2196	0	0	0
8.281	1	1	829	2	1	28	2196	0	0	0
8.317	1	1	832	8	1	28	2196	0	0	0
8.323	1	1	833	4	1	28	2196	0	0	0
8.378	1	1	838	9	1	28	2196	0	0	0
8.407	1	1	841	8	1	28	2196	0	0	0
8.428	1	1	843	9	1	28	2196	0	0	0
8.445	1	1	845	6	1	28	2196	0	0	0
8.495	1	1	850	6	1	28	2196	0	0	0
8.542	1	1	855	3	1	28	2196	0	0	0
8.55	1	1	856	1	1	28	2196	0	0	0
8.57	1	1	858	1	1	28	2196	0	0	0
8.584	1	1	859	5	1	28	2196	0	0	0
8.602	1	1	861	3	1	28	2196	0	0	0
8.633	1	1	864	4	1	28	2196	0	0	0
8.656	1	1	866	7	1	28	2196	0	0	0
8.682	1	1	869	3	1	28	2196	0	0	0
8.738	1	1	874	9	1	28	2196	0	0	0
8.777	1	1	878	8	1	28	2196	0	0	0
8.784	1	1	879	5	1	28	2196	0	0	0
8.788	1	1	879	9	1	28	2196	0	0	0
8.793	1	1	880	4	1	28	2196	0	0	0
8.815	1	1	882	6	1	28	2196	0	0	0
8.83	1	1	884	1	1	28	2196	0	0	0
8.847	1	1	885	8	1	28	2196	0	0	0
8.874	1	1	888	5	1	28	2196	0	0	0
8.89	1	1	890	1	1	20	1191	0	0	0
8.922	1	1	893	3	1	28	2196	0	0	0
8.928	1	1	893	9	1	28	2196	0	0	0
8.991	1	1	900	2	1	28	2196	0	0	0
9.013	1	1	902	4	1	28	2196	0	0	0
9.045	1	1	905	6	1	28	2196	0	0	0
9.069	1	1	907	10	1	28	2196	0	0	0
9.092	1	1	910	3	1	28	2196	0	0	0
9.119	1	1	912	10	1	28	2196	0	0	0
9.141	1	1	915	2	1	28	2196	0	0	0
9.188	1	1	919	9	1	28	2196	0	0	0
9.191	1	1	920	2	1	28	2196	0	0	0
9.2	1	1	921	1	1	28	2196	0	0	0
9.207	1	1	921	8	1	28	2196	0	0	0
9.218	1	1	922	9	1	28	2196	0	0	0
9.228	1	1	923	9	1	28	2196	0	0	0
9.254	1	1	926	5	1	28	2196	0	0	0
9.269	1	1	927	10	1	28	2196	0	0	0
9.292	1	1	930	3	1	28	2196	0	0	0
9.317	1	1	932	8	1	28	2196	0	0	0
9.326	1	1	933	7	1	28	2196	0	0	0
9.368	1	1	937	9	1	28	2196	0	0	0
9.39	1	1	940	1	1	28	2196	0	0	0
9.402	1	1	941	3	1	28	2196	0	0	0
9.412	1	1	942	3	1	28	2196	0	0	0
9.435	1	1	944	6	1	28	2196	0	0	0
9.47	1	1	948	1	1	28	2196	0	0	0
9.476	1	1	948	7	1	28	2196	0	0	0
9.485	1	1	949	6	1	28	2196	0	0	0
9.509	1	1	951	10	1	28	2196	0	0	0
9.532	1	1	954	3	1	28	2196	0	0	0
9.54	1	1	955	1	1	28	2196	0	0	0
9.552	1	1	956	3	1	28	2196	0	0	0
9.555	1	1	956	6	1	28	2196	0	0	0
9.584	1	1	959	5	1	28	2196	0	0	0
9.628	1	1	963	9	1	28	2196	0	0	0
9.635	1	1	964	6	1	28	2196	0	0	0
9.659	1	1	966	10	1	28	2196	0	0	0
9.675	1	1	968	6	1	28	2196	0	0	0
9.689	1	1	969	10	1	28	2196	0	0	0
9.714	1	1	972	5	1	28	2196	0	0	0
9.758	1	1	976	9	1	28	2196	0	0	0
9.778	1	1	978	9	1	28	2196	0	0	0
9.82	1	1	983	1	1	28	2196	0	0	0
9.828	1	1	983	9	1	26	1836	0	0	0
9.837	1	1	984	8	1	28	2196	0	0	0
9.856	1	1	986	7	1	28	2196	0	0	0
9.879	1	1	988	10	1	28	2196	0	0	0
9.891	1	1	990	2	1	28	2196	0	0	0
9.951	1	1	996	2	1	28	2196	0	0	0
9.976	1	1	998	7	1	28	2196	0	0	0
9.996	1	1	1000	7	1	28	2196	0	0	0
10.044	1	1	1005	5	1	28	2196	0	0	0
10.069	1	1	1007	10	1	28	2196	0	0	0
10.09	1	1	1010	1	1	28	2196	0	0	0
10.131	1	1	1014	2	1	28	2196	0	0	0
10.155	1	1	1016	6	1	28	2196	0	0	0
10.201	1	1	1021	2	1	28	2196	0	0	0
10.212	1	1	1022	3	1	28	2196	0	0	0
10.252	1	1	1026	3	1	28	2196	0	0	0
10.28	1	1	1029	1	1	28	2196	0	0	0
10.3	1	1	1031	1	1	28	2196	0	0	0
10.371	1	1	1038	2	1	28	2196	0	0	0
10.411	1	1	1042	2	1	28	2196	0	0	0
10.425	1	1	1043	6	1	28	2196	0	0	0
10.454	1	1	1046	5	1	28	2196	0	0	0
10.489	1	1	1049	10	1	28	2196	0	0	0
10.508	1	1	1051	9	1	28	2196	0	0	0
10.526	1	1	1053	7	1	28	2196	0	0	0
10.546	1	1	1055	7	1	28	2196	0	0	0
10.554	1	1	1056	5	1	28	2196	0	0	0
10.562	1	1	1057	3	1	28	2196	0	0	0
10.576	1	1	1058	7	1	28	2196	0	0	0
10.613	1	1	1062	4	1	28	2196	0	0	0
10.618	1	1	1062	9	1	28	2196	0	0	0
10.644	1	1	1065	5	1	28	2196	0	0	0
10.654	1	1	1066	5	1	28	2196	0	0	0
10.666	1	1	1067	7	1	28	2196	0	0	0
10.682	1	1	1069	3	1	28	2196	0	0	0
10.704	1	1	1071	5	1	28	2196	0	0	0
10.739	1	1	1074	10	1	28	2196	0	0	0
10.757	1	1	1076	8	1	28	2196	0	0	0
10.785	1	1	1079	6	1	28	2196	0	0	0
10.815	1	1	1082	6	1	28	2196	0	0	0
10.852	1	1	1086	3	1	28	2196	0	0	0
10.892	1	1	1090	3	1	28	2196	0	0	0
10.927	1	1	1093	8	1	28	2196	0	0	0
10.939	1	1	1094	10	1	28	2196	0	0	0
10.95	1	1	1096	1	1	28	2196	0	0	0
10.977	1	1	1098	8	1	28	2196	0	0	0
11	1	1	1101	1	1	28	2196	0	0	0
11.007	1	1	1101	8	1	28	2196	0	0	0
11.012	1	1	1102	3	1	28	2196	0	0	0
11.035	1	1	1104	6	1	28	2196	0	0	0
11.064	1	1	1107	5	1	28	2196	0	0	0
11.08	1	1	1109	1	1	28	2196	0	0	0
11.092	1	1	1110	3	1	28	2196	0	0	0
11.144	1	1	1115	5	1	28	2196	0	0	0
11.186	1	1	1119	7	1	28	2196	0	0	0
11.2	1	1	1121	1	1	28	2196	0	0	0
11.208	1	1	1121	9	1	28	2196	0	0	0
11.212	1	1	1122	3	1	28	2196	0	0	0
11.221	1	1	1123	2	1	28	2196	0	0	0
11.234	1	1	1124	5	1	28	2196	0	0	0
11.249	1	1	1125	10	1	28	2196	0	0	0
11.279	1	1	1128	10	1	28	2196	0	0	0
11.286	1	1	1129	7	1	28	2196	0	0	0
11.29	1	1	1130	1	1	28	2196	0	0	0
11.319	1	1	1132	10	1	28	2196	0	0	0
11.361	1	1	1137	2	1	28	2196	0	0	0
11.377	1	1	1138	8	1	28	2196	0	0	0
11.393	1	1	1140	4	1	28	2196	0	0	0
11.4	1	1	1141	1	1	28	2196	0	0	0
11.427	1	1	1143	8	1	28	2196	0	0	0
11.442	1	1	1145	3	1	28	2196	0	0	0
11.459	1	1	1146	10	1	28	2196	0	0	0
11.505	1	1	1151	6	1	28	2196	0	0	0
11.536	1	1	1154	7	1	28	2196	0	0	0
11.553	1	1	1156	4	1	28	2196	0	0	0
11.572	1	1	1158	3	1	28	2196	0	0	0
11.581	1	1	1159	2	1	28	2196	0	0	0
11.613	1	1	1162	4	1	28	2196	0	0	0
11.633	1	1	1164	4	1	28	2196	0	0	0
11.679	1	1	1168	10	1	28	2196	0	0	0
11.688	1	1	1169	9	1	28	2196	0	0	0
11.704	1	1	1171	5	1	28	2196	0	0	0
11.709	1	1	1171	10	1	28	2196	0	0	0
11.747	1	1	1175	8	1	28	2196	0	0	0
11.76	1	1	1177	1	1	28	2196	0	0	0
11.775	1	1	1178	6	1	28	2196	0	0	0
11.827	1	1	1183	8	1	28	2196	0	0	0
11.831	1	1	1184	2	1	28	2196	0	0	0
11.848	1	1	1185	9	1	28	2196	0	0	0
11.883	1	1	1189	4	1	28	2196	0	0	0
11.901	1	1	1191	2	1	28	2196	0	0	0
11.906	1	1	1191	7	1	28	2196	0	0	0
11.924	1	1	1193	5	1	28	2196	0	0	0
11.943	1	1	1195	4	1	28	2196	0	0	0
11.955	1	1	1196	6	1	28	2196	0	0	0
11.965	1	1	1197	6	1	28	2196	0	0	0
11.988	1	1	1199	9	1	28	2196	0	0	0
12	1	1	1201	1	1	28	2196	0	0	0
12.022	1	1	1203	3	1	28	2196	0	0	0
12.036	1	1	1204	7	1	28	2196	0	0	0
12.041	1	1	1205	2	1	28	2196	0	0	0
12.102	1	1	1211	3	1	28	2196	0	0	0
12.126	1	1	1213	7	1	28	2196	0	0	0
12.157	1	1	1216	8	1	28	2196	0	0	0
12.166	1	1	1217	7	1	28	2196	0	0	0
12.177	1	1	1218	8	1	28	2196	0	0	0
12.213	1	1	1222	4	1	28	2196	0	0	0
12.219	1	1	1222	10	1	28	2196	0	0	0
12.236	1	1	1224	7	1	28	2196	0	0	0
12.254	1	1	1226	5	1	28	2196	0	0	0
12.278	1	1	1228	9	1	28	2196	0	0	0
12.289	1	1	1229	10	1	28	2196	0	0	0
12.337	1	1	1234	8	1	28	2196	0	0	0
12.356	1	1	1236	7	1	28	2196	0	0	0
12.384	1	1	1239	5	1	28	2196	0	0	0
12.413	1	1	1242	4	1	28	2196	0	0	0
12.434	1	1	1244	5	1	28	2196	0	0	0
12.482	1	1	1249	3	1	28	2196	0	0	0
12.509	1	1	1251	10	1	28	2196	0	0	0
12.534	1	1	1254	5	1	28	2196	0	0	0
12.584	1	1	1259	5	1	28	2196	0	0	0
12.611	1	1	1262	2	1	28	2196	0	0	0
12.62	1	1	1263	1	1	28	2196	0	0	0
12.64	1	1	1265	1	1	28	2196	0	0	0
12.673	1	1	1268	4	1	28	2196	0	0	0
12.696	1	1	1270	7	1	28	2196	0	0	0
12.738	1	1	1274	9	1	28	2196	0	0	0
12.748	1	1	1275	9	1	28	2196	0	0	0
12.78	1	1	1279	1	1	28	2196	0	0	0
12.787	1	1	1279	8	1	28	2196	0	0	0
12.79	1	1	1280	1	1	28	2196	0	0	0
12.81	1	1	1282	1	1	28	2196	0	0	0
12.818	1	1	1282	9	1	28	2196	0	0	0
12.827	1	1	1283	8	1	28	2196	0	0	0
12.836	1	1	1284	7	1	28	2196	0	0	0
12.851	1	1	1286	2	1	28	2196	0	0	0
12.873	1	1	1288	4	1	28	2196	0	0	0
12.878	1	1	1288	9	1	28	2196	0	0	0
12.896	1	1	1290	7	1	28	2196	0	0	0
12.937	1	1	1294	8	1	28	2196	0	0	0
12.959	1	1	1296	10	1	28	2196	0	0	0
12.996	1	1	1300	7	1	28	2196	0	0	0
13.006	1	1	1301	7	1	28	2196	0	0	0
13.028	1	1	1303	9	1	28	2196	0	0	0
13.041	1	1	1305	2	1	28	2196	0	0	0
13.064	1	1	1307	5	1	28	2196	0	0	0
13.092	1	1	1310	3	1	28	2196	0	0	0
13.127	1	1	1313	8	1	28	2196	0	0	0
13.144	1	1	1315	5	1	28	2196	0	0	0
13.174	1	1	1318	5	1	28	2196	0	0	0
13.185	1	1	1319	6	1	28	2196	0	0	0
13.22	1	1	1323	1	1	28	2196	0	0	0
13.239	1	1	1324	10	1	28	2196	0	0	0
13.267	1	1	1327	8	1	28	2196	0	0	0
13.297	1	1	1330	8	1	28	2196	0	0	0
13.305	1	1	1331	6	1	28	2196	0	0	0
13.342	1	1	1335	3	1	28	2196	0	0	0
13.347	1	1	1335	8	1	28	2196	0	0	0
13.373	1	1	1338	4	1	28	2196	0	0	0
13.392	1	1	1340	3	1	28	2196	0	0	0
13.411	1	1	1342	2	1	28	2196	0	0	0
13.455	1	1	1346	6	1	28	2196	0	0	0
13.472	1	1	1348	3	1	28	2196	0	0	0
13.502	1	1	1351	3	1	28	2196	0	0	0
13.511	1	1	1352	2	1	28	2196	0	0	0
13.532	1	1	1354	3	1	28	2196	0	0	0
13.57	1	1	1358	1	1	28	2196	0	0	0
13.59	1	1	1360	1	1	28	2196	0	0	0
13.605	1	1	1361	6	1	28	2196	0	0	0
13.633	1	1	1364	4	1	28	2196	0	0	0
13.65	1	1	1366	1	1	28	2196	0	0	0
13.664	1	1	1367	5	1	28	2196	0	0	0
13.68	1	1	1369	1	1	28	2196	0	0	0
13.686	1	1	1369	7	1	28	2196	0	0	0
13.711	1	1	1372	2	1	28	2196	0	0	0
13.734	1	1	1374	5	1	28	2196	0	0	0
13.748	1	1	1375	9	1	28	2196	0	0	0
13.755	1	1	1376	6	1	28	2196	0	0	0
13.792	1	1	1380	3	1	28	2196	0	0	0
13.821	1	1	1383	2	1	28	2196	0	0	0
13.84	1	1	1385	1	1	28	2196	0	0	0
13.851	1	1	1386	2	1	28	2196	0	0	0
13.867	1	1	1387	8	1	28	2196	0	0	0
13.889	1	1	1389	10	1	28	2196	0	0	0
13.895	1	1	1390	6	1	28	2196	0	0	0
13.912	1	1	1392	3	1	28	2196	0	0	0
13.917	1	1	1392	8	1	28	2196	0	0	0
13.97	1	1	1398	1	1	28	2196	0	0	0
13.981	1	1	1399	2	1	28	2196	0	0	0
14.013	1	1	1402	4	1	28	2196	0	0	0
14.021	1	1	1403	2	1	28	2196	0	0	0
14.049	1	1	1405	10	1	28	2196	0	0	0
14.059	1	1	1406	10	1	28	2196	0	0	0
14.083	1	1	1409	4	1	28	2196	0	0	0
14.097	1	1	1410	8	1	28	2196	0	0	0
14.11	1	1	1412	1	1	28	2196	0	0	0
14.121	1	1	1413	2	1	28	2196	0	0	0
14.157	1	1	1416	8	1	28	2196	0	0	0
14.186	1	1	1419	7	1	28	2196	0	0	0
14.206	1	1	1421	7	1	28	2196	0	0	0
14.237	1	1	1424	8	1	28	2196	0	0	0
14.248	1	1	1425	9	1	28	2196	0	0	0
14.271	1	1	1428	2	1	28	2196	0	0	0
14.317	1	1	1432	8	1	28	2196	0	0	0
14.34	1	1	1435	1	1	28	2196	0	0	0
14.363	1	1	1437	4	1	28	2196	0	0	0
14.368	1	1	1437	9	1	28	2196	0	0	0
14.38	1	1	1439	1	1	28	2196	0	0	0
14.424	1	1	1443	5	1	28	2196	0	0	0
14.445	1	1	1445	6	1	28	2196	0	0	0
14.456	1	1	1446	7	1	28	2196	0	0	0
14.475	1	1	1448	6	1	28	2196	0	0	0
14.498	1	1	1450	9	1	28	2196	0	0	0
14.532	1	1	1454	3	1	28	2196	0	0	0
14.558	1	1	1456	9	1	28	2196	0	0	0
14.578	1	1	1458	9	1	28	2196	0	0	0
14.594	1	1	1460	5	1	28	2196	0	0	0
14.609	1	1	1461	10	1	28	2196	0	0	0
14.636	1	1	1464	7	1	28	2196	0	0	0
14.673	1	1	1468	4	1	28	2196	0	0	0
14.686	1	1	1469	7	1	28	2196	0	0	0
14.705	1	1	1471	6	1	28	2196	0	0	0
14.716	1	1	1472	7	1	28	2196	0	0	0
14.721	1	1	1473	2	1	28	2196	0	0	0
14.726	1	1	1473	7	1	28	2196	0	0	0
14.751	1	1	1476	2	1	28	2196	0	0	0
14.761	1	1	1477	2	1	28	2196	0	0	0
14.782	1	1	1479	3	1	24	1620	0	0	0
14.791	1	1	1480	2	1	28	2196	0	0	0
14.8	1	1	1481	1	1	28	2196	0	0	0
14.83	1	1	1484	1	1	28	2196	0	0	0
14.841	1	1	1485	2	1	28	2196	0	0	0
14.847	1	1	1485	8	1	28	2196	0	0	0
14.862	1	1	1487	3	1	28	2196	0	0	0
14.88	1	1	1489	1	1	28	2196	0	0	0
14.896	1	1	1490	7	1	28	2196	0	0	0
14.912	1	1	1492	3	1	28	2196	0	0	0
14.926	1	1	1493	7	1	28	2196	0	0	0
14.929	1	1	1493	10	1	28	2196	0	0	0
14.933	1	1	1494	4	1	28	2196	0	0	0
14.948	1	1	1495	9	1	28	2196	0	0	0
14.971	1	1	1498	2	1	28	2196	0	0	0
15.007	1	1	1501	8	1	28	2196	0	0	0
15.024	1	1	1503	5	1	28	2196	0	0	0
15.037	1	1	1504	8	1	28	2196	0	0	0
15.077	1	1	1508	8	1	28	2196	0	0	0
15.115	1	1	1512	6	1	28	2196	0	0	0
15.169	1	1	1517	10	1	28	2196	0	0	0
15.178	1	1	1518	9	1	28	2196	0	0	0
15.184	1	1	1519	5	1	28	2196	0	0	0
15.202	1	1	1521	3	1	28	2196	0	0	0
15.241	1	1	1525	2	1	28	2196	0	0	0
15.283	1	1	1529	4	1	28	2196	0	0	0
15.295	1	1	1530	6	1	28	2196	0	0	0
15.308	1	1	1531	9	1	28	2196	0	0	0
15.317	1	1	1532	8	1	28	2196	0	0	0
15.331	1	1	1534	2	1	28	2196	0	0	0
15.357	1	1	1536	8	1	28	2196	0	0	0
15.374	1	1	1538	5	1	28	2196	0	0	0
15.392	1	1	1540	3	1	28	2196	0	0	0
15.409	1	1	1541	10	1	28	2196	0	0	0
15.421	1	1	1543	2	1	28	2196	0	0	0
15.447	1	1	1545	8	1	28	2196	0	0	0
15.458	1	1	1546	9	1	24	1620	0	0	0
15.464	1	1	1547	5	1	28	2196	0	0	0
15.481	1	1	1549	2	1	28	2196	0	0	0
15.5	1	1	1551	1	1	28	2196	0	0	0
15.52	1	1	1553	1	1	28	2196	0	0	0
15.538	1	1	1554	9	1	28	2196	0	0	0
15.546	1	1	1555	7	1	28	2196	0	0	0
15.606	1	1	1561	7	1	28	2196	0	0	0
15.63	1	1	1564	1	1	28	2196	0	0	0
15.637	1	1	1564	8	1	28	2196	0	0	0
15.644	1	1	1565	5	1	28	2196	0	0	0
15.685	1	1	1569	6	1	28	2196	0	0	0
15.706	1	1	1571	7	1	28	2196	0	0	0
15.733	1	1	1574	4	1	28	2196	0	0	0
15.757	1	1	1576	8	1	28	2196	0	0	0
15.765	1	1	1577	6	1	28	2196	0	0	0
15.778	1	1	1578	9	1	28	2196	0	0	0
15.833	1	1	1584	4	1	28	2196	0	0	0
15.85	1	1	1586	1	1	28	2196	0	0	0
15.862	1	1	1587	3	1	28	2196	0	0	0
15.902	1	1	1591	3	1	28	2196	0	0	0
15.955	1	1	1596	6	1	28	2196	0	0	0
15.988	1	1	1599	9	1	28	2196	0	0	0
16.015	1	1	1602	6	1	28	2196	0	0	0
16.021	1	1	1603	2	1	28	2196	0	0	0
16.063	1	1	1607	4	1	28	2196	0	0	0
16.085	1	1	1609	6	1	28	2196	0	0	0
16.109	1	1	1611	10	1	28	2196	0	0	0
16.14	1	1	1615	1	1	28	2196	0	0	0
16.172	1	1	1618	3	1	28	2196	0	0	0
16.216	1	1	1622	7	1	28	2196	0	0	0
16.254	1	1	1626	5	1	28	2196	0	0	0
16.298	1	1	1630	9	1	28	2196	0	0	0
16.311	1	1	1632	2	1	28	2196	0	0	0
16.329	1	1	1633	10	1	28	2196	0	0	0
16.334	1	1	1634	5	1	28	2196	0	0	0
16.363	1	1	1637	4	1	28	2196	0	0	0
16.377	1	1	1638	8	1	28	2196	0	0	0
16.385	1	1	1639	6	1	28	2196	0	0	0
16.39	1	1	1640	1	1	28	2196	0	0	0
16.409	1	1	1641	10	1	28	2196	0	0	0
16.422	1	1	1643	3	1	28	2196	0	0	0
16.438	1	1	1644	9	1	28	2196	0	0	0
16.452	1	1	1646	3	1	28	2196	0	0	0
16.481	1	1	1649	2	1	28	2196	0	0	0
16.511	1	1	1652	2	1	28	2196	0	0	0
16.53	1	1	1654	1	1	28	2196	0	0	0
16.586	1	1	1659	7	1	28	2196	0	0	0
16.623	1	1	1663	4	1	28	2196	0	0	0
16.648	1	1	1665	9	1	28	2196	0	0	0
16.675	1	1	1668	6	1	28	2196	0	0	0
16.684	1	1	1669	5	1	28	2196	0	0	0
16.695	1	1	1670	6	1	28	2196	0	0	0
16.738	1	1	1674	9	1	28	2196	0	0	0
16.786	1	1	1679	7	1	28	2196	0	0	0
16.845	1	1	1685	6	1	28	2196	0	0	0
16.866	1	1	1687	7	1	28	2196	0	0	0
16.889	1	1	1689	10	1	28	2196	0	0	0
16.903	1	1	1691	4	1	28	2196	0	0	0
16.915	1	1	1692	6	1	28	2196	0	0	0
16.936	1	1	1694	7	1	28	2196	0	0	0
16.98	1	1	1699	1	1	28	2196	0	0	0
16.989	1	1	1699	10	1	28	2196	0	0	0
17.003	1	1	1701	4	1	28	2196	0	0	0
17.028	1	1	1703	9	1	28	2196	0	0	0
17.049	1	1	1705	10	1	28	2196	0	0	0
17.054	1	1	1706	5	1	28	2196	0	0	0
17.081	1	1	1709	2	1	28	2196	0	0	0
17.152	1	1	1716	3	1	28	2196	0	0	0
17.173	1	1	1718	4	1	28	2196	0	0	0
17.201	1	1	1721	2	1	28	2196	0	0	0
17.212	1	1	1722	3	1	28	2196	0	0	0
17.271	1	1	1728	2	1	28	2196	0	0	0
17.293	1	1	1730	4	1	28	2196	0	0	0
17.303	1	1	1731	4	1	28	2196	0	0	0
17.322	1	1	1733	3	1	28	2196	0	0	0
17.341	1	1	1735	2	1	28	2196	0	0	0
17.347	1	1	1735	8	1	28	2196	0	0	0
17.352	1	1	1736	3	1	28	2196	0	0	0
17.368	1	1	1737	9	1	28	2196	0	0	0
17.403	1	1	1741	4	1	28	2196	0	0	0
17.429	1	1	1743	10	1	28	2196	0	0	0
17.481	1	1	1749	2	1	28	2196	0	0	0
17.49	1	1	1750	1	1	28	2196	0	0	0
17.499	1	1	1750	10	1	28	2196	0	0	0
17.503	1	1	1751	4	1	28	2196	0	0	0
17.524	1	1	1753	5	1	28	2196	0	0	0
17.533	1	1	1754	4	1	28	2196	0	0	0
17.541	1	1	1755	2	1	28	2196	0	0	0
17.55	1	1	1756	1	1	28	2196	0	0	0
17.571	1	1	1758	2	1	28	2196	0	0	0
17.588	1	1	1759	9	1	28	2196	0	0	0
17.601	1	1	1761	2	1	28	2196	0	0	0
17.631	1	1	1764	2	1	28	2196	0	0	0
17.645	1	1	1765	6	1	28	2196	0	0	0
17.672	1	1	1768	3	1	28	2196	0	0	0
17.708	1	1	1771	9	1	28	2196	0	0	0
17.738	1	1	1774	9	1	28	2196	0	0	0
17.779	1	1	1778	10	1	28	2196	0	0	0
17.798	1	1	1780	9	1	28	2196	0	0	0
17.821	1	1	1783	2	1	28	2196	0	0	0
17.854	1	1	1786	5	1	28	2196	0	0	0
17.863	1	1	1787	4	1	28	2196	0	0	0
17.871	1	1	1788	2	1	28	2196	0	0	0
17.896	1	1	1790	7	1	28	2196	0	0	0
17.938	1	1	1794	9	1	28	2196	0	0	0
17.947	1	1	1795	8	1	28	2196	0	0	0
17.955	1	1	1796	6	1	28	2196	0	0	0
17.982	1	1	1799	3	1	28	2196	0	0	0
18.006	1	1	1801	7	1	28	2196	0	0	0
18.02	1	1	1803	1	1	28	2196	0	0	0
18.028	1	1	1803	9	1	28	2196	0	0	0
18.04	1	1	1805	1	1	28	2196	0	0	0
18.054	1	1	1806	5	1	28	2196	0	0	0
18.073	1	1	1808	4	1	28	2196	0	0	0
18.078	1	1	1808	9	1	28	2196	0	0	0
18.082	1	1	1809	3	1	28	2196	0	0	0
18.095	1	1	1810	6	1	28	2196	0	0	0
18.12	1	1	1813	1	1	28	2196	0	0	0
18.144	1	1	1815	5	1	28	2196	0	0	0
18.178	1	1	1818	9	1	28	2196	0	0	0
18.187	1	1	1819	8	1	28	2196	0	0	0
18.193	1	1	1820	4	1	28	2196	0	0	0
18.196	1	1	1820	7	1	28	2196	0	0	0
18.235	1	1	1824	6	1	28	2196	0	0	0
18.251	1	1	1826	2	1	28	2196	0	0	0
18.266	1	1	1827	7	1	28	2196	0	0	0
18.282	1	1	1829	3	1	24	1620	0	0	0
18.306	1	1	1831	7	1	28	2196	0	0	0
18.326	1	1	1833	7	1	28	2196	0	0	0
18.343	1	1	1835	4	1	28	2196	0	0	0
18.356	1	1	1836	7	1	28	2196	0	0	0
18.372	1	1	1838	3	1	28	2196	0	0	0
18.383	1	1	1839	4	1	28	2196	0	0	0
18.413	1	1	1842	4	1	28	2196	0	0	0
18.42	1	1	1843	1	1	28	2196	0	0	0
18.451	1	1	1846	2	1	28	2196	0	0	0
18.456	1	1	1846	7	1	28	2196	0	0	0
18.474	1	1	1848	5	1	28	2196	0	0	0
18.484	1	1	1849	5	1	28	2196	0	0	0
18.514	1	1	1852	5	1	28	2196	0	0	0
18.544	1	1	1855	5	1	28	2196	0	0	0
18.567	1	1	1857	8	1	28	2196	0	0	0
18.605	1	1	1861	6	1	28	2196	0	0	0
18.618	1	1	1862	9	1	28	2196	0	0	0
18.65	1	1	1866	1	1	28	2196	0	0	0
18.666	1	1	1867	7	1	28	2196	0	0	0
18.74	1	1	1875	1	1	28	2196	0	0	0
18.78	1	1	1879	1	1	28	2196	0	0	0
18.788	1	1	1879	9	1	28	2196	0	0	0
18.808	1	1	1881	9	1	28	2196	0	0	0
18.818	1	1	1882	9	1	28	2196	0	0	0
18.846	1	1	1885	7	1	28	2196	0	0	0
18.86	1	1	1887	1	1	28	2196	0	0	0
18.867	1	1	1887	8	1	28	2196	0	0	0
18.902	1	1	1891	3	1	28	2196	0	0	0
18.914	1	1	1892	5	1	28	2196	0	0	0
18.932	1	1	1894	3	1	28	2196	0	0	0
18.94	1	1	1895	1	1	28	2196	0	0	0
18.993	1	1	1900	4	1	28	2196	0	0	0
19.013	1	1	1902	4	1	28	2196	0	0	0
19.029	1	1	1903	10	1	28	2196	0	0	0
19.051	1	1	1906	2	1	28	2196	0	0	0
19.097	1	1	1910	8	1	28	2196	0	0	0
19.131	1	1	1914	2	1	28	2196	0	0	0
19.139	1	1	1914	10	1	28	2196	0	0	0
19.163	1	1	1917	4	1	28	2196	0	0	0
19.216	1	1	1922	7	1	28	2196	0	0	0
19.226	1	1	1923	7	1	28	2196	0	0	0
19.239	1	1	1924	10	1	28	2196	0	0	0
19.259	1	1	1926	10	1	28	2196	0	0	0
19.267	1	1	1927	8	1	26	1836	0	0	0
19.283	1	1	1929	4	1	28	2196	0	0	0
19.298	1	1	1930	9	1	28	2196	0	0	0
19.324	1	1	1933	5	1	28	2196	0	0	0
19.333	1	1	1934	4	1	28	2196	0	0	0
19.342	1	1	1935	3	1	28	2196	0	0	0
19.355	1	1	1936	6	1	28	2196	0	0	0
19.384	1	1	1939	5	1	28	2196	0	0	0
19.429	1	1	1943	10	1	28	2196	0	0	0
19.473	1	1	1948	4	1	28	2196	0	0	0
19.509	1	1	1951	10	1	28	2196	0	0	0
19.519	1	1	1952	10	1	28	2196	0	0	0
19.534	1	1	1954	5	1	28	2196	0	0	0
19.569	1	1	1957	10	1	24	1620	0	0	0
19.573	1	1	1958	4	1	28	2196	0	0	0
19.592	1	1	1960	3	1	28	2196	0	0	0
19.643	1	1	1965	4	1	28	2196	0	0	0
19.677	1	1	1968	8	1	28	2196	0	0	0
19.709	1	1	1971	10	1	28	2196	0	0	0
19.713	1	1	1972	4	1	28	2196	0	0	0
19.724	1	1	1973	5	1	28	2196	0	0	0
19.74	1	1	1975	1	1	28	2196	0	0	0
19.756	1	1	1976	7	1	28	2196	0	0	0
19.791	1	1	1980	2	1	28	2196	0	0	0
19.809	1	1	1981	10	1	28	2196	0	0	0
19.845	1	1	1985	6	1	28	2196	0	0	0
19.865	1	1	1987	6	1	28	2196	0	0	0
19.877	1	1	1988	8	1	28	2196	0	0	0
19.908	1	1	1991	9	1	28	2196	0	0	0
19.917	1	1	1992	8	1	28	2196	0	0	0
19.947	1	1	1995	8	1	28	2196	0	0	0
19.968	1	1	1997	9	1	28	2196	0	0	0
20.077	1	1	2008	8	1	28	2196	0	0	0
20.094	1	1	2010	5	1	28	2196	0	0	0
20.107	1	1	2011	8	1	28	2196	0	0	0
20.132	1	1	2014	3	1	28	2196	0	0	0
20.179	1	1	2018	10	1	28	2196	0	0	0
20.199	1	1	2020	10	1	28	2196	0	0	0
20.22	1	1	2023	1	1	28	2196	0	0	0
20.23	1	1	2024	1	1	28	2196	0	0	0
20.245	1	1	2025	6	1	28	2196	0	0	0
20.323	1	1	2033	4	1	28	2196	0	0	0
20.352	1	1	2036	3	1	28	2196	0	0	0
20.355	1	1	2036	6	1	28	2196	0	0	0
20.365	1	1	2037	6	1	28	2196	0	0	0
20.394	1	1	2040	5	1	28	2196	0	0	0
20.444	1	1	2045	5	1	28	2196	0	0	0
20.449	1	1	2045	10	1	28	2196	0	0	0
20.489	1	1	2049	10	1	28	2196	0	0	0
20.529	1	1	2053	10	1	28	2196	0	0	0
20.536	1	1	2054	7	1	28	2196	0	0	0
20.54	1	1	2055	1	1	28	2196	0	0	0
20.56	1	1	2057	1	1	28	2196	0	0	0
20.569	1	1	2057	10	1	28	2196	0	0	0
20.584	1	1	2059	5	1	28	2196	0	0	0
20.587	1	1	2059	8	1	28	2196	0	0	0
20.608	1	1	2061	9	1	28	2196	0	0	0
20.631	1	1	2064	2	1	28	2196	0	0	0
20.653	1	1	2066	4	1	28	2196	0	0	0
20.668	1	1	2067	9	1	28	2196	0	0	0
20.697	1	1	2070	8	1	28	2196	0	0	0
20.703	1	1	2071	4	1	28	2196	0	0	0
20.713	1	1	2072	4	1	28	2196	0	0	0
20.727	1	1	2073	8	1	28	2196	0	0	0
20.803	1	1	2081	4	1	28	2196	0	0	0
20.833	1	1	2084	4	1	28	2196	0	0	0
20.839	1	1	2084	10	1	28	2196	0	0	0
20.854	1	1	2086	5	1	28	2196	0	0	0
20.865	1	1	2087	6	1	28	2196	0	0	0
20.888	1	1	2089	9	1	28	2196	0	0	0
20.944	1	1	2095	5	1	28	2196	0	0	0
20.961	1	1	2097	2	1	28	2196	0	0	0
20.978	1	1	2098	9	1	28	2196	0	0	0
20.998	1	1	2100	9	1	28	2196	0	0	0
21.026	1	1	2103	7	1	28	2196	0	0	0
21.044	1	1	2105	5	1	28	2196	0	0	0
21.059	1	1	2106	10	1	28	2196	0	0	0
21.089	1	1	2109	10	1	28	2196	0	0	0
21.118	1	1	2112	9	1	28	2196	0	0	0
21.126	1	1	2113	7	1	28	2196	0	0	0
21.153	1	1	2116	4	1	28	2196	0	0	0
21.169	1	1	2117	10	1	28	2196	0	0	0
21.199	1	1	2120	10	1	28	2196	0	0	0
21.225	1	1	2123	6	1	28	2196	0	0	0
21.252	1	1	2126	3	1	28	2196	0	0	0
21.28	1	1	2129	1	1	28	2196	0	0	0
21.298	1	1	2130	9	1	28	2196	0	0	0
21.315	1	1	2132	6	1	28	2196	0	0	0
21.32	1	1	2133	1	1	28	2196	0	0	0
21.336	1	1	2134	7	1	28	2196	0	0	0
21.352	1	1	2136	3	1	28	2196	0	0	0
21.375	1	1	2138	6	1	28	2196	0	0	0
21.412	1	1	2142	3	1	28	2196	0	0	0
21.425	1	1	2143	6	1	28	2196	0	0	0
21.432	1	1	2144	3	1	28	2196	0	0	0
21.453	1	1	2146	4	1	28	2196	0	0	0
21.472	1	1	2148	3	1	28	2196	0	0	0
21.488	1	1	2149	9	1	28	2196	0	0	0
21.516	1	1	2152	7	1	28	2196	0	0	0
21.551	1	1	2156	2	1	28	2196	0	0	0
21.585	1	1	2159	6	1	28	2196	0	0	0
21.595	1	1	2160	6	1	28	2196	0	0	0
21.624	1	1	2163	5	1	28	2196	0	0	0
21.632	1	1	2164	3	1	28	2196	0	0	0
21.651	1	1	2166	2	1	28	2196	0	0	0
21.668	1	1	2167	9	1	28	2196	0	0	0
21.677	1	1	2168	8	1	28	2196	0	0	0
21.682	1	1	2169	3	1	28	2196	0	0	0
21.69	1	1	2170	1	1	28	2196	0	0	0
21.711	1	1	2172	2	1	28	2196	0	0	0
21.718	1	1	2172	9	1	28	2196	0	0	0
21.733	1	1	2174	4	1	28	2196	0	0	0
21.75	1	1	2176	1	1	24	1620	0	0	0
21.772	1	1	2178	3	1	28	2196	0	0	0
21.781	1	1	2179	2	1	28	2196	0	0	0
21.809	1	1	2181	10	1	28	2196	0	0	0
21.827	1	1	2183	8	1	28	2196	0	0	0
21.838	1	1	2184	9	1	28	2196	0	0	0
21.844	1	1	2185	5	1	28	2196	0	0	0
21.885	1	1	2189	6	1	24	1620	0	0	0
21.915	1	1	2192	6	1	24	1620	0	0	0
21.922	1	1	2193	3	1	28	2196	0	0	0
21.931	1	1	2194	2	1	28	2196	0	0	0
21.984	1	1	2199	5	1	28	2196	0	0	0
22.018	1	1	2202	9	1	28	2196	0	0	0
22.022	1	1	2203	3	1	28	2196	0	0	0
22.052	1	1	2206	3	1	28	2196	0	0	0
22.056	1	1	2206	7	1	28	2196	0	0	0
22.078	1	1	2208	9	1	28	2196	0	0	0
22.099	1	1	2210	10	1	28	2196	0	0	0
22.119	1	1	2212	10	1	28	2196	0	0	0
22.165	1	1	2217	6	1	28	2196	0	0	0
22.204	1	1	2221	5	1	28	2196	0	0	0
22.209	1	1	2221	10	1	28	2196	0	0	0
22.249	1	1	2225	10	1	28	2196	0	0	0
22.263	1	1	2227	4	1	28	2196	0	0	0
22.275	1	1	2228	6	1	28	2196	0	0	0
22.291	1	1	2230	2	1	28	2196	0	0	0
22.324	1	1	2233	5	1	28	2196	0	0	0
22.354	1	1	2236	5	1	28	2196	0	0	0
22.36	1	1	2237	1	1	28	2196	0	0	0
22.364	1	1	2237	5	1	28	2196	0	0	0
22.367	1	1	2237	8	1	28	2196	0	0	0
22.391	1	1	2240	2	1	28	2196	0	0	0
22.399	1	1	2240	10	1	28	2196	0	0	0
22.422	1	1	2243	3	1	28	2196	0	0	0
22.437	1	1	2244	8	1	28	2196	0	0	0
22.478	1	1	2248	9	1	28	2196	0	0	0
22.51	1	1	2252	1	1	28	2196	0	0	0
22.521	1	1	2253	2	1	28	2196	0	0	0
22.545	1	1	2255	6	1	28	2196	0	0	0
22.556	1	1	2256	7	1	28	2196	0	0	0
22.569	1	1	2257	10	1	28	2196	0	0	0
22.61	1	1	2262	1	1	28	2196	0	0	0
22.619	1	1	2262	10	1	28	2196	0	0	0
22.635	1	1	2264	6	1	28	2196	0	0	0
22.707	1	1	2271	8	1	28	2196	0	0	0
22.714	1	1	2272	5	1	28	2196	0	0	0
22.723	1	1	2273	4	1	28	2196	0	0	0
22.746	1	1	2275	7	1	28	2196	0	0	0
22.764	1	1	2277	5	1	28	2196	0	0	0
22.778	1	1	2278	9	1	28	2196	0	0	0
22.797	1	1	2280	8	1	28	2196	0	0	0
22.816	1	1	2282	7	1	28	2196	0	0	0
22.867	1	1	2287	8	1	28	2196	0	0	0
22.892	1	1	2290	3	1	28	2196	0	0	0
22.905	1	1	2291	6	1	28	2196	0	0	0
22.946	1	1	2295	7	1	28	2196	0	0	0
22.974	1	1	2298	5	1	28	2196	0	0	0
22.986	1	1	2299	7	1	28	2196	0	0	0
23.013	1	1	2302	4	1	28	2196	0	0	0
23.024	1	1	2303	5	1	28	2196	0	0	0
23.042	1	1	2305	3	1	28	2196	0	0	0
23.072	1	1	2308	3	1	28	2196	0	0	0
23.083	1	1	2309	4	1	28	2196	0	0	0
23.087	1	1	2309	8	1	28	2196	0	0	0
23.119	1	1	2312	10	1	28	2196	0	0	0
23.128	1	1	2313	9	1	28	2196	0	0	0
23.134	1	1	2314	5	1	28	2196	0	0	0
23.165	1	1	2317	6	1	28	2196	0	0	0
23.207	1	1	2321	8	1	28	2196	0	0	0
23.22	1	1	2323	1	1	28	2196	0	0	0
23.236	1	1	2324	7	1	28	2196	0	0	0
23.255	1	1	2326	6	1	28	2196	0	0	0
23.303	1	1	2331	4	1	28	2196	0	0	0
23.339	1	1	2334	10	1	28	2196	0	0	0
23.354	1	1	2336	5	1	28	2196	0	0	0
23.388	1	1	2339	9	1	28	2196	0	0	0
23.408	1	1	2341	9	1	28	2196	0	0	0
23.43	1	1	2344	1	1	28	2196	0	0	0
23.459	1	1	2346	10	1	28	2196	0	0	0
23.478	1	1	2348	9	1	28	2196	0	0	0
23.488	1	1	2349	9	1	28	2196	0	0	0
23.498	1	1	2350	9	1	28	2196	0	0	0
23.508	1	1	2351	9	1	24	1620	0	0	0
23.512	1	1	2352	3	1	28	2196	0	0	0
23.518	1	1	2352	9	1	28	2196	0	0	0
23.53	1	1	2354	1	1	28	2196	0	0	0
23.563	1	1	2357	4	1	28	2196	0	0	0
23.577	1	1	2358	8	1	28	2196	0	0	0
23.586	1	1	2359	7	1	28	2196	0	0	0
23.617	1	1	2362	8	1	28	2196	0	0	0
23.638	1	1	2364	9	1	28	2196	0	0	0
23.643	1	1	2365	4	1	28	2196	0	0	0
23.647	1	1	2365	8	1	28	2196	0	0	0
23.698	1	1	2370	9	1	28	2196	0	0	0
23.715	1	1	2372	6	1	28	2196	0	0	0
23.735	1	1	2374	6	1	28	2196	0	0	0
23.761	1	1	2377	2	1	28	2196	0	0	0
23.77	1	1	2378	1	1	28	2196	0	0	0
23.788	1	1	2379	9	1	28	2196	0	0	0
23.807	1	1	2381	8	1	28	2196	0	0	0
23.825	1	1	2383	6	1	28	2196	0	0	0
23.85	1	1	2386	1	1	28	2196	0	0	0
23.859	1	1	2386	10	1	28	2196	0	0	0
23.921	1	1	2393	2	1	28	2196	0	0	0
23.945	1	1	2395	6	1	28	2196	0	0	0
23.955	1	1	2396	6	1	28	2196	0	0	0
23.967	1	1	2397	8	1	28	2196	0	0	0
23.997	1	1	2400	8	1	28	2196	0	0	0
24.006	1	1	2401	7	1	28	2196	0	0	0
24.062	1	1	2407	3	1	28	2196	0	0	0
24.083	1	1	2409	4	1	28	2196	0	0	0
24.103	1	1	2411	4	1	28	2196	0	0	0
24.124	1	1	2413	5	1	28	2196	0	0	0
24.133	1	1	2414	4	1	28	2196	0	0	0
24.146	1	1	2415	7	1	28	2196	0	0	0
24.158	1	1	2416	9	1	28	2196	0	0	0
24.18	1	1	2419	1	1	28	2196	0	0	0
24.191	1	1	2420	2	1	28	2196	0	0	0
24.222	1	1	2423	3	1	28	2196	0	0	0
24.247	1	1	2425	8	1	28	2196	0	0	0
24.291	1	1	2430	2	1	28	2196	0	0	0
24.3	1	1	2431	1	1	28	2196	0	0	0
24.347	1	1	2435	8	1	28	2196	0	0	0
24.365	1	1	2437	6	1	28	2196	0	0	0
24.378	1	1	2438	9	1	28	2196	0	0	0
24.399	1	1	2440	10	1	28	2196	0	0	0
24.427	1	1	2443	8	1	28	2196	0	0	0
24.475	1	1	2448	6	1	28	2196	0	0	0
24.521	1	1	2453	2	1	20	1191	0	0	0
24.559	1	1	2456	10	1	28	2196	0	0	0
24.592	1	1	2460	3	1	28	2196	0	0	0
24.627	1	1	2463	8	1	28	2196	0	0	0
24.64	1	1	2465	1	1	28	2196	0	0	0
24.659	1	1	2466	10	1	28	2196	0	0	0
24.682	1	1	2469	3	1	28	2196	0	0	0
24.7	1	1	2471	1	1	28	2196	0	0	0
24.729	1	1	2473	10	1	28	2196	0	0	0
24.752	1	1	2476	3	1	28	2196	0	0	0
24.773	1	1	2478	4	1	28	2196	0	0	0
24.781	1	1	2479	2	1	28	2196	0	0	0
24.803	1	1	2481	4	1	28	2196	0	0	0
24.837	1	1	2484	8	1	28	2196	0	0	0
24.842	1	1	2485	3	1	28	2196	0	0	0
24.849	1	1	2485	10	1	28	2196	0	0	0
24.871	1	1	2488	2	1	28	2196	0	0	0
24.9	1	1	2491	1	1	28	2196	0	0	0
24.953	1	1	2496	4	1	28	2196	0	0	0
24.959	1	1	2496	10	1	28	2196	0	0	0
24.986	1	1	2499	7	1	28	2196	0	0	0
24.99	1	1	2500	1	1	28	2196	0	0	0
24.998	1	1	2500	9	1	28	2196	0	0	0
25.01	1	1	2502	1	1	28	2196	0	0	0
25.054	1	1	2506	5	1	28	2196	0	0	0
25.092	1	1	2510	3	1	28	2196	0	0	0
25.112	1	1	2512	3	1	28	2196	0	0	0
25.134	1	1	2514	5	1	28	2196	0	0	0
25.147	1	1	2515	8	1	28	2196	0	0	0
25.164	1	1	2517	5	1	24	1620	0	0	0
25.174	1	1	2518	5	1	28	2196	0	0	0
25.222	1	1	2523	3	1	28	2196	0	0	0
25.259	1	1	2526	10	1	28	2196	0	0	0
25.315	1	1	2532	6	1	28	2196	0	0	0
25.325	1	1	2533	6	1	24	1620	0	0	0
25.352	1	1	2536	3	1	28	2196	0	0	0
25.38	1	1	2539	1	1	28	2196	0	0	0
25.409	1	1	2541	10	1	28	2196	0	0	0
25.422	1	1	2543	3	1	28	2196	0	0	0
25.432	1	1	2544	3	1	28	2196	0	0	0
25.461	1	1	2547	2	1	28	2196	0	0	0
25.475	1	1	2548	6	1	28	2196	0	0	0
25.501	1	1	2551	2	1	28	2196	0	0	0
25.505	1	1	2551	6	1	28	2196	0	0	0
25.526	1	1	2553	7	1	28	2196	0	0	0
25.562	1	1	2557	3	1	28	2196	0	0	0
25.586	1	1	2559	7	1	28	2196	0	0	0
25.602	1	1	2561	3	1	28	2196	0	0	0
25.674	1	1	2568	5	1	28	2196	0	0	0
25.703	1	1	2571	4	1	28	2196	0	0	0
25.745	1	1	2575	6	1	28	2196	0	0	0
25.778	1	1	2578	9	1	28	2196	0	0	0
25.806	1	1	2581	7	1	28	2196	0	0	0
25.81	1	1	2582	1	1	28	2196	0	0	0
25.856	1	1	2586	7	1	28	2196	0	0	0
25.863	1	1	2587	4	1	28	2196	0	0	0
25.871	1	1	2588	2	1	28	2196	0	0	0
25.899	1	1	2590	10	1	28	2196	0	0	0
25.921	1	1	2593	2	1	28	2196	0	0	0
25.958	1	1	2596	9	1	28	2196	0	0	0
25.965	1	1	2597	6	1	28	2196	0	0	0
25.983	1	1	2599	4	1	28	2196	0	0	0
26.068	1	1	2607	9	1	28	2196	0	0	0
26.108	1	1	2611	9	1	28	2196	0	0	0
26.147	1	1	2615	8	1	28	2196	0	0	0
26.193	1	1	2620	4	1	28	2196	0	0	0
26.208	1	1	2621	9	1	28	2196	0	0	0
26.243	1	1	2625	4	1	28	2196	0	0	0
26.261	1	1	2627	2	1	28	2196	0	0	0
26.329	1	1	2633	10	1	28	2196	0	0	0
26.34	1	1	2635	1	1	28	2196	0	0	0
26.359	1	1	2636	10	1	28	2196	0	0	0
26.368	1	1	2637	9	1	28	2196	0	0	0
26.393	1	1	2640	4	1	28	2196	0	0	0
26.45	1	1	2646	1	1	28	2196	0	0	0
26.458	1	1	2646	9	1	28	2196	0	0	0
26.476	1	1	2648	7	1	28	2196	0	0	0
26.494	1	1	2650	5	1	28	2196	0	0	0
26.502	1	1	2651	3	1	28	2196	0	0	0
26.522	1	1	2653	3	1	28	2196	0	0	0
26.54	1	1	2655	1	1	28	2196	0	0	0
26.571	1	1	2658	2	1	28	2196	0	0	0
26.59	1	1	2660	1	1	28	2196	0	0	0
26.604	1	1	2661	5	1	28	2196	0	0	0
26.643	1	1	2665	4	1	28	2196	0	0	0
26.653	1	1	2666	4	1	28	2196	0	0	0
26.674	1	1	2668	5	1	28	2196	0	0	0
26.713	1	1	2672	4	1	28	2196	0	0	0
26.747	1	1	2675	8	1	28	2196	0	0	0
26.771	1	1	2678	2	1	28	2196	0	0	0
26.795	1	1	2680	6	1	28	2196	0	0	0
26.832	1	1	2684	3	1	24	1620	0	0	0
26.861	1	1	2687	2	1	28	2196	0	0	0
26.878	1	1	2688	9	1	28	2196	0	0	0
26.925	1	1	2693	6	1	28	2196	0	0	0
26.945	1	1	2695	6	1	28	2196	0	0	0
26.993	1	1	2700	4	1	28	2196	0	0	0
27.036	1	1	2704	7	1	28	2196	0	0	0
27.043	1	1	2705	4	1	28	2196	0	0	0
27.069	1	1	2707	10	1	28	2196	0	0	0
27.082	1	1	2709	3	1	28	2196	0	0	0
27.116	1	1	2712	7	1	26	1836	0	0	0
27.151	1	1	2716	2	1	28	2196	0	0	0
27.167	1	1	2717	8	1	28	2196	0	0	0
27.176	1	1	2718	7	1	28	2196	0	0	0
27.19	1	1	2720	1	1	28	2196	0	0	0
27.208	1	1	2721	9	1	28	2196	0	0	0
27.232	1	1	2724	3	1	28	2196	0	0	0
27.244	1	1	2725	5	1	28	2196	0	0	0
27.25	1	1	2726	1	1	28	2196	0	0	0
27.263	1	1	2727	4	1	28	2196	0	0	0
27.277	1	1	2728	8	1	28	2196	0	0	0
27.304	1	1	2731	5	1	28	2196	0	0	0
27.343	1	1	2735	4	1	28	2196	0	0	0
27.355	1	1	2736	6	1	28	2196	0	0	0
27.368	1	1	2737	9	1	28	2196	0	0	0
27.403	1	1	2741	4	1	28	2196	0	0	0
27.413	1	1	2742	4	1	28	2196	0	0	0
27.417	1	1	2742	8	1	28	2196	0	0	0
27.435	1	1	2744	6	1	28	2196	0	0	0
27.458	1	1	2746	9	1	28	2196	0	0	0
27.462	1	1	2747	3	1	28	2196	0	0	0
27.482	1	1	2749	3	1	28	2196	0	0	0
27.501	1	1	2751	2	1	28	2196	0	0	0
27.538	1	1	2754	9	1	22	1383	0	0	0
27.558	1	1	2756	9	1	28	2196	0	0	0
27.579	1	1	2758	10	1	28	2196	0	0	0
27.614	1	1	2762	5	1	28	2196	0	0	0
27.625	1	1	2763	6	1	28	2196	0	0	0
27.654	1	1	2766	5	1	28	2196	0	0	0
27.665	1	1	2767	6	1	28	2196	0	0	0
27.692	1	1	2770	3	1	28	2196	0	0	0
27.702	1	1	2771	3	1	28	2196	0	0	0
27.731	1	1	2774	2	1	28	2196	0	0	0
27.746	1	1	2775	7	1	28	2196	0	0	0
27.761	1	1	2777	2	1	28	2196	0	0	0
27.773	1	1	2778	4	1	28	2196	0	0	0
27.801	1	1	2781	2	1	28	2196	0	0	0
27.829	1	1	2783	10	1	28	2196	0	0	0
27.845	1	1	2785	6	1	28	2196	0	0	0
27.862	1	1	2787	3	1	28	2196	0	0	0
27.899	1	1	2790	10	1	28	2196	0	0	0
27.923	1	1	2793	4	1	28	2196	0	0	0
27.946	1	1	2795	7	1	24	1620	0	0	0
27.967	1	1	2797	8	1	28	2196	0	0	0
27.984	1	1	2799	5	1	28	2196	0	0	0
28.003	1	1	2801	4	1	28	2196	0	0	0
28.011	1	1	2802	2	1	28	2196	0	0	0
28.03	1	1	2804	1	1	28	2196	0	0	0
28.053	1	1	2806	4	1	28	2196	0	0	0
28.078	1	1	2808	9	1	28	2196	0	0	0
28.097	1	1	2810	8	1	28	2196	0	0	0
28.112	1	1	2812	3	1	28	2196	0	0	0
28.129	1	1	2813	10	1	28	2196	0	0	0
28.172	1	1	2818	3	1	28	2196	0	0	0
28.189	1	1	2819	10	1	28	2196	0	0	0
28.213	1	1	2822	4	1	28	2196	0	0	0
28.229	1	1	2823	10	1	28	2196	0	0	0
28.267	1	1	2827	8	1	28	2196	0	0	0
28.28	1	1	2829	1	1	28	2196	0	0	0
28.32	1	1	2833	1	1	28	2196	0	0	0
28.337	1	1	2834	8	1	28	2196	0	0	0
28.357	1	1	2836	8	1	28	2196	0	0	0
28.382	1	1	2839	3	1	28	2196	0	0	0
28.43	1	1	2844	1	1	28	2196	0	0	0
28.447	1	1	2845	8	1	28	2196	0	0	0
28.488	1	1	2849	9	1	28	2196	0	0	0
28.513	1	1	2852	4	1	28	2196	0	0	0
28.551	1	1	2856	2	1	28	2196	0	0	0
28.566	1	1	2857	7	1	28	2196	0	0	0
28.58	1	1	2859	1	1	28	2196	0	0	0
28.586	1	1	2859	7	1	28	2196	0	0	0
28.624	1	1	2863	5	1	28	2196	0	0	0
28.636	1	1	2864	7	1	28	2196	0	0	0
28.648	1	1	2865	9	1	28	2196	0	0	0
28.666	1	1	2867	7	1	28	2196	0	0	0
28.691	1	1	2870	2	1	28	2196	0	0	0
28.723	1	1	2873	4	1	28	2196	0	0	0
28.74	1	1	2875	1	1	28	2196	0	0	0
28.768	1	1	2877	9	1	28	2196	0	0	0
28.781	1	1	2879	2	1	28	2196	0	0	0
28.819	1	1	2882	10	1	28	2196	0	0	0
28.825	1	1	2883	6	1	28	2196	0	0	0
28.855	1	1	2886	6	1	28	2196	0	0	0
28.886	1	1	2889	7	1	28	2196	0	0	0
28.902	1	1	2891	3	1	28	2196	0	0	0
28.928	1	1	2893	9	1	28	2196	0	0	0
28.958	1	1	2896	9	1	28	2196	0	0	0
28.984	1	1	2899	5	1	28	2196	0	0	0
29.007	1	1	2901	8	1	28	2196	0	0	0
29.015	1	1	2902	6	1	28	2196	0	0	0
29.086	1	1	2909	7	1	28	2196	0	0	0
29.133	1	1	2914	4	1	28	2196	0	0	0
29.151	1	1	2916	2	1	28	2196	0	0	0
29.16	1	1	2917	1	1	28	2196	0	0	0
29.169	1	1	2917	10	1	28	2196	0	0	0
29.188	1	1	2919	9	1	28	2196	0	0	0
29.194	1	1	2920	5	1	28	2196	0	0	0
29.226	1	1	2923	7	1	28	2196	0	0	0
29.236	1	1	2924	7	1	28	2196	0	0	0
29.266	1	1	2927	7	1	28	2196	0	0	0
29.281	1	1	2929	2	1	24	1620	0	0	0
29.292	1	1	2930	3	1	28	2196	0	0	0
29.302	1	1	2931	3	1	28	2196	0	0	0
29.316	1	1	2932	7	1	28	2196	0	0	0
29.338	1	1	2934	9	1	28	2196	0	0	0
29.361	1	1	2937	2	1	28	2196	0	0	0
29.379	1	1	2938	10	1	28	2196	0	0	0
29.397	1	1	2940	8	1	28	2196	0	0	0
29.405	1	1	2941	6	1	28	2196	0	0	0
29.437	1	1	2944	8	1	24	1620	0	0	0
29.462	1	1	2947	3	1	28	2196	0	0	0
29.48	1	1	2949	1	1	28	2196	0	0	0
29.495	1	1	2950	6	1	28	2196	0	0	0
29.505	1	1	2951	6	1	28	2196	0	0	0
29.515	1	1	2952	6	1	28	2196	0	0	0
29.541	1	1	2955	2	1	28	2196	0	0	0
29.558	1	1	2956	9	1	28	2196	0	0	0
29.563	1	1	2957	4	1	28	2196	0	0	0
29.595	1	1	2960	6	1	28	2196	0	0	0
29.633	1	1	2964	4	1	28	2196	0	0	0
29.662	1	1	2967	3	1	28	2196	0	0	0
29.664	1	1	2967	5	1	28	2196	0	0	0
29.685	1	1	2969	6	1	28	2196	0	0	0
29.698	1	1	2970	9	1	28	2196	0	0	0
29.72	1	1	2973	1	1	28	2196	0	0	0
29.764	1	1	2977	5	1	28	2196	0	0	0
29.779	1	1	2978	10	1	28	2196	0	0	0
29.789	1	1	2979	10	1	28	2196	0	0	0
29.804	1	1	2981	5	1	20	1191	0	0	0
29.836	1	1	2984	7	1	28	2196	0	0	0
29.858	1	1	2986	9	1	28	2196	0	0	0
29.868	1	1	2987	9	1	28	2196	0	0	0
29.926	1	1	2993	7	1	28	2196	0	0	0
29.953	1	1	2996	4	1	28	2196	0	0	0
30.006	1	1	3001	7	1	28	2196	0	0	0
30.057	1	1	3006	8	1	28	2196	0	0	0
30.077	1	1	3008	8	1	28	2196	0	0	0
30.096	1	1	3010	7	1	28	2196	0	0	0
30.153	1	1	3016	4	1	28	2196	0	0	0
30.208	1	1	3021	9	1	28	2196	0	0	0
30.218	1	1	3022	9	1	28	2196	0	0	0
30.261	1	1	3027	2	1	28	2196	0	0	0
30.267	1	1	3027	8	1	28	2196	0	0	0
30.284	1	1	3029	5	1	28	2196	0	0	0
30.3	1	1	3031	1	1	28	2196	0	0	0
30.378	1	1	3038	9	1	28	2196	0	0	0
30.41	1	1	3042	1	1	28	2196	0	0	0
30.439	1	1	3044	10	1	28	2196	0	0	0
30.446	1	1	3045	7	1	28	2196	0	0	0
30.453	1	1	3046	4	1	28	2196	0	0	0
30.459	1	1	3046	10	1	28	2196	0	0	0
30.479	1	1	3048	10	1	28	2196	0	0	0
30.498	1	1	3050	9	1	28	2196	0	0	0
30.53	1	1	3054	1	1	28	2196	0	0	0
30.568	1	1	3057	9	1	28	2196	0	0	0
30.617	1	1	3062	8	1	28	2196	0	0	0
30.644	1	1	3065	5	1	28	2196	0	0	0
30.655	1	1	3066	6	1	28	2196	0	0	0
30.684	1	1	3069	5	1	28	2196	0	0	0
30.691	1	1	3070	2	1	28	2196	0	0	0
30.696	1	1	3070	7	1	28	2196	0	0	0
30.735	1	1	3074	6	1	28	2196	0	0	0
30.764	1	1	3077	5	1	28	2196	0	0	0
30.816	1	1	3082	7	1	28	2196	0	0	0
30.823	1	1	3083	4	1	28	2196	0	0	0
30.853	1	1	3086	4	1	28	2196	0	0	0
30.871	1	1	3088	2	1	28	2196	0	0	0
30.891	1	1	3090	2	1	28	2196	0	0	0
30.906	1	1	3091	7	1	28	2196	0	0	0
30.913	1	1	3092	4	1	28	2196	0	0	0
30.925	1	1	3093	6	1	28	2196	0	0	0
30.976	1	1	3098	7	1	28	2196	0	0	0
30.986	1	1	3099	7	1	28	2196	0	0	0
30.996	1	1	3100	7	1	28	2196	0	0	0
31.01	1	1	3102	1	1	28	2196	0	0	0
31.034	1	1	3104	5	1	28	2196	0	0	0
31.058	1	1	3106	9	1	28	2196	0	0	0
31.065	1	1	3107	6	1	28	2196	0	0	0
31.079	1	1	3108	10	1	28	2196	0	0	0
31.097	1	1	3110	8	1	28	2196	0	0	0
31.113	1	1	3112	4	1	28	2196	0	0	0
31.13	1	1	3114	1	1	28	2196	0	0	0
31.144	1	1	3115	5	1	28	2196	0	0	0
31.155	1	1	3116	6	1	28	2196	0	0	0
31.164	1	1	3117	5	1	28	2196	0	0	0
31.184	1	1	3119	5	1	28	2196	0	0	0
31.194	1	1	3120	5	1	28	2196	0	0	0
31.22	1	1	3123	1	1	28	2196	0	0	0
31.235	1	1	3124	6	1	28	2196	0	0	0
31.306	1	1	3131	7	1	28	2196	0	0	0
31.332	1	1	3134	3	1	28	2196	0	0	0
31.344	1	1	3135	5	1	28	2196	0	0	0
31.363	1	1	3137	4	1	28	2196	0	0	0
31.373	1	1	3138	4	1	28	2196	0	0	0
31.394	1	1	3140	5	1	28	2196	0	0	0
31.406	1	1	3141	7	1	28	2196	0	0	0
31.421	1	1	3143	2	1	28	2196	0	0	0
31.439	1	1	3144	10	1	28	2196	0	0	0
31.45	1	1	3146	1	1	28	2196	0	0	0
31.462	1	1	3147	3	1	28	2196	0	0	0
31.501	1	1	3151	2	1	28	2196	0	0	0
31.531	1	1	3154	2	1	28	2196	0	0	0
31.554	1	1	3156	5	1	28	2196	0	0	0
31.569	1	1	3157	10	1	28	2196	0	0	0
31.583	1	1	3159	4	1	28	2196	0	0	0
31.594	1	1	3160	5	1	28	2196	0	0	0
31.603	1	1	3161	4	1	28	2196	0	0	0
31.627	1	1	3163	8	1	28	2196	0	0	0
31.638	1	1	3164	9	1	28	2196	0	0	0
31.67	1	1	3168	1	1	28	2196	0	0	0
31.681	1	1	3169	2	1	28	2196	0	0	0
31.704	1	1	3171	5	1	28	2196	0	0	0
31.721	1	1	3173	2	1	28	2196	0	0	0
31.741	1	1	3175	2	1	28	2196	0	0	0
31.765	1	1	3177	6	1	28	2196	0	0	0
31.773	1	1	3178	4	1	28	2196	0	0	0
31.796	1	1	3180	7	1	28	2196	0	0	0
31.817	1	1	3182	8	1	28	2196	0	0	0
31.867	1	1	3187	8	1	28	2196	0	0	0
31.887	1	1	3189	8	1	28	2196	0	0	0
31.918	1	1	3192	9	1	28	2196	0	0	0
31.935	1	1	3194	6	1	28	2196	0	0	0
31.946	1	1	3195	7	1	28	2196	0	0	0
31.962	1	1	3197	3	1	28	2196	0	0	0
31.99	1	1	3200	1	1	28	2196	0	0	0
32.008	1	1	3201	9	1	28	2196	0	0	0
32.012	1	1	3202	3	1	28	2196	0	0	0
32.026	1	1	3203	7	1	28	2196	0	0	0
32.038	1	1	3204	9	1	28	2196	0	0	0
32.06	1	1	3207	1	1	28	2196	0	0	0
32.079	1	1	3208	10	1	20	1191	0	0	0
32.082	1	1	3209	3	1	28	2196	0	0	0
32.096	1	1	3210	7	1	28	2196	0	0	0
32.109	1	1	3211	10	1	28	2196	0	0	0
32.121	1	1	3213	2	1	28	2196	0	0	0
32.135	1	1	3214	6	1	28	2196	0	0	0
32.17	1	1	3218	1	1	28	2196	0	0	0
32.181	1	1	3219	2	1	28	2196	0	0	0
32.207	1	1	3221	8	1	28	2196	0	0	0
32.225	1	1	3223	6	1	28	2196	0	0	0
32.254	1	1	3226	5	1	28	2196	0	0	0
32.271	1	1	3228	2	1	28	2196	0	0	0
32.307	1	1	3231	8	1	28	2196	0	0	0
32.36	1	1	3237	1	1	28	2196	0	0	0
32.38	1	1	3239	1	1	28	2196	0	0	0
32.387	1	1	3239	8	1	28	2196	0	0	0
32.412	1	1	3242	3	1	28	2196	0	0	0
32.422	1	1	3243	3	1	28	2196	0	0	0
32.47	1	1	3248	1	1	28	2196	0	0	0
32.517	1	1	3252	8	1	28	2196	0	0	0
32.531	1	1	3254	2	1	28	2196	0	0	0
32.549	1	1	3255	10	1	28	2196	0	0	0
32.568	1	1	3257	9	1	28	2196	0	0	0
32.593	1	1	3260	4	1	28	2196	0	0	0
32.628	1	1	3263	9	1	28	2196	0	0	0
32.658	1	1	3266	9	1	28	2196	0	0	0
32.684	1	1	3269	5	1	28	2196	0	0	0
32.728	1	1	3273	9	1	28	2196	0	0	0
32.77	1	1	3278	1	1	28	2196	0	0	0
32.78	1	1	3279	1	1	28	2196	0	0	0
32.804	1	1	3281	5	1	28	2196	0	0	0
32.832	1	1	3284	3	1	28	2196	0	0	0
32.844	1	1	3285	5	1	28	2196	0	0	0
32.872	1	1	3288	3	1	28	2196	0	0	0
32.919	1	1	3292	10	1	28	2196	0	0	0
32.937	1	1	3294	8	1	28	2196	0	0	0
32.949	1	1	3295	10	1	28	2196	0	0	0
32.977	1	1	3298	8	1	28	2196	0	0	0
32.981	1	1	3299	2	1	28	2196	0	0	0
33.01	1	1	3302	1	1	28	2196	0	0	0
33.016	1	1	3302	7	1	28	2196	0	0	0
33.052	1	1	3306	3	1	28	2196	0	0	0
33.08	1	1	3309	1	1	28	2196	0	0	0
33.087	1	1	3309	8	1	28	2196	0	0	0
33.121	1	1	3313	2	1	28	2196	0	0	0
33.138	1	1	3314	9	1	28	2196	0	0	0
33.196	1	1	3320	7	1	28	2196	0	0	0
33.227	1	1	3323	8	1	28	2196	0	0	0
33.245	1	1	3325	6	1	28	2196	0	0	0
33.261	1	1	3327	2	1	28	2196	0	0	0
33.293	1	1	3330	4	1	28	2196	0	0	0
33.328	1	1	3333	9	1	28	2196	0	0	0
33.369	1	1	3337	10	1	28	2196	0	0	0
33.389	1	1	3339	10	1	28	2196	0	0	0
33.392	1	1	3340	3	1	28	2196	0	0	0
33.405	1	1	3341	6	1	28	2196	0	0	0
33.421	1	1	3343	2	1	28	2196	0	0	0
33.43	1	1	3344	1	1	28	2196	0	0	0
33.444	1	1	3345	5	1	28	2196	0	0	0
33.476	1	1	3348	7	1	28	2196	0	0	0
33.484	1	1	3349	5	1	28	2196	0	0	0
33.495	1	1	3350	6	1	28	2196	0	0	0
33.522	1	1	3353	3	1	28	2196	0	0	0
33.532	1	1	3354	3	1	28	2196	0	0	0
33.552	1	1	3356	3	1	28	2196	0	0	0
33.566	1	1	3357	7	1	28	2196	0	0	0
33.61	1	1	3362	1	1	28	2196	0	0	0
33.618	1	1	3362	9	1	28	2196	0	0	0
33.663	1	1	3367	4	1	28	2196	0	0	0
33.71	1	1	3372	1	1	28	2196	0	0	0
33.734	1	1	3374	5	1	28	2196	0	0	0
33.771	1	1	3378	2	1	28	2196	0	0	0
33.801	1	1	3381	2	1	28	2196	0	0	0
33.819	1	1	3382	10	1	28	2196	0	0	0
33.839	1	1	3384	10	1	24	1620	0	0	0
33.85	1	1	3386	1	1	28	2196	0	0	0
33.861	1	1	3387	2	1	28	2196	0	0	0
33.875	1	1	3388	6	1	28	2196	0	0	0
33.885	1	1	3389	6	1	22	1383	0	0	0
33.897	1	1	3390	8	1	28	2196	0	0	0
33.916	1	1	3392	7	1	28	2196	0	0	0
33.928	1	1	3393	9	1	28	2196	0	0	0
33.945	1	1	3395	6	1	28	2196	0	0	0
33.971	1	1	3398	2	1	28	2196	0	0	0
33.977	1	1	3398	8	1	28	2196	0	0	0
34.021	1	1	3403	2	1	28	2196	0	0	0
34.066	1	1	3407	7	1	28	2196	0	0	0
34.095	1	1	3410	6	1	28	2196	0	0	0
34.13	1	1	3414	1	1	28	2196	0	0	0
34.156	1	1	3416	7	1	28	2196	0	0	0
34.172	1	1	3418	3	1	28	2196	0	0	0
34.201	1	1	3421	2	1	28	2196	0	0	0
34.242	1	1	3425	3	1	28	2196	0	0	0
34.246	1	1	3425	7	1	28	2196	0	0	0
34.268	1	1	3427	9	1	28	2196	0	0	0
34.285	1	1	3429	6	1	28	2196	0	0	0
34.316	1	1	3432	7	1	28	2196	0	0	0
34.337	1	1	3434	8	1	28	2196	0	0	0
34.357	1	1	3436	8	1	28	2196	0	0	0
34.4	1	1	3441	1	1	28	2196	0	0	0
34.411	1	1	3442	2	1	28	2196	0	0	0
34.44	1	1	3445	1	1	28	2196	0	0	0
34.461	1	1	3447	2	1	28	2196	0	0	0
34.472	1	1	3448	3	1	28	2196	0	0	0
34.496	1	1	3450	7	1	28	2196	0	0	0
34.51	1	1	3452	1	1	28	2196	0	0	0
34.532	1	1	3454	3	1	28	2196	0	0	0
34.558	1	1	3456	9	1	28	2196	0	0	0
34.58	1	1	3459	1	1	28	2196	0	0	0
34.589	1	1	3459	10	1	28	2196	0	0	0
34.592	1	1	3460	3	1	28	2196	0	0	0
34.602	1	1	3461	3	1	28	2196	0	0	0
34.614	1	1	3462	5	1	28	2196	0	0	0
34.63	1	1	3464	1	1	28	2196	0	0	0
34.68	1	1	3469	1	1	14	775	0	0	0
34.694	1	1	3470	5	1	22	1383	0	0	0
34.713	1	1	3472	4	1	28	2196	0	0	0
34.718	1	1	3472	9	1	28	2196	0	0	0
34.766	1	1	3477	7	1	28	2196	0	0	0
34.779	1	1	3478	10	1	28	2196	0	0	0
34.804	1	1	3481	5	1	28	2196	0	0	0
34.841	1	1	3485	2	1	28	2196	0	0	0
34.854	1	1	3486	5	1	28	2196	0	0	0
34.882	1	1	3489	3	1	28	2196	0	0	0
34.899	1	1	3490	10	1	28	2196	0	0	0
34.924	1	1	3493	5	1	28	2196	0	0	0
34.955	1	1	3496	6	1	28	2196	0	0	0
34.996	1	1	3500	7	1	28	2196	0	0	0
35.009	1	1	3501	10	1	28	2196	0	0	0
35.021	1	1	3503	2	1	28	2196	0	0	0
35.037	1	1	3504	8	1	28	2196	0	0	0
35.054	1	1	3506	5	1	28	2196	0	0	0
35.075	1	1	3508	6	1	28	2196	0	0	0
35.091	1	1	3510	2	1	28	2196	0	0	0
35.123	1	1	3513	4	1	28	2196	0	0	0
35.148	1	1	3515	9	1	28	2196	0	0	0
35.163	1	1	3517	4	1	28	2196	0	0	0
35.173	1	1	3518	4	1	28	2196	0	0	0
35.205	1	1	3521	6	1	28	2196	0	0	0
35.239	1	1	3524	10	1	28	2196	0	0	0
35.258	1	1	3526	9	1	28	2196	0	0	0
35.282	1	1	3529	3	1	28	2196	0	0	0
35.304	1	1	3531	5	1	20	1191	0	0	0
35.317	1	1	3532	8	1	28	2196	0	0	0
35.327	1	1	3533	8	1	28	2196	0	0	0
35.349	1	1	3535	10	1	28	2196	0	0	0
35.36	1	1	3537	1	1	28	2196	0	0	0
35.376	1	1	3538	7	1	28	2196	0	0	0
35.385	1	1	3539	6	1	20	1191	0	0	0
35.413	1	1	3542	4	1	28	2196	0	0	0
35.458	1	1	3546	9	1	28	2196	0	0	0
35.471	1	1	3548	2	1	28	2196	0	0	0
35.487	1	1	3549	8	1	28	2196	0	0	0
35.53	1	1	3554	1	1	28	2196	0	0	0
35.557	1	1	3556	8	1	28	2196	0	0	0
35.583	1	1	3559	4	1	28	2196	0	0	0
35.62	1	1	3563	1	1	28	2196	0	0	0
35.634	1	1	3564	5	1	28	2196	0	0	0
35.647	1	1	3565	8	1	28	2196	0	0	0
35.697	1	1	3570	8	1	28	2196	0	0	0
35.716	1	1	3572	7	1	28	2196	0	0	0
35.732	1	1	3574	3	1	28	2196	0	0	0
35.759	1	1	3576	10	1	28	2196	0	0	0
35.798	1	1	3580	9	1	28	2196	0	0	0
35.818	1	1	3582	9	1	28	2196	0	0	0
35.83	1	1	3584	1	1	28	2196	0	0	0
35.837	1	1	3584	8	1	28	2196	0	0	0
35.852	1	1	3586	3	1	22	1383	0	0	0
35.872	1	1	3588	3	1	28	2196	0	0	0
35.9	1	1	3591	1	1	28	2196	0	0	0
35.915	1	1	3592	6	1	28	2196	0	0	0
35.92	1	1	3593	1	1	28	2196	0	0	0
35.929	1	1	3593	10	1	28	2196	0	0	0
35.967	1	1	3597	8	1	28	2196	0	0	0
35.985	1	1	3599	6	1	28	2196	0	0	0
36.023	1	1	3603	4	1	28	2196	0	0	0
36.033	1	1	3604	4	1	28	2196	0	0	0
36.044	1	1	3605	5	1	28	2196	0	0	0
36.104	1	1	3611	5	1	28	2196	0	0	0
36.134	1	1	3614	5	1	28	2196	0	0	0
36.15	1	1	3616	1	1	28	2196	0	0	0
36.163	1	1	3617	4	1	28	2196	0	0	0
36.184	1	1	3619	5	1	28	2196	0	0	0
36.238	1	1	3624	9	1	28	2196	0	0	0
36.273	1	1	3628	4	1	28	2196	0	0	0
36.283	1	1	3629	4	1	28	2196	0	0	0
36.315	1	1	3632	6	1	28	2196	0	0	0
36.334	1	1	3634	5	1	26	1836	0	0	0
36.344	1	1	3635	5	1	28	2196	0	0	0
36.379	1	1	3638	10	1	28	2196	0	0	0
36.415	1	1	3642	6	1	28	2196	0	0	0
36.434	1	1	3644	5	1	28	2196	0	0	0
36.471	1	1	3648	2	1	28	2196	0	0	0
36.489	1	1	3649	10	1	28	2196	0	0	0
36.51	1	1	3652	1	1	28	2196	0	0	0
36.518	1	1	3652	9	1	28	2196	0	0	0
36.546	1	1	3655	7	1	28	2196	0	0	0
36.551	1	1	3656	2	1	28	2196	0	0	0
36.592	1	1	3660	3	1	28	2196	0	0	0
36.601	1	1	3661	2	1	28	2196	0	0	0
36.636	1	1	3664	7	1	28	2196	0	0	0
36.648	1	1	3665	9	1	28	2196	0	0	0
36.653	1	1	3666	4	1	28	2196	0	0	0
36.692	1	1	3670	3	1	28	2196	0	0	0
36.714	1	1	3672	5	1	28	2196	0	0	0
36.72	1	1	3673	1	1	28	2196	0	0	0
36.735	1	1	3674	6	1	28	2196	0	0	0
36.743	1	1	3675	4	1	28	2196	0	0	0
36.77	1	1	3678	1	1	28	2196	0	0	0
36.817	1	1	3682	8	1	28	2196	0	0	0
36.847	1	1	3685	8	1	28	2196	0	0	0
36.871	1	1	3688	2	1	28	2196	0	0	0
36.881	1	1	3689	2	1	28	2196	0	0	0
36.897	1	1	3690	8	1	28	2196	0	0	0
36.907	1	1	3691	8	1	28	2196	0	0	0
36.94	1	1	3695	1	1	28	2196	0	0	0
36.95	1	1	3696	1	1	28	2196	0	0	0
36.987	1	1	3699	8	1	28	2196	0	0	0
37.013	1	1	3702	4	1	28	2196	0	0	0
37.018	1	1	3702	9	1	28	2196	0	0	0
37.06	1	1	3707	1	1	28	2196	0	0	0
37.072	1	1	3708	3	1	28	2196	0	0	0
37.08	1	1	3709	1	1	28	2196	0	0	0
37.086	1	1	3709	7	1	28	2196	0	0	0
37.159	1	1	3716	10	1	28	2196	0	0	0
37.186	1	1	3719	7	1	28	2196	0	0	0
37.214	1	1	3722	5	1	28	2196	0	0	0
37.237	1	1	3724	8	1	28	2196	0	0	0
37.261	1	1	3727	2	1	28	2196	0	0	0
37.277	1	1	3728	8	1	28	2196	0	0	0
37.29	1	1	3730	1	1	28	2196	0	0	0
37.315	1	1	3732	6	1	28	2196	0	0	0
37.332	1	1	3734	3	1	28	2196	0	0	0
37.347	1	1	3735	8	1	28	2196	0	0	0
37.362	1	1	3737	3	1	28	2196	0	0	0
37.385	1	1	3739	6	1	28	2196	0	0	0
37.428	1	1	3743	9	1	28	2196	0	0	0
37.449	1	1	3745	10	1	28	2196	0	0	0
37.462	1	1	3747	3	1	28	2196	0	0	0
37.514	1	1	3752	5	1	28	2196	0	0	0
37.565	1	1	3757	6	1	28	2196	0	0	0
37.569	1	1	3757	10	1	28	2196	0	0	0
37.624	1	1	3763	5	1	28	2196	0	0	0
37.638	1	1	3764	9	1	28	2196	0	0	0
37.649	1	1	3765	10	1	28	2196	0	0	0
37.672	1	1	3768	3	1	28	2196	0	0	0
37.684	1	1	3769	5	1	28	2196	0	0	0
37.769	1	1	3777	10	1	28	2196	0	0	0
37.783	1	1	3779	4	1	28	2196	0	0	0
37.817	1	1	3782	8	1	28	2196	0	0	0
37.831	1	1	3784	2	1	22	1383	0	0	0
37.856	1	1	3786	7	1	28	2196	0	0	0
37.901	1	1	3791	2	1	28	2196	0	0	0
37.967	1	1	3797	8	1	28	2196	0	0	0
37.983	1	1	3799	4	1	28	2196	0	0	0
38.016	1	1	3802	7	1	28	2196	0	0	0
38.073	1	1	3808	4	1	28	2196	0	0	0
38.098	1	1	3810	9	1	28	2196	0	0	0
38.123	1	1	3813	4	1	28	2196	0	0	0
38.157	1	1	3816	8	1	28	2196	0	0	0
38.169	1	1	3817	10	1	28	2196	0	0	0
38.175	1	1	3818	6	1	28	2196	0	0	0
38.198	1	1	3820	9	1	28	2196	0	0	0
38.211	1	1	3822	2	1	28	2196	0	0	0
38.22	1	1	3823	1	1	28	2196	0	0	0
38.236	1	1	3824	7	1	28	2196	0	0	0
38.276	1	1	3828	7	1	28	2196	0	0	0
38.298	1	1	3830	9	1	28	2196	0	0	0
38.326	1	1	3833	7	1	28	2196	0	0	0
38.361	1	1	3837	2	1	28	2196	0	0	0
38.374	1	1	3838	5	1	28	2196	0	0	0
38.411	1	1	3842	2	1	28	2196	0	0	0
38.421	1	1	3843	2	1	28	2196	0	0	0
38.451	1	1	3846	2	1	28	2196	0	0	0
38.464	1	1	3847	5	1	28	2196	0	0	0
38.473	1	1	3848	4	1	28	2196	0	0	0
38.48	1	1	3849	1	1	28	2196	0	0	0
38.512	1	1	3852	3	1	28	2196	0	0	0
38.535	1	1	3854	6	1	28	2196	0	0	0
38.565	1	1	3857	6	1	28	2196	0	0	0
38.578	1	1	3858	9	1	28	2196	0	0	0
38.609	1	1	3861	10	1	28	2196	0	0	0
38.636	1	1	3864	7	1	28	2196	0	0	0
38.673	1	1	3868	4	1	28	2196	0	0	0
38.687	1	1	3869	8	1	28	2196	0	0	0
38.727	1	1	3873	8	1	28	2196	0	0	0
38.759	1	1	3876	10	1	28	2196	0	0	0
38.783	1	1	3879	4	1	28	2196	0	0	0
38.872	1	1	3888	3	1	28	2196	0	0	0
38.889	1	1	3889	10	1	28	2196	0	0	0
38.915	1	1	3892	6	1	28	2196	0	0	0
38.92	1	1	3893	1	1	28	2196	0	0	0
38.945	1	1	3895	6	1	28	2196	0	0	0
38.969	1	1	3897	10	1	28	2196	0	0	0
38.98	1	1	3899	1	1	28	2196	0	0	0
39.001	1	1	3901	2	1	28	2196	0	0	0
39.013	1	1	3902	4	1	28	2196	0	0	0
39.033	1	1	3904	4	1	28	2196	0	0	0
39.081	1	1	3909	2	1	28	2196	0	0	0
39.105	1	1	3911	6	1	28	2196	0	0	0
39.121	1	1	3913	2	1	28	2196	0	0	0
39.157	1	1	3916	8	1	28	2196	0	0	0
39.172	1	1	3918	3	1	28	2196	0	0	0
39.175	1	1	3918	6	1	28	2196	0	0	0
39.191	1	1	3920	2	1	28	2196	0	0	0
39.222	1	1	3923	3	1	28	2196	0	0	0
39.236	1	1	3924	7	1	24	1620	0	0	0
39.251	1	1	3926	2	1	28	2196	0	0	0
39.297	1	1	3930	8	1	28	2196	0	0	0
39.326	1	1	3933	7	1	28	2196	0	0	0
39.343	1	1	3935	4	1	28	2196	0	0	0
39.37	1	1	3938	1	1	28	2196	0	0	0
39.392	1	1	3940	3	1	28	2196	0	0	0
39.409	1	1	3941	10	1	28	2196	0	0	0
39.43	1	1	3944	1	1	28	2196	0	0	0
39.445	1	1	3945	6	1	28	2196	0	0	0
39.459	1	1	3946	10	1	28	2196	0	0	0
39.493	1	1	3950	4	1	28	2196	0	0	0
39.503	1	1	3951	4	1	28	2196	0	0	0
39.523	1	1	3953	4	1	28	2196	0	0	0
39.54	1	1	3955	1	1	28	2196	0	0	0
39.554	1	1	3956	5	1	28	2196	0	0	0
39.58	1	1	3959	1	1	28	2196	0	0	0
39.602	1	1	3961	3	1	28	2196	0	0	0
39.63	1	1	3964	1	1	28	2196	0	0	0
39.647	1	1	3965	8	1	28	2196	0	0	0
39.677	1	1	3968	8	1	28	2196	0	0	0
39.688	1	1	3969	9	1	28	2196	0	0	0
39.708	1	1	3971	9	1	28	2196	0	0	0
39.725	1	1	3973	6	1	28	2196	0	0	0
39.755	1	1	3976	6	1	28	2196	0	0	0
39.826	1	1	3983	7	1	28	2196	0	0	0
39.831	1	1	3984	2	1	28	2196	0	0	0
39.856	1	1	3986	7	1	28	2196	0	0	0
39.862	1	1	3987	3	1	28	2196	0	0	0
39.887	1	1	3989	8	1	28	2196	0	0	0
39.893	1	1	3990	4	1	28	2196	0	0	0
39.904	1	1	3991	5	1	28	2196	0	0	0
39.912	1	1	3992	3	1	28	2196	0	0	0
39.96	1	1	3997	1	1	28	2196	0	0	0
39.969	1	1	3997	10	1	28	2196	0	0	0
39.996	1	1	4000	7	1	28	2196	0	0	0
40.022	1	1	4003	3	1	28	2196	0	0	0
40.066	1	1	4007	7	1	28	2196	0	0	0
40.098	1	1	4010	9	1	28	2196	0	0	0
40.117	1	1	4012	8	1	28	2196	0	0	0
40.148	1	1	4015	9	1	28	2196	0	0	0
40.176	1	1	4018	7	1	28	2196	0	0	0
40.191	1	1	4020	2	1	28	2196	0	0	0
40.198	1	1	4020	9	1	28	2196	0	0	0
40.235	1	1	4024	6	1	28	2196	0	0	0
40.275	1	1	4028	6	1	28	2196	0	0	0
40.303	1	1	4031	4	1	28	2196	0	0	0
40.317	1	1	4032	8	1	28	2196	0	0	0
40.322	1	1	4033	3	1	28	2196	0	0	0
40.328	1	1	4033	9	1	28	2196	0	0	0
40.335	1	1	4034	6	1	28	2196	0	0	0
40.353	1	1	4036	4	1	28	2196	0	0	0
40.379	1	1	4038	10	1	24	1620	0	0	0
40.387	1	1	4039	8	1	28	2196	0	0	0
40.403	1	1	4041	4	1	28	2196	0	0	0
40.409	1	1	4041	10	1	28	2196	0	0	0
40.43	1	1	4044	1	1	28	2196	0	0	0
40.46	1	1	4047	1	1	28	2196	0	0	0
40.499	1	1	4050	10	1	28	2196	0	0	0
40.511	1	1	4052	2	1	28	2196	0	0	0
40.56	1	1	4057	1	1	28	2196	0	0	0
40.575	1	1	4058	6	1	28	2196	0	0	0
40.591	1	1	4060	2	1	28	2196	0	0	0
40.632	1	1	4064	3	1	28	2196	0	0	0
40.672	1	1	4068	3	1	28	2196	0	0	0
40.702	1	1	4071	3	1	28	2196	0	0	0
40.708	1	1	4071	9	1	28	2196	0	0	0
40.72	1	1	4073	1	1	28	2196	0	0	0
40.739	1	1	4074	10	1	28	2196	0	0	0
40.756	1	1	4076	7	1	28	2196	0	0	0
40.767	1	1	4077	8	1	28	2196	0	0	0
40.829	1	1	4083	10	1	28	2196	0	0	0
40.879	1	1	4088	10	1	28	2196	0	0	0
40.911	1	1	4092	2	1	28	2196	0	0	0
40.942	1	1	4095	3	1	28	2196	0	0	0
41.007	1	1	4101	8	1	28	2196	0	0	0
41.029	1	1	4103	10	1	28	2196	0	0	0
41.043	1	1	4105	4	1	28	2196	0	0	0
41.059	1	1	4106	10	1	28	2196	0	0	0
41.096	1	1	4110	7	1	28	2196	0	0	0
41.124	1	1	4113	5	1	28	2196	0	0	0
41.158	1	1	4116	9	1	28	2196	0	0	0
41.173	1	1	4118	4	1	28	2196	0	0	0
41.183	1	1	4119	4	1	28	2196	0	0	0
41.217	1	1	4122	8	1	28	2196	0	0	0
41.222	1	1	4123	3	1	28	2196	0	0	0
41.243	1	1	4125	4	1	28	2196	0	0	0
41.261	1	1	4127	2	1	28	2196	0	0	0
41.274	1	1	4128	5	1	28	2196	0	0	0
41.322	1	1	4133	3	1	28	2196	0	0	0
41.327	1	1	4133	8	1	28	2196	0	0	0
41.332	1	1	4134	3	1	28	2196	0	0	0
41.363	1	1	4137	4	1	28	2196	0	0	0
41.376	1	1	4138	7	1	28	2196	0	0	0
41.4	1	1	4141	1	1	28	2196	0	0	0
41.433	1	1	4144	4	1	28	2196	0	0	0
41.455	1	1	4146	6	1	28	2196	0	0	0
41.474	1	1	4148	5	1	28	2196	0	0	0
41.528	1	1	4153	9	1	28	2196	0	0	0
41.538	1	1	4154	9	1	28	2196	0	0	0
41.544	1	1	4155	5	1	28	2196	0	0	0
41.572	1	1	4158	3	1	28	2196	0	0	0
41.58	1	1	4159	1	1	28	2196	0	0	0
41.595	1	1	4160	6	1	28	2196	0	0	0
41.605	1	1	4161	6	1	28	2196	0	0	0
41.611	1	1	4162	2	1	28	2196	0	0	0
41.619	1	1	4162	10	1	28	2196	0	0	0
41.638	1	1	4164	9	1	28	2196	0	0	0
41.651	1	1	4166	2	1	28	2196	0	0	0
41.66	1	1	4167	1	1	28	2196	0	0	0
41.692	1	1	4170	3	1	28	2196	0	0	0
41.696	1	1	4170	7	1	28	2196	0	0	0
41.713	1	1	4172	4	1	28	2196	0	0	0
41.759	1	1	4176	10	1	28	2196	0	0	0
41.785	1	1	4179	6	1	28	2196	0	0	0
41.798	1	1	4180	9	1	28	2196	0	0	0
41.81	1	1	4182	1	1	28	2196	0	0	0
41.821	1	1	4183	2	1	28	2196	0	0	0
41.831	1	1	4184	2	1	28	2196	0	0	0
41.853	1	1	4186	4	1	28	2196	0	0	0
41.864	1	1	4187	5	1	28	2196	0	0	0
41.884	1	1	4189	5	1	28	2196	0	0	0
41.949	1	1	4195	10	1	28	2196	0	0	0
41.972	1	1	4198	3	1	22	1383	0	0	0
41.989	1	1	4199	10	1	28	2196	0	0	0
42.004	1	1	4201	5	1	28	2196	0	0	0
42.018	1	1	4202	9	1	28	2196	0	0	0
42.054	1	1	4206	5	1	28	2196	0	0	0
42.103	1	1	4211	4	1	28	2196	0	0	0
42.14	1	1	4215	1	1	28	2196	0	0	0
42.159	1	1	4216	10	1	28	2196	0	0	0
42.175	1	1	4218	6	1	28	2196	0	0	0
42.201	1	1	4221	2	1	28	2196	0	0	0
42.215	1	1	4222	6	1	28	2196	0	0	0
42.22	1	1	4223	1	1	28	2196	0	0	0
42.23	1	1	4224	1	1	28	2196	0	0	0
42.248	1	1	4225	9	1	28	2196	0	0	0
42.293	1	1	4230	4	1	28	2196	0	0	0
42.318	1	1	4232	9	1	28	2196	0	0	0
42.333	1	1	4234	4	1	26	1836	0	0	0
42.347	1	1	4235	8	1	28	2196	0	0	0
42.361	1	1	4237	2	1	28	2196	0	0	0
42.385	1	1	4239	6	1	28	2196	0	0	0
42.392	1	1	4240	3	1	28	2196	0	0	0
42.41	1	1	4242	1	1	28	2196	0	0	0
42.444	1	1	4245	5	1	28	2196	0	0	0
42.457	1	1	4246	8	1	28	2196	0	0	0
42.502	1	1	4251	3	1	28	2196	0	0	0
42.545	1	1	4255	6	1	28	2196	0	0	0
42.561	1	1	4257	2	1	28	2196	0	0	0
42.572	1	1	4258	3	1	28	2196	0	0	0
42.606	1	1	4261	7	1	28	2196	0	0	0
42.617	1	1	4262	8	1	28	2196	0	0	0
42.625	1	1	4263	6	1	28	2196	0	0	0
42.647	1	1	4265	8	1	28	2196	0	0	0
42.657	1	1	4266	8	1	28	2196	0	0	0
42.678	1	1	4268	9	1	28	2196	0	0	0
42.697	1	1	4270	8	1	28	2196	0	0	0
42.726	1	1	4273	7	1	28	2196	0	0	0
42.743	1	1	4275	4	1	28	2196	0	0	0
42.764	1	1	4277	5	1	28	2196	0	0	0
42.78	1	1	4279	1	1	28	2196	0	0	0
42.797	1	1	4280	8	1	28	2196	0	0	0
42.82	1	1	4283	1	1	28	2196	0	0	0
42.836	1	1	4284	7	1	28	2196	0	0	0
42.861	1	1	4287	2	1	28	2196	0	0	0
42.878	1	1	4288	9	1	28	2196	0	0	0
42.908	1	1	4291	9	1	28	2196	0	0	0
42.918	1	1	4292	9	1	28	2196	0	0	0
42.927	1	1	4293	8	1	28	2196	0	0	0
42.945	1	1	4295	6	1	28	2196	0	0	0
42.955	1	1	4296	6	1	28	2196	0	0	0
42.97	1	1	4298	1	1	28	2196	0	0	0
42.984	1	1	4299	5	1	28	2196	0	0	0
42.994	1	1	4300	5	1	28	2196	0	0	0
43.012	1	1	4302	3	1	28	2196	0	0	0
43.018	1	1	4302	9	1	28	2196	0	0	0
43.023	1	1	4303	4	1	28	2196	0	0	0
43.042	1	1	4305	3	1	28	2196	0	0	0
43.105	1	1	4311	6	1	28	2196	0	0	0
43.122	1	1	4313	3	1	28	2196	0	0	0
43.137	1	1	4314	8	1	28	2196	0	0	0
43.163	1	1	4317	4	1	28	2196	0	0	0
43.167	1	1	4317	8	1	28	2196	0	0	0
43.178	1	1	4318	9	1	28	2196	0	0	0
43.194	1	1	4320	5	1	28	2196	0	0	0
43.293	1	1	4330	4	1	28	2196	0	0	0
43.302	1	1	4331	3	1	28	2196	0	0	0
43.31	1	1	4332	1	1	28	2196	0	0	0
43.332	1	1	4334	3	1	28	2196	0	0	0
43.357	1	1	4336	8	1	28	2196	0	0	0
43.395	1	1	4340	6	1	28	2196	0	0	0
43.405	1	1	4341	6	1	28	2196	0	0	0
43.424	1	1	4343	5	1	28	2196	0	0	0
43.457	1	1	4346	8	1	28	2196	0	0	0
43.472	1	1	4348	3	1	22	1383	0	0	0
43.486	1	1	4349	7	1	28	2196	0	0	0
43.515	1	1	4352	6	1	28	2196	0	0	0
43.519	1	1	4352	10	1	28	2196	0	0	0
43.541	1	1	4355	2	1	20	1191	0	0	0
43.552	1	1	4356	3	1	28	2196	0	0	0
43.562	1	1	4357	3	1	28	2196	0	0	0
43.568	1	1	4357	9	1	28	2196	0	0	0
43.605	1	1	4361	6	1	28	2196	0	0	0
43.653	1	1	4366	4	1	28	2196	0	0	0
43.684	1	1	4369	5	1	28	2196	0	0	0
43.745	1	1	4375	6	1	28	2196	0	0	0
43.76	1	1	4377	1	1	28	2196	0	0	0
43.772	1	1	4378	3	1	28	2196	0	0	0
43.795	1	1	4380	6	1	28	2196	0	0	0
43.812	1	1	4382	3	1	20	1191	0	0	0
43.828	1	1	4383	9	1	20	1191	0	0	0
43.861	1	1	4387	2	1	28	2196	0	0	0
43.914	1	1	4392	5	1	28	2196	0	0	0
43.991	1	1	4400	2	1	28	2196	0	0	0
44.027	1	1	4403	8	1	28	2196	0	0	0
44.068	1	1	4407	9	1	28	2196	0	0	0
44.075	1	1	4408	6	1	28	2196	0	0	0
44.115	1	1	4412	6	1	28	2196	0	0	0
44.134	1	1	4414	5	1	28	2196	0	0	0
44.156	1	1	4416	7	1	28	2196	0	0	0
44.189	1	1	4419	10	1	28	2196	0	0	0
44.234	1	1	4424	5	1	28	2196	0	0	0
44.246	1	1	4425	7	1	22	1383	0	0	0
44.282	1	1	4429	3	1	28	2196	0	0	0
44.31	1	1	4432	1	1	28	2196	0	0	0
44.324	1	1	4433	5	1	28	2196	0	0	0
44.355	1	1	4436	6	1	28	2196	0	0	0
44.375	1	1	4438	6	1	28	2196	0	0	0
44.378	1	1	4438	9	1	28	2196	0	0	0
44.399	1	1	4440	10	1	28	2196	0	0	0
44.413	1	1	4442	4	1	28	2196	0	0	0
44.444	1	1	4445	5	1	28	2196	0	0	0
44.502	1	1	4451	3	1	22	1383	0	0	0
44.525	1	1	4453	6	1	28	2196	0	0	0
44.537	1	1	4454	8	1	28	2196	0	0	0
44.557	1	1	4456	8	1	28	2196	0	0	0
44.597	1	1	4460	8	1	28	2196	0	0	0
44.613	1	1	4462	4	1	28	2196	0	0	0
44.628	1	1	4463	9	1	28	2196	0	0	0
44.633	1	1	4464	4	1	28	2196	0	0	0
44.657	1	1	4466	8	1	28	2196	0	0	0
44.685	1	1	4469	6	1	28	2196	0	0	0
44.698	1	1	4470	9	1	28	2196	0	0	0
44.731	1	1	4474	2	1	28	2196	0	0	0
44.773	1	1	4478	4	1	28	2196	0	0	0
44.778	1	1	4478	9	1	28	2196	0	0	0
44.788	1	1	4479	9	1	28	2196	0	0	0
44.801	1	1	4481	2	1	28	2196	0	0	0
44.812	1	1	4482	3	1	28	2196	0	0	0
44.823	1	1	4483	4	1	28	2196	0	0	0
44.88	1	1	4489	1	1	28	2196	0	0	0
44.896	1	1	4490	7	1	28	2196	0	0	0
44.923	1	1	4493	4	1	28	2196	0	0	0
44.926	1	1	4493	7	1	28	2196	0	0	0
44.93	1	1	4494	1	1	28	2196	0	0	0
44.935	1	1	4494	6	1	28	2196	0	0	0
44.978	1	1	4498	9	1	28	2196	0	0	0
45.029	1	1	4503	10	1	28	2196	0	0	0
45.089	1	1	4509	10	1	28	2196	0	0	0
45.124	1	1	4513	5	1	28	2196	0	0	0
45.131	1	1	4514	2	1	28	2196	0	0	0
45.149	1	1	4515	10	1	28	2196	0	0	0
45.168	1	1	4517	9	1	28	2196	0	0	0
45.201	1	1	4521	2	1	28	2196	0	0	0
45.215	1	1	4522	6	1	28	2196	0	0	0
45.231	1	1	4524	2	1	28	2196	0	0	0
45.242	1	1	4525	3	1	28	2196	0	0	0
45.264	1	1	4527	5	1	28	2196	0	0	0
45.268	1	1	4527	9	1	28	2196	0	0	0
45.278	1	1	4528	9	1	28	2196	0	0	0
45.294	1	1	4530	5	1	28	2196	0	0	0
45.317	1	1	4532	8	1	28	2196	0	0	0
45.346	1	1	4535	7	1	28	2196	0	0	0
45.395	1	1	4540	6	1	28	2196	0	0	0
45.413	1	1	4542	4	1	28	2196	0	0	0
45.454	1	1	4546	5	1	28	2196	0	0	0
45.489	1	1	4549	10	1	28	2196	0	0	0
45.5	1	1	4551	1	1	28	2196	0	0	0
45.512	1	1	4552	3	1	28	2196	0	0	0
45.518	1	1	4552	9	1	28	2196	0	0	0
45.524	1	1	4553	5	1	28	2196	0	0	0
45.545	1	1	4555	6	1	28	2196	0	0	0
45.569	1	1	4557	10	1	28	2196	0	0	0
45.622	1	1	4563	3	1	28	2196	0	0	0
45.627	1	1	4563	8	1	28	2196	0	0	0
45.649	1	1	4565	10	1	28	2196	0	0	0
45.663	1	1	4567	4	1	28	2196	0	0	0
45.67	1	1	4568	1	1	28	2196	0	0	0
45.698	1	1	4570	9	1	28	2196	0	0	0
45.704	1	1	4571	5	1	28	2196	0	0	0
45.734	1	1	4574	5	1	28	2196	0	0	0
45.765	1	1	4577	6	1	28	2196	0	0	0
45.786	1	1	4579	7	1	28	2196	0	0	0
45.798	1	1	4580	9	1	28	2196	0	0	0
45.839	1	1	4584	10	1	28	2196	0	0	0
45.877	1	1	4588	8	1	28	2196	0	0	0
45.89	1	1	4590	1	1	28	2196	0	0	0
45.904	1	1	4591	5	1	28	2196	0	0	0
45.909	1	1	4591	10	1	28	2196	0	0	0
45.926	1	1	4593	7	1	28	2196	0	0	0
45.934	1	1	4594	5	1	28	2196	0	0	0
45.946	1	1	4595	7	1	28	2196	0	0	0
45.966	1	1	4597	7	1	28	2196	0	0	0
45.974	1	1	4598	5	1	28	2196	0	0	0
45.986	1	1	4599	7	1	28	2196	0	0	0
46.006	1	1	4601	7	1	28	2196	0	0	0
46.012	1	1	4602	3	1	28	2196	0	0	0
46.026	1	1	4603	7	1	28	2196	0	0	0
46.033	1	1	4604	4	1	28	2196	0	0	0
46.079	1	1	4608	10	1	28	2196	0	0	0
46.12	1	1	4613	1	1	28	2196	0	0	0
46.139	1	1	4614	10	1	28	2196	0	0	0
46.167	1	1	4617	8	1	28	2196	0	0	0
46.176	1	1	4618	7	1	28	2196	0	0	0
46.181	1	1	4619	2	1	28	2196	0	0	0
46.197	1	1	4620	8	1	28	2196	0	0	0
46.232	1	1	4624	3	1	28	2196	0	0	0
46.254	1	1	4626	5	1	28	2196	0	0	0
46.28	1	1	4629	1	1	28	2196	0	0	0
46.297	1	1	4630	8	1	28	2196	0	0	0
46.316	1	1	4632	7	1	28	2196	0	0	0
46.35	1	1	4636	1	1	28	2196	0	0	0
46.408	1	1	4641	9	1	28	2196	0	0	0
46.425	1	1	4643	6	1	28	2196	0	0	0
46.456	1	1	4646	7	1	28	2196	0	0	0
46.495	1	1	4650	6	1	28	2196	0	0	0
46.512	1	1	4652	3	1	28	2196	0	0	0
46.52	1	1	4653	1	1	28	2196	0	0	0
46.525	1	1	4653	6	1	28	2196	0	0	0
46.536	1	1	4654	7	1	28	2196	0	0	0
46.603	1	1	4661	4	1	28	2196	0	0	0
46.628	1	1	4663	9	1	28	2196	0	0	0
46.642	1	1	4665	3	1	28	2196	0	0	0
46.651	1	1	4666	2	1	28	2196	0	0	0
46.676	1	1	4668	7	1	28	2196	0	0	0
46.692	1	1	4670	3	1	28	2196	0	0	0
46.709	1	1	4671	10	1	28	2196	0	0	0
46.726	1	1	4673	7	1	28	2196	0	0	0
46.741	1	1	4675	2	1	28	2196	0	0	0
46.744	1	1	4675	5	1	28	2196	0	0	0
46.752	1	1	4676	3	1	28	2196	0	0	0
46.761	1	1	4677	2	1	28	2196	0	0	0
46.782	1	1	4679	3	1	28	2196	0	0	0
46.794	1	1	4680	5	1	28	2196	0	0	0
46.871	1	1	4688	2	1	28	2196	0	0	0
46.909	1	1	4691	10	1	28	2196	0	0	0
46.931	1	1	4694	2	1	28	2196	0	0	0
46.976	1	1	4698	7	1	28	2196	0	0	0
46.982	1	1	4699	3	1	28	2196	0	0	0
47.004	1	1	4701	5	1	28	2196	0	0	0
47.013	1	1	4702	4	1	28	2196	0	0	0
47.099	1	1	4710	10	1	28	2196	0	0	0
47.125	1	1	4713	6	1	28	2196	0	0	0
47.155	1	1	4716	6	1	28	2196	0	0	0
47.177	1	1	4718	8	1	28	2196	0	0	0
47.222	1	1	4723	3	1	28	2196	0	0	0
47.252	1	1	4726	3	1	28	2196	0	0	0
47.265	1	1	4727	6	1	28	2196	0	0	0
47.299	1	1	4730	10	1	28	2196	0	0	0
47.346	1	1	4735	7	1	28	2196	0	0	0
47.356	1	1	4736	7	1	28	2196	0	0	0
47.371	1	1	4738	2	1	28	2196	0	0	0
47.398	1	1	4740	9	1	28	2196	0	0	0
47.42	1	1	4743	1	1	28	2196	0	0	0
47.439	1	1	4744	10	1	28	2196	0	0	0
47.449	1	1	4745	10	1	28	2196	0	0	0
47.468	1	1	4747	9	1	28	2196	0	0	0
47.492	1	1	4750	3	1	28	2196	0	0	0
47.525	1	1	4753	6	1	28	2196	0	0	0
47.536	1	1	4754	7	1	28	2196	0	0	0
47.567	1	1	4757	8	1	28	2196	0	0	0
47.608	1	1	4761	9	1	28	2196	0	0	0
47.627	1	1	4763	8	1	28	2196	0	0	0
47.648	1	1	4765	9	1	28	2196	0	0	0
47.66	1	1	4767	1	1	28	2196	0	0	0
47.732	1	1	4774	3	1	28	2196	0	0	0
47.773	1	1	4778	4	1	28	2196	0	0	0
47.809	1	1	4781	10	1	28	2196	0	0	0
47.849	1	1	4785	10	1	28	2196	0	0	0
47.881	1	1	4789	2	1	26	1836	0	0	0
47.921	1	1	4793	2	1	24	1620	0	0	0
47.945	1	1	4795	6	1	28	2196	0	0	0
47.98	1	1	4799	1	1	28	2196	0	0	0
47.999	1	1	4800	10	1	28	2196	0	0	0
48.075	1	1	4808	6	1	28	2196	0	0	0
48.088	1	1	4809	9	1	28	2196	0	0	0
48.098	1	1	4810	9	1	28	2196	0	0	0
48.116	1	1	4812	7	1	28	2196	0	0	0
48.141	1	1	4815	2	1	28	2196	0	0	0
48.192	1	1	4820	3	1	28	2196	0	0	0
48.217	1	1	4822	8	1	28	2196	0	0	0
48.238	1	1	4824	9	1	28	2196	0	0	0
48.261	1	1	4827	2	1	28	2196	0	0	0
48.275	1	1	4828	6	1	28	2196	0	0	0
48.291	1	1	4830	2	1	28	2196	0	0	0
48.301	1	1	4831	2	1	28	2196	0	0	0
48.321	1	1	4833	2	1	28	2196	0	0	0
48.342	1	1	4835	3	1	28	2196	0	0	0
48.375	1	1	4838	6	1	28	2196	0	0	0
48.415	1	1	4842	6	1	28	2196	0	0	0
48.419	1	1	4842	10	1	28	2196	0	0	0
48.439	1	1	4844	10	1	28	2196	0	0	0
48.473	1	1	4848	4	1	28	2196	0	0	0
48.49	1	1	4850	1	1	28	2196	0	0	0
48.497	1	1	4850	8	1	28	2196	0	0	0
48.527	1	1	4853	8	1	28	2196	0	0	0
48.57	1	1	4858	1	1	28	2196	0	0	0
48.581	1	1	4859	2	1	28	2196	0	0	0
48.583	1	1	4859	4	1	28	2196	0	0	0
48.617	1	1	4862	8	1	28	2196	0	0	0
48.652	1	1	4866	3	1	28	2196	0	0	0
48.657	1	1	4866	8	1	28	2196	0	0	0
48.683	1	1	4869	4	1	28	2196	0	0	0
48.703	1	1	4871	4	1	28	2196	0	0	0
48.741	1	1	4875	2	1	28	2196	0	0	0
48.746	1	1	4875	7	1	28	2196	0	0	0
48.767	1	1	4877	8	1	28	2196	0	0	0
48.818	1	1	4882	9	1	26	1836	0	0	0
48.859	1	1	4886	10	1	28	2196	0	0	0
48.92	1	1	4893	1	1	28	2196	0	0	0
48.952	1	1	4896	3	1	28	2196	0	0	0
48.962	1	1	4897	3	1	28	2196	0	0	0
48.986	1	1	4899	7	1	28	2196	0	0	0
48.994	1	1	4900	5	1	28	2196	0	0	0
49.001	1	1	4901	2	1	28	2196	0	0	0
