% start	end	CellId	IMSI	RNTI	LCID	nTxPDUs	TxBytes	nRxPDUs	RxBytes	delay	stdDev	min	max	PduSize	stdDev	min	max
0	0.25	1	1	2	4	10	1550	10	1550	0.00385355	0.000510193	0.00332147	0.00479137	155	0	155	155	
0	0.25	1	2	5	3	9	1395	9	1395	0.00341749	0.000243938	0.00325012	0.00385256	155	0	155	155	
0	0.25	1	3	3	3	10	1550	10	1550	0.00346601	0.00036646	0.00300324	0.00386802	155	0	155	155	
0	0.25	1	4	4	3	14	2170	14	2170	0.00361053	0.000313552	0.00309157	0.00395538	155	0	155	155	
0	0.25	1	5	1	3	8	1240	8	1240	0.00353711	0.000338058	0.00304853	0.00397374	155	0	155	155	
0.25	0.5	1	1	2	4	10	1550	10	1550	0.00333499	0.00025211	0.00300734	0.00370217	155	0	155	155	
0.25	0.5	1	2	5	3	14	2170	14	2170	0.0038717	0.000697146	0.00316658	0.00534917	155	0	155	155	
0.25	0.5	1	3	3	3	13	2015	13	2015	0.00358593	0.000447713	0.00313888	0.00456258	155	0	155	155	
0.25	0.5	1	4	4	3	8	1240	8	1240	0.00358318	0.000371545	0.00303143	0.00396815	155	0	155	155	
0.25	0.5	1	5	1	3	11	1705	11	1705	0.00333662	0.000254336	0.00301402	0.00374328	155	0	155	155	
0.5	0.75	1	1	2	4	16	2480	15	2325	0.00367012	0.000415603	0.00320059	0.0046245	155	0	155	155	
0.5	0.75	1	2	5	3	8	1240	8	1240	0.00344129	0.000312768	0.00309495	0.00390567	155	0	155	155	
0.5	0.75	1	3	3	3	11	1705	11	1705	0.00341638	0.000288164	0.003021	0.00398945	155	0	155	155	
0.5	0.75	1	4	4	3	11	1705	11	1705	0.00359625	0.000290409	0.00301725	0.00388457	155	0	155	155	
0.5	0.75	1	5	1	3	14	2170	14	2170	0.00362358	0.000260198	0.00317541	0.00400255	155	0	155	155	
0.75	1	1	1	2	4	8	1240	9	1395	0.00358388	0.00029843	0.00315714	0.00416383	155	0	155	155	
0.75	1	1	2	5	3	13	2015	13	2015	0.00354206	0.00038342	0.00301722	0.00437612	155	0	155	155	
0.75	1	1	3	3	3	14	2170	14	2170	0.00387569	0.000652774	0.00300831	0.00509796	155	0	155	155	
0.75	1	1	4	4	3	8	1240	8	1240	0.00353611	0.000276312	0.00307228	0.0039829	155	0	155	155	
0.75	1	1	5	1	3	11	1705	11	1705	0.00359645	0.000226387	0.00321413	0.00388115	155	0	155	155	
1	1.25	1	1	2	4	16	2480	15	2325	0.00363361	0.000509567	0.0030053	0.00479449	155	0	155	155	
1	1.25	1	2	5	3	11	1705	11	1705	0.00365166	0.000277327	0.00325458	0.00423533	155	0	155	155	
1	1.25	1	3	3	3	9	1395	9	1395	0.00393293	0.000704703	0.00320213	0.00553438	155	0	155	155	
1	1.25	1	4	4	3	12	1860	12	1860	0.00347537	0.000270806	0.00307937	0.00393404	155	0	155	155	
1	1.25	1	5	1	3	12	1860	12	1860	0.00354474	0.000224115	0.00316272	0.00383235	155	0	155	155	
1.25	1.5	1	1	2	4	10	1550	11	1705	0.00355302	0.00026778	0.00330207	0.00404334	155	0	155	155	
1.25	1.5	1	2	5	3	14	2170	13	2015	0.00368985	0.000502293	0.00306696	0.00483658	155	0	155	155	
1.25	1.5	1	3	3	3	12	1860	12	1860	0.00347145	0.000270726	0.00300589	0.00379684	155	0	155	155	
1.25	1.5	1	4	4	3	11	1705	11	1705	0.00355609	0.000275323	0.00308793	0.00384943	155	0	155	155	
1.25	1.5	1	5	1	3	10	1550	10	1550	0.00380165	0.000680581	0.0031396	0.00521132	155	0	155	155	
1.5	1.75	1	1	2	4	14	2170	14	2170	0.00360917	0.000482393	0.00300412	0.00497748	155	0	155	155	
1.5	1.75	1	2	5	3	14	2170	15	2325	0.00373041	0.000795107	0.00306188	0.00574075	155	0	155	155	
1.5	1.75	1	3	3	3	12	1860	12	1860	0.00347514	0.000368695	0.00304094	0.00430944	155	0	155	155	
1.5	1.75	1	4	4	3	13	2015	13	2015	0.00356184	0.000416907	0.00305655	0.0044628	155	0	155	155	
1.5	1.75	1	5	1	3	11	1705	11	1705	0.0035518	0.000305406	0.00311062	0.00395201	155	0	155	155	
1.75	2	1	1	2	4	12	1860	12	1860	0.00357738	0.000773242	0.00300457	0.00582974	155	0	155	155	
1.75	2	1	2	5	3	15	2325	15	2325	0.00353035	0.00029078	0.0030547	0.0039436	155	0	155	155	
1.75	2	1	3	3	3	11	1705	11	1705	0.00362285	0.000210361	0.00323015	0.00384627	155	0	155	155	
1.75	2	1	4	4	3	9	1395	9	1395	0.00382498	0.000415738	0.00327374	0.00472664	155	0	155	155	
1.75	2	1	5	1	3	10	1550	10	1550	0.00367108	0.000328223	0.00310961	0.00430218	155	0	155	155	
2	2.25	1	1	2	4	16	2480	15	2325	0.00360106	0.000411681	0.00320473	0.00470345	155	0	155	155	
2	2.25	1	2	5	3	11	1705	10	1550	0.00356396	0.000487614	0.00300109	0.00432036	155	0	155	155	
2	2.25	1	3	3	3	13	2015	13	2015	0.00356642	0.000632087	0.00300573	0.00490163	155	0	155	155	
2	2.25	1	4	4	3	8	1240	8	1240	0.00351157	0.000328907	0.00303482	0.00395482	155	0	155	155	
2	2.25	1	5	1	3	10	1550	10	1550	0.00359893	0.000254709	0.0030091	0.00395474	155	0	155	155	
2.25	2.5	1	1	2	4	12	1860	13	2015	0.00356938	0.000371974	0.00303479	0.00450861	155	0	155	155	
2.25	2.5	1	2	5	3	11	1705	12	1860	0.0038699	0.00061293	0.00314721	0.00510779	155	0	155	155	
2.25	2.5	1	3	3	3	8	1240	8	1240	0.0033614	0.000210918	0.00312608	0.00363648	155	0	155	155	
2.25	2.5	1	4	4	3	16	2480	16	2480	0.003574	0.000338573	0.00316516	0.00440021	155	0	155	155	
2.25	2.5	1	5	1	3	8	1240	8	1240	0.00355918	0.000328608	0.00311386	0.00402049	155	0	155	155	
2.5	2.75	1	1	2	4	11	1705	11	1705	0.00338116	0.000265311	0.00306155	0.00376865	155	0	155	155	
2.5	2.75	1	2	5	3	14	2170	14	2170	0.00351685	0.000527446	0.0030034	0.00493691	155	0	155	155	
2.5	2.75	1	3	3	3	11	1705	11	1705	0.00358282	0.000350593	0.00301502	0.00423634	155	0	155	155	
2.5	2.75	1	4	4	3	11	1705	11	1705	0.00346189	0.000264619	0.00302018	0.00384035	155	0	155	155	
2.5	2.75	1	5	1	3	12	1860	11	1705	0.00367188	0.000348825	0.00308987	0.00396931	155	0	155	155	
2.75	3	1	1	2	4	15	2325	15	2325	0.00372876	0.00044686	0.00304159	0.00463511	155	0	155	155	
2.75	3	1	2	5	3	14	2170	14	2170	0.00348299	0.0002538	0.00303518	0.00385453	155	0	155	155	
2.75	3	1	3	3	3	13	2015	13	2015	0.0041302	0.00196134	0.00302537	0.0105539	155	0	155	155	
2.75	3	1	4	4	3	10	1550	10	1550	0.0034592	0.000258843	0.00301529	0.00387581	155	0	155	155	
2.75	3	1	5	1	3	10	1550	10	1550	0.00348596	0.000304573	0.0030248	0.0039366	155	0	155	155	
3	3.25	1	1	2	4	11	1705	11	1705	0.00354183	0.000282824	0.00319769	0.00406654	155	0	155	155	
3	3.25	1	2	5	3	10	1550	9	1395	0.00364903	0.000341787	0.00310416	0.00416585	155	0	155	155	
3	3.25	1	3	3	3	16	2480	16	2480	0.00373617	0.000326584	0.0031565	0.00434292	155	0	155	155	
3	3.25	1	4	4	3	14	2170	14	2170	0.00348893	0.00033889	0.00305245	0.00420965	155	0	155	155	
3	3.25	1	5	1	3	9	1395	10	1550	0.00348482	0.000246135	0.00311147	0.00379442	155	0	155	155	
3.25	3.5	1	1	2	4	13	2015	13	2015	0.00372134	0.0007632	0.00300995	0.00595765	155	0	155	155	
3.25	3.5	1	2	5	3	9	1395	10	1550	0.00367173	0.000337038	0.0031745	0.0041156	155	0	155	155	
3.25	3.5	1	3	3	3	14	2170	14	2170	0.0035516	0.000455736	0.00300102	0.00440756	155	0	155	155	
3.25	3.5	1	4	4	3	7	1085	7	1085	0.00334886	0.000163486	0.00311429	0.00358306	155	0	155	155	
3.25	3.5	1	5	1	3	9	1395	9	1395	0.00359016	0.000323263	0.00304795	0.00395487	155	0	155	155	
3.5	3.75	1	1	2	4	12	1860	12	1860	0.00383786	0.000376363	0.00308669	0.00454216	155	0	155	155	
3.5	3.75	1	2	5	3	9	1395	9	1395	0.00366893	0.000270312	0.00319022	0.00393286	155	0	155	155	
3.5	3.75	1	3	3	3	11	1705	11	1705	0.00355298	0.000277751	0.00307675	0.00389566	155	0	155	155	
3.5	3.75	1	4	4	3	14	2170	14	2170	0.0033998	0.000291623	0.00306828	0.00411529	155	0	155	155	
3.5	3.75	1	5	1	3	13	2015	13	2015	0.00349441	0.000384836	0.00308279	0.00447183	155	0	155	155	
3.75	4	1	1	2	4	9	1395	9	1395	0.00330463	0.000189113	0.00308006	0.00359186	155	0	155	155	
3.75	4	1	2	5	3	8	1240	8	1240	0.00350375	0.000146514	0.00327524	0.00367448	155	0	155	155	
3.75	4	1	3	3	3	10	1550	10	1550	0.00374449	0.000371784	0.00309635	0.00425081	155	0	155	155	
3.75	4	1	4	4	3	12	1860	12	1860	0.00347468	0.000292089	0.00305327	0.0039219	155	0	155	155	
3.75	4	1	5	1	3	13	2015	13	2015	0.00352498	0.000284687	0.00315281	0.00397845	155	0	155	155	
4	4.25	1	1	2	4	11	1705	11	1705	0.00354039	0.000452837	0.00309374	0.00456456	155	0	155	155	
4	4.25	1	2	5	3	10	1550	10	1550	0.00349604	0.000256015	0.00321199	0.00389696	155	0	155	155	
4	4.25	1	3	3	3	10	1550	10	1550	0.00342245	0.000308877	0.00301087	0.00398457	155	0	155	155	
4	4.25	1	4	4	3	16	2480	15	2325	0.00364163	0.000452494	0.00306482	0.00493757	155	0	155	155	
4	4.25	1	5	1	3	12	1860	12	1860	0.00354293	0.000363226	0.00302183	0.00416489	155	0	155	155	
4.25	4.5	1	1	2	4	11	1705	11	1705	0.0036111	0.000467648	0.00309707	0.00455042	155	0	155	155	
4.25	4.5	1	2	5	3	12	1860	12	1860	0.00351944	0.000304812	0.00308794	0.00399774	155	0	155	155	
4.25	4.5	1	3	3	3	12	1860	11	1705	0.00366231	0.000496604	0.0031667	0.00465454	155	0	155	155	
4.25	4.5	1	4	4	3	11	1705	12	1860	0.0039138	0.000648674	0.00318697	0.00534917	155	0	155	155	
4.25	4.5	1	5	1	3	10	1550	10	1550	0.00348953	0.000336463	0.00300024	0.00397128	155	0	155	155	
4.5	4.75	1	1	2	4	11	1705	11	1705	0.00364394	0.0004204	0.00314142	0.00473123	155	0	155	155	
4.5	4.75	1	2	5	3	9	1395	9	1395	0.00328479	8.35585e-05	0.00314426	0.00338807	155	0	155	155	
4.5	4.75	1	3	3	3	8	1240	9	1395	0.00320634	0.000141274	0.00303191	0.0034005	155	0	155	155	
4.5	4.75	1	4	4	3	10	1550	10	1550	0.00354319	0.000253511	0.00324913	0.0039048	155	0	155	155	
4.5	4.75	1	5	1	3	14	2170	13	2015	0.00370937	0.000635362	0.00304163	0.00493921	155	0	155	155	
4.75	5	1	1	2	4	13	2015	13	2015	0.00378608	0.000599076	0.0030846	0.00485005	155	0	155	155	
4.75	5	1	2	5	3	12	1860	12	1860	0.00348272	0.000316317	0.00300643	0.00399103	155	0	155	155	
4.75	5	1	3	3	3	14	2170	14	2170	0.00354256	0.000282474	0.00301533	0.00397458	155	0	155	155	
4.75	5	1	4	4	3	9	1395	9	1395	0.00372245	0.000111703	0.00356684	0.00393681	155	0	155	155	
4.75	5	1	5	1	3	9	1395	10	1550	0.00359156	0.000412547	0.00319316	0.00452909	155	0	155	155	
5	5.25	1	1	2	4	12	1860	12	1860	0.00381701	0.000519343	0.00307157	0.00496911	155	0	155	155	
5	5.25	1	2	5	3	9	1395	9	1395	0.00337072	0.000352612	0.00300046	0.00390714	155	0	155	155	
5	5.25	1	3	3	3	13	2015	12	1860	0.00351364	0.000311895	0.00304154	0.00403083	155	0	155	155	
5	5.25	1	4	4	3	8	1240	8	1240	0.00352821	0.000202997	0.00315615	0.00378957	155	0	155	155	
5	5.25	1	5	1	3	9	1395	9	1395	0.00353973	0.000337391	0.00305705	0.00399163	155	0	155	155	
5.25	5.5	1	1	2	4	11	1705	10	1550	0.00349501	0.000252106	0.00316621	0.00382624	155	0	155	155	
5.25	5.5	1	2	5	3	9	1395	9	1395	0.00345791	0.000296585	0.00302505	0.00396721	155	0	155	155	
5.25	5.5	1	3	3	3	8	1240	9	1395	0.00360874	0.000205285	0.00336415	0.00399218	155	0	155	155	
5.25	5.5	1	4	4	3	10	1550	10	1550	0.00355829	0.000260492	0.00308498	0.00397896	155	0	155	155	
5.25	5.5	1	5	1	3	11	1705	11	1705	0.00363304	0.000281341	0.00329883	0.00412054	155	0	155	155	
5.5	5.75	1	1	2	4	15	2325	16	2480	0.00363621	0.000461612	0.00308442	0.00495717	155	0	155	155	
5.5	5.75	1	2	5	3	18	2790	18	2790	0.00370795	0.00071749	0.00304316	0.00573311	155	0	155	155	
5.5	5.75	1	3	3	3	15	2325	14	2170	0.003466	0.000366239	0.00304693	0.00442378	155	0	155	155	
5.5	5.75	1	4	4	3	10	1550	10	1550	0.0033927	0.00031768	0.00303196	0.00385397	155	0	155	155	
5.5	5.75	1	5	1	3	13	2015	13	2015	0.00354009	0.000484755	0.00303094	0.0048047	155	0	155	155	
5.75	6	1	1	2	4	13	2015	13	2015	0.00370045	0.000803642	0.00310915	0.00580066	155	0	155	155	
5.75	6	1	2	5	3	11	1705	11	1705	0.0034558	0.000315009	0.00302038	0.0038606	155	0	155	155	
5.75	6	1	3	3	3	8	1240	9	1395	0.00343825	0.000273505	0.00312767	0.00387126	155	0	155	155	
5.75	6	1	4	4	3	10	1550	10	1550	0.00363352	0.00028086	0.00317503	0.00399203	155	0	155	155	
5.75	6	1	5	1	3	3	465	3	465	0.00361181	0.000236411	0.00344802	0.00388283	155	0	155	155	
6	6.25	1	1	2	4	9	1395	9	1395	0.00344933	0.000342914	0.00308114	0.00393593	155	0	155	155	
6	6.25	1	2	5	3	12	1860	12	1860	0.00347459	0.000367746	0.00307778	0.00433344	155	0	155	155	
6	6.25	1	3	3	3	16	2480	16	2480	0.00373269	0.00063182	0.00302101	0.00538881	155	0	155	155	
6	6.25	1	4	4	3	11	1705	11	1705	0.00378347	0.000559638	0.00307174	0.00525815	155	0	155	155	
6	6.25	1	5	1	3	11	1705	11	1705	0.0033408	0.000224297	0.00304073	0.0038507	155	0	155	155	
6.25	6.5	1	1	2	4	10	1550	10	1550	0.00351796	0.00029046	0.0031789	0.00399163	155	0	155	155	
6.25	6.5	1	2	5	3	9	1395	9	1395	0.00345979	0.000222324	0.00316865	0.00389547	155	0	155	155	
6.25	6.5	1	3	3	3	8	1240	8	1240	0.00354376	0.000325294	0.00304859	0.00399797	155	0	155	155	
6.25	6.5	1	4	4	3	11	1705	11	1705	0.00354178	0.000422042	0.003042	0.00443809	155	0	155	155	
6.25	6.5	1	5	1	3	12	1860	12	1860	0.00366147	0.000244271	0.00312911	0.00400649	155	0	155	155	
6.5	6.75	1	1	2	4	11	1705	11	1705	0.00402844	0.00101397	0.00323984	0.00684327	155	0	155	155	
6.5	6.75	1	2	5	3	8	1240	8	1240	0.00343902	0.000269047	0.00305271	0.00379825	155	0	155	155	
6.5	6.75	1	3	3	3	11	1705	11	1705	0.0035435	0.00035054	0.0030422	0.00400749	155	0	155	155	
6.5	6.75	1	4	4	3	16	2480	16	2480	0.00359557	0.000414769	0.00307454	0.00474346	155	0	155	155	
6.5	6.75	1	5	1	3	8	1240	8	1240	0.00359803	0.000434938	0.00305825	0.00449219	155	0	155	155	
6.75	7	1	1	2	4	8	1240	8	1240	0.00335781	0.000282989	0.00300426	0.00376003	155	0	155	155	
6.75	7	1	2	5	3	12	1860	12	1860	0.00359776	0.000535562	0.00301521	0.00497855	155	0	155	155	
6.75	7	1	3	3	3	12	1860	12	1860	0.00348748	0.000283885	0.00300565	0.00386121	155	0	155	155	
6.75	7	1	4	4	3	15	2325	15	2325	0.0036065	0.000502351	0.00306243	0.00490478	155	0	155	155	
6.75	7	1	5	1	3	13	2015	13	2015	0.00350839	0.000424998	0.00303002	0.0044493	155	0	155	155	
7	7.25	1	1	2	4	10	1550	10	1550	0.00374738	0.000399501	0.00324199	0.00449987	155	0	155	155	
7	7.25	1	2	5	3	10	1550	10	1550	0.00372342	0.00042847	0.00326903	0.00470261	155	0	155	155	
7	7.25	1	3	3	3	10	1550	10	1550	0.00369299	0.000613021	0.00302278	0.00482572	155	0	155	155	
7	7.25	1	4	4	3	10	1550	10	1550	0.00340516	0.000233757	0.00309138	0.00382383	155	0	155	155	
7	7.25	1	5	1	3	11	1705	11	1705	0.00363065	0.000546749	0.00305789	0.00478768	155	0	155	155	
7.25	7.5	1	1	2	4	14	2170	14	2170	0.00366511	0.000489144	0.00310432	0.00474642	155	0	155	155	
7.25	7.5	1	2	5	3	12	1860	12	1860	0.00353241	0.000301053	0.00309521	0.0039644	155	0	155	155	
7.25	7.5	1	3	3	3	10	1550	10	1550	0.00341881	0.000281832	0.00303138	0.00397572	155	0	155	155	
7.25	7.5	1	4	4	3	14	2170	14	2170	0.00353787	0.000262881	0.00312667	0.0039894	155	0	155	155	
7.25	7.5	1	5	1	3	11	1705	11	1705	0.0035459	0.000344735	0.00300063	0.00390333	155	0	155	155	
7.5	7.75	1	1	2	4	8	1240	8	1240	0.00345975	0.0003243	0.00302359	0.00398316	155	0	155	155	
7.5	7.75	1	2	5	3	12	1860	12	1860	0.00359139	0.000445057	0.00302046	0.0046498	155	0	155	155	
7.5	7.75	1	3	3	3	10	1550	10	1550	0.00364093	0.000452239	0.00319975	0.00455496	155	0	155	155	
7.5	7.75	1	4	4	3	16	2480	16	2480	0.00349424	0.000363324	0.00301853	0.00436602	155	0	155	155	
7.5	7.75	1	5	1	3	9	1395	9	1395	0.00337482	0.000296022	0.0030505	0.00388847	155	0	155	155	
7.75	8	1	1	2	4	13	2015	13	2015	0.0036935	0.000532671	0.00303936	0.00482922	155	0	155	155	
7.75	8	1	2	5	3	10	1550	9	1395	0.0034881	0.000350587	0.00305993	0.00399974	155	0	155	155	
7.75	8	1	3	3	3	10	1550	10	1550	0.00361212	0.000406914	0.00305915	0.00441239	155	0	155	155	
7.75	8	1	4	4	3	11	1705	11	1705	0.00372796	0.000855233	0.00314527	0.00620156	155	0	155	155	
7.75	8	1	5	1	3	13	2015	13	2015	0.00383678	0.000499305	0.00310916	0.00493215	155	0	155	155	
8	8.25	1	1	2	4	9	1395	8	1240	0.00325644	0.000298641	0.00302608	0.00377734	155	0	155	155	
8	8.25	1	2	5	3	6	930	7	1085	0.00364192	0.000513514	0.00310268	0.00451608	155	0	155	155	
8	8.25	1	3	3	3	10	1550	9	1395	0.00341682	0.000284655	0.00309023	0.00388939	155	0	155	155	
8	8.25	1	4	4	3	12	1860	12	1860	0.00351804	0.000297103	0.00308279	0.00390421	155	0	155	155	
8	8.25	1	5	1	3	8	1240	8	1240	0.00358143	0.000252294	0.00329894	0.00389902	155	0	155	155	
8.25	8.5	1	1	2	4	11	1705	12	1860	0.00350981	0.000255841	0.00310916	0.0039164	155	0	155	155	
8.25	8.5	1	2	5	3	14	2170	13	2015	0.0034505	0.000321441	0.00300765	0.00397844	155	0	155	155	
8.25	8.5	1	3	3	3	9	1395	9	1395	0.00338393	0.000305719	0.00302219	0.00399582	155	0	155	155	
8.25	8.5	1	4	4	3	10	1550	10	1550	0.00355573	0.000387036	0.00306834	0.00442995	155	0	155	155	
8.25	8.5	1	5	1	3	10	1550	10	1550	0.00350522	0.000463171	0.00301863	0.00458819	155	0	155	155	
8.5	8.75	1	1	2	4	11	1705	11	1705	0.00359026	0.000391851	0.00308851	0.00420548	155	0	155	155	
8.5	8.75	1	2	5	3	12	1860	13	2015	0.00381539	0.000677976	0.00311762	0.00531592	155	0	155	155	
8.5	8.75	1	3	3	3	13	2015	14	2170	0.00357885	0.000333658	0.00309236	0.00440112	155	0	155	155	
8.5	8.75	1	4	4	3	12	1860	12	1860	0.00366069	0.000288151	0.00315636	0.00399631	155	0	155	155	
8.5	8.75	1	5	1	3	13	2015	13	2015	0.00351075	0.000287852	0.00301939	0.00395167	155	0	155	155	
8.75	9	1	1	2	4	10	1550	10	1550	0.00348768	0.000311897	0.00300436	0.00398486	155	0	155	155	
8.75	9	1	2	5	3	14	2170	14	2170	0.00372744	0.000587577	0.00305952	0.00510458	155	0	155	155	
8.75	9	1	3	3	3	14	2170	13	2015	0.00354132	0.000451391	0.00308792	0.00465739	155	0	155	155	
8.75	9	1	4	4	3	10	1550	9	1395	0.00357236	0.00026352	0.00314575	0.00399559	155	0	155	155	
8.75	9	1	5	1	3	9	1395	9	1395	0.00347828	0.000356244	0.00305122	0.00422509	155	0	155	155	
9	9.25	1	1	2	4	14	2170	14	2170	0.00349886	0.000275595	0.00303041	0.00396379	155	0	155	155	
9	9.25	1	2	5	3	11	1705	11	1705	0.00368228	0.000374288	0.00300963	0.0043919	155	0	155	155	
9	9.25	1	3	3	3	10	1550	11	1705	0.00361674	0.000617058	0.003057	0.00528188	155	0	155	155	
9	9.25	1	4	4	3	11	1705	12	1860	0.00410546	0.00194763	0.00318069	0.0102475	155	0	155	155	
9	9.25	1	5	1	3	11	1705	11	1705	0.00344429	0.000321831	0.00310299	0.00390688	155	0	155	155	
9.25	9.5	1	1	2	4	11	1705	10	1550	0.00372398	0.000520633	0.0030524	0.00452819	155	0	155	155	
9.25	9.5	1	2	5	3	10	1550	10	1550	0.00357184	0.000462593	0.00305083	0.00470029	155	0	155	155	
9.25	9.5	1	3	3	3	12	1860	12	1860	0.00358871	0.000368846	0.00304871	0.00407446	155	0	155	155	
9.25	9.5	1	4	4	3	10	1550	10	1550	0.00355331	0.000280271	0.00302022	0.00393101	155	0	155	155	
9.25	9.5	1	5	1	3	12	1860	12	1860	0.00354811	0.000374792	0.00307069	0.0039589	155	0	155	155	
9.5	9.75	1	1	2	4	12	1860	13	2015	0.00357298	0.000387761	0.00309751	0.00443911	155	0	155	155	
9.5	9.75	1	2	5	3	12	1860	12	1860	0.003758	0.000589893	0.0031485	0.0050443	155	0	155	155	
9.5	9.75	1	3	3	3	12	1860	12	1860	0.00380946	0.000667452	0.00305238	0.00525357	155	0	155	155	
9.5	9.75	1	4	4	3	13	2015	13	2015	0.00378387	0.000477484	0.00317809	0.00458454	155	0	155	155	
9.5	9.75	1	5	1	3	10	1550	10	1550	0.00370972	0.000528657	0.00306259	0.00490795	155	0	155	155	
9.75	10	1	1	2	4	9	1395	9	1395	0.00348201	0.0003002	0.00312488	0.00392549	155	0	155	155	
9.75	10	1	2	5	3	9	1395	9	1395	0.00346302	0.000350662	0.00303587	0.00397613	155	0	155	155	
9.75	10	1	3	3	3	12	1860	12	1860	0.00363626	0.000367285	0.00325013	0.00460993	155	0	155	155	
9.75	10	1	4	4	3	8	1240	8	1240	0.00351756	0.000312541	0.00301291	0.00385662	155	0	155	155	
9.75	10	1	5	1	3	13	2015	13	2015	0.00369861	0.000382298	0.00300999	0.00448159	155	0	155	155	
10	10.25	1	1	2	4	13	2015	12	1860	0.00349602	0.000309414	0.00308007	0.00387409	155	0	155	155	
10	10.25	1	2	5	3	8	1240	8	1240	0.0035914	0.000312613	0.00315346	0.00395606	155	0	155	155	
10	10.25	1	3	3	3	13	2015	13	2015	0.0037124	0.000350268	0.00312238	0.00436986	155	0	155	155	
10	10.25	1	4	4	3	15	2325	14	2170	0.00359637	0.000363666	0.00315865	0.00452095	155	0	155	155	
10	10.25	1	5	1	3	10	1550	10	1550	0.00354625	0.000468773	0.00301157	0.00465244	155	0	155	155	
10.25	10.5	1	1	2	4	11	1705	12	1860	0.00364909	0.000529774	0.00300175	0.00473482	155	0	155	155	
10.25	10.5	1	2	5	3	12	1860	12	1860	0.00345434	0.000451917	0.0030423	0.00456054	155	0	155	155	
10.25	10.5	1	3	3	3	11	1705	11	1705	0.00382162	0.00104037	0.00309435	0.00684022	155	0	155	155	
10.25	10.5	1	4	4	3	10	1550	11	1705	0.00391658	0.00026305	0.00361475	0.00460735	155	0	155	155	
10.25	10.5	1	5	1	3	14	2170	14	2170	0.0035426	0.000426675	0.00311727	0.00476913	155	0	155	155	
10.5	10.75	1	1	2	4	6	930	6	930	0.00339184	0.000231562	0.00304185	0.00368285	155	0	155	155	
10.5	10.75	1	2	5	3	14	2170	14	2170	0.00358021	0.000395249	0.00300097	0.00438384	155	0	155	155	
10.5	10.75	1	3	3	3	9	1395	9	1395	0.00346292	0.000272905	0.00306249	0.00392999	155	0	155	155	
10.5	10.75	1	4	4	3	14	2170	14	2170	0.00356963	0.000567749	0.00303852	0.00483572	155	0	155	155	
10.5	10.75	1	5	1	3	8	1240	8	1240	0.00362461	0.000428142	0.00314014	0.00434701	155	0	155	155	
10.75	11	1	1	2	4	11	1705	11	1705	0.0035876	0.000214677	0.00316588	0.0038541	155	0	155	155	
10.75	11	1	2	5	3	13	2015	13	2015	0.00372558	0.000553817	0.00305853	0.0049549	155	0	155	155	
10.75	11	1	3	3	3	12	1860	12	1860	0.00344538	0.000504335	0.003087	0.00481242	155	0	155	155	
10.75	11	1	4	4	3	9	1395	9	1395	0.0035238	0.000444666	0.00307257	0.00444767	155	0	155	155	
10.75	11	1	5	1	3	14	2170	14	2170	0.00348751	0.000308482	0.00300807	0.00405986	155	0	155	155	
11	11.25	1	1	2	4	12	1860	12	1860	0.00378469	0.000515115	0.00322765	0.00489839	155	0	155	155	
11	11.25	1	2	5	3	13	2015	12	1860	0.00356171	0.000500434	0.00303512	0.00492703	155	0	155	155	
11	11.25	1	3	3	3	11	1705	11	1705	0.00350248	0.000520319	0.00301921	0.00494257	155	0	155	155	
11	11.25	1	4	4	3	15	2325	15	2325	0.00334869	0.000217499	0.00300144	0.00376999	155	0	155	155	
11	11.25	1	5	1	3	13	2015	13	2015	0.00370163	0.000281483	0.00312699	0.00398952	155	0	155	155	
11.25	11.5	1	1	2	4	18	2790	18	2790	0.00365753	0.000456443	0.00306858	0.00455005	155	0	155	155	
11.25	11.5	1	2	5	3	7	1085	8	1240	0.00352996	0.000307048	0.00304835	0.0038457	155	0	155	155	
11.25	11.5	1	3	3	3	15	2325	15	2325	0.00357159	0.00052773	0.00301255	0.00494291	155	0	155	155	
11.25	11.5	1	4	4	3	11	1705	11	1705	0.00345023	0.000239489	0.00314813	0.00377721	155	0	155	155	
11.25	11.5	1	5	1	3	11	1705	11	1705	0.00360012	0.000530145	0.00311449	0.00495789	155	0	155	155	
11.5	11.75	1	1	2	4	10	1550	10	1550	0.00332256	0.000242755	0.00304101	0.00374386	155	0	155	155	
11.5	11.75	1	2	5	3	11	1705	11	1705	0.00372409	0.000400371	0.00321932	0.00462882	155	0	155	155	
11.5	11.75	1	3	3	3	8	1240	8	1240	0.00347866	0.000275034	0.00306543	0.00396679	155	0	155	155	
11.5	11.75	1	4	4	3	11	1705	11	1705	0.00355093	0.000300269	0.00301181	0.0039413	155	0	155	155	
11.5	11.75	1	5	1	3	9	1395	9	1395	0.00343851	0.000248729	0.00302584	0.00378279	155	0	155	155	
11.75	12	1	1	2	4	14	2170	14	2170	0.00360114	0.000438789	0.00303756	0.00480671	155	0	155	155	
11.75	12	1	2	5	3	15	2325	15	2325	0.00366516	0.000526679	0.00302598	0.00496994	155	0	155	155	
11.75	12	1	3	3	3	12	1860	12	1860	0.00372536	0.000574066	0.00318154	0.00541034	155	0	155	155	
11.75	12	1	4	4	3	10	1550	10	1550	0.00351597	0.000286983	0.00306424	0.00396044	155	0	155	155	
11.75	12	1	5	1	3	16	2480	16	2480	0.00351415	0.000416985	0.00300663	0.0044121	155	0	155	155	
12	12.25	1	1	2	4	13	2015	13	2015	0.00357725	0.000386514	0.00303947	0.00447036	155	0	155	155	
12	12.25	1	2	5	3	10	1550	10	1550	0.00347329	0.000305673	0.00305989	0.00392992	155	0	155	155	
12	12.25	1	3	3	3	13	2015	12	1860	0.00356094	0.000357342	0.0030119	0.00399079	155	0	155	155	
12	12.25	1	4	4	3	15	2325	15	2325	0.00364512	0.0004552	0.00300358	0.00487281	155	0	155	155	
12	12.25	1	5	1	3	7	1085	7	1085	0.00370757	0.000330465	0.00302372	0.00399915	155	0	155	155	
12.25	12.5	1	1	2	4	9	1395	9	1395	0.00356057	0.000370284	0.00303323	0.00436894	155	0	155	155	
12.25	12.5	1	2	5	3	13	2015	13	2015	0.00352609	0.000410737	0.00303978	0.00449774	155	0	155	155	
12.25	12.5	1	3	3	3	14	2170	15	2325	0.00383447	0.000675901	0.00302063	0.00576738	155	0	155	155	
12.25	12.5	1	4	4	3	10	1550	10	1550	0.00345252	0.000308698	0.00302303	0.00393593	155	0	155	155	
12.25	12.5	1	5	1	3	12	1860	12	1860	0.0035185	0.000355449	0.00313036	0.00398943	155	0	155	155	
12.5	12.75	1	1	2	4	15	2325	15	2325	0.00367591	0.000473522	0.00307589	0.00482424	155	0	155	155	
12.5	12.75	1	2	5	3	14	2170	14	2170	0.00378787	0.000558932	0.00312916	0.00491243	155	0	155	155	
12.5	12.75	1	3	3	3	10	1550	10	1550	0.00359836	0.000406404	0.00302936	0.004497	155	0	155	155	
12.5	12.75	1	4	4	3	10	1550	10	1550	0.00353522	0.000273515	0.00308443	0.00382402	155	0	155	155	
12.5	12.75	1	5	1	3	12	1860	12	1860	0.00348309	0.000314825	0.00309038	0.00396669	155	0	155	155	
12.75	13	1	1	2	4	15	2325	15	2325	0.00388595	0.000549416	0.00323666	0.00538601	155	0	155	155	
12.75	13	1	2	5	3	13	2015	13	2015	0.00355704	0.000427384	0.00308053	0.00440819	155	0	155	155	
12.75	13	1	3	3	3	9	1395	9	1395	0.00334202	0.000245297	0.00302329	0.00370293	155	0	155	155	
12.75	13	1	4	4	3	15	2325	15	2325	0.003655	0.000214796	0.00326352	0.00395545	155	0	155	155	
12.75	13	1	5	1	3	14	2170	14	2170	0.00372367	0.000730973	0.00304437	0.00577725	155	0	155	155	
13	13.25	1	1	2	4	11	1705	11	1705	0.00347916	0.000322457	0.00301231	0.00393547	155	0	155	155	
13	13.25	1	2	5	3	8	1240	8	1240	0.00337343	0.000445113	0.00300467	0.00428321	155	0	155	155	
13	13.25	1	3	3	3	11	1705	10	1550	0.00349116	0.000237716	0.00312026	0.00398585	155	0	155	155	
13	13.25	1	4	4	3	10	1550	10	1550	0.00351849	0.000331228	0.00303325	0.00399002	155	0	155	155	
13	13.25	1	5	1	3	9	1395	9	1395	0.00338268	0.000320672	0.00307418	0.00396726	155	0	155	155	
13.25	13.5	1	1	2	4	13	2015	13	2015	0.0037569	0.000563512	0.00304838	0.00488415	155	0	155	155	
13.25	13.5	1	2	5	3	12	1860	12	1860	0.00357984	0.000448933	0.00308755	0.0047838	155	0	155	155	
13.25	13.5	1	3	3	3	10	1550	11	1705	0.00345724	0.000296128	0.00306505	0.0039725	155	0	155	155	
13.25	13.5	1	4	4	3	11	1705	11	1705	0.00363474	0.000759819	0.00301235	0.00569845	155	0	155	155	
13.25	13.5	1	5	1	3	10	1550	10	1550	0.00332105	0.000252714	0.00301009	0.00369558	155	0	155	155	
13.5	13.75	1	1	2	4	13	2015	12	1860	0.00375368	0.000797467	0.00308702	0.00591604	155	0	155	155	
13.5	13.75	1	2	5	3	9	1395	9	1395	0.00358115	0.000421944	0.00302008	0.00436365	155	0	155	155	
13.5	13.75	1	3	3	3	11	1705	11	1705	0.00359757	0.000296736	0.00306143	0.00398179	155	0	155	155	
13.5	13.75	1	4	4	3	13	2015	13	2015	0.00343904	0.000286058	0.00300602	0.00386412	155	0	155	155	
13.5	13.75	1	5	1	3	11	1705	11	1705	0.00359092	0.000318387	0.00306517	0.00395299	155	0	155	155	
13.75	14	1	1	2	4	11	1705	12	1860	0.00359277	0.000323678	0.00305874	0.00409571	155	0	155	155	
13.75	14	1	2	5	3	11	1705	11	1705	0.00359591	0.000456706	0.00305246	0.00443107	155	0	155	155	
13.75	14	1	3	3	3	13	2015	13	2015	0.00353045	0.000277879	0.00301242	0.00396439	155	0	155	155	
13.75	14	1	4	4	3	12	1860	12	1860	0.00366283	0.000611241	0.00300767	0.00491311	155	0	155	155	
13.75	14	1	5	1	3	13	2015	13	2015	0.00351902	0.000356722	0.00302234	0.00403579	155	0	155	155	
14	14.25	1	1	2	4	11	1705	11	1705	0.00343842	0.000309082	0.00306721	0.00389196	155	0	155	155	
14	14.25	1	2	5	3	16	2480	16	2480	0.00364088	0.000443646	0.00303166	0.00475374	155	0	155	155	
14	14.25	1	3	3	3	13	2015	13	2015	0.00357209	0.000435854	0.00301968	0.00445799	155	0	155	155	
14	14.25	1	4	4	3	9	1395	9	1395	0.00338724	0.000242943	0.003072	0.00386073	155	0	155	155	
14	14.25	1	5	1	3	10	1550	10	1550	0.00361825	0.000307953	0.00307805	0.00398638	155	0	155	155	
14.25	14.5	1	1	2	4	10	1550	10	1550	0.00352041	0.000363774	0.00306767	0.00438371	155	0	155	155	
14.25	14.5	1	2	5	3	12	1860	12	1860	0.00352721	0.000298316	0.0030165	0.00397348	155	0	155	155	
14.25	14.5	1	3	3	3	14	2170	14	2170	0.00352346	0.000361577	0.00304746	0.00424585	155	0	155	155	
14.25	14.5	1	4	4	3	8	1240	8	1240	0.00355125	0.000353487	0.00302331	0.00389737	155	0	155	155	
14.25	14.5	1	5	1	3	14	2170	14	2170	0.00374505	0.000835453	0.0030136	0.00586173	155	0	155	155	
14.5	14.75	1	1	2	4	12	1860	12	1860	0.00363071	0.000298124	0.00302726	0.00394487	155	0	155	155	
14.5	14.75	1	2	5	3	15	2325	14	2170	0.00342511	0.000212671	0.00301133	0.00375838	155	0	155	155	
14.5	14.75	1	3	3	3	9	1395	9	1395	0.00359629	0.000446673	0.00314757	0.00464106	155	0	155	155	
14.5	14.75	1	4	4	3	10	1550	9	1395	0.00351569	0.000322139	0.00304342	0.00399624	155	0	155	155	
14.5	14.75	1	5	1	3	13	2015	13	2015	0.00362923	0.00053762	0.00315389	0.00483188	155	0	155	155	
14.75	15	1	1	2	4	11	1705	10	1550	0.00330353	0.000262711	0.00300071	0.00370064	155	0	155	155	
14.75	15	1	2	5	3	10	1550	11	1705	0.00347358	0.000343813	0.00303797	0.00395533	155	0	155	155	
14.75	15	1	3	3	3	10	1550	10	1550	0.00364959	0.000206599	0.00332018	0.00399373	155	0	155	155	
14.75	15	1	4	4	3	10	1550	11	1705	0.00351568	0.000313872	0.00307344	0.00397934	155	0	155	155	
14.75	15	1	5	1	3	10	1550	10	1550	0.00342505	0.000445644	0.00300531	0.00450634	155	0	155	155	
15	15.25	1	1	2	4	10	1550	11	1705	0.00346719	0.000478621	0.00302053	0.00444621	155	0	155	155	
15	15.25	1	2	5	3	14	2170	14	2170	0.00363377	0.000629156	0.00304079	0.00486773	155	0	155	155	
15	15.25	1	3	3	3	15	2325	15	2325	0.00347676	0.00034125	0.00301986	0.00412421	155	0	155	155	
15	15.25	1	4	4	3	12	1860	12	1860	0.00349223	0.000255642	0.00308214	0.00386855	155	0	155	155	
15	15.25	1	5	1	3	10	1550	10	1550	0.00386604	0.000753722	0.00308772	0.00587324	155	0	155	155	
15.25	15.5	1	1	2	4	11	1705	11	1705	0.00352924	0.000373143	0.00302762	0.00394438	155	0	155	155	
15.25	15.5	1	2	5	3	10	1550	10	1550	0.00335587	0.000256331	0.00301839	0.00388068	155	0	155	155	
15.25	15.5	1	3	3	3	8	1240	8	1240	0.00372675	0.000299622	0.0030602	0.0039926	155	0	155	155	
15.25	15.5	1	4	4	3	12	1860	12	1860	0.00354965	0.000321269	0.00304039	0.00398439	155	0	155	155	
15.25	15.5	1	5	1	3	12	1860	12	1860	0.00357613	0.000521716	0.00304015	0.00493083	155	0	155	155	
15.5	15.75	1	1	2	4	11	1705	10	1550	0.00352114	0.000323637	0.00302924	0.00395719	155	0	155	155	
15.5	15.75	1	2	5	3	12	1860	11	1705	0.00362116	0.000535093	0.00302218	0.00465756	155	0	155	155	
15.5	15.75	1	3	3	3	13	2015	13	2015	0.00353701	0.000320197	0.00304717	0.0042272	155	0	155	155	
15.5	15.75	1	4	4	3	13	2015	13	2015	0.00366424	0.00046604	0.003038	0.00470736	155	0	155	155	
15.5	15.75	1	5	1	3	10	1550	10	1550	0.0034063	0.000267385	0.00307196	0.00380784	155	0	155	155	
15.75	16	1	1	2	4	6	930	7	1085	0.00365059	0.000586541	0.00313914	0.00483793	155	0	155	155	
15.75	16	1	2	5	3	11	1705	12	1860	0.00355115	0.000270772	0.00307898	0.00385207	155	0	155	155	
15.75	16	1	3	3	3	12	1860	11	1705	0.00377065	0.000703924	0.0030754	0.00496008	155	0	155	155	
15.75	16	1	4	4	3	8	1240	8	1240	0.00348441	0.000333428	0.00303568	0.00392256	155	0	155	155	
15.75	16	1	5	1	3	15	2325	15	2325	0.00366922	0.000385343	0.00303325	0.00451849	155	0	155	155	
16	16.25	1	1	2	4	11	1705	11	1705	0.00353179	0.000259031	0.00303715	0.0039177	155	0	155	155	
16	16.25	1	2	5	3	7	1085	7	1085	0.00352946	0.000363309	0.00302406	0.0039438	155	0	155	155	
16	16.25	1	3	3	3	7	1085	8	1240	0.00358689	0.000405027	0.00312035	0.00428495	155	0	155	155	
16	16.25	1	4	4	3	12	1860	12	1860	0.00354097	0.00043337	0.00302538	0.00450929	155	0	155	155	
16	16.25	1	5	1	3	12	1860	12	1860	0.00390148	0.000668841	0.00305961	0.00559205	155	0	155	155	
16.25	16.5	1	1	2	4	8	1240	8	1240	0.00353171	0.000308037	0.00300532	0.0039974	155	0	155	155	
16.25	16.5	1	2	5	3	16	2480	16	2480	0.00374311	0.00072613	0.00305994	0.0059589	155	0	155	155	
16.25	16.5	1	3	3	3	10	1550	10	1550	0.00358344	0.000423096	0.00310225	0.00419002	155	0	155	155	
16.25	16.5	1	4	4	3	12	1860	12	1860	0.00358419	0.000425208	0.00304256	0.00440779	155	0	155	155	
16.25	16.5	1	5	1	3	8	1240	8	1240	0.00346992	0.000370175	0.00300291	0.00392619	155	0	155	155	
16.5	16.75	1	1	2	4	7	1085	7	1085	0.00338518	0.000219692	0.00308038	0.00359596	155	0	155	155	
16.5	16.75	1	2	5	3	12	1860	12	1860	0.00392411	0.000619973	0.00304515	0.00501353	155	0	155	155	
16.5	16.75	1	3	3	3	16	2480	16	2480	0.0036465	0.000294808	0.00308309	0.00409828	155	0	155	155	
16.5	16.75	1	4	4	3	8	1240	8	1240	0.00363564	0.000178265	0.00334816	0.00386638	155	0	155	155	
16.5	16.75	1	5	1	3	13	2015	13	2015	0.00353595	0.000294926	0.00306303	0.00397768	155	0	155	155	
16.75	17	1	1	2	4	13	2015	13	2015	0.00346028	0.000275638	0.00306241	0.00390263	155	0	155	155	
16.75	17	1	2	5	3	14	2170	13	2015	0.00348512	0.00027224	0.00301528	0.0038571	155	0	155	155	
16.75	17	1	3	3	3	12	1860	12	1860	0.0035714	0.000270966	0.00303742	0.00388509	155	0	155	155	
16.75	17	1	4	4	3	11	1705	11	1705	0.00342512	0.000317409	0.00300783	0.00390813	155	0	155	155	
16.75	17	1	5	1	3	9	1395	9	1395	0.00382099	0.00046673	0.00325433	0.00477172	155	0	155	155	
17	17.25	1	1	2	4	11	1705	11	1705	0.00349824	0.000328722	0.00300042	0.00392348	155	0	155	155	
17	17.25	1	2	5	3	12	1860	13	2015	0.00382347	0.000614615	0.00322389	0.00563206	155	0	155	155	
17	17.25	1	3	3	3	11	1705	10	1550	0.00359691	0.000256804	0.00319087	0.00397418	155	0	155	155	
17	17.25	1	4	4	3	11	1705	11	1705	0.00381027	0.000668672	0.00305515	0.00556896	155	0	155	155	
17	17.25	1	5	1	3	11	1705	11	1705	0.00375692	0.000560837	0.0030536	0.00469878	155	0	155	155	
17.25	17.5	1	1	2	4	11	1705	11	1705	0.00339624	0.000222794	0.00303771	0.00386511	155	0	155	155	
17.25	17.5	1	2	5	3	11	1705	11	1705	0.00377249	0.000634003	0.00301394	0.00495618	155	0	155	155	
17.25	17.5	1	3	3	3	9	1395	10	1550	0.00359815	0.000395088	0.00303616	0.00416406	155	0	155	155	
17.25	17.5	1	4	4	3	10	1550	10	1550	0.00380004	0.0005014	0.00322376	0.00508921	155	0	155	155	
17.25	17.5	1	5	1	3	11	1705	11	1705	0.00351625	0.000294236	0.00312952	0.00391375	155	0	155	155	
17.5	17.75	1	1	2	4	12	1860	12	1860	0.00335267	0.00025075	0.00303098	0.00374377	155	0	155	155	
17.5	17.75	1	2	5	3	10	1550	9	1395	0.00347749	0.000348667	0.0030499	0.0039129	155	0	155	155	
17.5	17.75	1	3	3	3	8	1240	8	1240	0.00356321	0.000314806	0.00305576	0.0039475	155	0	155	155	
17.5	17.75	1	4	4	3	14	2170	14	2170	0.00341488	0.00029718	0.00308357	0.00405032	155	0	155	155	
17.5	17.75	1	5	1	3	13	2015	12	1860	0.00337912	0.000297525	0.00300526	0.00377232	155	0	155	155	
17.75	18	1	1	2	4	11	1705	11	1705	0.00360897	0.000365531	0.00304408	0.00428212	155	0	155	155	
17.75	18	1	2	5	3	10	1550	11	1705	0.0034252	0.00037849	0.00300903	0.00402659	155	0	155	155	
17.75	18	1	3	3	3	11	1705	11	1705	0.00351156	0.000305523	0.00311648	0.00388258	155	0	155	155	
17.75	18	1	4	4	3	9	1395	9	1395	0.0033545	0.000261092	0.00302924	0.00392509	155	0	155	155	
17.75	18	1	5	1	3	11	1705	12	1860	0.0038154	0.000791474	0.00300435	0.00573691	155	0	155	155	
18	18.25	1	1	2	4	8	1240	8	1240	0.00359368	0.000213661	0.00333302	0.00387921	155	0	155	155	
18	18.25	1	2	5	3	14	2170	14	2170	0.00350095	0.000471394	0.00301103	0.00462126	155	0	155	155	
18	18.25	1	3	3	3	13	2015	13	2015	0.00358925	0.00020549	0.00328012	0.00388628	155	0	155	155	
18	18.25	1	4	4	3	15	2325	15	2325	0.00351371	0.000579278	0.00300219	0.00532415	155	0	155	155	
18	18.25	1	5	1	3	13	2015	13	2015	0.00362295	0.000227541	0.00328593	0.00418868	155	0	155	155	
18.25	18.5	1	1	2	4	13	2015	13	2015	0.00338831	0.000290172	0.00304849	0.00389615	155	0	155	155	
18.25	18.5	1	2	5	3	15	2325	15	2325	0.00424446	0.000775248	0.00339167	0.00606067	155	0	155	155	
18.25	18.5	1	3	3	3	14	2170	13	2015	0.00344882	0.000249444	0.00302225	0.00390767	155	0	155	155	
18.25	18.5	1	4	4	3	12	1860	12	1860	0.00353127	0.000337483	0.00304538	0.00396499	155	0	155	155	
18.25	18.5	1	5	1	3	13	2015	13	2015	0.00368306	0.000479171	0.00317506	0.00494095	155	0	155	155	
18.5	18.75	1	1	2	4	11	1705	11	1705	0.00371025	0.000573325	0.00308452	0.00511582	155	0	155	155	
18.5	18.75	1	2	5	3	10	1550	10	1550	0.00347004	0.000288827	0.00314608	0.00397081	155	0	155	155	
18.5	18.75	1	3	3	3	10	1550	11	1705	0.00345703	0.000316911	0.00301429	0.0039664	155	0	155	155	
18.5	18.75	1	4	4	3	11	1705	11	1705	0.0034773	0.000305893	0.00306464	0.00397553	155	0	155	155	
18.5	18.75	1	5	1	3	11	1705	11	1705	0.00358507	0.000287678	0.0031068	0.00389452	155	0	155	155	
18.75	19	1	1	2	4	12	1860	12	1860	0.00352774	0.000511445	0.00310683	0.00486765	155	0	155	155	
18.75	19	1	2	5	3	13	2015	13	2015	0.00347533	0.000258993	0.00305197	0.00391541	155	0	155	155	
18.75	19	1	3	3	3	10	1550	10	1550	0.00357952	0.000290888	0.00310515	0.00398678	155	0	155	155	
18.75	19	1	4	4	3	7	1085	7	1085	0.00360648	0.0002396	0.00319878	0.00399407	155	0	155	155	
18.75	19	1	5	1	3	12	1860	11	1705	0.00364817	0.000298485	0.00305435	0.00392168	155	0	155	155	
19	19.25	1	1	2	4	11	1705	11	1705	0.00356522	0.000332682	0.00307186	0.00393987	155	0	155	155	
19	19.25	1	2	5	3	12	1860	11	1705	0.00383407	0.000553335	0.00307531	0.00472502	155	0	155	155	
19	19.25	1	3	3	3	9	1395	9	1395	0.00357289	0.000460562	0.00300983	0.00455986	155	0	155	155	
19	19.25	1	4	4	3	14	2170	14	2170	0.0035713	0.000421203	0.00300019	0.0042918	155	0	155	155	
19	19.25	1	5	1	3	8	1240	8	1240	0.00345528	0.000312111	0.00309499	0.00396074	155	0	155	155	
19.25	19.5	1	1	2	4	11	1705	11	1705	0.00347351	0.000318308	0.00301359	0.00397042	155	0	155	155	
19.25	19.5	1	2	5	3	10	1550	11	1705	0.00364188	0.000443293	0.00318125	0.00482093	155	0	155	155	
19.25	19.5	1	3	3	3	15	2325	15	2325	0.00366772	0.000263602	0.00322358	0.00399342	155	0	155	155	
19.25	19.5	1	4	4	3	11	1705	11	1705	0.00361934	0.00041876	0.00307917	0.00468397	155	0	155	155	
19.25	19.5	1	5	1	3	12	1860	13	2015	0.00358736	0.00047529	0.00308781	0.0048504	155	0	155	155	
19.5	19.75	1	1	2	4	14	2170	14	2170	0.00363564	0.000259775	0.00310676	0.00397946	155	0	155	155	
19.5	19.75	1	2	5	3	10	1550	10	1550	0.00354803	0.000469977	0.00304829	0.00464235	155	0	155	155	
19.5	19.75	1	3	3	3	5	775	5	775	0.00335208	0.000249083	0.00312381	0.00373606	155	0	155	155	
19.5	19.75	1	4	4	3	12	1860	12	1860	0.00353109	0.000369841	0.00304663	0.00421106	155	0	155	155	
19.5	19.75	1	5	1	3	12	1860	12	1860	0.00372967	0.000565441	0.00310259	0.00470748	155	0	155	155	
19.75	20	1	1	2	4	10	1550	10	1550	0.003558	0.000299175	0.0031342	0.00394481	155	0	155	155	
19.75	20	1	2	5	3	10	1550	10	1550	0.00345736	0.000454108	0.00304803	0.00449503	155	0	155	155	
19.75	20	1	3	3	3	11	1705	11	1705	0.0033142	0.000261352	0.00305854	0.0039048	155	0	155	155	
19.75	20	1	4	4	3	14	2170	14	2170	0.00354728	0.000510292	0.00301994	0.00466385	155	0	155	155	
19.75	20	1	5	1	3	11	1705	11	1705	0.00361337	0.000683533	0.00302333	0.00497009	155	0	155	155	
20	20.25	1	1	2	4	10	1550	10	1550	0.00355981	0.000314362	0.00300224	0.00394096	155	0	155	155	
20	20.25	1	2	5	3	10	1550	10	1550	0.00354508	0.000258172	0.00301376	0.00399561	155	0	155	155	
20	20.25	1	3	3	3	14	2170	14	2170	0.00355952	0.000432798	0.00311716	0.00459926	155	0	155	155	
20	20.25	1	4	4	3	15	2325	14	2170	0.00382221	0.000651702	0.00319517	0.00556074	155	0	155	155	
20	20.25	1	5	1	3	11	1705	11	1705	0.00357141	0.000406077	0.00316633	0.00464767	155	0	155	155	
20.25	20.5	1	1	2	4	13	2015	13	2015	0.00362346	0.000437846	0.00301748	0.00455767	155	0	155	155	
20.25	20.5	1	2	5	3	10	1550	9	1395	0.00364649	0.000556733	0.00310166	0.0047728	155	0	155	155	
20.25	20.5	1	3	3	3	9	1395	9	1395	0.00343356	0.000330238	0.00304862	0.0039447	155	0	155	155	
20.25	20.5	1	4	4	3	8	1240	9	1395	0.00352326	0.000329826	0.00305466	0.00392486	155	0	155	155	
20.25	20.5	1	5	1	3	11	1705	11	1705	0.00354169	0.000355977	0.00301804	0.00414515	155	0	155	155	
20.5	20.75	1	1	2	4	12	1860	11	1705	0.00355017	0.000362237	0.00302114	0.00396788	155	0	155	155	
20.5	20.75	1	2	5	3	13	2015	14	2170	0.00357652	0.000462276	0.00305014	0.00476374	155	0	155	155	
20.5	20.75	1	3	3	3	14	2170	14	2170	0.00342385	0.000316661	0.00300619	0.00386956	155	0	155	155	
20.5	20.75	1	4	4	3	11	1705	11	1705	0.00354126	0.00017545	0.00332174	0.00388055	155	0	155	155	
20.5	20.75	1	5	1	3	10	1550	10	1550	0.00345767	0.00032796	0.00301535	0.00397945	155	0	155	155	
20.75	21	1	1	2	4	10	1550	11	1705	0.00369871	0.000340004	0.00324495	0.00440648	155	0	155	155	
20.75	21	1	2	5	3	13	2015	13	2015	0.00347696	0.000457589	0.00310399	0.00473464	155	0	155	155	
20.75	21	1	3	3	3	13	2015	13	2015	0.00362011	0.000678574	0.00303774	0.00573116	155	0	155	155	
20.75	21	1	4	4	3	10	1550	10	1550	0.00340063	0.000265157	0.00305279	0.00384343	155	0	155	155	
20.75	21	1	5	1	3	15	2325	14	2170	0.00347664	0.000283573	0.00302353	0.00393391	155	0	155	155	
21	21.25	1	1	2	4	10	1550	10	1550	0.00353055	0.000317061	0.00309216	0.00393	155	0	155	155	
21	21.25	1	2	5	3	17	2635	16	2480	0.00370687	0.000795873	0.00306153	0.00633469	155	0	155	155	
21	21.25	1	3	3	3	9	1395	9	1395	0.0036537	0.000351233	0.00317261	0.00399833	155	0	155	155	
21	21.25	1	4	4	3	10	1550	10	1550	0.00355732	0.00026303	0.00304498	0.00392128	155	0	155	155	
21	21.25	1	5	1	3	10	1550	11	1705	0.00350562	0.000354887	0.00300749	0.00398907	155	0	155	155	
21.25	21.5	1	1	2	4	11	1705	11	1705	0.00368881	0.000273117	0.00303542	0.00397033	155	0	155	155	
21.25	21.5	1	2	5	3	6	930	7	1085	0.00372654	0.000186811	0.00347158	0.00394109	155	0	155	155	
21.25	21.5	1	3	3	3	11	1705	11	1705	0.00347654	0.000323706	0.00302765	0.00396623	155	0	155	155	
21.25	21.5	1	4	4	3	10	1550	10	1550	0.00373905	0.000381642	0.00323114	0.00457985	155	0	155	155	
21.25	21.5	1	5	1	3	10	1550	10	1550	0.00368899	0.000490186	0.00315184	0.00488843	155	0	155	155	
21.5	21.75	1	1	2	4	12	1860	12	1860	0.00376104	0.000490121	0.00312672	0.00490864	155	0	155	155	
21.5	21.75	1	2	5	3	15	2325	15	2325	0.00354857	0.000445753	0.00301502	0.00454335	155	0	155	155	
21.5	21.75	1	3	3	3	15	2325	15	2325	0.00373194	0.00046902	0.00313783	0.00491516	155	0	155	155	
21.5	21.75	1	4	4	3	11	1705	11	1705	0.0035595	0.000325533	0.00310054	0.0039695	155	0	155	155	
21.5	21.75	1	5	1	3	7	1085	7	1085	0.00344665	0.000283656	0.00302469	0.0037722	155	0	155	155	
21.75	22	1	1	2	4	11	1705	11	1705	0.00340356	0.000247534	0.003037	0.00385887	155	0	155	155	
21.75	22	1	2	5	3	10	1550	10	1550	0.00367752	0.000307481	0.00328999	0.00416289	155	0	155	155	
21.75	22	1	3	3	3	11	1705	11	1705	0.00350594	0.000374456	0.00306965	0.00433235	155	0	155	155	
21.75	22	1	4	4	3	8	1240	8	1240	0.00353827	0.000316709	0.00309679	0.00395905	155	0	155	155	
21.75	22	1	5	1	3	9	1395	9	1395	0.00351964	0.000312526	0.00305663	0.00398906	155	0	155	155	
22	22.25	1	1	2	4	13	2015	13	2015	0.00371298	0.000616914	0.00309281	0.00490891	155	0	155	155	
22	22.25	1	2	5	3	13	2015	12	1860	0.00365271	0.00036334	0.00305806	0.00459793	155	0	155	155	
22	22.25	1	3	3	3	10	1550	10	1550	0.00346948	0.000260035	0.00307517	0.00383468	155	0	155	155	
22	22.25	1	4	4	3	12	1860	12	1860	0.00341969	0.00025527	0.0030258	0.00382053	155	0	155	155	
22	22.25	1	5	1	3	12	1860	12	1860	0.00358491	0.000424778	0.00305255	0.00459948	155	0	155	155	
22.25	22.5	1	1	2	4	10	1550	10	1550	0.00353721	0.000331905	0.00307939	0.00396311	155	0	155	155	
22.25	22.5	1	2	5	3	13	2015	14	2170	0.00361224	0.000224494	0.00321335	0.00393519	155	0	155	155	
22.25	22.5	1	3	3	3	13	2015	13	2015	0.00348352	0.000342285	0.00302111	0.0039701	155	0	155	155	
22.25	22.5	1	4	4	3	13	2015	13	2015	0.00377323	0.0007836	0.00306923	0.00597043	155	0	155	155	
22.25	22.5	1	5	1	3	11	1705	11	1705	0.003675	0.000401332	0.00305701	0.00454896	155	0	155	155	
22.5	22.75	1	1	2	4	13	2015	13	2015	0.00356676	0.000430701	0.00314545	0.00477915	155	0	155	155	
22.5	22.75	1	2	5	3	8	1240	8	1240	0.00351507	0.000360662	0.00300218	0.00390904	155	0	155	155	
22.5	22.75	1	3	3	3	9	1395	9	1395	0.00366804	0.000352982	0.00318608	0.00421477	155	0	155	155	
22.5	22.75	1	4	4	3	14	2170	13	2015	0.003794	0.000327184	0.00316226	0.00429473	155	0	155	155	
22.5	22.75	1	5	1	3	10	1550	10	1550	0.00365005	0.000432515	0.00316937	0.00456288	155	0	155	155	
22.75	23	1	1	2	4	12	1860	12	1860	0.00354971	0.000250895	0.00317384	0.00390043	155	0	155	155	
22.75	23	1	2	5	3	15	2325	15	2325	0.00361017	0.000498245	0.00306997	0.00476987	155	0	155	155	
22.75	23	1	3	3	3	12	1860	12	1860	0.00355609	0.00034194	0.00310011	0.00395284	155	0	155	155	
22.75	23	1	4	4	3	15	2325	16	2480	0.00381233	0.000720706	0.00305084	0.00593991	155	0	155	155	
22.75	23	1	5	1	3	10	1550	10	1550	0.00342339	0.000294354	0.00311143	0.00389962	155	0	155	155	
23	23.25	1	1	2	4	11	1705	11	1705	0.00362236	0.000505624	0.00311159	0.00486302	155	0	155	155	
23	23.25	1	2	5	3	12	1860	12	1860	0.00354166	0.00031908	0.00312441	0.00418762	155	0	155	155	
23	23.25	1	3	3	3	12	1860	12	1860	0.00347766	0.000290539	0.00300756	0.00390168	155	0	155	155	
23	23.25	1	4	4	3	9	1395	9	1395	0.00361703	0.000197542	0.00334363	0.00391499	155	0	155	155	
23	23.25	1	5	1	3	12	1860	12	1860	0.0034793	0.000251484	0.00300797	0.00379307	155	0	155	155	
23.25	23.5	1	1	2	4	12	1860	12	1860	0.00362127	0.000267742	0.00303913	0.0039943	155	0	155	155	
23.25	23.5	1	2	5	3	8	1240	8	1240	0.00352163	0.000273162	0.00314499	0.00391052	155	0	155	155	
23.25	23.5	1	3	3	3	7	1085	7	1085	0.00343034	0.000275153	0.00311989	0.00384535	155	0	155	155	
23.25	23.5	1	4	4	3	8	1240	8	1240	0.00350933	0.000337371	0.00300262	0.00391492	155	0	155	155	
23.25	23.5	1	5	1	3	10	1550	10	1550	0.00370922	0.000417554	0.00312753	0.00456615	155	0	155	155	
23.5	23.75	1	1	2	4	10	1550	10	1550	0.00377938	0.00041172	0.00307436	0.00466044	155	0	155	155	
23.5	23.75	1	2	5	3	7	1085	7	1085	0.00355219	0.000349527	0.00300526	0.00383833	155	0	155	155	
23.5	23.75	1	3	3	3	10	1550	10	1550	0.00341975	0.000305343	0.00304164	0.00386595	155	0	155	155	
23.5	23.75	1	4	4	3	15	2325	15	2325	0.00350689	0.000445793	0.00300117	0.00469456	155	0	155	155	
23.5	23.75	1	5	1	3	10	1550	9	1395	0.00351974	0.000316422	0.00303855	0.00396614	155	0	155	155	
23.75	24	1	1	2	4	11	1705	11	1705	0.00343324	0.000334482	0.0030468	0.00395139	155	0	155	155	
23.75	24	1	2	5	3	10	1550	10	1550	0.00353661	0.000262187	0.00311959	0.00412025	155	0	155	155	
23.75	24	1	3	3	3	10	1550	10	1550	0.00353553	0.000339656	0.00304608	0.00389785	155	0	155	155	
23.75	24	1	4	4	3	15	2325	15	2325	0.00362083	0.000408173	0.00323835	0.00481612	155	0	155	155	
23.75	24	1	5	1	3	13	2015	13	2015	0.00354547	0.000470145	0.00301184	0.0045634	155	0	155	155	
24	24.25	1	1	2	4	12	1860	12	1860	0.00336873	0.000332295	0.00303088	0.00384375	155	0	155	155	
24	24.25	1	2	5	3	15	2325	15	2325	0.00388422	0.000455752	0.00322539	0.00491758	155	0	155	155	
24	24.25	1	3	3	3	12	1860	12	1860	0.00381056	0.000253367	0.00326747	0.00421609	155	0	155	155	
24	24.25	1	4	4	3	9	1395	8	1240	0.00341985	0.000320633	0.00301502	0.00377406	155	0	155	155	
24	24.25	1	5	1	3	8	1240	9	1395	0.0035105	0.000168012	0.00332782	0.00384354	155	0	155	155	
24.25	24.5	1	1	2	4	7	1085	7	1085	0.00373475	0.000347044	0.00328664	0.00442573	155	0	155	155	
24.25	24.5	1	2	5	3	8	1240	8	1240	0.00335547	0.00032741	0.00302424	0.00380267	155	0	155	155	
24.25	24.5	1	3	3	3	11	1705	11	1705	0.00365148	0.000445886	0.00311022	0.00469038	155	0	155	155	
24.25	24.5	1	4	4	3	12	1860	12	1860	0.00356721	0.000310235	0.00315832	0.00412683	155	0	155	155	
24.25	24.5	1	5	1	3	13	2015	13	2015	0.00357232	0.000414104	0.00315734	0.00479463	155	0	155	155	
24.5	24.75	1	1	2	4	10	1550	10	1550	0.0034778	0.00031265	0.00307648	0.00388907	155	0	155	155	
24.5	24.75	1	2	5	3	12	1860	12	1860	0.00354646	0.000248453	0.00319468	0.00391673	155	0	155	155	
24.5	24.75	1	3	3	3	14	2170	14	2170	0.00361807	0.000273798	0.00303185	0.0041138	155	0	155	155	
24.5	24.75	1	4	4	3	13	2015	14	2170	0.00362928	0.000384366	0.0031516	0.00457144	155	0	155	155	
24.5	24.75	1	5	1	3	13	2015	13	2015	0.00370859	0.000847648	0.0030147	0.00615316	155	0	155	155	
24.75	25	1	1	2	4	11	1705	11	1705	0.00354603	0.000341613	0.00302382	0.00392929	155	0	155	155	
24.75	25	1	2	5	3	13	2015	13	2015	0.00361222	0.000299863	0.0031198	0.00398879	155	0	155	155	
24.75	25	1	3	3	3	10	1550	10	1550	0.00352941	0.000314466	0.00312414	0.00396547	155	0	155	155	
24.75	25	1	4	4	3	12	1860	11	1705	0.0035178	0.000286529	0.00302635	0.00394702	155	0	155	155	
24.75	25	1	5	1	3	9	1395	9	1395	0.00367433	0.000382038	0.00302274	0.00435263	155	0	155	155	
25	25.25	1	1	2	4	13	2015	13	2015	0.00379828	0.000824573	0.00311936	0.00566278	155	0	155	155	
25	25.25	1	2	5	3	12	1860	12	1860	0.00372809	0.000436735	0.00305659	0.00484376	155	0	155	155	
25	25.25	1	3	3	3	5	775	5	775	0.00364952	0.000227396	0.00339056	0.00397635	155	0	155	155	
25	25.25	1	4	4	3	13	2015	13	2015	0.00344087	0.000323418	0.00304645	0.00399114	155	0	155	155	
25	25.25	1	5	1	3	13	2015	13	2015	0.00350929	0.000246243	0.00314109	0.00387668	155	0	155	155	
25.25	25.5	1	1	2	4	11	1705	11	1705	0.00364579	0.000577782	0.00304249	0.00483639	155	0	155	155	
25.25	25.5	1	2	5	3	12	1860	12	1860	0.00376424	0.00071093	0.00311602	0.00549776	155	0	155	155	
25.25	25.5	1	3	3	3	12	1860	12	1860	0.00360528	0.000336697	0.00305535	0.00397858	155	0	155	155	
25.25	25.5	1	4	4	3	10	1550	11	1705	0.00336472	0.000202483	0.00307017	0.00375997	155	0	155	155	
25.25	25.5	1	5	1	3	11	1705	11	1705	0.00394696	0.000560903	0.00326529	0.00496175	155	0	155	155	
25.5	25.75	1	1	2	4	11	1705	11	1705	0.00359033	0.000222708	0.00328436	0.00394929	155	0	155	155	
25.5	25.75	1	2	5	3	11	1705	11	1705	0.00363716	0.000482416	0.00308873	0.00471428	155	0	155	155	
25.5	25.75	1	3	3	3	10	1550	10	1550	0.00360092	0.000374844	0.00304549	0.00433717	155	0	155	155	
25.5	25.75	1	4	4	3	11	1705	11	1705	0.00368939	0.000640628	0.00300913	0.0049078	155	0	155	155	
25.5	25.75	1	5	1	3	14	2170	14	2170	0.00354676	0.000513989	0.003033	0.00490043	155	0	155	155	
25.75	26	1	1	2	4	14	2170	13	2015	0.00343952	0.000482241	0.00302826	0.00453129	155	0	155	155	
25.75	26	1	2	5	3	8	1240	8	1240	0.00340048	0.000393455	0.003004	0.00396562	155	0	155	155	
25.75	26	1	3	3	3	10	1550	10	1550	0.00344615	0.000313779	0.00302524	0.00385797	155	0	155	155	
25.75	26	1	4	4	3	13	2015	12	1860	0.00354881	0.000299817	0.00305319	0.00390458	155	0	155	155	
25.75	26	1	5	1	3	11	1705	11	1705	0.00374932	0.000466823	0.00309773	0.00462653	155	0	155	155	
