% time	cellId	IMSI	RNTI	layer	mcs	size	rv	ndi	ccId
38	1	1	1	0	28	2196	0	1	0
79	1	1	1	0	28	2196	0	1	0
85	1	1	1	0	28	2196	0	1	0
111	1	1	1	0	28	2196	0	1	0
138	1	1	1	0	28	2196	0	1	0
142	1	1	1	0	28	2196	0	1	0
157	1	1	1	0	28	2196	0	1	0
219	1	1	1	0	28	2196	0	1	0
225	1	1	1	0	28	2196	0	1	0
234	1	1	1	0	28	2196	0	1	0
244	1	1	1	0	28	2196	0	1	0
256	1	1	1	0	28	2196	0	1	0
265	1	1	1	0	28	2196	0	1	0
288	1	1	1	0	28	2196	0	1	0
302	1	1	1	0	28	2196	0	1	0
322	1	1	1	0	28	2196	0	1	0
333	1	1	1	0	28	2196	0	1	0
350	1	1	1	0	28	2196	0	1	0
369	1	1	1	0	28	2196	0	1	0
382	1	1	1	0	28	2196	0	1	0
393	1	1	1	0	28	2196	0	1	0
427	1	1	1	0	28	2196	0	1	0
471	1	1	1	0	28	2196	0	1	0
484	1	1	1	0	28	2196	0	1	0
490	1	1	1	0	28	2196	0	1	0
496	1	1	1	0	28	2196	0	1	0
540	1	1	1	0	28	2196	0	1	0
562	1	1	1	0	28	2196	0	1	0
579	1	1	1	0	28	2196	0	1	0
636	1	1	1	0	28	2196	0	1	0
671	1	1	1	0	28	2196	0	1	0
679	1	1	1	0	28	2196	0	1	0
703	1	1	1	0	28	2196	0	1	0
738	1	1	1	0	28	2196	0	1	0
763	1	1	1	0	28	2196	0	1	0
794	1	1	1	0	28	2196	0	1	0
824	1	1	1	0	28	2196	0	1	0
859	1	1	1	0	28	2196	0	1	0
896	1	1	1	0	28	2196	0	1	0
913	1	1	1	0	28	2196	0	1	0
956	1	1	1	0	28	2196	0	1	0
986	1	1	1	0	28	2196	0	1	0
999	1	1	1	0	28	2196	0	1	0
1019	1	1	1	0	28	2196	0	1	0
1057	1	1	1	0	28	2196	0	1	0
1085	1	1	1	0	28	2196	0	1	0
1096	1	1	1	0	28	2196	0	1	0
1105	1	1	1	0	28	2196	0	1	0
1137	1	1	1	0	28	2196	0	1	0
1142	1	1	1	0	28	2196	0	1	0
1154	1	1	1	0	28	2196	0	1	0
1167	1	1	1	0	28	2196	0	1	0
1205	1	1	1	0	28	2196	0	1	0
1220	1	1	1	0	28	2196	0	1	0
1245	1	1	1	0	28	2196	0	1	0
1257	1	1	1	0	28	2196	0	1	0
1285	1	1	1	0	28	2196	0	1	0
1306	1	1	1	0	28	2196	0	1	0
1313	1	1	1	0	28	2196	0	1	0
1328	1	1	1	0	28	2196	0	1	0
1336	1	1	1	0	28	2196	0	1	0
1348	1	1	1	0	28	2196	0	1	0
1361	1	1	1	0	28	2196	0	1	0
1386	1	1	1	0	28	2196	0	1	0
1392	1	1	1	0	28	2196	0	1	0
1411	1	1	1	0	28	2196	0	1	0
1434	1	1	1	0	28	2196	0	1	0
1456	1	1	1	0	28	2196	0	1	0
1475	1	1	1	0	28	2196	0	1	0
1489	1	1	1	0	28	2196	0	1	0
1496	1	1	1	0	28	2196	0	1	0
1514	1	1	1	0	28	2196	0	1	0
1542	1	1	1	0	28	2196	0	1	0
1561	1	1	1	0	28	2196	0	1	0
1570	1	1	1	0	28	2196	0	1	0
1580	1	1	1	0	28	2196	0	1	0
1598	1	1	1	0	28	2196	0	1	0
1630	1	1	1	0	28	2196	0	1	0
1668	1	1	1	0	28	2196	0	1	0
1686	1	1	1	0	28	2196	0	1	0
1709	1	1	1	0	28	2196	0	1	0
1715	1	1	1	0	28	2196	0	1	0
1733	1	1	1	0	28	2196	0	1	0
1759	1	1	1	0	28	2196	0	1	0
1769	1	1	1	0	28	2196	0	1	0
1785	1	1	1	0	28	2196	0	1	0
1813	1	1	1	0	28	2196	0	1	0
1821	1	1	1	0	28	2196	0	1	0
1849	1	1	1	0	28	2196	0	1	0
1854	1	1	1	0	28	2196	0	1	0
1878	1	1	1	0	28	2196	0	1	0
1904	1	1	1	0	28	2196	0	1	0
1916	1	1	1	0	28	2196	0	1	0
1925	1	1	1	0	28	2196	0	1	0
1930	1	1	1	0	28	2196	0	1	0
1937	1	1	1	0	28	2196	0	1	0
1962	1	1	1	0	28	2196	0	1	0
2056	1	1	1	0	28	2196	0	1	0
2090	1	1	1	0	28	2196	0	1	0
2118	1	1	1	0	28	2196	0	1	0
2138	1	1	1	0	28	2196	0	1	0
2154	1	1	1	0	28	2196	0	1	0
2203	1	1	1	0	28	2196	0	1	0
2237	1	1	1	0	28	2196	0	1	0
2244	1	1	1	0	28	2196	0	1	0
2276	1	1	1	0	28	2196	0	1	0
2280	1	1	1	0	28	2196	0	1	0
2301	1	1	1	0	28	2196	0	1	0
2311	1	1	1	0	28	2196	0	1	0
2315	1	1	1	0	28	2196	0	1	0
2336	1	1	1	0	28	2196	0	1	0
2359	1	1	1	0	28	2196	0	1	0
2362	1	1	1	0	28	2196	0	1	0
2373	1	1	1	0	28	2196	0	1	0
2388	1	1	1	0	28	2196	0	1	0
2418	1	1	1	0	28	2196	0	1	0
2450	1	1	1	0	28	2196	0	1	0
2465	1	1	1	0	28	2196	0	1	0
2478	1	1	1	0	28	2196	0	1	0
2505	1	1	1	0	28	2196	0	1	0
2542	1	1	1	0	28	2196	0	1	0
2554	1	1	1	0	28	2196	0	1	0
2567	1	1	1	0	28	2196	0	1	0
2597	1	1	1	0	28	2196	0	1	0
2607	1	1	1	0	28	2196	0	1	0
2635	1	1	1	0	28	2196	0	1	0
2666	1	1	1	0	28	2196	0	1	0
2672	1	1	1	0	28	2196	0	1	0
2688	1	1	1	0	28	2196	0	1	0
2696	1	1	1	0	28	2196	0	1	0
2700	1	1	1	0	28	2196	0	1	0
2718	1	1	1	0	28	2196	0	1	0
2741	1	1	1	0	28	2196	0	1	0
2761	1	1	1	0	28	2196	0	1	0
2780	1	1	1	0	28	2196	0	1	0
2804	1	1	1	0	28	2196	0	1	0
2819	1	1	1	0	28	2196	0	1	0
2839	1	1	1	0	28	2196	0	1	0
2870	1	1	1	0	28	2196	0	1	0
2895	1	1	1	0	28	2196	0	1	0
2917	1	1	1	0	28	2196	0	1	0
2920	1	1	1	0	28	2196	0	1	0
2954	1	1	1	0	28	2196	0	1	0
2989	1	1	1	0	28	2196	0	1	0
3017	1	1	1	0	28	2196	0	1	0
3025	1	1	1	0	28	2196	0	1	0
3032	1	1	1	0	28	2196	0	1	0
3040	1	1	1	0	28	2196	0	1	0
3048	1	1	1	0	28	2196	0	1	0
3089	1	1	1	0	28	2196	0	1	0
3101	1	1	1	0	28	2196	0	1	0
3133	1	1	1	0	28	2196	0	1	0
3148	1	1	1	0	28	2196	0	1	0
3188	1	1	1	0	28	2196	0	1	0
3193	1	1	1	0	28	2196	0	1	0
3241	1	1	1	0	28	2196	0	1	0
3263	1	1	1	0	28	2196	0	1	0
3266	1	1	1	0	28	2196	0	1	0
3272	1	1	1	0	28	2196	0	1	0
3291	1	1	1	0	28	2196	0	1	0
3297	1	1	1	0	28	2196	0	1	0
3312	1	1	1	0	28	2196	0	1	0
3355	1	1	1	0	28	2196	0	1	0
3402	1	1	1	0	28	2196	0	1	0
3417	1	1	1	0	28	2196	0	1	0
3454	1	1	1	0	28	2196	0	1	0
3473	1	1	1	0	28	2196	0	1	0
3484	1	1	1	0	28	2196	0	1	0
3545	1	1	1	0	28	2196	0	1	0
3562	1	1	1	0	28	2196	0	1	0
3594	1	1	1	0	28	2196	0	1	0
3605	1	1	1	0	28	2196	0	1	0
3609	1	1	1	0	28	2196	0	1	0
3634	1	1	1	0	28	2196	0	1	0
3641	1	1	1	0	28	2196	0	1	0
3663	1	1	1	0	28	2196	0	1	0
3703	1	1	1	0	28	2196	0	1	0
3713	1	1	1	0	28	2196	0	1	0
3725	1	1	1	0	28	2196	0	1	0
3744	1	1	1	0	28	2196	0	1	0
3785	1	1	1	0	28	2196	0	1	0
3811	1	1	1	0	28	2196	0	1	0
3820	1	1	1	0	28	2196	0	1	0
3879	1	1	1	0	28	2196	0	1	0
3886	1	1	1	0	28	2196	0	1	0
3915	1	1	1	0	28	2196	0	1	0
3929	1	1	1	0	28	2196	0	1	0
3964	1	1	1	0	28	2196	0	1	0
4003	1	1	1	0	28	2196	0	1	0
4025	1	1	1	0	28	2196	0	1	0
4033	1	1	1	0	28	2196	0	1	0
4047	1	1	1	0	28	2196	0	1	0
4057	1	1	1	0	28	2196	0	1	0
4064	1	1	1	0	28	2196	0	1	0
4085	1	1	1	0	28	2196	0	1	0
4089	1	1	1	0	28	2196	0	1	0
4114	1	1	1	0	28	2196	0	1	0
4141	1	1	1	0	28	2196	0	1	0
4157	1	1	1	0	28	2196	0	1	0
4180	1	1	1	0	28	2196	0	1	0
4227	1	1	1	0	28	2196	0	1	0
4254	1	1	1	0	28	2196	0	1	0
4295	1	1	1	0	28	2196	0	1	0
4315	1	1	1	0	28	2196	0	1	0
4331	1	1	1	0	28	2196	0	1	0
4350	1	1	1	0	28	2196	0	1	0
4357	1	1	1	0	28	2196	0	1	0
4376	1	1	1	0	28	2196	0	1	0
4385	1	1	1	0	28	2196	0	1	0
4421	1	1	1	0	28	2196	0	1	0
4432	1	1	1	0	28	2196	0	1	0
4494	1	1	1	0	28	2196	0	1	0
4518	1	1	1	0	28	2196	0	1	0
4529	1	1	1	0	28	2196	0	1	0
4546	1	1	1	0	28	2196	0	1	0
4553	1	1	1	0	28	2196	0	1	0
4561	1	1	1	0	28	2196	0	1	0
4571	1	1	1	0	28	2196	0	1	0
4606	1	1	1	0	28	2196	0	1	0
4620	1	1	1	0	28	2196	0	1	0
4640	1	1	1	0	28	2196	0	1	0
4648	1	1	1	0	28	2196	0	1	0
4687	1	1	1	0	28	2196	0	1	0
4700	1	1	1	0	28	2196	0	1	0
4740	1	1	1	0	28	2196	0	1	0
4745	1	1	1	0	28	2196	0	1	0
4763	1	1	1	0	28	2196	0	1	0
4794	1	1	1	0	28	2196	0	1	0
4818	1	1	1	0	28	2196	0	1	0
4831	1	1	1	0	28	2196	0	1	0
4858	1	1	1	0	28	2196	0	1	0
4893	1	1	1	0	28	2196	0	1	0
4925	1	1	1	0	28	2196	0	1	0
4967	1	1	1	0	28	2196	0	1	0
4992	1	1	1	0	28	2196	0	1	0
5003	1	1	1	0	28	2196	0	1	0
5032	1	1	1	0	28	2196	0	1	0
5045	1	1	1	0	28	2196	0	1	0
5066	1	1	1	0	28	2196	0	1	0
5099	1	1	1	0	28	2196	0	1	0
5119	1	1	1	0	28	2196	0	1	0
5146	1	1	1	0	28	2196	0	1	0
5174	1	1	1	0	28	2196	0	1	0
5189	1	1	1	0	28	2196	0	1	0
5198	1	1	1	0	28	2196	0	1	0
5202	1	1	1	0	28	2196	0	1	0
5219	1	1	1	0	28	2196	0	1	0
5234	1	1	1	0	28	2196	0	1	0
5246	1	1	1	0	28	2196	0	1	0
5257	1	1	1	0	28	2196	0	1	0
5282	1	1	1	0	28	2196	0	1	0
5297	1	1	1	0	28	2196	0	1	0
5321	1	1	1	0	28	2196	0	1	0
5349	1	1	1	0	28	2196	0	1	0
5375	1	1	1	0	28	2196	0	1	0
5400	1	1	1	0	28	2196	0	1	0
5406	1	1	1	0	28	2196	0	1	0
5437	1	1	1	0	28	2196	0	1	0
5441	1	1	1	0	28	2196	0	1	0
5460	1	1	1	0	28	2196	0	1	0
5475	1	1	1	0	28	2196	0	1	0
5487	1	1	1	0	28	2196	0	1	0
5499	1	1	1	0	28	2196	0	1	0
5524	1	1	1	0	28	2196	0	1	0
5564	1	1	1	0	28	2196	0	1	0
5576	1	1	1	0	28	2196	0	1	0
5582	1	1	1	0	28	2196	0	1	0
5587	1	1	1	0	28	2196	0	1	0
5611	1	1	1	0	28	2196	0	1	0
5694	1	1	1	0	28	2196	0	1	0
5742	1	1	1	0	28	2196	0	1	0
5753	1	1	1	0	28	2196	0	1	0
5769	1	1	1	0	28	2196	0	1	0
5779	1	1	1	0	28	2196	0	1	0
5792	1	1	1	0	28	2196	0	1	0
5813	1	1	1	0	28	2196	0	1	0
5844	1	1	1	0	28	2196	0	1	0
5867	1	1	1	0	28	2196	0	1	0
5883	1	1	1	0	28	2196	0	1	0
5905	1	1	1	0	28	2196	0	1	0
5929	1	1	1	0	28	2196	0	1	0
5939	1	1	1	0	28	2196	0	1	0
5946	1	1	1	0	28	2196	0	1	0
5960	1	1	1	0	28	2196	0	1	0
5965	1	1	1	0	28	2196	0	1	0
6014	1	1	1	0	28	2196	0	1	0
6035	1	1	1	0	28	2196	0	1	0
6058	1	1	1	0	28	2196	0	1	0
6086	1	1	1	0	28	2196	0	1	0
6096	1	1	1	0	28	2196	0	1	0
6117	1	1	1	0	28	2196	0	1	0
6132	1	1	1	0	28	2196	0	1	0
6140	1	1	1	0	28	2196	0	1	0
6156	1	1	1	0	28	2196	0	1	0
6185	1	1	1	0	28	2196	0	1	0
6216	1	1	1	0	28	2196	0	1	0
6224	1	1	1	0	28	2196	0	1	0
6243	1	1	1	0	28	2196	0	1	0
6261	1	1	1	0	28	2196	0	1	0
6292	1	1	1	0	28	2196	0	1	0
6327	1	1	1	0	28	2196	0	1	0
6342	1	1	1	0	28	2196	0	1	0
6354	1	1	1	0	28	2196	0	1	0
6389	1	1	1	0	28	2196	0	1	0
6415	1	1	1	0	28	2196	0	1	0
6443	1	1	1	0	28	2196	0	1	0
6455	1	1	1	0	28	2196	0	1	0
6492	1	1	1	0	28	2196	0	1	0
6509	1	1	1	0	28	2196	0	1	0
6528	1	1	1	0	28	2196	0	1	0
6549	1	1	1	0	28	2196	0	1	0
6591	1	1	1	0	28	2196	0	1	0
6602	1	1	1	0	28	2196	0	1	0
6634	1	1	1	0	28	2196	0	1	0
6655	1	1	1	0	28	2196	0	1	0
6686	1	1	1	0	28	2196	0	1	0
6710	1	1	1	0	28	2196	0	1	0
6730	1	1	1	0	28	2196	0	1	0
6734	1	1	1	0	28	2196	0	1	0
6748	1	1	1	0	28	2196	0	1	0
6781	1	1	1	0	28	2196	0	1	0
6816	1	1	1	0	28	2196	0	1	0
6836	1	1	1	0	28	2196	0	1	0
6847	1	1	1	0	28	2196	0	1	0
6868	1	1	1	0	28	2196	0	1	0
6879	1	1	1	0	28	2196	0	1	0
6905	1	1	1	0	28	2196	0	1	0
6933	1	1	1	0	28	2196	0	1	0
6957	1	1	1	0	28	2196	0	1	0
6973	1	1	1	0	28	2196	0	1	0
6985	1	1	1	0	28	2196	0	1	0
6998	1	1	1	0	28	2196	0	1	0
7021	1	1	1	0	28	2196	0	1	0
7036	1	1	1	0	28	2196	0	1	0
7041	1	1	1	0	28	2196	0	1	0
7050	1	1	1	0	28	2196	0	1	0
7077	1	1	1	0	28	2196	0	1	0
7097	1	1	1	0	28	2196	0	1	0
7121	1	1	1	0	28	2196	0	1	0
7154	1	1	1	0	28	2196	0	1	0
7162	1	1	1	0	28	2196	0	1	0
7175	1	1	1	0	28	2196	0	1	0
7204	1	1	1	0	28	2196	0	1	0
7216	1	1	1	0	28	2196	0	1	0
7244	1	1	1	0	28	2196	0	1	0
7261	1	1	1	0	28	2196	0	1	0
7273	1	1	1	0	28	2196	0	1	0
7284	1	1	1	0	28	2196	0	1	0
7292	1	1	1	0	28	2196	0	1	0
7297	1	1	1	0	28	2196	0	1	0
7307	1	1	1	0	28	2196	0	1	0
7343	1	1	1	0	28	2196	0	1	0
7374	1	1	1	0	28	2196	0	1	0
7402	1	1	1	0	28	2196	0	1	0
7433	1	1	1	0	28	2196	0	1	0
7486	1	1	1	0	28	2196	0	1	0
7501	1	1	1	0	28	2196	0	1	0
7532	1	1	1	0	28	2196	0	1	0
7553	1	1	1	0	28	2196	0	1	0
7564	1	1	1	0	28	2196	0	1	0
7602	1	1	1	0	28	2196	0	1	0
7635	1	1	1	0	28	2196	0	1	0
7643	1	1	1	0	28	2196	0	1	0
7655	1	1	1	0	28	2196	0	1	0
7665	1	1	1	0	28	2196	0	1	0
7678	1	1	1	0	28	2196	0	1	0
7688	1	1	1	0	28	2196	0	1	0
7696	1	1	1	0	28	2196	0	1	0
7717	1	1	1	0	28	2196	0	1	0
7745	1	1	1	0	28	2196	0	1	0
7772	1	1	1	0	28	2196	0	1	0
7804	1	1	1	0	28	2196	0	1	0
7831	1	1	1	0	28	2196	0	1	0
7850	1	1	1	0	28	2196	0	1	0
7862	1	1	1	0	28	2196	0	1	0
7886	1	1	1	0	28	2196	0	1	0
7914	1	1	1	0	28	2196	0	1	0
7920	1	1	1	0	28	2196	0	1	0
7947	1	1	1	0	28	2196	0	1	0
7977	1	1	1	0	28	2196	0	1	0
7985	1	1	1	0	28	2196	0	1	0
7990	1	1	1	0	28	2196	0	1	0
8014	1	1	1	0	28	2196	0	1	0
8047	1	1	1	0	28	2196	0	1	0
8068	1	1	1	0	28	2196	0	1	0
8117	1	1	1	0	28	2196	0	1	0
8129	1	1	1	0	28	2196	0	1	0
8179	1	1	1	0	28	2196	0	1	0
8225	1	1	1	0	28	2196	0	1	0
8233	1	1	1	0	28	2196	0	1	0
8270	1	1	1	0	28	2196	0	1	0
8276	1	1	1	0	28	2196	0	1	0
8317	1	1	1	0	28	2196	0	1	0
8336	1	1	1	0	28	2196	0	1	0
8350	1	1	1	0	28	2196	0	1	0
8371	1	1	1	0	28	2196	0	1	0
8376	1	1	1	0	28	2196	0	1	0
8396	1	1	1	0	28	2196	0	1	0
8401	1	1	1	0	28	2196	0	1	0
8414	1	1	1	0	28	2196	0	1	0
8461	1	1	1	0	28	2196	0	1	0
8467	1	1	1	0	28	2196	0	1	0
8476	1	1	1	0	28	2196	0	1	0
8494	1	1	1	0	28	2196	0	1	0
8502	1	1	1	0	28	2196	0	1	0
8518	1	1	1	0	28	2196	0	1	0
8532	1	1	1	0	28	2196	0	1	0
8547	1	1	1	0	28	2196	0	1	0
8571	1	1	1	0	28	2196	0	1	0
8587	1	1	1	0	28	2196	0	1	0
8592	1	1	1	0	28	2196	0	1	0
8597	1	1	1	0	28	2196	0	1	0
8646	1	1	1	0	28	2196	0	1	0
8656	1	1	1	0	28	2196	0	1	0
8721	1	1	1	0	28	2196	0	1	0
8732	1	1	1	0	28	2196	0	1	0
8746	1	1	1	0	28	2196	0	1	0
8754	1	1	1	0	28	2196	0	1	0
8810	1	1	1	0	28	2196	0	1	0
8819	1	1	1	0	28	2196	0	1	0
8842	1	1	1	0	28	2196	0	1	0
8853	1	1	1	0	28	2196	0	1	0
8862	1	1	1	0	28	2196	0	1	0
8904	1	1	1	0	28	2196	0	1	0
8915	1	1	1	0	28	2196	0	1	0
8927	1	1	1	0	28	2196	0	1	0
8938	1	1	1	0	28	2196	0	1	0
8960	1	1	1	0	28	2196	0	1	0
8977	1	1	1	0	28	2196	0	1	0
8993	1	1	1	0	28	2196	0	1	0
9003	1	1	1	0	28	2196	0	1	0
9054	1	1	1	0	28	2196	0	1	0
9090	1	1	1	0	28	2196	0	1	0
9109	1	1	1	0	28	2196	0	1	0
9128	1	1	1	0	28	2196	0	1	0
9160	1	1	1	0	28	2196	0	1	0
9168	1	1	1	0	28	2196	0	1	0
9247	1	1	1	0	28	2196	0	1	0
9256	1	1	1	0	28	2196	0	1	0
9311	1	1	1	0	28	2196	0	1	0
9323	1	1	1	0	28	2196	0	1	0
9339	1	1	1	0	28	2196	0	1	0
9363	1	1	1	0	28	2196	0	1	0
9373	1	1	1	0	28	2196	0	1	0
9388	1	1	1	0	28	2196	0	1	0
9399	1	1	1	0	28	2196	0	1	0
9405	1	1	1	0	28	2196	0	1	0
9413	1	1	1	0	28	2196	0	1	0
9424	1	1	1	0	28	2196	0	1	0
9429	1	1	1	0	28	2196	0	1	0
9444	1	1	1	0	28	2196	0	1	0
9453	1	1	1	0	28	2196	0	1	0
9473	1	1	1	0	28	2196	0	1	0
9485	1	1	1	0	28	2196	0	1	0
9513	1	1	1	0	28	2196	0	1	0
9519	1	1	1	0	28	2196	0	1	0
9534	1	1	1	0	28	2196	0	1	0
9567	1	1	1	0	28	2196	0	1	0
9590	1	1	1	0	28	2196	0	1	0
9594	1	1	1	0	28	2196	0	1	0
9617	1	1	1	0	28	2196	0	1	0
9625	1	1	1	0	28	2196	0	1	0
9637	1	1	1	0	28	2196	0	1	0
9648	1	1	1	0	28	2196	0	1	0
9668	1	1	1	0	28	2196	0	1	0
9682	1	1	1	0	28	2196	0	1	0
9714	1	1	1	0	28	2196	0	1	0
9734	1	1	1	0	28	2196	0	1	0
9750	1	1	1	0	28	2196	0	1	0
9769	1	1	1	0	28	2196	0	1	0
9792	1	1	1	0	28	2196	0	1	0
9799	1	1	1	0	28	2196	0	1	0
9802	1	1	1	0	28	2196	0	1	0
9815	1	1	1	0	28	2196	0	1	0
9837	1	1	1	0	28	2196	0	1	0
9875	1	1	1	0	28	2196	0	1	0
9906	1	1	1	0	28	2196	0	1	0
9936	1	1	1	0	28	2196	0	1	0
9957	1	1	1	0	28	2196	0	1	0
9977	1	1	1	0	28	2196	0	1	0
9988	1	1	1	0	28	2196	0	1	0
10019	1	1	1	0	28	2196	0	1	0
10045	1	1	1	0	28	2196	0	1	0
10101	1	1	1	0	28	2196	0	1	0
10146	1	1	1	0	28	2196	0	1	0
10156	1	1	1	0	28	2196	0	1	0
10167	1	1	1	0	28	2196	0	1	0
10192	1	1	1	0	28	2196	0	1	0
10201	1	1	1	0	28	2196	0	1	0
10214	1	1	1	0	28	2196	0	1	0
10220	1	1	1	0	28	2196	0	1	0
10242	1	1	1	0	28	2196	0	1	0
10270	1	1	1	0	28	2196	0	1	0
10275	1	1	1	0	28	2196	0	1	0
10299	1	1	1	0	28	2196	0	1	0
10306	1	1	1	0	28	2196	0	1	0
10308	1	1	1	0	28	2196	0	1	0
10328	1	1	1	0	28	2196	0	1	0
10360	1	1	1	0	28	2196	0	1	0
10368	1	1	1	0	28	2196	0	1	0
10386	1	1	1	0	28	2196	0	1	0
10426	1	1	1	0	28	2196	0	1	0
10465	1	1	1	0	28	2196	0	1	0
10499	1	1	1	0	28	2196	0	1	0
10521	1	1	1	0	28	2196	0	1	0
10531	1	1	1	0	28	2196	0	1	0
10581	1	1	1	0	28	2196	0	1	0
10606	1	1	1	0	28	2196	0	1	0
10649	1	1	1	0	28	2196	0	1	0
10659	1	1	1	0	28	2196	0	1	0
10692	1	1	1	0	28	2196	0	1	0
10705	1	1	1	0	28	2196	0	1	0
10744	1	1	1	0	28	2196	0	1	0
10770	1	1	1	0	28	2196	0	1	0
10805	1	1	1	0	28	2196	0	1	0
10830	1	1	1	0	28	2196	0	1	0
10873	1	1	1	0	28	2196	0	1	0
10896	1	1	1	0	28	2196	0	1	0
10905	1	1	1	0	28	2196	0	1	0
10912	1	1	1	0	28	2196	0	1	0
10917	1	1	1	0	28	2196	0	1	0
10925	1	1	1	0	28	2196	0	1	0
10962	1	1	1	0	28	2196	0	1	0
10991	1	1	1	0	28	2196	0	1	0
11033	1	1	1	0	28	2196	0	1	0
11050	1	1	1	0	28	2196	0	1	0
11068	1	1	1	0	28	2196	0	1	0
11129	1	1	1	0	28	2196	0	1	0
11148	1	1	1	0	28	2196	0	1	0
11191	1	1	1	0	28	2196	0	1	0
11245	1	1	1	0	28	2196	0	1	0
11271	1	1	1	0	28	2196	0	1	0
11284	1	1	1	0	28	2196	0	1	0
11320	1	1	1	0	28	2196	0	1	0
11326	1	1	1	0	28	2196	0	1	0
11356	1	1	1	0	28	2196	0	1	0
11363	1	1	1	0	28	2196	0	1	0
11383	1	1	1	0	28	2196	0	1	0
11393	1	1	1	0	28	2196	0	1	0
11420	1	1	1	0	28	2196	0	1	0
11447	1	1	1	0	28	2196	0	1	0
11458	1	1	1	0	28	2196	0	1	0
11462	1	1	1	0	28	2196	0	1	0
11470	1	1	1	0	28	2196	0	1	0
11489	1	1	1	0	28	2196	0	1	0
11496	1	1	1	0	28	2196	0	1	0
11519	1	1	1	0	28	2196	0	1	0
11525	1	1	1	0	28	2196	0	1	0
11588	1	1	1	0	28	2196	0	1	0
11596	1	1	1	0	28	2196	0	1	0
11634	1	1	1	0	28	2196	0	1	0
11663	1	1	1	0	28	2196	0	1	0
11686	1	1	1	0	28	2196	0	1	0
11690	1	1	1	0	28	2196	0	1	0
11706	1	1	1	0	28	2196	0	1	0
11735	1	1	1	0	28	2196	0	1	0
11766	1	1	1	0	28	2196	0	1	0
11779	1	1	1	0	28	2196	0	1	0
11797	1	1	1	0	28	2196	0	1	0
11804	1	1	1	0	28	2196	0	1	0
11814	1	1	1	0	28	2196	0	1	0
11837	1	1	1	0	28	2196	0	1	0
11891	1	1	1	0	28	2196	0	1	0
11911	1	1	1	0	28	2196	0	1	0
11922	1	1	1	0	28	2196	0	1	0
11943	1	1	1	0	28	2196	0	1	0
11956	1	1	1	0	28	2196	0	1	0
11973	1	1	1	0	28	2196	0	1	0
12000	1	1	1	0	28	2196	0	1	0
12054	1	1	1	0	28	2196	0	1	0
12097	1	1	1	0	28	2196	0	1	0
12116	1	1	1	0	28	2196	0	1	0
12156	1	1	1	0	28	2196	0	1	0
12180	1	1	1	0	28	2196	0	1	0
12192	1	1	1	0	28	2196	0	1	0
12201	1	1	1	0	28	2196	0	1	0
12212	1	1	1	0	28	2196	0	1	0
12225	1	1	1	0	28	2196	0	1	0
12242	1	1	1	0	28	2196	0	1	0
12251	1	1	1	0	28	2196	0	1	0
12277	1	1	1	0	28	2196	0	1	0
12300	1	1	1	0	28	2196	0	1	0
12319	1	1	1	0	28	2196	0	1	0
12331	1	1	1	0	28	2196	0	1	0
12352	1	1	1	0	28	2196	0	1	0
12374	1	1	1	0	28	2196	0	1	0
12384	1	1	1	0	28	2196	0	1	0
12390	1	1	1	0	28	2196	0	1	0
12412	1	1	1	0	28	2196	0	1	0
12422	1	1	1	0	28	2196	0	1	0
12449	1	1	1	0	28	2196	0	1	0
12457	1	1	1	0	28	2196	0	1	0
12493	1	1	1	0	28	2196	0	1	0
12507	1	1	1	0	28	2196	0	1	0
12591	1	1	1	0	28	2196	0	1	0
12610	1	1	1	0	28	2196	0	1	0
12627	1	1	1	0	28	2196	0	1	0
12647	1	1	1	0	28	2196	0	1	0
12661	1	1	1	0	28	2196	0	1	0
12674	1	1	1	0	28	2196	0	1	0
12685	1	1	1	0	28	2196	0	1	0
12709	1	1	1	0	28	2196	0	1	0
12718	1	1	1	0	28	2196	0	1	0
12756	1	1	1	0	28	2196	0	1	0
12801	1	1	1	0	28	2196	0	1	0
12838	1	1	1	0	28	2196	0	1	0
12868	1	1	1	0	28	2196	0	1	0
12876	1	1	1	0	28	2196	0	1	0
12882	1	1	1	0	28	2196	0	1	0
12917	1	1	1	0	28	2196	0	1	0
12926	1	1	1	0	28	2196	0	1	0
12943	1	1	1	0	28	2196	0	1	0
12964	1	1	1	0	28	2196	0	1	0
12980	1	1	1	0	28	2196	0	1	0
13023	1	1	1	0	28	2196	0	1	0
13028	1	1	1	0	28	2196	0	1	0
13058	1	1	1	0	28	2196	0	1	0
13101	1	1	1	0	28	2196	0	1	0
13125	1	1	1	0	28	2196	0	1	0
13128	1	1	1	0	28	2196	0	1	0
13169	1	1	1	0	28	2196	0	1	0
13186	1	1	1	0	28	2196	0	1	0
13192	1	1	1	0	28	2196	0	1	0
13208	1	1	1	0	28	2196	0	1	0
13227	1	1	1	0	28	2196	0	1	0
13245	1	1	1	0	28	2196	0	1	0
13262	1	1	1	0	28	2196	0	1	0
13307	1	1	1	0	28	2196	0	1	0
13323	1	1	1	0	28	2196	0	1	0
13353	1	1	1	0	28	2196	0	1	0
13368	1	1	1	0	28	2196	0	1	0
13384	1	1	1	0	28	2196	0	1	0
13417	1	1	1	0	28	2196	0	1	0
13434	1	1	1	0	28	2196	0	1	0
13451	1	1	1	0	28	2196	0	1	0
13458	1	1	1	0	28	2196	0	1	0
13509	1	1	1	0	28	2196	0	1	0
13535	1	1	1	0	28	2196	0	1	0
13538	1	1	1	0	28	2196	0	1	0
13541	1	1	1	0	28	2196	0	1	0
13560	1	1	1	0	28	2196	0	1	0
13585	1	1	1	0	28	2196	0	1	0
13597	1	1	1	0	28	2196	0	1	0
13613	1	1	1	0	28	2196	0	1	0
13651	1	1	1	0	28	2196	0	1	0
13730	1	1	1	0	28	2196	0	1	0
13743	1	1	1	0	28	2196	0	1	0
13767	1	1	1	0	28	2196	0	1	0
13787	1	1	1	0	28	2196	0	1	0
13801	1	1	1	0	28	2196	0	1	0
13831	1	1	1	0	28	2196	0	1	0
13854	1	1	1	0	28	2196	0	1	0
13862	1	1	1	0	28	2196	0	1	0
13893	1	1	1	0	28	2196	0	1	0
13906	1	1	1	0	28	2196	0	1	0
13911	1	1	1	0	28	2196	0	1	0
13922	1	1	1	0	28	2196	0	1	0
13949	1	1	1	0	28	2196	0	1	0
13969	1	1	1	0	28	2196	0	1	0
13974	1	1	1	0	28	2196	0	1	0
13982	1	1	1	0	28	2196	0	1	0
14005	1	1	1	0	28	2196	0	1	0
14015	1	1	1	0	28	2196	0	1	0
14050	1	1	1	0	28	2196	0	1	0
14083	1	1	1	0	28	2196	0	1	0
14121	1	1	1	0	28	2196	0	1	0
14148	1	1	1	0	28	2196	0	1	0
14184	1	1	1	0	28	2196	0	1	0
14194	1	1	1	0	28	2196	0	1	0
14212	1	1	1	0	28	2196	0	1	0
14246	1	1	1	0	28	2196	0	1	0
14294	1	1	1	0	28	2196	0	1	0
14324	1	1	1	0	28	2196	0	1	0
14338	1	1	1	0	28	2196	0	1	0
14397	1	1	1	0	28	2196	0	1	0
14427	1	1	1	0	28	2196	0	1	0
14437	1	1	1	0	28	2196	0	1	0
14467	1	1	1	0	28	2196	0	1	0
14508	1	1	1	0	28	2196	0	1	0
14535	1	1	1	0	28	2196	0	1	0
14541	1	1	1	0	28	2196	0	1	0
14570	1	1	1	0	28	2196	0	1	0
14597	1	1	1	0	28	2196	0	1	0
14602	1	1	1	0	28	2196	0	1	0
14615	1	1	1	0	28	2196	0	1	0
14625	1	1	1	0	28	2196	0	1	0
14655	1	1	1	0	28	2196	0	1	0
14677	1	1	1	0	28	2196	0	1	0
14686	1	1	1	0	28	2196	0	1	0
14694	1	1	1	0	28	2196	0	1	0
14716	1	1	1	0	28	2196	0	1	0
14727	1	1	1	0	28	2196	0	1	0
14759	1	1	1	0	28	2196	0	1	0
14770	1	1	1	0	28	2196	0	1	0
14779	1	1	1	0	28	2196	0	1	0
14822	1	1	1	0	28	2196	0	1	0
14863	1	1	1	0	28	2196	0	1	0
14876	1	1	1	0	28	2196	0	1	0
14884	1	1	1	0	28	2196	0	1	0
14908	1	1	1	0	28	2196	0	1	0
14915	1	1	1	0	28	2196	0	1	0
14929	1	1	1	0	28	2196	0	1	0
14961	1	1	1	0	28	2196	0	1	0
14982	1	1	1	0	28	2196	0	1	0
15002	1	1	1	0	28	2196	0	1	0
15029	1	1	1	0	28	2196	0	1	0
15076	1	1	1	0	28	2196	0	1	0
15084	1	1	1	0	28	2196	0	1	0
15124	1	1	1	0	28	2196	0	1	0
15144	1	1	1	0	28	2196	0	1	0
15162	1	1	1	0	28	2196	0	1	0
15166	1	1	1	0	28	2196	0	1	0
15196	1	1	1	0	28	2196	0	1	0
15204	1	1	1	0	28	2196	0	1	0
15214	1	1	1	0	28	2196	0	1	0
15220	1	1	1	0	28	2196	0	1	0
15240	1	1	1	0	28	2196	0	1	0
15269	1	1	1	0	28	2196	0	1	0
15298	1	1	1	0	28	2196	0	1	0
15331	1	1	1	0	28	2196	0	1	0
15339	1	1	1	0	28	2196	0	1	0
15365	1	1	1	0	28	2196	0	1	0
15378	1	1	1	0	28	2196	0	1	0
15388	1	1	1	0	28	2196	0	1	0
15416	1	1	1	0	28	2196	0	1	0
15426	1	1	1	0	28	2196	0	1	0
15450	1	1	1	0	28	2196	0	1	0
15493	1	1	1	0	28	2196	0	1	0
15505	1	1	1	0	28	2196	0	1	0
15528	1	1	1	0	28	2196	0	1	0
15542	1	1	1	0	28	2196	0	1	0
15551	1	1	1	0	28	2196	0	1	0
15576	1	1	1	0	28	2196	0	1	0
15594	1	1	1	0	28	2196	0	1	0
15598	1	1	1	0	28	2196	0	1	0
15613	1	1	1	0	28	2196	0	1	0
15635	1	1	1	0	28	2196	0	1	0
15653	1	1	1	0	28	2196	0	1	0
15662	1	1	1	0	28	2196	0	1	0
15675	1	1	1	0	28	2196	0	1	0
15684	1	1	1	0	28	2196	0	1	0
15743	1	1	1	0	28	2196	0	1	0
15757	1	1	1	0	28	2196	0	1	0
15800	1	1	1	0	28	2196	0	1	0
15840	1	1	1	0	28	2196	0	1	0
15848	1	1	1	0	28	2196	0	1	0
15858	1	1	1	0	28	2196	0	1	0
15919	1	1	1	0	28	2196	0	1	0
15934	1	1	1	0	28	2196	0	1	0
15938	1	1	1	0	28	2196	0	1	0
15956	1	1	1	0	28	2196	0	1	0
15972	1	1	1	0	28	2196	0	1	0
15987	1	1	1	0	28	2196	0	1	0
15995	1	1	1	0	28	2196	0	1	0
16068	1	1	1	0	28	2196	0	1	0
16101	1	1	1	0	28	2196	0	1	0
16110	1	1	1	0	28	2196	0	1	0
16120	1	1	1	0	28	2196	0	1	0
16148	1	1	1	0	28	2196	0	1	0
16175	1	1	1	0	28	2196	0	1	0
16188	1	1	1	0	28	2196	0	1	0
16219	1	1	1	0	28	2196	0	1	0
16243	1	1	1	0	28	2196	0	1	0
16253	1	1	1	0	28	2196	0	1	0
16268	1	1	1	0	28	2196	0	1	0
16276	1	1	1	0	28	2196	0	1	0
16308	1	1	1	0	28	2196	0	1	0
16319	1	1	1	0	28	2196	0	1	0
16339	1	1	1	0	28	2196	0	1	0
16353	1	1	1	0	28	2196	0	1	0
16369	1	1	1	0	28	2196	0	1	0
16377	1	1	1	0	28	2196	0	1	0
16406	1	1	1	0	28	2196	0	1	0
16415	1	1	1	0	28	2196	0	1	0
16428	1	1	1	0	28	2196	0	1	0
16435	1	1	1	0	28	2196	0	1	0
16443	1	1	1	0	28	2196	0	1	0
16482	1	1	1	0	28	2196	0	1	0
16519	1	1	1	0	28	2196	0	1	0
16522	1	1	1	0	28	2196	0	1	0
16535	1	1	1	0	28	2196	0	1	0
16555	1	1	1	0	28	2196	0	1	0
16579	1	1	1	0	28	2196	0	1	0
16613	1	1	1	0	28	2196	0	1	0
16637	1	1	1	0	28	2196	0	1	0
16645	1	1	1	0	28	2196	0	1	0
16669	1	1	1	0	28	2196	0	1	0
16682	1	1	1	0	28	2196	0	1	0
16690	1	1	1	0	28	2196	0	1	0
16698	1	1	1	0	28	2196	0	1	0
16721	1	1	1	0	28	2196	0	1	0
16742	1	1	1	0	28	2196	0	1	0
16764	1	1	1	0	28	2196	0	1	0
16770	1	1	1	0	28	2196	0	1	0
16786	1	1	1	0	28	2196	0	1	0
16796	1	1	1	0	28	2196	0	1	0
16817	1	1	1	0	28	2196	0	1	0
16839	1	1	1	0	28	2196	0	1	0
16851	1	1	1	0	28	2196	0	1	0
16865	1	1	1	0	28	2196	0	1	0
16891	1	1	1	0	28	2196	0	1	0
16895	1	1	1	0	28	2196	0	1	0
16905	1	1	1	0	28	2196	0	1	0
16920	1	1	1	0	28	2196	0	1	0
16946	1	1	1	0	28	2196	0	1	0
16958	1	1	1	0	28	2196	0	1	0
16996	1	1	1	0	28	2196	0	1	0
17001	1	1	1	0	28	2196	0	1	0
17022	1	1	1	0	28	2196	0	1	0
17030	1	1	1	0	28	2196	0	1	0
17043	1	1	1	0	28	2196	0	1	0
17055	1	1	1	0	28	2196	0	1	0
17064	1	1	1	0	28	2196	0	1	0
17097	1	1	1	0	28	2196	0	1	0
17116	1	1	1	0	28	2196	0	1	0
17166	1	1	1	0	28	2196	0	1	0
17182	1	1	1	0	28	2196	0	1	0
17197	1	1	1	0	28	2196	0	1	0
17218	1	1	1	0	28	2196	0	1	0
17256	1	1	1	0	28	2196	0	1	0
17266	1	1	1	0	28	2196	0	1	0
17275	1	1	1	0	28	2196	0	1	0
17310	1	1	1	0	28	2196	0	1	0
17325	1	1	1	0	28	2196	0	1	0
17333	1	1	1	0	28	2196	0	1	0
17343	1	1	1	0	28	2196	0	1	0
17365	1	1	1	0	28	2196	0	1	0
17382	1	1	1	0	28	2196	0	1	0
17387	1	1	1	0	28	2196	0	1	0
17442	1	1	1	0	28	2196	0	1	0
17460	1	1	1	0	28	2196	0	1	0
17490	1	1	1	0	28	2196	0	1	0
17507	1	1	1	0	28	2196	0	1	0
17516	1	1	1	0	28	2196	0	1	0
17522	1	1	1	0	28	2196	0	1	0
17535	1	1	1	0	28	2196	0	1	0
17568	1	1	1	0	28	2196	0	1	0
17581	1	1	1	0	28	2196	0	1	0
17596	1	1	1	0	28	2196	0	1	0
17611	1	1	1	0	28	2196	0	1	0
17639	1	1	1	0	28	2196	0	1	0
17675	1	1	1	0	28	2196	0	1	0
17690	1	1	1	0	28	2196	0	1	0
17721	1	1	1	0	28	2196	0	1	0
17744	1	1	1	0	28	2196	0	1	0
17772	1	1	1	0	28	2196	0	1	0
17780	1	1	1	0	28	2196	0	1	0
17795	1	1	1	0	28	2196	0	1	0
17839	1	1	1	0	28	2196	0	1	0
17859	1	1	1	0	28	2196	0	1	0
17885	1	1	1	0	28	2196	0	1	0
17904	1	1	1	0	28	2196	0	1	0
17934	1	1	1	0	28	2196	0	1	0
17992	1	1	1	0	28	2196	0	1	0
18031	1	1	1	0	28	2196	0	1	0
18068	1	1	1	0	28	2196	0	1	0
18093	1	1	1	0	28	2196	0	1	0
18119	1	1	1	0	28	2196	0	1	0
18140	1	1	1	0	28	2196	0	1	0
18161	1	1	1	0	28	2196	0	1	0
18176	1	1	1	0	28	2196	0	1	0
18219	1	1	1	0	28	2196	0	1	0
18233	1	1	1	0	28	2196	0	1	0
18257	1	1	1	0	28	2196	0	1	0
18287	1	1	1	0	28	2196	0	1	0
18290	1	1	1	0	28	2196	0	1	0
18302	1	1	1	0	28	2196	0	1	0
18310	1	1	1	0	28	2196	0	1	0
18314	1	1	1	0	28	2196	0	1	0
18331	1	1	1	0	28	2196	0	1	0
18344	1	1	1	0	28	2196	0	1	0
18354	1	1	1	0	28	2196	0	1	0
18357	1	1	1	0	28	2196	0	1	0
18366	1	1	1	0	28	2196	0	1	0
18413	1	1	1	0	28	2196	0	1	0
18442	1	1	1	0	28	2196	0	1	0
18456	1	1	1	0	28	2196	0	1	0
18471	1	1	1	0	28	2196	0	1	0
18506	1	1	1	0	28	2196	0	1	0
18524	1	1	1	0	28	2196	0	1	0
18562	1	1	1	0	28	2196	0	1	0
18585	1	1	1	0	28	2196	0	1	0
18593	1	1	1	0	28	2196	0	1	0
18604	1	1	1	0	28	2196	0	1	0
18607	1	1	1	0	28	2196	0	1	0
18638	1	1	1	0	28	2196	0	1	0
18646	1	1	1	0	28	2196	0	1	0
18667	1	1	1	0	28	2196	0	1	0
18681	1	1	1	0	28	2196	0	1	0
18688	1	1	1	0	28	2196	0	1	0
18696	1	1	1	0	28	2196	0	1	0
18714	1	1	1	0	28	2196	0	1	0
18728	1	1	1	0	28	2196	0	1	0
18733	1	1	1	0	28	2196	0	1	0
18735	1	1	1	0	28	2196	0	1	0
18758	1	1	1	0	28	2196	0	1	0
18775	1	1	1	0	28	2196	0	1	0
18832	1	1	1	0	28	2196	0	1	0
18855	1	1	1	0	28	2196	0	1	0
18922	1	1	1	0	28	2196	0	1	0
18940	1	1	1	0	28	2196	0	1	0
18946	1	1	1	0	28	2196	0	1	0
18963	1	1	1	0	28	2196	0	1	0
18974	1	1	1	0	28	2196	0	1	0
19020	1	1	1	0	28	2196	0	1	0
19029	1	1	1	0	28	2196	0	1	0
19051	1	1	1	0	28	2196	0	1	0
19094	1	1	1	0	28	2196	0	1	0
19103	1	1	1	0	28	2196	0	1	0
19108	1	1	1	0	28	2196	0	1	0
19147	1	1	1	0	28	2196	0	1	0
19152	1	1	1	0	28	2196	0	1	0
19169	1	1	1	0	28	2196	0	1	0
19208	1	1	1	0	28	2196	0	1	0
19228	1	1	1	0	28	2196	0	1	0
19243	1	1	1	0	28	2196	0	1	0
19262	1	1	1	0	28	2196	0	1	0
19289	1	1	1	0	28	2196	0	1	0
19296	1	1	1	0	28	2196	0	1	0
19326	1	1	1	0	28	2196	0	1	0
19333	1	1	1	0	28	2196	0	1	0
19337	1	1	1	0	28	2196	0	1	0
19353	1	1	1	0	28	2196	0	1	0
19362	1	1	1	0	28	2196	0	1	0
19395	1	1	1	0	28	2196	0	1	0
19413	1	1	1	0	28	2196	0	1	0
19428	1	1	1	0	28	2196	0	1	0
19482	1	1	1	0	28	2196	0	1	0
19510	1	1	1	0	28	2196	0	1	0
19526	1	1	1	0	28	2196	0	1	0
19563	1	1	1	0	28	2196	0	1	0
19597	1	1	1	0	28	2196	0	1	0
19613	1	1	1	0	28	2196	0	1	0
19653	1	1	1	0	28	2196	0	1	0
19664	1	1	1	0	28	2196	0	1	0
19672	1	1	1	0	28	2196	0	1	0
19695	1	1	1	0	28	2196	0	1	0
19702	1	1	1	0	28	2196	0	1	0
19794	1	1	1	0	28	2196	0	1	0
19821	1	1	1	0	28	2196	0	1	0
19824	1	1	1	0	28	2196	0	1	0
19843	1	1	1	0	28	2196	0	1	0
19852	1	1	1	0	28	2196	0	1	0
19871	1	1	1	0	28	2196	0	1	0
19896	1	1	1	0	28	2196	0	1	0
19916	1	1	1	0	28	2196	0	1	0
19929	1	1	1	0	28	2196	0	1	0
19958	1	1	1	0	28	2196	0	1	0
19997	1	1	1	0	28	2196	0	1	0
20032	1	1	1	0	28	2196	0	1	0
20042	1	1	1	0	28	2196	0	1	0
20061	1	1	1	0	28	2196	0	1	0
20079	1	1	1	0	28	2196	0	1	0
20085	1	1	1	0	28	2196	0	1	0
20097	1	1	1	0	28	2196	0	1	0
20151	1	1	1	0	28	2196	0	1	0
20165	1	1	1	0	28	2196	0	1	0
20171	1	1	1	0	28	2196	0	1	0
20189	1	1	1	0	28	2196	0	1	0
20201	1	1	1	0	28	2196	0	1	0
20207	1	1	1	0	28	2196	0	1	0
20224	1	1	1	0	28	2196	0	1	0
20271	1	1	1	0	28	2196	0	1	0
20307	1	1	1	0	28	2196	0	1	0
20313	1	1	1	0	28	2196	0	1	0
20333	1	1	1	0	28	2196	0	1	0
20353	1	1	1	0	28	2196	0	1	0
20369	1	1	1	0	28	2196	0	1	0
20382	1	1	1	0	28	2196	0	1	0
20393	1	1	1	0	28	2196	0	1	0
20404	1	1	1	0	28	2196	0	1	0
20446	1	1	1	0	28	2196	0	1	0
20472	1	1	1	0	28	2196	0	1	0
20497	1	1	1	0	28	2196	0	1	0
20519	1	1	1	0	28	2196	0	1	0
20543	1	1	1	0	28	2196	0	1	0
20554	1	1	1	0	28	2196	0	1	0
20559	1	1	1	0	28	2196	0	1	0
20564	1	1	1	0	28	2196	0	1	0
20602	1	1	1	0	28	2196	0	1	0
20611	1	1	1	0	28	2196	0	1	0
20636	1	1	1	0	28	2196	0	1	0
20668	1	1	1	0	28	2196	0	1	0
20672	1	1	1	0	28	2196	0	1	0
20682	1	1	1	0	28	2196	0	1	0
20721	1	1	1	0	28	2196	0	1	0
20734	1	1	1	0	28	2196	0	1	0
20763	1	1	1	0	28	2196	0	1	0
20772	1	1	1	0	28	2196	0	1	0
20781	1	1	1	0	28	2196	0	1	0
20785	1	1	1	0	28	2196	0	1	0
20803	1	1	1	0	28	2196	0	1	0
20809	1	1	1	0	28	2196	0	1	0
20827	1	1	1	0	28	2196	0	1	0
20837	1	1	1	0	28	2196	0	1	0
20891	1	1	1	0	28	2196	0	1	0
20905	1	1	1	0	28	2196	0	1	0
20950	1	1	1	0	28	2196	0	1	0
20962	1	1	1	0	28	2196	0	1	0
21004	1	1	1	0	28	2196	0	1	0
21095	1	1	1	0	28	2196	0	1	0
21111	1	1	1	0	28	2196	0	1	0
21141	1	1	1	0	28	2196	0	1	0
21157	1	1	1	0	28	2196	0	1	0
21165	1	1	1	0	28	2196	0	1	0
21202	1	1	1	0	28	2196	0	1	0
21229	1	1	1	0	28	2196	0	1	0
21241	1	1	1	0	28	2196	0	1	0
21269	1	1	1	0	28	2196	0	1	0
21292	1	1	1	0	28	2196	0	1	0
21352	1	1	1	0	28	2196	0	1	0
21364	1	1	1	0	28	2196	0	1	0
21392	1	1	1	0	28	2196	0	1	0
21421	1	1	1	0	28	2196	0	1	0
21433	1	1	1	0	28	2196	0	1	0
21437	1	1	1	0	28	2196	0	1	0
21453	1	1	1	0	28	2196	0	1	0
21493	1	1	1	0	28	2196	0	1	0
21509	1	1	1	0	28	2196	0	1	0
21525	1	1	1	0	28	2196	0	1	0
21529	1	1	1	0	28	2196	0	1	0
21553	1	1	1	0	28	2196	0	1	0
21572	1	1	1	0	28	2196	0	1	0
21597	1	1	1	0	28	2196	0	1	0
21657	1	1	1	0	28	2196	0	1	0
21667	1	1	1	0	28	2196	0	1	0
21675	1	1	1	0	28	2196	0	1	0
21692	1	1	1	0	28	2196	0	1	0
21717	1	1	1	0	28	2196	0	1	0
21737	1	1	1	0	28	2196	0	1	0
21782	1	1	1	0	28	2196	0	1	0
21809	1	1	1	0	28	2196	0	1	0
21847	1	1	1	0	28	2196	0	1	0
21896	1	1	1	0	28	2196	0	1	0
21923	1	1	1	0	28	2196	0	1	0
21936	1	1	1	0	28	2196	0	1	0
21954	1	1	1	0	28	2196	0	1	0
21959	1	1	1	0	28	2196	0	1	0
22006	1	1	1	0	28	2196	0	1	0
22028	1	1	1	0	28	2196	0	1	0
22041	1	1	1	0	28	2196	0	1	0
22098	1	1	1	0	28	2196	0	1	0
22133	1	1	1	0	28	2196	0	1	0
22152	1	1	1	0	28	2196	0	1	0
22164	1	1	1	0	28	2196	0	1	0
22176	1	1	1	0	28	2196	0	1	0
22203	1	1	1	0	28	2196	0	1	0
22209	1	1	1	0	28	2196	0	1	0
22219	1	1	1	0	28	2196	0	1	0
22243	1	1	1	0	28	2196	0	1	0
22285	1	1	1	0	28	2196	0	1	0
22302	1	1	1	0	28	2196	0	1	0
22330	1	1	1	0	28	2196	0	1	0
22337	1	1	1	0	28	2196	0	1	0
22345	1	1	1	0	28	2196	0	1	0
22372	1	1	1	0	28	2196	0	1	0
22406	1	1	1	0	28	2196	0	1	0
22457	1	1	1	0	28	2196	0	1	0
22472	1	1	1	0	28	2196	0	1	0
22499	1	1	1	0	28	2196	0	1	0
22511	1	1	1	0	28	2196	0	1	0
22543	1	1	1	0	28	2196	0	1	0
22557	1	1	1	0	28	2196	0	1	0
22563	1	1	1	0	28	2196	0	1	0
22591	1	1	1	0	28	2196	0	1	0
22652	1	1	1	0	28	2196	0	1	0
22690	1	1	1	0	28	2196	0	1	0
22707	1	1	1	0	28	2196	0	1	0
22715	1	1	1	0	28	2196	0	1	0
22726	1	1	1	0	28	2196	0	1	0
22755	1	1	1	0	28	2196	0	1	0
22766	1	1	1	0	28	2196	0	1	0
22793	1	1	1	0	28	2196	0	1	0
22843	1	1	1	0	28	2196	0	1	0
22853	1	1	1	0	28	2196	0	1	0
22884	1	1	1	0	28	2196	0	1	0
22897	1	1	1	0	28	2196	0	1	0
22937	1	1	1	0	28	2196	0	1	0
22948	1	1	1	0	28	2196	0	1	0
22966	1	1	1	0	28	2196	0	1	0
23002	1	1	1	0	28	2196	0	1	0
23019	1	1	1	0	28	2196	0	1	0
23074	1	1	1	0	28	2196	0	1	0
23082	1	1	1	0	28	2196	0	1	0
23084	1	1	1	0	28	2196	0	1	0
23121	1	1	1	0	28	2196	0	1	0
23151	1	1	1	0	28	2196	0	1	0
23172	1	1	1	0	28	2196	0	1	0
23202	1	1	1	0	28	2196	0	1	0
23219	1	1	1	0	28	2196	0	1	0
23263	1	1	1	0	28	2196	0	1	0
23274	1	1	1	0	28	2196	0	1	0
23280	1	1	1	0	28	2196	0	1	0
23293	1	1	1	0	28	2196	0	1	0
23340	1	1	1	0	28	2196	0	1	0
23363	1	1	1	0	28	2196	0	1	0
23376	1	1	1	0	28	2196	0	1	0
23394	1	1	1	0	28	2196	0	1	0
23417	1	1	1	0	28	2196	0	1	0
23420	1	1	1	0	28	2196	0	1	0
23439	1	1	1	0	28	2196	0	1	0
23465	1	1	1	0	28	2196	0	1	0
23477	1	1	1	0	28	2196	0	1	0
23485	1	1	1	0	28	2196	0	1	0
23492	1	1	1	0	28	2196	0	1	0
23537	1	1	1	0	28	2196	0	1	0
23561	1	1	1	0	28	2196	0	1	0
23571	1	1	1	0	28	2196	0	1	0
23580	1	1	1	0	28	2196	0	1	0
23605	1	1	1	0	28	2196	0	1	0
23624	1	1	1	0	28	2196	0	1	0
23637	1	1	1	0	28	2196	0	1	0
23670	1	1	1	0	28	2196	0	1	0
23695	1	1	1	0	28	2196	0	1	0
23736	1	1	1	0	28	2196	0	1	0
23765	1	1	1	0	28	2196	0	1	0
23787	1	1	1	0	28	2196	0	1	0
23803	1	1	1	0	28	2196	0	1	0
23813	1	1	1	0	28	2196	0	1	0
23827	1	1	1	0	28	2196	0	1	0
23850	1	1	1	0	28	2196	0	1	0
23859	1	1	1	0	28	2196	0	1	0
23905	1	1	1	0	28	2196	0	1	0
23941	1	1	1	0	28	2196	0	1	0
23957	1	1	1	0	28	2196	0	1	0
23965	1	1	1	0	28	2196	0	1	0
23979	1	1	1	0	28	2196	0	1	0
24010	1	1	1	0	28	2196	0	1	0
24023	1	1	1	0	28	2196	0	1	0
24079	1	1	1	0	28	2196	0	1	0
24117	1	1	1	0	28	2196	0	1	0
24153	1	1	1	0	28	2196	0	1	0
24201	1	1	1	0	28	2196	0	1	0
24205	1	1	1	0	28	2196	0	1	0
24234	1	1	1	0	28	2196	0	1	0
24243	1	1	1	0	28	2196	0	1	0
24247	1	1	1	0	28	2196	0	1	0
24260	1	1	1	0	28	2196	0	1	0
24286	1	1	1	0	28	2196	0	1	0
24318	1	1	1	0	28	2196	0	1	0
24327	1	1	1	0	28	2196	0	1	0
24335	1	1	1	0	28	2196	0	1	0
24354	1	1	1	0	28	2196	0	1	0
24414	1	1	1	0	28	2196	0	1	0
24438	1	1	1	0	28	2196	0	1	0
24441	1	1	1	0	28	2196	0	1	0
24458	1	1	1	0	28	2196	0	1	0
24471	1	1	1	0	28	2196	0	1	0
24491	1	1	1	0	28	2196	0	1	0
24503	1	1	1	0	28	2196	0	1	0
24540	1	1	1	0	28	2196	0	1	0
24551	1	1	1	0	28	2196	0	1	0
24571	1	1	1	0	28	2196	0	1	0
24577	1	1	1	0	28	2196	0	1	0
24592	1	1	1	0	28	2196	0	1	0
24615	1	1	1	0	28	2196	0	1	0
24627	1	1	1	0	28	2196	0	1	0
24651	1	1	1	0	28	2196	0	1	0
24679	1	1	1	0	28	2196	0	1	0
24695	1	1	1	0	28	2196	0	1	0
24708	1	1	1	0	28	2196	0	1	0
24723	1	1	1	0	28	2196	0	1	0
24730	1	1	1	0	28	2196	0	1	0
24746	1	1	1	0	28	2196	0	1	0
24780	1	1	1	0	28	2196	0	1	0
24807	1	1	1	0	28	2196	0	1	0
24825	1	1	1	0	28	2196	0	1	0
24832	1	1	1	0	28	2196	0	1	0
24884	1	1	1	0	28	2196	0	1	0
24910	1	1	1	0	28	2196	0	1	0
24921	1	1	1	0	28	2196	0	1	0
24938	1	1	1	0	28	2196	0	1	0
24969	1	1	1	0	28	2196	0	1	0
24979	1	1	1	0	28	2196	0	1	0
24990	1	1	1	0	28	2196	0	1	0
24998	1	1	1	0	28	2196	0	1	0
25010	1	1	1	0	28	2196	0	1	0
25023	1	1	1	0	28	2196	0	1	0
25033	1	1	1	0	28	2196	0	1	0
25076	1	1	1	0	28	2196	0	1	0
25103	1	1	1	0	28	2196	0	1	0
25142	1	1	1	0	28	2196	0	1	0
25166	1	1	1	0	28	2196	0	1	0
25201	1	1	1	0	28	2196	0	1	0
25234	1	1	1	0	28	2196	0	1	0
25256	1	1	1	0	28	2196	0	1	0
25267	1	1	1	0	28	2196	0	1	0
25329	1	1	1	0	28	2196	0	1	0
25343	1	1	1	0	28	2196	0	1	0
25350	1	1	1	0	28	2196	0	1	0
25355	1	1	1	0	28	2196	0	1	0
25385	1	1	1	0	28	2196	0	1	0
25403	1	1	1	0	28	2196	0	1	0
25413	1	1	1	0	28	2196	0	1	0
25418	1	1	1	0	28	2196	0	1	0
25450	1	1	1	0	28	2196	0	1	0
25454	1	1	1	0	28	2196	0	1	0
25470	1	1	1	0	28	2196	0	1	0
25483	1	1	1	0	28	2196	0	1	0
25491	1	1	1	0	28	2196	0	1	0
25512	1	1	1	0	28	2196	0	1	0
25542	1	1	1	0	28	2196	0	1	0
25576	1	1	1	0	28	2196	0	1	0
25593	1	1	1	0	28	2196	0	1	0
25633	1	1	1	0	28	2196	0	1	0
25657	1	1	1	0	28	2196	0	1	0
25666	1	1	1	0	28	2196	0	1	0
25698	1	1	1	0	28	2196	0	1	0
25720	1	1	1	0	28	2196	0	1	0
25741	1	1	1	0	28	2196	0	1	0
25748	1	1	1	0	28	2196	0	1	0
25756	1	1	1	0	28	2196	0	1	0
25760	1	1	1	0	28	2196	0	1	0
25772	1	1	1	0	28	2196	0	1	0
25781	1	1	1	0	28	2196	0	1	0
25786	1	1	1	0	28	2196	0	1	0
25829	1	1	1	0	28	2196	0	1	0
25866	1	1	1	0	28	2196	0	1	0
25873	1	1	1	0	28	2196	0	1	0
25880	1	1	1	0	28	2196	0	1	0
25896	1	1	1	0	28	2196	0	1	0
25902	1	1	1	0	28	2196	0	1	0
25938	1	1	1	0	28	2196	0	1	0
25953	1	1	1	0	28	2196	0	1	0
25976	1	1	1	0	28	2196	0	1	0
25988	1	1	1	0	28	2196	0	1	0
26006	1	1	1	0	28	2196	0	1	0
26011	1	1	1	0	28	2196	0	1	0
26027	1	1	1	0	28	2196	0	1	0
26090	1	1	1	0	28	2196	0	1	0
26136	1	1	1	0	28	2196	0	1	0
26141	1	1	1	0	28	2196	0	1	0
26157	1	1	1	0	28	2196	0	1	0
26165	1	1	1	0	28	2196	0	1	0
26179	1	1	1	0	28	2196	0	1	0
26195	1	1	1	0	28	2196	0	1	0
26204	1	1	1	0	28	2196	0	1	0
26220	1	1	1	0	28	2196	0	1	0
26232	1	1	1	0	28	2196	0	1	0
26325	1	1	1	0	28	2196	0	1	0
26338	1	1	1	0	28	2196	0	1	0
26356	1	1	1	0	28	2196	0	1	0
26360	1	1	1	0	28	2196	0	1	0
26376	1	1	1	0	28	2196	0	1	0
26408	1	1	1	0	28	2196	0	1	0
26421	1	1	1	0	28	2196	0	1	0
26438	1	1	1	0	28	2196	0	1	0
26446	1	1	1	0	28	2196	0	1	0
26469	1	1	1	0	28	2196	0	1	0
26479	1	1	1	0	28	2196	0	1	0
26513	1	1	1	0	28	2196	0	1	0
26529	1	1	1	0	28	2196	0	1	0
26541	1	1	1	0	28	2196	0	1	0
26576	1	1	1	0	28	2196	0	1	0
26594	1	1	1	0	28	2196	0	1	0
26628	1	1	1	0	28	2196	0	1	0
26654	1	1	1	0	28	2196	0	1	0
26667	1	1	1	0	28	2196	0	1	0
26698	1	1	1	0	28	2196	0	1	0
26724	1	1	1	0	28	2196	0	1	0
26744	1	1	1	0	28	2196	0	1	0
26750	1	1	1	0	28	2196	0	1	0
26793	1	1	1	0	28	2196	0	1	0
26827	1	1	1	0	28	2196	0	1	0
26865	1	1	1	0	28	2196	0	1	0
26881	1	1	1	0	28	2196	0	1	0
26895	1	1	1	0	28	2196	0	1	0
26899	1	1	1	0	28	2196	0	1	0
26928	1	1	1	0	28	2196	0	1	0
26937	1	1	1	0	28	2196	0	1	0
26958	1	1	1	0	28	2196	0	1	0
26993	1	1	1	0	28	2196	0	1	0
27019	1	1	1	0	28	2196	0	1	0
27074	1	1	1	0	28	2196	0	1	0
27085	1	1	1	0	28	2196	0	1	0
27119	1	1	1	0	28	2196	0	1	0
27134	1	1	1	0	28	2196	0	1	0
27140	1	1	1	0	28	2196	0	1	0
27153	1	1	1	0	28	2196	0	1	0
27174	1	1	1	0	28	2196	0	1	0
27205	1	1	1	0	28	2196	0	1	0
27233	1	1	1	0	28	2196	0	1	0
27248	1	1	1	0	28	2196	0	1	0
27261	1	1	1	0	28	2196	0	1	0
27266	1	1	1	0	28	2196	0	1	0
27278	1	1	1	0	28	2196	0	1	0
27310	1	1	1	0	28	2196	0	1	0
27317	1	1	1	0	28	2196	0	1	0
27358	1	1	1	0	28	2196	0	1	0
27398	1	1	1	0	28	2196	0	1	0
27410	1	1	1	0	28	2196	0	1	0
27444	1	1	1	0	28	2196	0	1	0
27460	1	1	1	0	28	2196	0	1	0
27507	1	1	1	0	28	2196	0	1	0
27518	1	1	1	0	28	2196	0	1	0
27532	1	1	1	0	28	2196	0	1	0
27568	1	1	1	0	28	2196	0	1	0
27574	1	1	1	0	28	2196	0	1	0
27582	1	1	1	0	28	2196	0	1	0
27596	1	1	1	0	28	2196	0	1	0
27653	1	1	1	0	28	2196	0	1	0
27681	1	1	1	0	28	2196	0	1	0
27722	1	1	1	0	28	2196	0	1	0
27732	1	1	1	0	28	2196	0	1	0
27747	1	1	1	0	28	2196	0	1	0
27756	1	1	1	0	28	2196	0	1	0
27765	1	1	1	0	28	2196	0	1	0
27788	1	1	1	0	28	2196	0	1	0
27806	1	1	1	0	28	2196	0	1	0
27830	1	1	1	0	28	2196	0	1	0
27848	1	1	1	0	28	2196	0	1	0
27860	1	1	1	0	28	2196	0	1	0
27878	1	1	1	0	28	2196	0	1	0
27886	1	1	1	0	28	2196	0	1	0
27956	1	1	1	0	28	2196	0	1	0
27987	1	1	1	0	28	2196	0	1	0
28016	1	1	1	0	28	2196	0	1	0
28021	1	1	1	0	28	2196	0	1	0
28067	1	1	1	0	28	2196	0	1	0
28075	1	1	1	0	28	2196	0	1	0
28085	1	1	1	0	28	2196	0	1	0
28103	1	1	1	0	28	2196	0	1	0
28115	1	1	1	0	28	2196	0	1	0
28158	1	1	1	0	28	2196	0	1	0
28200	1	1	1	0	28	2196	0	1	0
28252	1	1	1	0	28	2196	0	1	0
28259	1	1	1	0	28	2196	0	1	0
28299	1	1	1	0	28	2196	0	1	0
28334	1	1	1	0	28	2196	0	1	0
28349	1	1	1	0	28	2196	0	1	0
28358	1	1	1	0	28	2196	0	1	0
28403	1	1	1	0	28	2196	0	1	0
28411	1	1	1	0	28	2196	0	1	0
28417	1	1	1	0	28	2196	0	1	0
28471	1	1	1	0	28	2196	0	1	0
28518	1	1	1	0	28	2196	0	1	0
28530	1	1	1	0	28	2196	0	1	0
28544	1	1	1	0	28	2196	0	1	0
28580	1	1	1	0	28	2196	0	1	0
28591	1	1	1	0	28	2196	0	1	0
28611	1	1	1	0	28	2196	0	1	0
28623	1	1	1	0	28	2196	0	1	0
28636	1	1	1	0	28	2196	0	1	0
28648	1	1	1	0	28	2196	0	1	0
28659	1	1	1	0	28	2196	0	1	0
28685	1	1	1	0	28	2196	0	1	0
28691	1	1	1	0	28	2196	0	1	0
28718	1	1	1	0	28	2196	0	1	0
28769	1	1	1	0	28	2196	0	1	0
28775	1	1	1	0	28	2196	0	1	0
28786	1	1	1	0	28	2196	0	1	0
28806	1	1	1	0	28	2196	0	1	0
28814	1	1	1	0	28	2196	0	1	0
28830	1	1	1	0	28	2196	0	1	0
28836	1	1	1	0	28	2196	0	1	0
28850	1	1	1	0	28	2196	0	1	0
28891	1	1	1	0	28	2196	0	1	0
28895	1	1	1	0	28	2196	0	1	0
28902	1	1	1	0	28	2196	0	1	0
28936	1	1	1	0	28	2196	0	1	0
28988	1	1	1	0	28	2196	0	1	0
29003	1	1	1	0	28	2196	0	1	0
29050	1	1	1	0	28	2196	0	1	0
29092	1	1	1	0	28	2196	0	1	0
29099	1	1	1	0	28	2196	0	1	0
29121	1	1	1	0	28	2196	0	1	0
29188	1	1	1	0	28	2196	0	1	0
29193	1	1	1	0	28	2196	0	1	0
29225	1	1	1	0	28	2196	0	1	0
29235	1	1	1	0	28	2196	0	1	0
29241	1	1	1	0	28	2196	0	1	0
29271	1	1	1	0	28	2196	0	1	0
29282	1	1	1	0	28	2196	0	1	0
29314	1	1	1	0	28	2196	0	1	0
29321	1	1	1	0	28	2196	0	1	0
29345	1	1	1	0	28	2196	0	1	0
29347	1	1	1	0	28	2196	0	1	0
29371	1	1	1	0	28	2196	0	1	0
29380	1	1	1	0	28	2196	0	1	0
29408	1	1	1	0	28	2196	0	1	0
29413	1	1	1	0	28	2196	0	1	0
29424	1	1	1	0	28	2196	0	1	0
29438	1	1	1	0	28	2196	0	1	0
29496	1	1	1	0	28	2196	0	1	0
29514	1	1	1	0	28	2196	0	1	0
29538	1	1	1	0	28	2196	0	1	0
29601	1	1	1	0	28	2196	0	1	0
29619	1	1	1	0	28	2196	0	1	0
29636	1	1	1	0	28	2196	0	1	0
29657	1	1	1	0	28	2196	0	1	0
29663	1	1	1	0	28	2196	0	1	0
29676	1	1	1	0	28	2196	0	1	0
29715	1	1	1	0	28	2196	0	1	0
29733	1	1	1	0	28	2196	0	1	0
29752	1	1	1	0	28	2196	0	1	0
29755	1	1	1	0	28	2196	0	1	0
29760	1	1	1	0	28	2196	0	1	0
29764	1	1	1	0	28	2196	0	1	0
29777	1	1	1	0	28	2196	0	1	0
29793	1	1	1	0	28	2196	0	1	0
29820	1	1	1	0	28	2196	0	1	0
29829	1	1	1	0	28	2196	0	1	0
29871	1	1	1	0	28	2196	0	1	0
29880	1	1	1	0	28	2196	0	1	0
29896	1	1	1	0	28	2196	0	1	0
29902	1	1	1	0	28	2196	0	1	0
29929	1	1	1	0	28	2196	0	1	0
29946	1	1	1	0	28	2196	0	1	0
29960	1	1	1	0	28	2196	0	1	0
29973	1	1	1	0	28	2196	0	1	0
29990	1	1	1	0	28	2196	0	1	0
30038	1	1	1	0	28	2196	0	1	0
30049	1	1	1	0	28	2196	0	1	0
30072	1	1	1	0	28	2196	0	1	0
30088	1	1	1	0	28	2196	0	1	0
30103	1	1	1	0	28	2196	0	1	0
30129	1	1	1	0	28	2196	0	1	0
30135	1	1	1	0	28	2196	0	1	0
30157	1	1	1	0	28	2196	0	1	0
30171	1	1	1	0	28	2196	0	1	0
30188	1	1	1	0	28	2196	0	1	0
30198	1	1	1	0	28	2196	0	1	0
30223	1	1	1	0	28	2196	0	1	0
30247	1	1	1	0	28	2196	0	1	0
30309	1	1	1	0	28	2196	0	1	0
30352	1	1	1	0	28	2196	0	1	0
30381	1	1	1	0	28	2196	0	1	0
30387	1	1	1	0	28	2196	0	1	0
30396	1	1	1	0	28	2196	0	1	0
30414	1	1	1	0	28	2196	0	1	0
30417	1	1	1	0	28	2196	0	1	0
30438	1	1	1	0	28	2196	0	1	0
30460	1	1	1	0	28	2196	0	1	0
30480	1	1	1	0	28	2196	0	1	0
30488	1	1	1	0	28	2196	0	1	0
30501	1	1	1	0	28	2196	0	1	0
30513	1	1	1	0	28	2196	0	1	0
30524	1	1	1	0	28	2196	0	1	0
30547	1	1	1	0	28	2196	0	1	0
30611	1	1	1	0	28	2196	0	1	0
30623	1	1	1	0	28	2196	0	1	0
30636	1	1	1	0	28	2196	0	1	0
30663	1	1	1	0	28	2196	0	1	0
30692	1	1	1	0	28	2196	0	1	0
30739	1	1	1	0	28	2196	0	1	0
30755	1	1	1	0	28	2196	0	1	0
30782	1	1	1	0	28	2196	0	1	0
30826	1	1	1	0	28	2196	0	1	0
30832	1	1	1	0	28	2196	0	1	0
30852	1	1	1	0	28	2196	0	1	0
30867	1	1	1	0	28	2196	0	1	0
30876	1	1	1	0	28	2196	0	1	0
30903	1	1	1	0	28	2196	0	1	0
30916	1	1	1	0	28	2196	0	1	0
30929	1	1	1	0	28	2196	0	1	0
30980	1	1	1	0	28	2196	0	1	0
30992	1	1	1	0	28	2196	0	1	0
31017	1	1	1	0	28	2196	0	1	0
31032	1	1	1	0	28	2196	0	1	0
31044	1	1	1	0	28	2196	0	1	0
31057	1	1	1	0	28	2196	0	1	0
31067	1	1	1	0	28	2196	0	1	0
31084	1	1	1	0	28	2196	0	1	0
31095	1	1	1	0	28	2196	0	1	0
31119	1	1	1	0	28	2196	0	1	0
31126	1	1	1	0	28	2196	0	1	0
31133	1	1	1	0	28	2196	0	1	0
31144	1	1	1	0	28	2196	0	1	0
31153	1	1	1	0	28	2196	0	1	0
31165	1	1	1	0	28	2196	0	1	0
31199	1	1	1	0	28	2196	0	1	0
31209	1	1	1	0	28	2196	0	1	0
31214	1	1	1	0	28	2196	0	1	0
31228	1	1	1	0	28	2196	0	1	0
31265	1	1	1	0	28	2196	0	1	0
31276	1	1	1	0	28	2196	0	1	0
31363	1	1	1	0	28	2196	0	1	0
31382	1	1	1	0	28	2196	0	1	0
31429	1	1	1	0	28	2196	0	1	0
31453	1	1	1	0	28	2196	0	1	0
31458	1	1	1	0	28	2196	0	1	0
31465	1	1	1	0	28	2196	0	1	0
31499	1	1	1	0	28	2196	0	1	0
31514	1	1	1	0	28	2196	0	1	0
31527	1	1	1	0	28	2196	0	1	0
31550	1	1	1	0	28	2196	0	1	0
31563	1	1	1	0	28	2196	0	1	0
31583	1	1	1	0	28	2196	0	1	0
31609	1	1	1	0	28	2196	0	1	0
31615	1	1	1	0	28	2196	0	1	0
31658	1	1	1	0	28	2196	0	1	0
31678	1	1	1	0	28	2196	0	1	0
31701	1	1	1	0	28	2196	0	1	0
31706	1	1	1	0	28	2196	0	1	0
31732	1	1	1	0	28	2196	0	1	0
31747	1	1	1	0	28	2196	0	1	0
31754	1	1	1	0	28	2196	0	1	0
31762	1	1	1	0	28	2196	0	1	0
31774	1	1	1	0	28	2196	0	1	0
31783	1	1	1	0	28	2196	0	1	0
31795	1	1	1	0	28	2196	0	1	0
31805	1	1	1	0	28	2196	0	1	0
31823	1	1	1	0	28	2196	0	1	0
31829	1	1	1	0	28	2196	0	1	0
31841	1	1	1	0	28	2196	0	1	0
31869	1	1	1	0	28	2196	0	1	0
31930	1	1	1	0	28	2196	0	1	0
31961	1	1	1	0	28	2196	0	1	0
31988	1	1	1	0	28	2196	0	1	0
32006	1	1	1	0	28	2196	0	1	0
32030	1	1	1	0	28	2196	0	1	0
32062	1	1	1	0	28	2196	0	1	0
32065	1	1	1	0	28	2196	0	1	0
32093	1	1	1	0	28	2196	0	1	0
32105	1	1	1	0	28	2196	0	1	0
32135	1	1	1	0	28	2196	0	1	0
32186	1	1	1	0	28	2196	0	1	0
32214	1	1	1	0	28	2196	0	1	0
32235	1	1	1	0	28	2196	0	1	0
32249	1	1	1	0	28	2196	0	1	0
32257	1	1	1	0	28	2196	0	1	0
32274	1	1	1	0	28	2196	0	1	0
32285	1	1	1	0	28	2196	0	1	0
32295	1	1	1	0	28	2196	0	1	0
32305	1	1	1	0	28	2196	0	1	0
32322	1	1	1	0	28	2196	0	1	0
32350	1	1	1	0	28	2196	0	1	0
32371	1	1	1	0	28	2196	0	1	0
32396	1	1	1	0	28	2196	0	1	0
32402	1	1	1	0	28	2196	0	1	0
32412	1	1	1	0	28	2196	0	1	0
32458	1	1	1	0	28	2196	0	1	0
32499	1	1	1	0	28	2196	0	1	0
32507	1	1	1	0	28	2196	0	1	0
32514	1	1	1	0	28	2196	0	1	0
32546	1	1	1	0	28	2196	0	1	0
32580	1	1	1	0	28	2196	0	1	0
32601	1	1	1	0	28	2196	0	1	0
32652	1	1	1	0	28	2196	0	1	0
32687	1	1	1	0	28	2196	0	1	0
32731	1	1	1	0	28	2196	0	1	0
32763	1	1	1	0	28	2196	0	1	0
32772	1	1	1	0	28	2196	0	1	0
32781	1	1	1	0	28	2196	0	1	0
32826	1	1	1	0	28	2196	0	1	0
32834	1	1	1	0	28	2196	0	1	0
32844	1	1	1	0	28	2196	0	1	0
32850	1	1	1	0	28	2196	0	1	0
32890	1	1	1	0	28	2196	0	1	0
32905	1	1	1	0	28	2196	0	1	0
32922	1	1	1	0	28	2196	0	1	0
32942	1	1	1	0	28	2196	0	1	0
32959	1	1	1	0	28	2196	0	1	0
32984	1	1	1	0	28	2196	0	1	0
33029	1	1	1	0	28	2196	0	1	0
33073	1	1	1	0	28	2196	0	1	0
33106	1	1	1	0	28	2196	0	1	0
33115	1	1	1	0	28	2196	0	1	0
33121	1	1	1	0	28	2196	0	1	0
33140	1	1	1	0	28	2196	0	1	0
33154	1	1	1	0	28	2196	0	1	0
33167	1	1	1	0	28	2196	0	1	0
33189	1	1	1	0	28	2196	0	1	0
33207	1	1	1	0	28	2196	0	1	0
33293	1	1	1	0	28	2196	0	1	0
33316	1	1	1	0	28	2196	0	1	0
33360	1	1	1	0	28	2196	0	1	0
33384	1	1	1	0	28	2196	0	1	0
33432	1	1	1	0	28	2196	0	1	0
33445	1	1	1	0	28	2196	0	1	0
33480	1	1	1	0	28	2196	0	1	0
33483	1	1	1	0	28	2196	0	1	0
33515	1	1	1	0	28	2196	0	1	0
33522	1	1	1	0	28	2196	0	1	0
33527	1	1	1	0	28	2196	0	1	0
33542	1	1	1	0	28	2196	0	1	0
33561	1	1	1	0	28	2196	0	1	0
33587	1	1	1	0	28	2196	0	1	0
33614	1	1	1	0	28	2196	0	1	0
33621	1	1	1	0	28	2196	0	1	0
33656	1	1	1	0	28	2196	0	1	0
33680	1	1	1	0	28	2196	0	1	0
33693	1	1	1	0	28	2196	0	1	0
33714	1	1	1	0	28	2196	0	1	0
33742	1	1	1	0	28	2196	0	1	0
33762	1	1	1	0	28	2196	0	1	0
33781	1	1	1	0	28	2196	0	1	0
33798	1	1	1	0	28	2196	0	1	0
33827	1	1	1	0	28	2196	0	1	0
33841	1	1	1	0	28	2196	0	1	0
33846	1	1	1	0	28	2196	0	1	0
33871	1	1	1	0	28	2196	0	1	0
33906	1	1	1	0	28	2196	0	1	0
33913	1	1	1	0	28	2196	0	1	0
33945	1	1	1	0	28	2196	0	1	0
33993	1	1	1	0	28	2196	0	1	0
34012	1	1	1	0	28	2196	0	1	0
34040	1	1	1	0	28	2196	0	1	0
34057	1	1	1	0	28	2196	0	1	0
34079	1	1	1	0	28	2196	0	1	0
34097	1	1	1	0	28	2196	0	1	0
34132	1	1	1	0	28	2196	0	1	0
34148	1	1	1	0	28	2196	0	1	0
34191	1	1	1	0	28	2196	0	1	0
34198	1	1	1	0	28	2196	0	1	0
34216	1	1	1	0	28	2196	0	1	0
34223	1	1	1	0	28	2196	0	1	0
34257	1	1	1	0	28	2196	0	1	0
34262	1	1	1	0	28	2196	0	1	0
34304	1	1	1	0	28	2196	0	1	0
34340	1	1	1	0	28	2196	0	1	0
34352	1	1	1	0	28	2196	0	1	0
34365	1	1	1	0	28	2196	0	1	0
34401	1	1	1	0	28	2196	0	1	0
34407	1	1	1	0	28	2196	0	1	0
34411	1	1	1	0	28	2196	0	1	0
34416	1	1	1	0	28	2196	0	1	0
34448	1	1	1	0	28	2196	0	1	0
34465	1	1	1	0	28	2196	0	1	0
34495	1	1	1	0	28	2196	0	1	0
34506	1	1	1	0	28	2196	0	1	0
34517	1	1	1	0	28	2196	0	1	0
34551	1	1	1	0	28	2196	0	1	0
34558	1	1	1	0	28	2196	0	1	0
34581	1	1	1	0	28	2196	0	1	0
34597	1	1	1	0	28	2196	0	1	0
34650	1	1	1	0	28	2196	0	1	0
34675	1	1	1	0	28	2196	0	1	0
34678	1	1	1	0	28	2196	0	1	0
34688	1	1	1	0	28	2196	0	1	0
34697	1	1	1	0	28	2196	0	1	0
34710	1	1	1	0	28	2196	0	1	0
34730	1	1	1	0	28	2196	0	1	0
34740	1	1	1	0	28	2196	0	1	0
34761	1	1	1	0	28	2196	0	1	0
34771	1	1	1	0	28	2196	0	1	0
34790	1	1	1	0	28	2196	0	1	0
34824	1	1	1	0	28	2196	0	1	0
34836	1	1	1	0	28	2196	0	1	0
34852	1	1	1	0	28	2196	0	1	0
34872	1	1	1	0	28	2196	0	1	0
34875	1	1	1	0	28	2196	0	1	0
34882	1	1	1	0	28	2196	0	1	0
34896	1	1	1	0	28	2196	0	1	0
34917	1	1	1	0	28	2196	0	1	0
34947	1	1	1	0	28	2196	0	1	0
34958	1	1	1	0	28	2196	0	1	0
34981	1	1	1	0	28	2196	0	1	0
34998	1	1	1	0	28	2196	0	1	0
35003	1	1	1	0	28	2196	0	1	0
35021	1	1	1	0	28	2196	0	1	0
35040	1	1	1	0	28	2196	0	1	0
35081	1	1	1	0	28	2196	0	1	0
35103	1	1	1	0	28	2196	0	1	0
35128	1	1	1	0	28	2196	0	1	0
35132	1	1	1	0	28	2196	0	1	0
35174	1	1	1	0	28	2196	0	1	0
35184	1	1	1	0	28	2196	0	1	0
35211	1	1	1	0	28	2196	0	1	0
35229	1	1	1	0	28	2196	0	1	0
35248	1	1	1	0	28	2196	0	1	0
35271	1	1	1	0	28	2196	0	1	0
35288	1	1	1	0	28	2196	0	1	0
35296	1	1	1	0	28	2196	0	1	0
35339	1	1	1	0	28	2196	0	1	0
35357	1	1	1	0	28	2196	0	1	0
35397	1	1	1	0	28	2196	0	1	0
35403	1	1	1	0	28	2196	0	1	0
35459	1	1	1	0	28	2196	0	1	0
35489	1	1	1	0	28	2196	0	1	0
35516	1	1	1	0	28	2196	0	1	0
35527	1	1	1	0	28	2196	0	1	0
35533	1	1	1	0	28	2196	0	1	0
35551	1	1	1	0	28	2196	0	1	0
35576	1	1	1	0	28	2196	0	1	0
35580	1	1	1	0	28	2196	0	1	0
35593	1	1	1	0	28	2196	0	1	0
35608	1	1	1	0	28	2196	0	1	0
35625	1	1	1	0	28	2196	0	1	0
35634	1	1	1	0	28	2196	0	1	0
35680	1	1	1	0	28	2196	0	1	0
35725	1	1	1	0	28	2196	0	1	0
35747	1	1	1	0	28	2196	0	1	0
35757	1	1	1	0	28	2196	0	1	0
35778	1	1	1	0	28	2196	0	1	0
35782	1	1	1	0	28	2196	0	1	0
35797	1	1	1	0	28	2196	0	1	0
35820	1	1	1	0	28	2196	0	1	0
35861	1	1	1	0	28	2196	0	1	0
35889	1	1	1	0	28	2196	0	1	0
35903	1	1	1	0	28	2196	0	1	0
35917	1	1	1	0	28	2196	0	1	0
35944	1	1	1	0	28	2196	0	1	0
35969	1	1	1	0	28	2196	0	1	0
35979	1	1	1	0	28	2196	0	1	0
35990	1	1	1	0	28	2196	0	1	0
36030	1	1	1	0	28	2196	0	1	0
36062	1	1	1	0	28	2196	0	1	0
36104	1	1	1	0	28	2196	0	1	0
36120	1	1	1	0	28	2196	0	1	0
36141	1	1	1	0	28	2196	0	1	0
36171	1	1	1	0	28	2196	0	1	0
36201	1	1	1	0	28	2196	0	1	0
36224	1	1	1	0	28	2196	0	1	0
36246	1	1	1	0	28	2196	0	1	0
36263	1	1	1	0	28	2196	0	1	0
36274	1	1	1	0	28	2196	0	1	0
36282	1	1	1	0	28	2196	0	1	0
36313	1	1	1	0	28	2196	0	1	0
36324	1	1	1	0	28	2196	0	1	0
36333	1	1	1	0	28	2196	0	1	0
36365	1	1	1	0	28	2196	0	1	0
36392	1	1	1	0	28	2196	0	1	0
36399	1	1	1	0	28	2196	0	1	0
36411	1	1	1	0	28	2196	0	1	0
36428	1	1	1	0	28	2196	0	1	0
36466	1	1	1	0	28	2196	0	1	0
36470	1	1	1	0	28	2196	0	1	0
36500	1	1	1	0	28	2196	0	1	0
36512	1	1	1	0	28	2196	0	1	0
36572	1	1	1	0	28	2196	0	1	0
36593	1	1	1	0	28	2196	0	1	0
36617	1	1	1	0	28	2196	0	1	0
36659	1	1	1	0	28	2196	0	1	0
36667	1	1	1	0	28	2196	0	1	0
36693	1	1	1	0	28	2196	0	1	0
36701	1	1	1	0	28	2196	0	1	0
36738	1	1	1	0	28	2196	0	1	0
36798	1	1	1	0	28	2196	0	1	0
36819	1	1	1	0	28	2196	0	1	0
36823	1	1	1	0	28	2196	0	1	0
36845	1	1	1	0	28	2196	0	1	0
36890	1	1	1	0	28	2196	0	1	0
36908	1	1	1	0	28	2196	0	1	0
36913	1	1	1	0	28	2196	0	1	0
36937	1	1	1	0	28	2196	0	1	0
36993	1	1	1	0	28	2196	0	1	0
37001	1	1	1	0	28	2196	0	1	0
37012	1	1	1	0	28	2196	0	1	0
37022	1	1	1	0	28	2196	0	1	0
37057	1	1	1	0	28	2196	0	1	0
37069	1	1	1	0	28	2196	0	1	0
37096	1	1	1	0	28	2196	0	1	0
37111	1	1	1	0	28	2196	0	1	0
37127	1	1	1	0	28	2196	0	1	0
37159	1	1	1	0	28	2196	0	1	0
37182	1	1	1	0	28	2196	0	1	0
37193	1	1	1	0	28	2196	0	1	0
37216	1	1	1	0	28	2196	0	1	0
37224	1	1	1	0	28	2196	0	1	0
37263	1	1	1	0	28	2196	0	1	0
37285	1	1	1	0	28	2196	0	1	0
37299	1	1	1	0	28	2196	0	1	0
37341	1	1	1	0	28	2196	0	1	0
37353	1	1	1	0	28	2196	0	1	0
37399	1	1	1	0	28	2196	0	1	0
37408	1	1	1	0	28	2196	0	1	0
37419	1	1	1	0	28	2196	0	1	0
37430	1	1	1	0	28	2196	0	1	0
37437	1	1	1	0	28	2196	0	1	0
37461	1	1	1	0	28	2196	0	1	0
37482	1	1	1	0	28	2196	0	1	0
37504	1	1	1	0	28	2196	0	1	0
37525	1	1	1	0	28	2196	0	1	0
37542	1	1	1	0	28	2196	0	1	0
37601	1	1	1	0	28	2196	0	1	0
37617	1	1	1	0	28	2196	0	1	0
37643	1	1	1	0	28	2196	0	1	0
37652	1	1	1	0	28	2196	0	1	0
37687	1	1	1	0	28	2196	0	1	0
37697	1	1	1	0	28	2196	0	1	0
37731	1	1	1	0	28	2196	0	1	0
37739	1	1	1	0	28	2196	0	1	0
37757	1	1	1	0	28	2196	0	1	0
37770	1	1	1	0	28	2196	0	1	0
37785	1	1	1	0	28	2196	0	1	0
37797	1	1	1	0	28	2196	0	1	0
37834	1	1	1	0	28	2196	0	1	0
37843	1	1	1	0	28	2196	0	1	0
37867	1	1	1	0	28	2196	0	1	0
37881	1	1	1	0	28	2196	0	1	0
37897	1	1	1	0	28	2196	0	1	0
37918	1	1	1	0	28	2196	0	1	0
37931	1	1	1	0	28	2196	0	1	0
37937	1	1	1	0	28	2196	0	1	0
37954	1	1	1	0	28	2196	0	1	0
37971	1	1	1	0	28	2196	0	1	0
37981	1	1	1	0	28	2196	0	1	0
37999	1	1	1	0	28	2196	0	1	0
38014	1	1	1	0	28	2196	0	1	0
38048	1	1	1	0	28	2196	0	1	0
38070	1	1	1	0	28	2196	0	1	0
38123	1	1	1	0	28	2196	0	1	0
38150	1	1	1	0	28	2196	0	1	0
38165	1	1	1	0	28	2196	0	1	0
38204	1	1	1	0	28	2196	0	1	0
38241	1	1	1	0	28	2196	0	1	0
38256	1	1	1	0	28	2196	0	1	0
38262	1	1	1	0	28	2196	0	1	0
38278	1	1	1	0	28	2196	0	1	0
38283	1	1	1	0	28	2196	0	1	0
38300	1	1	1	0	28	2196	0	1	0
38309	1	1	1	0	28	2196	0	1	0
38331	1	1	1	0	28	2196	0	1	0
38355	1	1	1	0	28	2196	0	1	0
38385	1	1	1	0	28	2196	0	1	0
38404	1	1	1	0	28	2196	0	1	0
38417	1	1	1	0	28	2196	0	1	0
38434	1	1	1	0	28	2196	0	1	0
38453	1	1	1	0	28	2196	0	1	0
38482	1	1	1	0	28	2196	0	1	0
38490	1	1	1	0	28	2196	0	1	0
38496	1	1	1	0	28	2196	0	1	0
38508	1	1	1	0	28	2196	0	1	0
38525	1	1	1	0	28	2196	0	1	0
38534	1	1	1	0	28	2196	0	1	0
38543	1	1	1	0	28	2196	0	1	0
38557	1	1	1	0	28	2196	0	1	0
38578	1	1	1	0	28	2196	0	1	0
38608	1	1	1	0	28	2196	0	1	0
38619	1	1	1	0	28	2196	0	1	0
38653	1	1	1	0	28	2196	0	1	0
38680	1	1	1	0	28	2196	0	1	0
38695	1	1	1	0	28	2196	0	1	0
38708	1	1	1	0	28	2196	0	1	0
38763	1	1	1	0	28	2196	0	1	0
38821	1	1	1	0	28	2196	0	1	0
38865	1	1	1	0	28	2196	0	1	0
38886	1	1	1	0	28	2196	0	1	0
38923	1	1	1	0	28	2196	0	1	0
38956	1	1	1	0	28	2196	0	1	0
38974	1	1	1	0	28	2196	0	1	0
38984	1	1	1	0	28	2196	0	1	0
38991	1	1	1	0	28	2196	0	1	0
39018	1	1	1	0	28	2196	0	1	0
39032	1	1	1	0	28	2196	0	1	0
39052	1	1	1	0	28	2196	0	1	0
39065	1	1	1	0	28	2196	0	1	0
39089	1	1	1	0	28	2196	0	1	0
39107	1	1	1	0	28	2196	0	1	0
39129	1	1	1	0	28	2196	0	1	0
39146	1	1	1	0	28	2196	0	1	0
39175	1	1	1	0	28	2196	0	1	0
39181	1	1	1	0	28	2196	0	1	0
39184	1	1	1	0	28	2196	0	1	0
39219	1	1	1	0	28	2196	0	1	0
39247	1	1	1	0	28	2196	0	1	0
39260	1	1	1	0	28	2196	0	1	0
39269	1	1	1	0	28	2196	0	1	0
39273	1	1	1	0	28	2196	0	1	0
39283	1	1	1	0	28	2196	0	1	0
39299	1	1	1	0	28	2196	0	1	0
39308	1	1	1	0	28	2196	0	1	0
39333	1	1	1	0	28	2196	0	1	0
39340	1	1	1	0	28	2196	0	1	0
39361	1	1	1	0	28	2196	0	1	0
39391	1	1	1	0	28	2196	0	1	0
39418	1	1	1	0	28	2196	0	1	0
39440	1	1	1	0	28	2196	0	1	0
39479	1	1	1	0	28	2196	0	1	0
39500	1	1	1	0	28	2196	0	1	0
39507	1	1	1	0	28	2196	0	1	0
39541	1	1	1	0	28	2196	0	1	0
39556	1	1	1	0	28	2196	0	1	0
39586	1	1	1	0	28	2196	0	1	0
39621	1	1	1	0	28	2196	0	1	0
39644	1	1	1	0	28	2196	0	1	0
39671	1	1	1	0	28	2196	0	1	0
39684	1	1	1	0	28	2196	0	1	0
39699	1	1	1	0	28	2196	0	1	0
39729	1	1	1	0	28	2196	0	1	0
39750	1	1	1	0	28	2196	0	1	0
39762	1	1	1	0	28	2196	0	1	0
39782	1	1	1	0	28	2196	0	1	0
39813	1	1	1	0	28	2196	0	1	0
39827	1	1	1	0	28	2196	0	1	0
39832	1	1	1	0	28	2196	0	1	0
39843	1	1	1	0	28	2196	0	1	0
39858	1	1	1	0	28	2196	0	1	0
39863	1	1	1	0	28	2196	0	1	0
39901	1	1	1	0	28	2196	0	1	0
39919	1	1	1	0	28	2196	0	1	0
39940	1	1	1	0	28	2196	0	1	0
39975	1	1	1	0	28	2196	0	1	0
39995	1	1	1	0	28	2196	0	1	0
40017	1	1	1	0	28	2196	0	1	0
40076	1	1	1	0	28	2196	0	1	0
40085	1	1	1	0	28	2196	0	1	0
40098	1	1	1	0	28	2196	0	1	0
40116	1	1	1	0	28	2196	0	1	0
40142	1	1	1	0	28	2196	0	1	0
40156	1	1	1	0	28	2196	0	1	0
40164	1	1	1	0	28	2196	0	1	0
40180	1	1	1	0	28	2196	0	1	0
40188	1	1	1	0	28	2196	0	1	0
40196	1	1	1	0	28	2196	0	1	0
40204	1	1	1	0	28	2196	0	1	0
40262	1	1	1	0	28	2196	0	1	0
40279	1	1	1	0	28	2196	0	1	0
