% start	end	CellId	IMSI	RNTI	LCID	nTxPDUs	TxBytes	nRxPDUs	RxBytes	delay	stdDev	min	max	PduSize	stdDev	min	max
0	0.25	1	1	3	4	23	8625	23	8625	0.003	0	0.003	0.003	375	133.128	81	627	
0	0.25	1	2	11	3	23	8315	23	8315	0.003	0	0.003	0.003	361.522	130.592	81	627	
0	0.25	1	3	14	3	22	7531	22	7531	0.003	0	0.003	0.003	342.318	126.523	81	627	
0	0.25	1	4	9	3	23	8000	23	8000	0.003	0	0.003	0.003	347.826	112.389	81	470	
0	0.25	1	5	1	3	23	9094	23	9094	0.003	0	0.003	0.003	395.391	138.299	81	627	
0	0.25	1	6	4	3	23	8623	23	8623	0.003	0	0.003	0.003	374.913	137.287	78	470	
0	0.25	1	7	10	3	23	8784	23	8784	0.003	0	0.003	0.003	381.913	156.908	81	627	
0	0.25	1	8	2	3	24	9408	23	8938	0.003	0	0.003	0.003	388.609	146.2	78	627	
0	0.25	1	9	13	3	22	8469	22	8469	0.003	0	0.003	0.003	384.955	152.388	81	627	
0	0.25	1	10	12	3	23	8784	22	8314	0.003	0	0.003	0.003	377.909	126.672	81	627	
0.25	0.5	1	1	3	4	25	10973	25	10973	0.003	0	0.003	0.003	438.92	100.93	314	627	
0.25	0.5	1	2	11	3	25	9565	25	9565	0.003	0	0.003	0.003	382.6	111.302	157	627	
0.25	0.5	1	3	14	3	25	10503	25	10503	0.003	0	0.003	0.003	420.12	125.505	157	627	
0.25	0.5	1	4	9	3	25	10504	25	10504	0.003	0	0.003	0.003	420.16	98.013	314	627	
0.25	0.5	1	5	1	3	25	10033	25	10033	0.003	0	0.003	0.003	401.32	111.309	157	627	
0.25	0.5	1	6	4	3	25	9408	25	9408	0.003	0	0.003	0.003	376.32	119.464	157	627	
0.25	0.5	1	7	10	3	25	9722	25	9722	0.003	0	0.003	0.003	388.88	79.5447	314	470	
0.25	0.5	1	8	2	3	25	10973	25	10973	0.003	0	0.003	0.003	438.92	119.507	157	627	
0.25	0.5	1	9	13	3	25	9097	25	9097	0.003	0	0.003	0.003	363.88	107.965	157	627	
0.25	0.5	1	10	12	3	25	10036	25	10192	0.003	0	0.003	0.003	407.68	119.464	157	627	
0.5	0.75	1	1	3	4	25	9566	25	9566	0.003	0	0.003	0.003	382.64	79.0332	314	470	
0.5	0.75	1	2	11	3	25	10034	25	10034	0.003	0	0.003	0.003	401.36	120.152	157	627	
0.5	0.75	1	3	14	3	25	9721	25	9721	0.003	0	0.003	0.003	388.84	91.5131	157	470	
0.5	0.75	1	4	9	3	25	10034	25	10034	0.003	0	0.003	0.003	401.36	79.0332	314	470	
0.5	0.75	1	5	1	3	25	9565	25	9565	0.003	0	0.003	0.003	382.6	111.302	157	627	
0.5	0.75	1	6	4	3	25	9880	25	9880	0.003	0	0.003	0.003	395.2	102.088	314	627	
0.5	0.75	1	7	10	3	25	9566	25	9566	0.003	0	0.003	0.003	382.64	101.692	157	627	
0.5	0.75	1	8	2	3	25	10035	25	10191	0.003	0	0.003	0.003	407.64	110.568	157	627	
0.5	0.75	1	9	13	3	25	9879	25	9879	0.003	0	0.003	0.003	395.16	91.5131	314	627	
0.5	0.75	1	10	12	3	25	9878	25	9878	0.003	0	0.003	0.003	395.12	102.09	157	627	
0.75	1	1	1	3	4	25	9253	25	9253	0.003	0	0.003	0.003	370.12	88.8052	157	470	
0.75	1	1	2	11	3	25	9253	25	9253	0.003	0	0.003	0.003	370.12	109.46	157	627	
0.75	1	1	3	14	3	25	9720	25	9720	0.003	0	0.003	0.003	388.8	102.088	157	470	
0.75	1	1	4	9	3	25	9723	25	9723	0.003	0	0.003	0.003	388.92	91.5159	314	627	
0.75	1	1	5	1	3	25	9566	25	9566	0.003	0	0.003	0.003	382.64	136.13	157	627	
0.75	1	1	6	4	3	25	10503	25	10503	0.003	0	0.003	0.003	420.12	107.965	157	627	
0.75	1	1	7	10	3	25	9566	25	9566	0.003	0	0.003	0.003	382.64	79.0332	314	470	
0.75	1	1	8	2	3	25	9096	25	8940	0.003	0	0.003	0.003	357.6	95.9162	157	470	
0.75	1	1	9	13	3	25	10347	25	10347	0.003	0	0.003	0.003	413.88	109.46	157	627	
0.75	1	1	10	12	3	25	9252	25	9252	0.003	0	0.003	0.003	370.08	99.6598	157	470	
1	1.25	1	1	3	4	25	10035	25	10035	0.003	0	0.003	0.003	401.4	91.0659	314	627	
1	1.25	1	2	11	3	25	10348	25	10348	0.003	0	0.003	0.003	413.92	99.6598	314	627	
1	1.25	1	3	14	3	25	9409	25	9409	0.003	0	0.003	0.003	376.36	90.1678	157	470	
1	1.25	1	4	9	3	25	9564	25	9564	0.003	0	0.003	0.003	382.56	120.145	157	627	
1	1.25	1	5	1	3	25	9565	25	9565	0.003	0	0.003	0.003	382.6	111.302	157	627	
1	1.25	1	6	4	3	25	9566	25	9566	0.003	0	0.003	0.003	382.64	101.692	157	627	
1	1.25	1	7	10	3	25	10193	25	10193	0.003	0	0.003	0.003	407.72	110.556	314	627	
1	1.25	1	8	2	3	25	9721	25	10034	0.003	0	0.003	0.003	401.36	101.692	157	627	
1	1.25	1	9	13	3	25	9253	25	9253	0.003	0	0.003	0.003	370.12	88.8052	157	470	
1	1.25	1	10	12	3	25	9097	25	9097	0.003	0	0.003	0.003	363.88	86.9561	157	470	
1.25	1.5	1	1	3	4	25	9408	25	9408	0.003	0	0.003	0.003	376.32	119.464	157	627	
1.25	1.5	1	2	11	3	25	10035	25	10035	0.003	0	0.003	0.003	401.4	111.302	157	627	
1.25	1.5	1	3	14	3	25	10505	25	10505	0.003	0	0.003	0.003	420.2	107.943	314	627	
1.25	1.5	1	4	9	3	25	10033	25	10033	0.003	0	0.003	0.003	401.32	111.309	157	627	
1.25	1.5	1	5	1	3	25	9254	25	9254	0.003	0	0.003	0.003	370.16	118.452	157	627	
1.25	1.5	1	6	4	3	25	9565	25	9565	0.003	0	0.003	0.003	382.6	111.302	157	627	
1.25	1.5	1	7	10	3	25	10034	25	10034	0.003	0	0.003	0.003	401.36	101.692	157	627	
1.25	1.5	1	8	2	3	25	10033	25	9720	0.003	0	0.003	0.003	388.8	120.487	157	627	
1.25	1.5	1	9	13	3	25	9881	25	9881	0.003	0	0.003	0.003	395.24	128.702	157	627	
1.25	1.5	1	10	12	3	25	9410	25	9410	0.003	0	0.003	0.003	376.4	78	314	470	
1.5	1.75	1	1	3	4	25	10189	25	10189	0.003	0	0.003	0.003	407.56	90.1823	157	470	
1.5	1.75	1	2	11	3	25	10349	25	10349	0.003	0	0.003	0.003	413.96	109.443	314	627	
1.5	1.75	1	3	14	3	25	9095	25	9095	0.003	0	0.003	0.003	363.8	107.943	157	470	
1.5	1.75	1	4	9	3	25	9878	25	9878	0.003	0	0.003	0.003	395.12	120.489	157	627	
1.5	1.75	1	5	1	3	25	9409	25	9409	0.003	0	0.003	0.003	376.36	110.568	157	627	
1.5	1.75	1	6	4	3	25	9252	25	9252	0.003	0	0.003	0.003	370.08	118.436	157	627	
1.5	1.75	1	7	10	3	25	9410	25	9410	0.003	0	0.003	0.003	376.4	135.533	157	627	
1.5	1.75	1	8	2	3	25	9723	25	9879	0.003	0	0.003	0.003	395.16	91.5131	314	627	
1.5	1.75	1	9	13	3	25	9565	25	9565	0.003	0	0.003	0.003	382.6	111.302	157	627	
1.5	1.75	1	10	12	3	25	9254	25	9098	0.003	0	0.003	0.003	363.92	98.0369	157	627	
1.75	2	1	1	3	4	25	9879	25	9879	0.003	0	0.003	0.003	395.16	128.704	157	627	
1.75	2	1	2	11	3	25	9253	25	9253	0.003	0	0.003	0.003	370.12	109.46	157	627	
1.75	2	1	3	14	3	25	10346	25	10346	0.003	0	0.003	0.003	413.84	118.452	157	627	
1.75	2	1	4	9	3	25	10035	25	10035	0.003	0	0.003	0.003	401.4	143.451	157	627	
1.75	2	1	5	1	3	25	10188	25	10188	0.003	0	0.003	0.003	407.52	100.904	157	470	
1.75	2	1	6	4	3	25	10035	25	10035	0.003	0	0.003	0.003	401.4	111.302	157	627	
1.75	2	1	7	10	3	25	9876	25	9876	0.003	0	0.003	0.003	395.04	120.491	157	627	
1.75	2	1	8	2	3	25	10035	25	10192	0.003	0	0.003	0.003	407.68	100.879	314	627	
1.75	2	1	9	13	3	25	9097	25	9097	0.003	0	0.003	0.003	363.88	86.9561	157	470	
1.75	2	1	10	12	3	25	9566	25	9566	0.003	0	0.003	0.003	382.64	101.692	157	627	
2	2.25	1	1	3	4	25	8470	25	8470	0.003	0	0.003	0.003	338.8	125.198	157	627	
2	2.25	1	2	11	3	25	8939	25	8939	0.003	0	0.003	0.003	357.56	106.041	157	470	
2	2.25	1	3	14	3	25	9723	25	9723	0.003	0	0.003	0.003	388.92	111.67	157	627	
2	2.25	1	4	9	3	25	9254	25	9254	0.003	0	0.003	0.003	370.16	99.6781	157	627	
2	2.25	1	5	1	3	25	9564	25	9564	0.003	0	0.003	0.003	382.56	136.125	157	627	
2	2.25	1	6	4	3	25	9565	25	9565	0.003	0	0.003	0.003	382.6	128.387	157	627	
2	2.25	1	7	10	3	25	10034	25	10034	0.003	0	0.003	0.003	401.36	101.692	157	627	
2	2.25	1	8	2	3	25	9407	25	9250	0.003	0	0.003	0.003	370	118.421	157	470	
2	2.25	1	9	13	3	25	9411	25	9411	0.003	0	0.003	0.003	376.44	90.1823	314	627	
2	2.25	1	10	12	3	25	9878	25	9878	0.003	0	0.003	0.003	395.12	102.09	157	627	
2.25	2.5	1	1	3	4	25	9253	25	9253	0.003	0	0.003	0.003	370.12	88.8052	157	470	
2.25	2.5	1	2	11	3	25	10345	25	10345	0.003	0	0.003	0.003	413.8	88.8257	157	470	
2.25	2.5	1	3	14	3	25	9875	25	9875	0.003	0	0.003	0.003	395	128.708	157	627	
2.25	2.5	1	4	9	3	25	10192	25	10192	0.003	0	0.003	0.003	407.68	100.879	314	627	
2.25	2.5	1	5	1	3	25	9721	25	9721	0.003	0	0.003	0.003	388.84	91.5131	157	470	
2.25	2.5	1	6	4	3	25	9253	25	9253	0.003	0	0.003	0.003	370.12	109.46	157	627	
2.25	2.5	1	7	10	3	25	10816	25	10816	0.003	0	0.003	0.003	432.64	93.3389	314	627	
2.25	2.5	1	8	2	3	25	10503	25	10503	0.003	0	0.003	0.003	420.12	107.965	157	627	
2.25	2.5	1	9	13	3	25	9255	25	9255	0.003	0	0.003	0.003	370.2	109.476	157	627	
2.25	2.5	1	10	12	3	25	9880	25	9880	0.003	0	0.003	0.003	395.2	102.088	314	627	
2.5	2.75	1	1	3	4	25	9567	25	9567	0.003	0	0.003	0.003	382.68	91.0745	314	627	
2.5	2.75	1	2	11	3	25	8939	25	8939	0.003	0	0.003	0.003	357.56	106.041	157	470	
2.5	2.75	1	3	14	3	25	9406	25	9406	0.003	0	0.003	0.003	376.24	119.453	157	470	
2.5	2.75	1	4	9	3	25	10034	25	10034	0.003	0	0.003	0.003	401.36	79.0332	314	470	
2.5	2.75	1	5	1	3	25	9721	25	9721	0.003	0	0.003	0.003	388.84	111.668	157	627	
2.5	2.75	1	6	4	3	25	10037	25	10037	0.003	0	0.003	0.003	401.48	111.295	314	627	
2.5	2.75	1	7	10	3	25	9721	25	9721	0.003	0	0.003	0.003	388.84	111.668	157	627	
2.5	2.75	1	8	2	3	25	9408	25	9252	0.003	0	0.003	0.003	370.08	118.436	157	627	
2.5	2.75	1	9	13	3	25	10190	25	10190	0.003	0	0.003	0.003	407.6	100.891	157	627	
2.5	2.75	1	10	12	3	25	9564	25	9564	0.003	0	0.003	0.003	382.56	101.685	157	470	
2.75	3	1	1	3	4	25	9097	25	9097	0.003	0	0.003	0.003	363.88	107.965	157	627	
2.75	3	1	2	11	3	25	9878	25	9878	0.003	0	0.003	0.003	395.12	79.5447	314	470	
2.75	3	1	3	14	3	25	9721	25	9721	0.003	0	0.003	0.003	388.84	128.704	157	627	
2.75	3	1	4	9	3	25	9253	25	9253	0.003	0	0.003	0.003	370.12	88.8052	157	470	
2.75	3	1	5	1	3	25	10191	25	10191	0.003	0	0.003	0.003	407.64	90.1678	314	627	
2.75	3	1	6	4	3	25	9722	25	9722	0.003	0	0.003	0.003	388.88	102.09	157	627	
2.75	3	1	7	10	3	25	9410	25	9410	0.003	0	0.003	0.003	376.4	100.891	157	627	
2.75	3	1	8	2	3	25	9723	25	9879	0.003	0	0.003	0.003	395.16	111.668	157	627	
2.75	3	1	9	13	3	25	10501	25	10501	0.003	0	0.003	0.003	420.04	86.983	157	470	
2.75	3	1	10	12	3	25	10035	25	10191	0.003	0	0.003	0.003	407.64	90.1678	314	627	
3	3.25	1	1	3	4	25	9566	25	9566	0.003	0	0.003	0.003	382.64	79.0332	314	470	
3	3.25	1	2	11	3	25	9722	25	9722	0.003	0	0.003	0.003	388.88	79.5447	314	470	
3	3.25	1	3	14	3	25	9879	25	9879	0.003	0	0.003	0.003	395.16	91.5131	314	627	
3	3.25	1	4	9	3	25	9096	25	9096	0.003	0	0.003	0.003	363.84	117.054	157	627	
3	3.25	1	5	1	3	25	10189	25	10189	0.003	0	0.003	0.003	407.56	110.58	157	627	
3	3.25	1	6	4	3	25	9410	25	9410	0.003	0	0.003	0.003	376.4	100.891	157	627	
3	3.25	1	7	10	3	25	10034	25	10034	0.003	0	0.003	0.003	401.36	101.692	157	627	
3	3.25	1	8	2	3	25	10032	25	10032	0.003	0	0.003	0.003	401.28	101.7	157	470	
3	3.25	1	9	13	3	25	8941	25	8941	0.003	0	0.003	0.003	357.64	84.5887	157	470	
3	3.25	1	10	12	3	25	9879	25	9879	0.003	0	0.003	0.003	395.16	91.5131	314	627	
3.25	3.5	1	1	3	4	25	8941	25	8941	0.003	0	0.003	0.003	357.64	123.877	157	627	
3.25	3.5	1	2	11	3	25	10347	25	10347	0.003	0	0.003	0.003	413.88	109.46	157	627	
3.25	3.5	1	3	14	3	25	10035	25	10035	0.003	0	0.003	0.003	401.4	91.0659	314	627	
3.25	3.5	1	4	9	3	25	10348	25	10348	0.003	0	0.003	0.003	413.92	99.6598	314	627	
3.25	3.5	1	5	1	3	25	10033	25	10033	0.003	0	0.003	0.003	401.32	91.0745	157	470	
3.25	3.5	1	6	4	3	25	10191	25	10191	0.003	0	0.003	0.003	407.64	127.751	157	627	
3.25	3.5	1	7	10	3	25	9879	25	9879	0.003	0	0.003	0.003	395.16	91.5131	314	627	
3.25	3.5	1	8	2	3	25	9566	25	9566	0.003	0	0.003	0.003	382.64	120.152	157	627	
3.25	3.5	1	9	13	3	25	9564	25	9564	0.003	0	0.003	0.003	382.56	101.685	157	470	
3.25	3.5	1	10	12	3	25	8938	25	8938	0.003	0	0.003	0.003	357.52	115.279	157	470	
3.5	3.75	1	1	3	4	25	9722	25	9722	0.003	0	0.003	0.003	388.88	102.09	157	627	
3.5	3.75	1	2	11	3	25	10660	25	10660	0.003	0	0.003	0.003	426.4	95.9162	314	627	
3.5	3.75	1	3	14	3	25	9721	25	9721	0.003	0	0.003	0.003	388.84	91.5131	157	470	
3.5	3.75	1	4	9	3	25	10033	25	10033	0.003	0	0.003	0.003	401.32	128.393	157	627	
3.5	3.75	1	5	1	3	25	9880	25	9880	0.003	0	0.003	0.003	395.2	102.088	314	627	
3.5	3.75	1	6	4	3	25	9567	25	9567	0.003	0	0.003	0.003	382.68	111.309	157	627	
3.5	3.75	1	7	10	3	25	10033	25	10033	0.003	0	0.003	0.003	401.32	111.309	157	627	
3.5	3.75	1	8	2	3	25	10035	25	9879	0.003	0	0.003	0.003	395.16	91.5131	314	627	
3.5	3.75	1	9	13	3	25	10503	25	10503	0.003	0	0.003	0.003	420.12	86.9561	314	627	
3.5	3.75	1	10	12	3	25	9566	25	9410	0.003	0	0.003	0.003	376.4	100.891	157	627	
3.75	4	1	1	3	4	25	10034	25	10034	0.003	0	0.003	0.003	401.36	101.692	157	627	
3.75	4	1	2	11	3	25	10035	25	10035	0.003	0	0.003	0.003	401.4	91.0659	314	627	
3.75	4	1	3	14	3	25	9254	25	9254	0.003	0	0.003	0.003	370.16	76.4241	314	470	
3.75	4	1	4	9	3	25	10346	25	10346	0.003	0	0.003	0.003	413.84	99.6781	157	627	
3.75	4	1	5	1	3	25	10035	25	10035	0.003	0	0.003	0.003	401.4	91.0659	314	627	
3.75	4	1	6	4	3	25	9877	25	9877	0.003	0	0.003	0.003	395.08	111.67	157	627	
3.75	4	1	7	10	3	25	10346	25	10346	0.003	0	0.003	0.003	413.84	76.4241	314	470	
3.75	4	1	8	2	3	25	9565	25	9565	0.003	0	0.003	0.003	382.6	128.387	157	627	
3.75	4	1	9	13	3	25	10032	25	10032	0.003	0	0.003	0.003	401.28	101.7	157	470	
3.75	4	1	10	12	3	25	9721	25	9721	0.003	0	0.003	0.003	388.84	91.5131	157	470	
4	4.25	1	1	3	4	25	10191	25	10191	0.003	0	0.003	0.003	407.64	142.791	157	783	
4	4.25	1	2	11	3	25	9407	25	9407	0.003	0	0.003	0.003	376.28	110.556	157	470	
4	4.25	1	3	14	3	25	10189	25	10189	0.003	0	0.003	0.003	407.56	110.58	157	627	
4	4.25	1	4	9	3	25	10034	25	10034	0.003	0	0.003	0.003	401.36	101.692	157	627	
4	4.25	1	5	1	3	25	9252	25	9252	0.003	0	0.003	0.003	370.08	118.436	157	627	
4	4.25	1	6	4	3	25	9876	25	9876	0.003	0	0.003	0.003	395.04	102.093	157	470	
4	4.25	1	7	10	3	25	10816	25	10816	0.003	0	0.003	0.003	432.64	130.009	157	627	
4	4.25	1	8	2	3	25	8939	25	9095	0.003	0	0.003	0.003	363.8	107.943	157	470	
4	4.25	1	9	13	3	25	10347	25	10347	0.003	0	0.003	0.003	413.88	88.8052	314	627	
4	4.25	1	10	12	3	25	9408	25	9408	0.003	0	0.003	0.003	376.32	100.879	157	470	
4.25	4.5	1	1	3	4	25	10033	25	10033	0.003	0	0.003	0.003	401.32	91.0745	157	470	
4.25	4.5	1	2	11	3	25	9411	25	9411	0.003	0	0.003	0.003	376.44	127.762	157	627	
4.25	4.5	1	3	14	3	25	10035	25	10035	0.003	0	0.003	0.003	401.4	91.0659	314	627	
4.25	4.5	1	4	9	3	25	9878	25	9878	0.003	0	0.003	0.003	395.12	120.489	157	627	
4.25	4.5	1	5	1	3	25	9722	25	9722	0.003	0	0.003	0.003	388.88	102.09	157	627	
4.25	4.5	1	6	4	3	25	10348	25	10348	0.003	0	0.003	0.003	413.92	99.6598	314	627	
4.25	4.5	1	7	10	3	25	9253	25	9253	0.003	0	0.003	0.003	370.12	109.46	157	627	
4.25	4.5	1	8	2	3	25	10348	25	10348	0.003	0	0.003	0.003	413.92	99.6598	314	627	
4.25	4.5	1	9	13	3	25	9567	25	9567	0.003	0	0.003	0.003	382.68	91.0745	314	627	
4.25	4.5	1	10	12	3	25	10035	25	10191	0.003	0	0.003	0.003	407.64	127.751	157	627	
4.5	4.75	1	1	3	4	25	8628	25	8628	0.003	0	0.003	0.003	345.12	90.2401	157	470	
4.5	4.75	1	2	11	3	25	9722	25	9722	0.003	0	0.003	0.003	388.88	79.5447	314	470	
4.5	4.75	1	3	14	3	25	9722	25	9722	0.003	0	0.003	0.003	388.88	102.09	157	627	
4.5	4.75	1	4	9	3	25	9878	25	9878	0.003	0	0.003	0.003	395.12	79.5447	314	470	
4.5	4.75	1	5	1	3	25	9877	25	9877	0.003	0	0.003	0.003	395.08	111.67	157	627	
4.5	4.75	1	6	4	3	25	10818	25	10818	0.003	0	0.003	0.003	432.72	129.882	314	783	
4.5	4.75	1	7	10	3	25	9565	25	9565	0.003	0	0.003	0.003	382.6	91.0659	157	470	
4.5	4.75	1	8	2	3	25	10034	25	9878	0.003	0	0.003	0.003	395.12	79.5447	314	470	
4.5	4.75	1	9	13	3	25	9878	25	9878	0.003	0	0.003	0.003	395.12	102.09	157	627	
4.5	4.75	1	10	12	3	25	9722	25	9722	0.003	0	0.003	0.003	388.88	79.5447	314	470	
4.75	5	1	1	3	4	25	9721	25	9721	0.003	0	0.003	0.003	388.84	91.5131	157	470	
4.75	5	1	2	11	3	25	10348	25	10348	0.003	0	0.003	0.003	413.92	99.6598	314	627	
4.75	5	1	3	14	3	25	9724	25	9724	0.003	0	0.003	0.003	388.96	136.43	157	627	
4.75	5	1	4	9	3	25	9409	25	9409	0.003	0	0.003	0.003	376.36	110.568	157	627	
4.75	5	1	5	1	3	25	9411	25	9411	0.003	0	0.003	0.003	376.44	110.58	157	627	
4.75	5	1	6	4	3	25	10035	25	10035	0.003	0	0.003	0.003	401.4	91.0659	314	627	
4.75	5	1	7	10	3	25	10036	25	10036	0.003	0	0.003	0.003	401.44	101.685	314	627	
4.75	5	1	8	2	3	25	9409	25	9565	0.003	0	0.003	0.003	382.6	128.387	157	627	
4.75	5	1	9	13	3	25	9252	25	9252	0.003	0	0.003	0.003	370.08	118.436	157	627	
4.75	5	1	10	12	3	25	9255	25	9255	0.003	0	0.003	0.003	370.2	88.8257	314	627	
5	5.25	1	1	3	4	25	9566	25	9566	0.003	0	0.003	0.003	382.64	101.692	157	627	
5	5.25	1	2	11	3	25	9253	25	9253	0.003	0	0.003	0.003	370.12	109.46	157	627	
5	5.25	1	3	14	3	25	10191	25	10191	0.003	0	0.003	0.003	407.64	127.751	157	627	
5	5.25	1	4	9	3	25	9410	25	9410	0.003	0	0.003	0.003	376.4	100.891	157	627	
5	5.25	1	5	1	3	25	9877	25	9877	0.003	0	0.003	0.003	395.08	91.5159	157	470	
5	5.25	1	6	4	3	25	9724	25	9724	0.003	0	0.003	0.003	388.96	120.491	157	627	
5	5.25	1	7	10	3	25	9879	25	9879	0.003	0	0.003	0.003	395.16	111.668	157	627	
5	5.25	1	8	2	3	25	10035	25	9879	0.003	0	0.003	0.003	395.16	111.668	157	627	
5	5.25	1	9	13	3	25	9565	25	9565	0.003	0	0.003	0.003	382.6	91.0659	157	470	
5	5.25	1	10	12	3	25	9722	25	9566	0.003	0	0.003	0.003	382.64	101.692	157	627	
5.25	5.5	1	1	3	4	25	9720	25	9720	0.003	0	0.003	0.003	388.8	102.088	157	470	
5.25	5.5	1	2	11	3	25	9723	25	9723	0.003	0	0.003	0.003	388.92	128.706	157	627	
5.25	5.5	1	3	14	3	25	10034	25	10034	0.003	0	0.003	0.003	401.36	101.692	157	627	
5.25	5.5	1	4	9	3	25	9408	25	9408	0.003	0	0.003	0.003	376.32	119.464	157	627	
5.25	5.5	1	5	1	3	25	10346	25	10346	0.003	0	0.003	0.003	413.84	99.6781	157	627	
5.25	5.5	1	6	4	3	25	9565	25	9565	0.003	0	0.003	0.003	382.6	111.302	157	627	
5.25	5.5	1	7	10	3	25	10191	25	10191	0.003	0	0.003	0.003	407.64	110.568	157	627	
5.25	5.5	1	8	2	3	25	10189	25	10189	0.003	0	0.003	0.003	407.56	110.58	157	627	
5.25	5.5	1	9	13	3	25	10346	25	10346	0.003	0	0.003	0.003	413.84	99.6781	157	627	
5.25	5.5	1	10	12	3	25	10191	25	10504	0.003	0	0.003	0.003	420.16	117.054	157	627	
5.5	5.75	1	1	3	4	25	8784	25	8784	0.003	0	0.003	0.003	351.36	113.169	157	627	
5.5	5.75	1	2	11	3	25	10502	25	10502	0.003	0	0.003	0.003	420.08	98.0369	157	627	
5.5	5.75	1	3	14	3	25	9720	25	9720	0.003	0	0.003	0.003	388.8	102.088	157	470	
5.5	5.75	1	4	9	3	25	8158	25	8158	0.003	0	0.003	0.003	326.32	118.866	157	627	
5.5	5.75	1	5	1	3	25	9879	25	9879	0.003	0	0.003	0.003	395.16	111.668	157	627	
5.5	5.75	1	6	4	3	25	8628	25	8628	0.003	0	0.003	0.003	345.12	90.2401	157	470	
5.5	5.75	1	7	10	3	25	10033	25	10033	0.003	0	0.003	0.003	401.32	91.0745	157	470	
5.5	5.75	1	8	2	3	25	9566	25	9566	0.003	0	0.003	0.003	382.64	101.692	157	627	
5.5	5.75	1	9	13	3	25	9566	25	9566	0.003	0	0.003	0.003	382.64	120.152	157	627	
5.5	5.75	1	10	12	3	25	10034	25	9721	0.003	0	0.003	0.003	388.84	128.704	157	627	
5.75	6	1	1	3	4	25	9723	25	9723	0.003	0	0.003	0.003	388.92	91.5159	314	627	
5.75	6	1	2	11	3	25	9566	25	9566	0.003	0	0.003	0.003	382.64	101.692	157	627	
5.75	6	1	3	14	3	25	9567	25	9567	0.003	0	0.003	0.003	382.68	91.0745	314	627	
5.75	6	1	4	9	3	25	10189	25	10189	0.003	0	0.003	0.003	407.56	90.1823	157	470	
5.75	6	1	5	1	3	25	10503	25	10503	0.003	0	0.003	0.003	420.12	107.965	157	627	
5.75	6	1	6	4	3	25	10348	25	10348	0.003	0	0.003	0.003	413.92	99.6598	314	627	
5.75	6	1	7	10	3	25	9409	25	9409	0.003	0	0.003	0.003	376.36	110.568	157	627	
5.75	6	1	8	2	3	25	10034	25	10190	0.003	0	0.003	0.003	407.6	100.891	157	627	
5.75	6	1	9	13	3	25	10034	25	10034	0.003	0	0.003	0.003	401.36	79.0332	314	470	
5.75	6	1	10	12	3	25	9721	25	10034	0.003	0	0.003	0.003	401.36	101.692	157	627	
6	6.25	1	1	3	4	25	9410	25	9410	0.003	0	0.003	0.003	376.4	100.891	157	627	
6	6.25	1	2	11	3	25	10193	25	10193	0.003	0	0.003	0.003	407.72	110.556	314	627	
6	6.25	1	3	14	3	25	9722	25	9722	0.003	0	0.003	0.003	388.88	102.09	157	627	
6	6.25	1	4	9	3	25	9409	25	9409	0.003	0	0.003	0.003	376.36	90.1678	157	470	
6	6.25	1	5	1	3	25	10502	25	10502	0.003	0	0.003	0.003	420.08	117.074	157	627	
6	6.25	1	6	4	3	25	9564	25	9564	0.003	0	0.003	0.003	382.56	120.145	157	627	
6	6.25	1	7	10	3	25	9565	25	9565	0.003	0	0.003	0.003	382.6	91.0659	157	470	
6	6.25	1	8	2	3	25	9252	25	9252	0.003	0	0.003	0.003	370.08	99.6598	157	470	
6	6.25	1	9	13	3	25	9566	25	9566	0.003	0	0.003	0.003	382.64	120.152	157	627	
6	6.25	1	10	12	3	25	9566	25	9409	0.003	0	0.003	0.003	376.36	90.1678	157	470	
6.25	6.5	1	1	3	4	25	9723	25	9723	0.003	0	0.003	0.003	388.92	111.67	157	627	
6.25	6.5	1	2	11	3	25	8626	25	8626	0.003	0	0.003	0.003	345.04	127.772	157	627	
6.25	6.5	1	3	14	3	25	9722	25	9722	0.003	0	0.003	0.003	388.88	102.09	157	627	
6.25	6.5	1	4	9	3	25	9095	25	9095	0.003	0	0.003	0.003	363.8	125.486	157	627	
6.25	6.5	1	5	1	3	25	9723	25	9723	0.003	0	0.003	0.003	388.92	111.67	157	627	
6.25	6.5	1	6	4	3	25	9565	25	9565	0.003	0	0.003	0.003	382.6	111.302	157	627	
6.25	6.5	1	7	10	3	25	10035	25	10035	0.003	0	0.003	0.003	401.4	111.302	157	627	
6.25	6.5	1	8	2	3	25	9095	25	9095	0.003	0	0.003	0.003	363.8	107.943	157	470	
6.25	6.5	1	9	13	3	25	9879	25	9879	0.003	0	0.003	0.003	395.16	111.668	157	627	
6.25	6.5	1	10	12	3	25	9408	25	9252	0.003	0	0.003	0.003	370.08	99.6598	157	470	
6.5	6.75	1	1	3	4	25	9722	25	9722	0.003	0	0.003	0.003	388.88	102.09	157	627	
6.5	6.75	1	2	11	3	25	10503	25	10503	0.003	0	0.003	0.003	420.12	107.965	157	627	
6.5	6.75	1	3	14	3	25	9409	25	9409	0.003	0	0.003	0.003	376.36	110.568	157	627	
6.5	6.75	1	4	9	3	25	10035	25	10035	0.003	0	0.003	0.003	401.4	91.0659	314	627	
6.5	6.75	1	5	1	3	25	9722	25	9722	0.003	0	0.003	0.003	388.88	102.09	157	627	
6.5	6.75	1	6	4	3	25	9410	25	9410	0.003	0	0.003	0.003	376.4	100.891	157	627	
6.5	6.75	1	7	10	3	25	10503	25	10503	0.003	0	0.003	0.003	420.12	107.965	157	627	
6.5	6.75	1	8	2	3	25	9254	25	9254	0.003	0	0.003	0.003	370.16	149.067	157	627	
6.5	6.75	1	9	13	3	25	9565	25	9565	0.003	0	0.003	0.003	382.6	111.302	157	627	
6.5	6.75	1	10	12	3	25	9723	25	9723	0.003	0	0.003	0.003	388.92	111.67	157	627	
