% time	cellId	IMSI	frame	sframe	RNTI	mcsTb1	sizeTb1	mcsTb2	sizeTb2	ccId
0.07	1	3	8	1	3	28	2196	0	0	0
0.188	1	3	19	9	3	28	2196	0	0	0
0.266	1	1	27	7	4	28	2196	0	0	0
0.283	1	5	29	4	2	28	2196	0	0	0
0.287	1	2	29	8	6	28	2196	0	0	0
0.369	1	5	37	10	2	28	2196	0	0	0
0.45	1	4	46	1	1	28	2196	0	0	0
0.463	1	1	47	4	4	28	2196	0	0	0
0.5	1	3	51	1	3	28	2196	0	0	0
0.533	1	1	54	4	4	28	2196	0	0	0
0.543	1	5	55	4	2	28	2196	0	0	0
0.594	1	2	60	5	6	28	2196	0	0	0
0.63	1	5	64	1	2	28	2196	0	0	0
0.655	1	5	66	6	2	28	2196	0	0	0
0.664	1	3	67	5	3	28	2196	0	0	0
0.668	1	4	67	9	1	28	2196	0	0	0
0.728	1	2	73	9	6	28	2196	0	0	0
0.729	1	1	73	10	4	28	2196	0	0	0
0.737	1	5	74	8	2	28	2196	0	0	0
0.857	1	4	86	8	1	28	2196	0	0	0
0.949	1	5	95	10	2	28	2196	0	0	0
0.961	1	4	97	2	1	28	2196	0	0	0
0.964	1	1	97	5	4	28	2196	0	0	0
1.047	1	5	105	8	2	28	2196	0	0	0
1.14	1	1	115	1	4	28	2196	0	0	0
1.159	1	5	116	10	2	28	2196	0	0	0
1.195	1	4	120	6	1	28	2196	0	0	0
1.229	1	2	123	10	6	28	2196	0	0	0
1.271	1	3	128	2	3	28	2196	0	0	0
1.336	1	4	134	7	1	28	2196	0	0	0
1.348	1	1	135	9	4	28	2196	0	0	0
1.403	1	4	141	4	1	28	2196	0	0	0
1.46	1	5	147	1	2	28	2196	0	0	0
1.496	1	4	150	7	1	28	2196	0	0	0
1.561	1	1	157	2	4	28	2196	0	0	0
1.604	1	2	161	5	6	28	2196	0	0	0
1.606	1	3	161	7	3	28	2196	0	0	0
1.647	1	1	165	8	4	28	2196	0	0	0
1.763	1	5	177	4	2	28	2196	0	0	0
1.783	1	2	179	4	6	28	2196	0	0	0
1.79	1	3	180	1	3	28	2196	0	0	0
1.866	1	3	187	7	3	28	2196	0	0	0
1.896	1	5	190	7	2	28	2196	0	0	0
1.912	1	3	192	3	3	28	2196	0	0	0
1.92	1	1	193	1	4	28	2196	0	0	0
1.923	1	4	193	4	1	28	2196	0	0	0
2.062	1	3	207	3	3	28	2196	0	0	0
2.124	1	3	213	5	3	28	2196	0	0	0
2.133	1	2	214	4	6	28	2196	0	0	0
2.159	1	3	216	10	3	28	2196	0	0	0
2.282	1	5	229	3	2	28	2196	0	0	0
2.393	1	1	240	4	4	28	2196	0	0	0
2.411	1	2	242	2	6	28	2196	0	0	0
2.474	1	4	248	5	1	28	2196	0	0	0
2.502	1	5	251	3	2	28	2196	0	0	0
2.648	1	5	265	9	2	28	2196	0	0	0
2.667	1	3	267	8	3	28	2196	0	0	0
2.684	1	1	269	5	4	28	2196	0	0	0
2.774	1	5	278	5	2	28	2196	0	0	0
2.794	1	4	280	5	1	28	2196	0	0	0
2.825	1	1	283	6	4	28	2196	0	0	0
2.839	1	3	284	10	3	28	2196	0	0	0
2.902	1	2	291	3	6	28	2196	0	0	0
2.933	1	1	294	4	4	28	2196	0	0	0
2.976	1	2	298	7	6	28	2196	0	0	0
2.992	1	5	300	3	2	28	2196	0	0	0
3.081	1	5	309	2	2	28	2196	0	0	0
3.093	1	3	310	4	3	28	2196	0	0	0
3.126	1	2	313	7	6	28	2196	0	0	0
3.155	1	3	316	6	3	28	2196	0	0	0
3.254	1	4	326	5	1	28	2196	0	0	0
3.28	1	5	329	1	2	28	2196	0	0	0
3.361	1	1	337	2	4	28	2196	0	0	0
3.396	1	5	340	7	2	28	2196	0	0	0
3.424	1	3	343	5	3	28	2196	0	0	0
3.447	1	2	345	8	6	28	2196	0	0	0
3.563	1	5	357	4	2	28	2196	0	0	0
3.591	1	1	360	2	4	28	2196	0	0	0
3.6	1	4	361	1	1	28	2196	0	0	0
3.622	1	2	363	3	6	28	2196	0	0	0
3.647	1	1	365	8	4	28	2196	0	0	0
3.728	1	3	373	9	3	28	2196	0	0	0
3.764	1	2	377	5	6	28	2196	0	0	0
3.769	1	3	377	10	3	28	2196	0	0	0
3.822	1	5	383	3	2	28	2196	0	0	0
3.827	1	4	383	8	1	28	2196	0	0	0
3.848	1	1	385	9	4	28	2196	0	0	0
3.859	1	2	386	10	6	28	2196	0	0	0
3.889	1	1	389	10	4	28	2196	0	0	0
3.927	1	4	393	8	1	28	2196	0	0	0
4	1	2	401	1	6	28	2196	0	0	0
4.038	1	4	404	9	1	28	2196	0	0	0
4.091	1	2	410	2	6	28	2196	0	0	0
4.124	1	3	413	5	3	28	2196	0	0	0
4.175	1	1	418	6	4	28	2196	0	0	0
4.214	1	3	422	5	3	28	2196	0	0	0
4.262	1	5	427	3	2	28	2196	0	0	0
4.285	1	3	429	6	3	28	2196	0	0	0
4.386	1	5	439	7	2	28	2196	0	0	0
4.392	1	1	440	3	4	28	2196	0	0	0
4.428	1	4	443	9	1	28	2196	0	0	0
4.434	1	2	444	5	6	28	2196	0	0	0
4.508	1	1	451	9	4	28	2196	0	0	0
4.553	1	4	456	4	1	28	2196	0	0	0
4.637	1	5	464	8	2	28	2196	0	0	0
4.726	1	2	473	7	6	28	2196	0	0	0
4.777	1	4	478	8	1	28	2196	0	0	0
4.788	1	1	479	9	4	28	2196	0	0	0
4.811	1	5	482	2	2	28	2196	0	0	0
4.83	1	3	484	1	3	28	2196	0	0	0
4.879	1	3	488	10	3	28	2196	0	0	0
5.002	1	4	501	3	1	28	2196	0	0	0
5.021	1	2	503	2	6	28	2196	0	0	0
5.065	1	5	507	6	2	28	2196	0	0	0
5.124	1	2	513	5	6	28	2196	0	0	0
5.126	1	4	513	7	1	28	2196	0	0	0
5.127	1	5	513	8	2	28	2196	0	0	0
5.198	1	3	520	9	3	28	2196	0	0	0
5.259	1	1	526	10	4	28	2196	0	0	0
5.395	1	1	540	6	4	28	2196	0	0	0
5.411	1	4	542	2	1	28	2196	0	0	0
5.433	1	5	544	4	2	28	2196	0	0	0
5.442	1	3	545	3	3	28	2196	0	0	0
5.474	1	2	548	5	6	28	2196	0	0	0
5.501	1	3	551	2	3	28	2196	0	0	0
5.523	1	5	553	4	2	28	2196	0	0	0
5.575	1	3	558	6	3	28	2196	0	0	0
5.625	1	4	563	6	1	28	2196	0	0	0
5.644	1	3	565	5	3	28	2196	0	0	0
5.656	1	2	566	7	6	28	2196	0	0	0
5.727	1	5	573	8	2	28	2196	0	0	0
5.777	1	4	578	8	1	28	2196	0	0	0
5.804	1	3	581	5	3	28	2196	0	0	0
5.813	1	2	582	4	6	28	2196	0	0	0
5.83	1	1	584	1	4	28	2196	0	0	0
5.842	1	1	585	3	4	28	2196	0	0	0
5.891	1	5	590	2	2	28	2196	0	0	0
5.921	1	1	593	2	4	28	2196	0	0	0
6	1	5	601	1	2	28	2196	0	0	0
6.025	1	1	603	6	4	28	2196	0	0	0
6.033	1	2	604	4	6	28	2196	0	0	0
6.184	1	3	619	5	3	28	2196	0	0	0
6.222	1	2	623	3	6	28	2196	0	0	0
6.223	1	4	623	4	1	28	2196	0	0	0
6.259	1	1	626	10	4	28	2196	0	0	0
6.331	1	4	634	2	1	28	2196	0	0	0
6.35	1	5	636	1	2	28	2196	0	0	0
6.394	1	3	640	5	3	28	2196	0	0	0
6.398	1	3	640	9	3	28	2196	0	0	0
6.402	1	5	641	3	2	28	2196	0	0	0
6.44	1	2	645	1	6	28	2196	0	0	0
6.548	1	2	655	9	6	28	2196	0	0	0
6.554	1	4	656	5	1	28	2196	0	0	0
6.555	1	1	656	6	4	28	2196	0	0	0
6.559	1	5	656	10	2	28	2196	0	0	0
6.586	1	3	659	7	3	28	2196	0	0	0
6.636	1	2	664	7	6	28	2196	0	0	0
6.652	1	3	666	3	3	28	2196	0	0	0
6.767	1	5	677	8	2	28	2196	0	0	0
6.79	1	4	680	1	1	28	2196	0	0	0
6.84	1	2	685	1	6	28	2196	0	0	0
6.841	1	3	685	2	3	28	2196	0	0	0
6.899	1	1	690	10	4	28	2196	0	0	0
6.905	1	5	691	6	2	28	2196	0	0	0
6.935	1	2	694	6	6	28	2196	0	0	0
6.972	1	1	698	3	4	28	2196	0	0	0
6.973	1	5	698	4	2	28	2196	0	0	0
7.03	1	4	704	1	1	28	2196	0	0	0
7.079	1	1	708	10	4	28	2196	0	0	0
7.081	1	5	709	2	2	28	2196	0	0	0
7.085	1	3	709	6	3	28	2196	0	0	0
7.157	1	2	716	8	6	28	2196	0	0	0
7.173	1	4	718	4	1	28	2196	0	0	0
7.192	1	3	720	3	3	28	2196	0	0	0
7.199	1	5	720	10	2	28	2196	0	0	0
7.252	1	1	726	3	4	28	2196	0	0	0
7.273	1	4	728	4	1	28	2196	0	0	0
7.33	1	5	734	1	2	28	2196	0	0	0
7.344	1	3	735	5	3	28	2196	0	0	0
7.445	1	2	745	6	6	28	2196	0	0	0
7.487	1	4	749	8	1	28	2196	0	0	0
7.659	1	4	766	10	1	28	2196	0	0	0
7.671	1	5	768	2	2	28	2196	0	0	0
7.748	1	3	775	9	3	28	2196	0	0	0
7.771	1	1	778	2	4	28	2196	0	0	0
7.823	1	3	783	4	3	28	2196	0	0	0
7.879	1	4	788	10	1	28	2196	0	0	0
7.885	1	2	789	6	6	28	2196	0	0	0
7.913	1	5	792	4	2	28	2196	0	0	0
8.142	1	2	815	3	6	28	2196	0	0	0
8.197	1	1	820	8	4	28	2196	0	0	0
8.231	1	2	824	2	6	28	2196	0	0	0
8.237	1	5	824	8	2	28	2196	0	0	0
8.279	1	2	828	10	6	28	2196	0	0	0
8.29	1	3	830	1	3	28	2196	0	0	0
8.321	1	5	833	2	2	28	2196	0	0	0
8.426	1	3	843	7	3	28	2196	0	0	0
8.46	1	4	847	1	1	28	2196	0	0	0
8.525	1	1	853	6	4	28	2196	0	0	0
8.561	1	3	857	2	3	28	2196	0	0	0
8.616	1	5	862	7	2	28	2196	0	0	0
8.65	1	2	866	1	6	28	2196	0	0	0
8.737	1	1	874	8	4	28	2196	0	0	0
8.814	1	3	882	5	3	28	2196	0	0	0
8.829	1	4	883	10	1	28	2196	0	0	0
8.831	1	2	884	2	6	28	2196	0	0	0
8.906	1	5	891	7	2	28	2196	0	0	0
9.028	1	1	903	9	4	28	2196	0	0	0
9.096	1	4	910	7	1	28	2196	0	0	0
9.097	1	3	910	8	3	28	2196	0	0	0
9.131	1	2	914	2	6	28	2196	0	0	0
9.135	1	5	914	6	2	28	2196	0	0	0
9.274	1	3	928	5	3	28	2196	0	0	0
9.281	1	2	929	2	6	28	2196	0	0	0
9.312	1	4	932	3	1	28	2196	0	0	0
9.324	1	2	933	5	6	28	2196	0	0	0
9.341	1	4	935	2	1	28	2196	0	0	0
9.361	1	1	937	2	4	28	2196	0	0	0
9.362	1	3	937	3	3	28	2196	0	0	0
9.461	1	1	947	2	4	28	2196	0	0	0
9.482	1	5	949	3	2	28	2196	0	0	0
9.504	1	2	951	5	6	28	2196	0	0	0
9.593	1	3	960	4	3	28	2196	0	0	0
9.609	1	4	961	10	1	28	2196	0	0	0
9.621	1	2	963	2	6	28	2196	0	0	0
9.629	1	4	963	10	1	28	2196	0	0	0
9.655	1	2	966	6	6	28	2196	0	0	0
9.706	1	4	971	7	1	28	2196	0	0	0
9.751	1	1	976	2	4	28	2196	0	0	0
9.756	1	5	976	7	2	28	2196	0	0	0
9.792	1	4	980	3	1	28	2196	0	0	0
9.937	1	5	994	8	2	28	2196	0	0	0
10.03	1	3	1004	1	3	28	2196	0	0	0
10.039	1	4	1004	10	1	28	2196	0	0	0
10.052	1	5	1006	3	2	28	2196	0	0	0
10.087	1	2	1009	8	6	28	2196	0	0	0
10.088	1	3	1009	9	3	28	2196	0	0	0
10.15	1	1	1016	1	4	28	2196	0	0	0
10.181	1	2	1019	2	6	28	2196	0	0	0
10.22	1	4	1023	1	1	28	2196	0	0	0
10.223	1	1	1023	4	4	28	2196	0	0	0
10.232	1	5	1024	3	2	28	2196	0	0	0
10.287	1	3	1029	8	3	28	2196	0	0	0
10.293	1	1	1030	4	4	28	2196	0	0	0
10.317	1	5	1032	8	2	28	2196	0	0	0
10.353	1	5	1036	4	2	28	2196	0	0	0
10.448	1	5	1045	9	2	28	2196	0	0	0
10.455	1	3	1046	6	3	28	2196	0	0	0
10.497	1	5	1050	8	2	28	2196	0	0	0
10.501	1	1	1051	2	4	28	2196	0	0	0
10.505	1	2	1051	6	6	28	2196	0	0	0
10.531	1	5	1054	2	2	28	2196	0	0	0
10.584	1	4	1059	5	1	28	2196	0	0	0
10.656	1	3	1066	7	3	28	2196	0	0	0
10.716	1	4	1072	7	1	28	2196	0	0	0
10.887	1	4	1089	8	1	28	2196	0	0	0
10.899	1	5	1090	10	2	28	2196	0	0	0
10.934	1	4	1094	5	1	28	2196	0	0	0
10.956	1	2	1096	7	6	28	2196	0	0	0
11.078	1	1	1108	9	4	28	2196	0	0	0
11.121	1	3	1113	2	3	28	2196	0	0	0
11.129	1	2	1113	10	6	28	2196	0	0	0
11.151	1	4	1116	2	1	28	2196	0	0	0
11.168	1	3	1117	9	3	28	2196	0	0	0
11.178	1	5	1118	9	2	28	2196	0	0	0
11.255	1	2	1126	6	6	28	2196	0	0	0
11.26	1	1	1127	1	4	28	2196	0	0	0
11.37	1	5	1138	1	2	28	2196	0	0	0
11.374	1	3	1138	5	3	28	2196	0	0	0
11.413	1	1	1142	4	4	28	2196	0	0	0
11.451	1	1	1146	2	4	28	2196	0	0	0
11.455	1	5	1146	6	2	28	2196	0	0	0
11.5	1	3	1151	1	3	28	2196	0	0	0
11.549	1	5	1155	10	2	28	2196	0	0	0
11.553	1	2	1156	4	6	28	2196	0	0	0
11.69	1	4	1170	1	1	28	2196	0	0	0
11.738	1	4	1174	9	1	28	2196	0	0	0
11.776	1	4	1178	7	1	28	2196	0	0	0
11.782	1	1	1179	3	4	28	2196	0	0	0
11.783	1	3	1179	4	3	28	2196	0	0	0
11.917	1	3	1192	8	3	28	2196	0	0	0
11.956	1	3	1196	7	3	28	2196	0	0	0
11.969	1	5	1197	10	2	28	2196	0	0	0
12.028	1	2	1203	9	6	28	2196	0	0	0
12.061	1	1	1207	2	4	28	2196	0	0	0
12.108	1	4	1211	9	1	28	2196	0	0	0
12.113	1	2	1212	4	6	28	2196	0	0	0
12.22	1	4	1223	1	1	28	2196	0	0	0
12.231	1	1	1224	2	4	28	2196	0	0	0
12.234	1	2	1224	5	6	28	2196	0	0	0
12.275	1	5	1228	6	2	28	2196	0	0	0
12.335	1	2	1234	6	6	28	2196	0	0	0
12.365	1	5	1237	6	2	28	2196	0	0	0
12.376	1	1	1238	7	4	28	2196	0	0	0
12.413	1	4	1242	4	1	28	2196	0	0	0
12.431	1	4	1244	2	1	28	2196	0	0	0
12.51	1	2	1252	1	6	28	2196	0	0	0
12.534	1	1	1254	5	4	28	2196	0	0	0
12.578	1	4	1258	9	1	28	2196	0	0	0
12.586	1	1	1259	7	4	28	2196	0	0	0
12.623	1	2	1263	4	6	28	2196	0	0	0
12.639	1	3	1264	10	3	28	2196	0	0	0
12.669	1	1	1267	10	4	28	2196	0	0	0
12.806	1	3	1281	7	3	28	2196	0	0	0
12.82	1	2	1283	1	6	28	2196	0	0	0
12.842	1	5	1285	3	2	28	2196	0	0	0
12.882	1	1	1289	3	4	28	2196	0	0	0
12.921	1	3	1293	2	3	28	2196	0	0	0
12.967	1	3	1297	8	3	28	2196	0	0	0
12.988	1	2	1299	9	6	28	2196	0	0	0
13.029	1	5	1303	10	2	28	2196	0	0	0
13.085	1	3	1309	6	3	28	2196	0	0	0
13.107	1	1	1311	8	4	28	2196	0	0	0
13.142	1	2	1315	3	6	28	2196	0	0	0
13.156	1	4	1316	7	1	28	2196	0	0	0
13.175	1	3	1318	6	3	28	2196	0	0	0
13.179	1	5	1318	10	2	28	2196	0	0	0
13.233	1	3	1324	4	3	28	2196	0	0	0
13.265	1	2	1327	6	6	28	2196	0	0	0
13.317	1	2	1332	8	6	28	2196	0	0	0
13.349	1	5	1335	10	2	28	2196	0	0	0
13.395	1	5	1340	6	2	28	2196	0	0	0
13.434	1	4	1344	5	1	28	2196	0	0	0
13.469	1	1	1347	10	4	28	2196	0	0	0
13.567	1	5	1357	8	2	28	2196	0	0	0
13.695	1	5	1370	6	2	28	2196	0	0	0
13.761	1	2	1377	2	6	28	2196	0	0	0
13.788	1	4	1379	9	1	28	2196	0	0	0
13.792	1	2	1380	3	6	28	2196	0	0	0
13.85	1	2	1386	1	6	28	2196	0	0	0
13.87	1	1	1388	1	4	28	2196	0	0	0
13.874	1	5	1388	5	2	28	2196	0	0	0
13.903	1	4	1391	4	1	28	2196	0	0	0
13.998	1	2	1400	9	6	28	2196	0	0	0
14.001	1	1	1401	2	4	28	2196	0	0	0
14.096	1	5	1410	7	2	28	2196	0	0	0
14.126	1	4	1413	7	1	28	2196	0	0	0
14.136	1	3	1414	7	3	28	2196	0	0	0
14.161	1	2	1417	2	6	28	2196	0	0	0
14.175	1	4	1418	6	1	28	2196	0	0	0
14.226	1	1	1423	7	4	28	2196	0	0	0
14.237	1	4	1424	8	1	28	2196	0	0	0
14.293	1	2	1430	4	6	28	2196	0	0	0
14.307	1	1	1431	8	4	28	2196	0	0	0
14.386	1	5	1439	7	2	28	2196	0	0	0
14.44	1	4	1445	1	1	28	2196	0	0	0
14.504	1	2	1451	5	6	28	2196	0	0	0
14.564	1	4	1457	5	1	28	2196	0	0	0
14.641	1	5	1465	2	2	28	2196	0	0	0
14.648	1	1	1465	9	4	28	2196	0	0	0
14.678	1	2	1468	9	6	28	2196	0	0	0
14.687	1	5	1469	8	2	28	2196	0	0	0
14.729	1	4	1473	10	1	28	2196	0	0	0
14.738	1	4	1474	9	1	28	2196	0	0	0
14.741	1	3	1475	2	3	28	2196	0	0	0
14.743	1	2	1475	4	6	28	2196	0	0	0
14.821	1	2	1483	2	6	28	2196	0	0	0
14.86	1	4	1487	1	1	28	2196	0	0	0
14.899	1	3	1490	10	3	28	2196	0	0	0
14.903	1	5	1491	4	2	28	2196	0	0	0
14.937	1	4	1494	8	1	28	2196	0	0	0
14.987	1	3	1499	8	3	28	2196	0	0	0
14.999	1	1	1500	10	4	28	2196	0	0	0
15.016	1	2	1502	7	6	28	2196	0	0	0
15.049	1	5	1505	10	2	28	2196	0	0	0
15.148	1	5	1515	9	2	28	2196	0	0	0
15.182	1	1	1519	3	4	28	2196	0	0	0
15.25	1	4	1526	1	1	28	2196	0	0	0
15.285	1	3	1529	6	3	28	2196	0	0	0
15.345	1	1	1535	6	4	28	2196	0	0	0
15.35	1	4	1536	1	1	28	2196	0	0	0
15.353	1	2	1536	4	6	28	2196	0	0	0
15.359	1	5	1536	10	2	28	2196	0	0	0
15.389	1	3	1539	10	3	28	2196	0	0	0
15.424	1	4	1543	5	1	28	2196	0	0	0
15.453	1	1	1546	4	4	28	2196	0	0	0
15.462	1	5	1547	3	2	28	2196	0	0	0
15.481	1	3	1549	2	3	28	2196	0	0	0
15.574	1	1	1558	5	4	28	2196	0	0	0
15.634	1	2	1564	5	6	28	2196	0	0	0
15.664	1	1	1567	5	4	28	2196	0	0	0
15.675	1	4	1568	6	1	28	2196	0	0	0
15.826	1	5	1583	7	2	28	2196	0	0	0
15.828	1	2	1583	9	6	28	2196	0	0	0
15.973	1	4	1598	4	1	28	2196	0	0	0
15.983	1	4	1599	4	1	28	2196	0	0	0
16.034	1	5	1604	5	2	28	2196	0	0	0
16.042	1	2	1605	3	6	28	2196	0	0	0
16.059	1	1	1606	10	4	28	2196	0	0	0
16.086	1	3	1609	7	3	28	2196	0	0	0
16.126	1	4	1613	7	1	28	2196	0	0	0
16.174	1	2	1618	5	6	28	2196	0	0	0
16.209	1	5	1621	10	2	28	2196	0	0	0
16.285	1	1	1629	6	4	28	2196	0	0	0
16.311	1	2	1632	2	6	28	2196	0	0	0
16.326	1	1	1633	7	4	28	2196	0	0	0
16.344	1	1	1635	5	4	28	2196	0	0	0
16.36	1	5	1637	1	2	28	2196	0	0	0
16.448	1	4	1645	9	1	28	2196	0	0	0
16.481	1	5	1649	2	2	28	2196	0	0	0
16.507	1	3	1651	8	3	28	2196	0	0	0
16.553	1	2	1656	4	6	28	2196	0	0	0
16.566	1	4	1657	7	1	28	2196	0	0	0
16.625	1	1	1663	6	4	28	2196	0	0	0
16.646	1	3	1665	7	3	28	2196	0	0	0
16.729	1	5	1673	10	2	28	2196	0	0	0
16.764	1	5	1677	5	2	28	2196	0	0	0
16.79	1	2	1680	1	6	28	2196	0	0	0
16.854	1	4	1686	5	1	28	2196	0	0	0
16.864	1	5	1687	5	2	28	2196	0	0	0
16.888	1	2	1689	9	6	28	2196	0	0	0
16.918	1	3	1692	9	3	28	2196	0	0	0
16.982	1	4	1699	3	1	28	2196	0	0	0
16.995	1	2	1700	6	6	28	2196	0	0	0
17.002	1	4	1701	3	1	28	2196	0	0	0
