% time	cellId	IMSI	RNTI	sinrLinear	componentCarrierId
0.041	1	7	1	266.211	0
0.042	1	8	2	2879.93	0
0.043	1	3	3	1056.21	0
0.044	1	9	4	592.736	0
0.049	1	5	9	48787.2	0
0.05	1	6	10	857.66	0
0.051	1	1	11	4255.06	0
0.052	1	4	12	1468.76	0
0.055	1	2	15	10097	0
0.056	1	10	16	20569.2	0
0.081	1	7	1	1171.72	0
0.082	1	8	2	2301.53	0
0.083	1	3	3	859.903	0
0.084	1	9	4	367.239	0
0.089	1	5	9	2214.84	0
0.09	1	6	10	251.083	0
0.091	1	1	11	1522.32	0
0.092	1	4	12	410.668	0
0.095	1	2	15	4131.31	0
0.096	1	10	16	13255	0
0.121	1	7	1	304.157	0
0.122	1	8	2	2260.38	0
0.123	1	3	3	1237.31	0
0.124	1	9	4	374.133	0
0.129	1	5	9	4573.67	0
0.13	1	6	10	544.409	0
0.131	1	1	11	4183.5	0
0.132	1	4	12	500.055	0
0.135	1	2	15	8533.41	0
0.136	1	10	16	30859.4	0
0.161	1	7	1	484.426	0
0.162	1	8	2	5329.33	0
0.163	1	3	3	1163.67	0
0.164	1	9	4	844.301	0
0.169	1	5	9	20052.4	0
0.17	1	6	10	751.191	0
0.171	1	1	11	6351.19	0
0.172	1	4	12	1078.17	0
0.175	1	2	15	9049.12	0
0.176	1	10	16	31746	0
0.201	1	7	1	1000.13	0
0.202	1	8	2	12665	0
0.203	1	3	3	687.178	0
0.204	1	9	4	555.312	0
0.209	1	5	9	9608.41	0
0.21	1	6	10	769.492	0
0.211	1	1	11	5100.15	0
0.212	1	4	12	514.707	0
0.215	1	2	15	10574.4	0
0.216	1	10	16	14249.3	0
0.241	1	7	1	317.711	0
0.242	1	8	2	5631.77	0
0.243	1	3	3	699.66	0
0.244	1	9	4	162.732	0
0.249	1	5	9	18469.6	0
0.25	1	6	10	888.33	0
0.251	1	1	11	2121.81	0
0.252	1	4	12	298.214	0
0.255	1	2	15	32309.9	0
0.256	1	10	16	18157.9	0
0.281	1	7	1	626.142	0
0.282	1	8	2	3450.17	0
0.283	1	3	3	1403.72	0
0.284	1	9	4	436.529	0
0.289	1	5	9	28840.1	0
0.29	1	6	10	661.324	0
0.291	1	1	11	1170.15	0
0.292	1	4	12	923.325	0
0.295	1	2	15	18920.5	0
0.296	1	10	16	20627.7	0
0.321	1	7	1	192.253	0
0.322	1	8	2	5982.39	0
0.323	1	3	3	1216.11	0
0.324	1	9	4	622.167	0
0.329	1	5	9	11508	0
0.33	1	6	10	694.941	0
0.331	1	1	11	1613.88	0
0.332	1	4	12	1152.28	0
0.335	1	2	15	2485.68	0
0.336	1	10	16	20632.7	0
0.361	1	7	1	396.624	0
0.362	1	8	2	1994.76	0
0.363	1	3	3	435.859	0
0.364	1	9	4	259.121	0
0.369	1	5	9	3591.01	0
0.37	1	6	10	934.362	0
0.371	1	1	11	2631.05	0
0.372	1	4	12	683.955	0
0.375	1	2	15	10852.2	0
0.376	1	10	16	15579.8	0
0.401	1	7	1	212.355	0
0.402	1	8	2	4802.25	0
0.403	1	3	3	898.282	0
0.404	1	9	4	867.373	0
0.409	1	5	9	2048.25	0
0.41	1	6	10	716.101	0
0.411	1	1	11	2062.25	0
0.412	1	4	12	700.672	0
0.415	1	2	15	4316.65	0
0.416	1	10	16	18064.4	0
0.441	1	7	1	342.097	0
0.442	1	8	2	10899.1	0
0.443	1	3	3	822.725	0
0.444	1	9	4	1914.43	0
0.449	1	5	9	2510.93	0
0.45	1	6	10	428.512	0
0.451	1	1	11	1461.9	0
0.452	1	4	12	565.043	0
0.455	1	2	15	3144.42	0
0.456	1	10	16	24377.3	0
0.481	1	7	1	1021.96	0
0.482	1	8	2	6309.59	0
0.483	1	3	3	653.767	0
0.484	1	9	4	782.578	0
0.489	1	5	9	8260	0
0.49	1	6	10	658.956	0
0.491	1	1	11	4455.58	0
0.492	1	4	12	343.561	0
0.495	1	2	15	6634.72	0
0.496	1	10	16	25808.5	0
0.521	1	7	1	475.453	0
0.522	1	8	2	2394.13	0
0.523	1	3	3	442.301	0
0.524	1	9	4	1188.57	0
0.529	1	5	9	10651.9	0
0.53	1	6	10	826.482	0
0.531	1	1	11	1740.83	0
0.532	1	4	12	417.777	0
0.535	1	2	15	5898.12	0
0.536	1	10	16	60423.9	0
0.561	1	7	1	1242.69	0
0.562	1	8	2	2204.76	0
0.563	1	3	3	762.633	0
0.564	1	9	4	592.997	0
0.569	1	5	9	4894.8	0
0.57	1	6	10	786.466	0
0.571	1	1	11	1924.2	0
0.572	1	4	12	334.153	0
0.575	1	2	15	14542.7	0
0.576	1	10	16	40599.9	0
0.601	1	7	1	168.609	0
0.602	1	8	2	2891.69	0
0.603	1	3	3	995.853	0
0.604	1	9	4	677.342	0
0.609	1	5	9	1123.38	0
0.61	1	6	10	465.643	0
0.611	1	1	11	1969.65	0
0.612	1	4	12	353.168	0
0.615	1	2	15	6278.37	0
0.616	1	10	16	28198.2	0
0.641	1	7	1	442.557	0
0.642	1	8	2	3272.29	0
0.643	1	3	3	1237.77	0
0.644	1	9	4	477.897	0
0.649	1	5	9	8429.94	0
0.65	1	6	10	1418.78	0
0.651	1	1	11	7311.69	0
0.652	1	4	12	691.648	0
0.655	1	2	15	3718.67	0
0.656	1	10	16	13030.1	0
0.681	1	7	1	568.718	0
0.682	1	8	2	3101.57	0
0.683	1	3	3	1643.08	0
0.684	1	9	4	97.9512	0
0.689	1	5	9	9704.47	0
0.69	1	6	10	586.296	0
0.691	1	1	11	8246.24	0
0.692	1	4	12	607.186	0
0.695	1	2	15	4376.36	0
0.696	1	10	16	11300.7	0
0.721	1	7	1	222.494	0
0.722	1	8	2	9950.63	0
0.723	1	3	3	896.846	0
0.724	1	9	4	157.872	0
0.729	1	5	9	6771.74	0
0.73	1	6	10	503.978	0
0.731	1	1	11	3162.76	0
0.732	1	4	12	428.595	0
0.735	1	2	15	2062.28	0
0.736	1	10	16	35072.6	0
0.761	1	7	1	239.139	0
0.762	1	8	2	8346.17	0
0.763	1	3	3	242.618	0
0.764	1	9	4	105.142	0
0.769	1	5	9	12387.6	0
0.77	1	6	10	1026.68	0
0.771	1	1	11	3535.72	0
0.772	1	4	12	523.242	0
0.775	1	2	15	1688.69	0
0.776	1	10	16	19495.8	0
0.801	1	7	1	366.717	0
0.802	1	8	2	1147.45	0
0.803	1	3	3	946.644	0
0.804	1	9	4	457.5	0
0.809	1	5	9	4235.87	0
0.81	1	6	10	410.642	0
0.811	1	1	11	2413.09	0
0.812	1	4	12	336.6	0
0.815	1	2	15	2424.96	0
0.816	1	10	16	38085.6	0
0.841	1	7	1	763.431	0
0.842	1	8	2	4359.54	0
0.843	1	3	3	850.581	0
0.844	1	9	4	340.147	0
0.849	1	5	9	20820.2	0
0.85	1	6	10	644.033	0
0.851	1	1	11	1407.35	0
0.852	1	4	12	1240.33	0
0.855	1	2	15	5886.47	0
0.856	1	10	16	36440.6	0
0.881	1	7	1	89.6118	0
0.882	1	8	2	6854.33	0
0.883	1	3	3	260.649	0
0.884	1	9	4	379.365	0
0.889	1	5	9	32556.2	0
0.89	1	6	10	185.686	0
0.891	1	1	11	5945.55	0
0.892	1	4	12	2122.26	0
0.895	1	2	15	7968.65	0
0.896	1	10	16	46512.4	0
0.921	1	7	1	136.305	0
0.922	1	8	2	2296.89	0
0.923	1	3	3	605.808	0
0.924	1	9	4	905.824	0
0.929	1	5	9	7116.78	0
0.93	1	6	10	984.786	0
0.931	1	1	11	5183.3	0
0.932	1	4	12	1055.76	0
0.935	1	2	15	4445.49	0
0.936	1	10	16	146877	0
0.961	1	7	1	550.476	0
0.962	1	8	2	1549.36	0
0.963	1	3	3	1180.01	0
0.964	1	9	4	229.772	0
0.969	1	5	9	7123.2	0
0.97	1	6	10	1739.19	0
0.971	1	1	11	4379.31	0
0.972	1	4	12	687.765	0
0.975	1	2	15	3107.52	0
0.976	1	10	16	90060.4	0
1.001	1	7	1	211.899	0
1.002	1	8	2	3395.01	0
1.003	1	3	3	164.813	0
1.004	1	9	4	413.381	0
1.009	1	5	9	12067.1	0
1.01	1	6	10	991.372	0
1.011	1	1	11	2027.05	0
1.012	1	4	12	1052.97	0
1.015	1	2	15	2677.92	0
1.016	1	10	16	69844.2	0
1.041	1	7	1	259.596	0
1.042	1	8	2	757.967	0
1.043	1	3	3	124.27	0
1.044	1	9	4	113.352	0
1.049	1	5	9	10236.5	0
1.05	1	6	10	1015.4	0
1.051	1	1	11	1552.73	0
1.052	1	4	12	829.547	0
1.055	1	2	15	4554.64	0
1.056	1	10	16	11059	0
1.081	1	7	1	284.907	0
1.082	1	8	2	8981.33	0
1.083	1	3	3	764.074	0
1.084	1	9	4	112.082	0
1.089	1	5	9	3492.32	0
1.09	1	6	10	696.26	0
1.091	1	1	11	1625.73	0
1.092	1	4	12	888.216	0
1.095	1	2	15	4409.23	0
1.096	1	10	16	47746.6	0
1.121	1	7	1	464.282	0
1.122	1	8	2	9731.15	0
1.123	1	3	3	842.145	0
1.124	1	9	4	200.129	0
1.129	1	5	9	2052.74	0
1.13	1	6	10	265.871	0
1.131	1	1	11	1290.89	0
1.132	1	4	12	477.957	0
1.135	1	2	15	2215.39	0
1.136	1	10	16	20440.3	0
1.161	1	7	1	271.876	0
1.162	1	8	2	4588.28	0
1.163	1	3	3	544.217	0
1.164	1	9	4	760.158	0
1.169	1	5	9	7000.8	0
1.17	1	6	10	348.908	0
1.171	1	1	11	2341.24	0
1.172	1	4	12	1508.38	0
1.175	1	2	15	6923.88	0
1.176	1	10	16	12051.4	0
1.201	1	7	1	123.966	0
1.202	1	8	2	6235.53	0
1.203	1	3	3	1297.34	0
1.204	1	9	4	1290.78	0
1.209	1	5	9	5225.17	0
1.21	1	6	10	428.185	0
1.211	1	1	11	3100.03	0
1.212	1	4	12	1037.8	0
1.215	1	2	15	5065.11	0
1.216	1	10	16	30325.4	0
1.241	1	7	1	57.7899	0
1.242	1	8	2	3664.47	0
1.243	1	3	3	865.794	0
1.244	1	9	4	534.386	0
1.249	1	5	9	2358.2	0
1.25	1	6	10	200.66	0
1.251	1	1	11	1895.02	0
1.252	1	4	12	515.46	0
1.255	1	2	15	4508.24	0
1.256	1	10	16	31667.7	0
1.281	1	7	1	170.129	0
1.282	1	8	2	2642.26	0
1.283	1	3	3	1224.82	0
1.284	1	9	4	343.776	0
1.289	1	5	9	4584.32	0
1.29	1	6	10	383.687	0
1.291	1	1	11	2219.72	0
1.292	1	4	12	889.464	0
1.295	1	2	15	7111.37	0
1.296	1	10	16	44031.3	0
1.321	1	7	1	725.487	0
1.322	1	8	2	2149.46	0
1.323	1	3	3	987.986	0
1.324	1	9	4	358.772	0
1.329	1	5	9	6634.94	0
1.33	1	6	10	313.687	0
1.331	1	1	11	1654.83	0
1.332	1	4	12	385.633	0
1.335	1	2	15	8014.39	0
1.336	1	10	16	28135.4	0
1.361	1	7	1	885.942	0
1.362	1	8	2	1285.02	0
1.363	1	3	3	753.468	0
1.364	1	9	4	96.7426	0
1.369	1	5	9	3969.33	0
1.37	1	6	10	197.204	0
1.371	1	1	11	2905.95	0
1.372	1	4	12	360.9	0
1.375	1	2	15	8026.3	0
1.376	1	10	16	23345.3	0
1.401	1	7	1	316.513	0
1.402	1	8	2	2349.08	0
1.403	1	3	3	1998.12	0
1.404	1	9	4	37.5318	0
1.409	1	5	9	1498.69	0
1.41	1	6	10	562.729	0
1.411	1	1	11	7446.35	0
1.412	1	4	12	297.6	0
1.415	1	2	15	4323.21	0
1.416	1	10	16	22244.3	0
1.441	1	7	1	623.017	0
1.442	1	8	2	2078.36	0
1.443	1	3	3	655.658	0
1.444	1	9	4	131.904	0
1.449	1	5	9	4229.36	0
1.45	1	6	10	366.695	0
1.451	1	1	11	6417.48	0
1.452	1	4	12	392.722	0
1.455	1	2	15	11576.5	0
1.456	1	10	16	9857.08	0
1.481	1	7	1	1081.2	0
1.482	1	8	2	5127.77	0
1.483	1	3	3	840.704	0
1.484	1	9	4	362.678	0
1.489	1	5	9	13758.3	0
1.49	1	6	10	380.229	0
1.491	1	1	11	2690.03	0
1.492	1	4	12	629.09	0
1.495	1	2	15	12124	0
1.496	1	10	16	12861.8	0
1.521	1	7	1	295.729	0
1.522	1	8	2	4232.57	0
1.523	1	3	3	698.798	0
1.524	1	9	4	405.043	0
1.529	1	5	9	13399.4	0
1.53	1	6	10	501.931	0
1.531	1	1	11	5402.33	0
1.532	1	4	12	714.321	0
1.535	1	2	15	3331.1	0
1.536	1	10	16	16365.8	0
1.561	1	7	1	834.128	0
1.562	1	8	2	5323.88	0
1.563	1	3	3	325.03	0
1.564	1	9	4	582.581	0
1.569	1	5	9	15020.6	0
1.57	1	6	10	1696.39	0
1.571	1	1	11	4084.92	0
1.572	1	4	12	845.08	0
1.575	1	2	15	3644.83	0
1.576	1	10	16	30146.7	0
1.601	1	7	1	1137.29	0
1.602	1	8	2	10807.4	0
1.603	1	3	3	667.044	0
1.604	1	9	4	874.055	0
1.609	1	5	9	11001.9	0
1.61	1	6	10	2469.99	0
1.611	1	1	11	2869.14	0
1.612	1	4	12	1005.13	0
1.615	1	2	15	4490.71	0
1.616	1	10	16	37230.1	0
1.641	1	7	1	139.163	0
1.642	1	8	2	6923.17	0
1.643	1	3	3	809.3	0
1.644	1	9	4	379.206	0
1.649	1	5	9	4916.49	0
1.65	1	6	10	528.912	0
1.651	1	1	11	1719.86	0
1.652	1	4	12	564.827	0
1.655	1	2	15	8304.26	0
1.656	1	10	16	22533.8	0
1.681	1	7	1	215.896	0
1.682	1	8	2	5260.23	0
1.683	1	3	3	362.699	0
1.684	1	9	4	92.317	0
1.689	1	5	9	2464.56	0
1.69	1	6	10	507.239	0
1.691	1	1	11	1409.07	0
1.692	1	4	12	592.229	0
1.695	1	2	15	6378.96	0
1.696	1	10	16	20045.4	0
1.721	1	7	1	218.669	0
1.722	1	8	2	11647.1	0
1.723	1	3	3	413.181	0
1.724	1	9	4	155.622	0
1.729	1	5	9	708.08	0
1.73	1	6	10	745.017	0
1.731	1	1	11	2778.56	0
1.732	1	4	12	437.055	0
1.735	1	2	15	4571.64	0
1.736	1	10	16	9028.14	0
1.761	1	7	1	228.638	0
1.762	1	8	2	8418.36	0
1.763	1	3	3	490.064	0
1.764	1	9	4	329.453	0
1.769	1	5	9	5181.65	0
1.77	1	6	10	133.164	0
1.771	1	1	11	1544.23	0
1.772	1	4	12	219.834	0
1.775	1	2	15	3300.31	0
1.776	1	10	16	6945.8	0
1.801	1	7	1	385.852	0
1.802	1	8	2	8057.85	0
1.803	1	3	3	497.228	0
1.804	1	9	4	1433.03	0
1.809	1	5	9	12969.5	0
1.81	1	6	10	443.789	0
1.811	1	1	11	3272.31	0
1.812	1	4	12	340.471	0
1.815	1	2	15	1461.57	0
1.816	1	10	16	4890.08	0
1.841	1	7	1	215.521	0
1.842	1	8	2	9088.33	0
1.843	1	3	3	385.94	0
1.844	1	9	4	267.5	0
1.849	1	5	9	11789.5	0
1.85	1	6	10	504.254	0
1.851	1	1	11	3140.19	0
1.852	1	4	12	384.182	0
1.855	1	2	15	1199.35	0
1.856	1	10	16	30356.8	0
1.881	1	7	1	176.518	0
1.882	1	8	2	3320.38	0
1.883	1	3	3	407.424	0
1.884	1	9	4	287.799	0
1.889	1	5	9	9928.34	0
1.89	1	6	10	694.047	0
1.891	1	1	11	3908.57	0
1.892	1	4	12	585.551	0
1.895	1	2	15	2895.86	0
1.896	1	10	16	36642.4	0
1.921	1	7	1	808.186	0
1.922	1	8	2	2571.18	0
1.923	1	3	3	572.095	0
1.924	1	9	4	1385.39	0
1.929	1	5	9	12539.8	0
1.93	1	6	10	638.814	0
1.931	1	1	11	5207.39	0
1.932	1	4	12	915.874	0
1.935	1	2	15	9158.81	0
1.936	1	10	16	21835.8	0
1.961	1	7	1	711.298	0
1.962	1	8	2	2386.64	0
1.963	1	3	3	610.716	0
1.964	1	9	4	545.857	0
1.969	1	5	9	7612.83	0
1.97	1	6	10	375.067	0
1.971	1	1	11	2602.72	0
1.972	1	4	12	1067.73	0
1.975	1	2	15	5032.34	0
1.976	1	10	16	53775.8	0
2.001	1	7	1	236.498	0
2.002	1	8	2	4889.11	0
2.003	1	3	3	1333.69	0
2.004	1	9	4	248.812	0
2.009	1	5	9	1496.01	0
2.01	1	6	10	509.56	0
2.011	1	1	11	1660.63	0
2.012	1	4	12	396.773	0
2.015	1	2	15	3368.44	0
2.016	1	10	16	15206.1	0
2.041	1	7	1	1040.8	0
2.042	1	8	2	4106.22	0
2.043	1	3	3	759.638	0
2.044	1	9	4	204.302	0
2.049	1	5	9	5632.47	0
2.05	1	6	10	559.849	0
2.051	1	1	11	4313.98	0
2.052	1	4	12	386.176	0
2.055	1	2	15	3352.09	0
2.056	1	10	16	12539	0
2.081	1	7	1	577.508	0
2.082	1	8	2	3375.53	0
2.083	1	3	3	621.028	0
2.084	1	9	4	644.363	0
2.089	1	5	9	8339.81	0
2.09	1	6	10	249.693	0
2.091	1	1	11	2169.84	0
2.092	1	4	12	690.938	0
2.095	1	2	15	3633.2	0
2.096	1	10	16	16546.8	0
2.121	1	7	1	563.594	0
2.122	1	8	2	15045.8	0
2.123	1	3	3	264.92	0
2.124	1	9	4	621.533	0
2.129	1	5	9	3988.21	0
2.13	1	6	10	305.604	0
2.131	1	1	11	4298.24	0
2.132	1	4	12	895.843	0
2.135	1	2	15	4574.88	0
2.136	1	10	16	26505.9	0
2.161	1	7	1	831.558	0
2.162	1	8	2	11102.5	0
2.163	1	3	3	514.412	0
2.164	1	9	4	322.312	0
2.169	1	5	9	12547.2	0
2.17	1	6	10	352.938	0
2.171	1	1	11	4920.44	0
2.172	1	4	12	544.869	0
2.175	1	2	15	8345.27	0
2.176	1	10	16	33340.1	0
2.201	1	7	1	506.18	0
2.202	1	8	2	5080.89	0
2.203	1	3	3	544.64	0
2.204	1	9	4	721.993	0
2.209	1	5	9	10160.7	0
2.21	1	6	10	355.256	0
2.211	1	1	11	3837.56	0
2.212	1	4	12	481.616	0
2.215	1	2	15	6284.12	0
2.216	1	10	16	67680	0
2.241	1	7	1	1302.63	0
2.242	1	8	2	4288.71	0
2.243	1	3	3	433.078	0
2.244	1	9	4	731.744	0
2.249	1	5	9	15503.8	0
2.25	1	6	10	270.821	0
2.251	1	1	11	5791.07	0
2.252	1	4	12	225.862	0
2.255	1	2	15	4571.21	0
2.256	1	10	16	43355.5	0
2.281	1	7	1	748.521	0
2.282	1	8	2	4284.16	0
2.283	1	3	3	885.241	0
2.284	1	9	4	367.183	0
2.289	1	5	9	3308.62	0
2.29	1	6	10	302.589	0
2.291	1	1	11	2100.06	0
2.292	1	4	12	165.037	0
2.295	1	2	15	3228.36	0
2.296	1	10	16	28752.1	0
2.321	1	7	1	481.545	0
2.322	1	8	2	5099.53	0
2.323	1	3	3	633.156	0
2.324	1	9	4	370.51	0
2.329	1	5	9	1653.75	0
2.33	1	6	10	415.353	0
2.331	1	1	11	6889.8	0
2.332	1	4	12	110.72	0
2.335	1	2	15	1459.93	0
2.336	1	10	16	72938.3	0
2.361	1	7	1	1711.81	0
2.362	1	8	2	1647.94	0
2.363	1	3	3	1286.53	0
2.364	1	9	4	395.063	0
2.369	1	5	9	1808.72	0
2.37	1	6	10	440.847	0
2.371	1	1	11	6220.43	0
2.372	1	4	12	678.883	0
2.375	1	2	15	1173.83	0
2.376	1	10	16	52718.9	0
2.401	1	7	1	1305.54	0
2.402	1	8	2	2016.71	0
2.403	1	3	3	1122.78	0
2.404	1	9	4	749.028	0
2.409	1	5	9	1842.16	0
2.41	1	6	10	401.679	0
2.411	1	1	11	1523.72	0
2.412	1	4	12	898.623	0
2.415	1	2	15	3053.47	0
2.416	1	10	16	50461.3	0
2.441	1	7	1	549.936	0
2.442	1	8	2	7738.87	0
2.443	1	3	3	798.272	0
2.444	1	9	4	1656.08	0
2.449	1	5	9	3750.25	0
2.45	1	6	10	286.633	0
2.451	1	1	11	6202.21	0
2.452	1	4	12	499.375	0
2.455	1	2	15	9188.94	0
2.456	1	10	16	56914.5	0
2.481	1	7	1	315.603	0
2.482	1	8	2	8672.88	0
2.483	1	3	3	2518.18	0
2.484	1	9	4	1317.91	0
2.489	1	5	9	969.365	0
2.49	1	6	10	571.388	0
2.491	1	1	11	2890.3	0
2.492	1	4	12	1255.93	0
2.495	1	2	15	4923.87	0
2.496	1	10	16	29714.7	0
2.521	1	7	1	733.321	0
2.522	1	8	2	4100.98	0
2.523	1	3	3	647.383	0
2.524	1	9	4	350.145	0
2.529	1	5	9	2881.04	0
2.53	1	6	10	442.327	0
2.531	1	1	11	2067.26	0
2.532	1	4	12	720.619	0
2.535	1	2	15	13264	0
2.536	1	10	16	43422.2	0
2.561	1	7	1	2231.56	0
2.562	1	8	2	2403.69	0
2.563	1	3	3	940.943	0
2.564	1	9	4	683.167	0
2.569	1	5	9	2471.63	0
2.57	1	6	10	346.702	0
2.571	1	1	11	4618.36	0
2.572	1	4	12	758.704	0
2.575	1	2	15	7929.01	0
2.576	1	10	16	26120.1	0
2.601	1	7	1	1566.64	0
2.602	1	8	2	4846.96	0
2.603	1	3	3	1536.32	0
2.604	1	9	4	193.22	0
2.609	1	5	9	1197.6	0
2.61	1	6	10	308.707	0
2.611	1	1	11	5530.98	0
2.612	1	4	12	1044.46	0
2.615	1	2	15	2964.53	0
2.616	1	10	16	24319.3	0
2.641	1	7	1	602.734	0
2.642	1	8	2	8680.37	0
2.643	1	3	3	629.744	0
2.644	1	9	4	212.673	0
2.649	1	5	9	6082.48	0
2.65	1	6	10	749.064	0
2.651	1	1	11	2462.29	0
2.652	1	4	12	656.382	0
2.655	1	2	15	2744.71	0
2.656	1	10	16	17488	0
2.681	1	7	1	1747.26	0
2.682	1	8	2	9646.16	0
2.683	1	3	3	458.719	0
2.684	1	9	4	412.441	0
2.689	1	5	9	4762.41	0
2.69	1	6	10	1013.8	0
2.691	1	1	11	2984.1	0
2.692	1	4	12	557.836	0
2.695	1	2	15	4443.74	0
2.696	1	10	16	19528.9	0
2.721	1	7	1	1344.82	0
2.722	1	8	2	6540.18	0
2.723	1	3	3	1003.29	0
2.724	1	9	4	173.45	0
2.729	1	5	9	8390.86	0
2.73	1	6	10	990.067	0
2.731	1	1	11	2153.81	0
2.732	1	4	12	520.555	0
2.735	1	2	15	5701.31	0
2.736	1	10	16	36979	0
2.761	1	7	1	760.964	0
2.762	1	8	2	3328.41	0
2.763	1	3	3	1020.73	0
2.764	1	9	4	94.093	0
2.769	1	5	9	10864.1	0
2.77	1	6	10	606.949	0
2.771	1	1	11	2273.15	0
2.772	1	4	12	231.029	0
2.775	1	2	15	3355.01	0
2.776	1	10	16	20474.9	0
2.801	1	7	1	266.825	0
2.802	1	8	2	2583.45	0
2.803	1	3	3	1195.48	0
2.804	1	9	4	115.372	0
2.809	1	5	9	2000.09	0
2.81	1	6	10	239.653	0
2.811	1	1	11	5931.08	0
2.812	1	4	12	308.807	0
2.815	1	2	15	6156.95	0
2.816	1	10	16	14890	0
2.841	1	7	1	206.614	0
2.842	1	8	2	3632.4	0
2.843	1	3	3	1105.65	0
2.844	1	9	4	113.519	0
2.849	1	5	9	7050.89	0
2.85	1	6	10	392.521	0
2.851	1	1	11	5014.67	0
2.852	1	4	12	375.348	0
2.855	1	2	15	11605.6	0
2.856	1	10	16	20210	0
2.881	1	7	1	1888.66	0
2.882	1	8	2	1672.93	0
2.883	1	3	3	844.004	0
2.884	1	9	4	124.486	0
2.889	1	5	9	11424.3	0
2.89	1	6	10	389.628	0
2.891	1	1	11	3852.29	0
2.892	1	4	12	506.083	0
2.895	1	2	15	13185.9	0
2.896	1	10	16	20953	0
2.921	1	7	1	821.378	0
2.922	1	8	2	2453.98	0
2.923	1	3	3	1193.85	0
2.924	1	9	4	521.719	0
2.929	1	5	9	1797.46	0
2.93	1	6	10	199.422	0
2.931	1	1	11	7258.85	0
2.932	1	4	12	850.151	0
2.935	1	2	15	10994.3	0
2.936	1	10	16	18305.9	0
2.961	1	7	1	240.165	0
2.962	1	8	2	3735.09	0
2.963	1	3	3	1212.2	0
2.964	1	9	4	2394.5	0
2.969	1	5	9	4300.39	0
2.97	1	6	10	418.412	0
2.971	1	1	11	7174.33	0
2.972	1	4	12	1023.46	0
2.975	1	2	15	4935.09	0
2.976	1	10	16	15170.3	0
3.001	1	7	1	473.943	0
3.002	1	8	2	5827.04	0
3.003	1	3	3	1500.8	0
3.004	1	9	4	365.725	0
3.009	1	5	9	3493.46	0
3.01	1	6	10	1008.83	0
3.011	1	1	11	1563.47	0
3.012	1	4	12	281.344	0
3.015	1	2	15	7920.67	0
3.016	1	10	16	14303.2	0
3.041	1	7	1	539.373	0
3.042	1	8	2	4052.67	0
3.043	1	3	3	1256.85	0
3.044	1	9	4	1646.81	0
3.049	1	5	9	3564.72	0
3.05	1	6	10	873.989	0
3.051	1	1	11	2353.03	0
3.052	1	4	12	476.779	0
3.055	1	2	15	7459.72	0
3.056	1	10	16	31719.7	0
3.081	1	7	1	440.845	0
3.082	1	8	2	4396.06	0
3.083	1	3	3	654.288	0
3.084	1	9	4	661.587	0
3.089	1	5	9	4264.66	0
3.09	1	6	10	313.242	0
3.091	1	1	11	2613.33	0
3.092	1	4	12	570.512	0
3.095	1	2	15	3622.87	0
3.096	1	10	16	38182.2	0
3.121	1	7	1	215.333	0
3.122	1	8	2	6500.37	0
3.123	1	3	3	1632.17	0
3.124	1	9	4	106.116	0
3.129	1	5	9	2186.87	0
3.13	1	6	10	645.576	0
3.131	1	1	11	6751.69	0
3.132	1	4	12	403.128	0
3.135	1	2	15	4021.43	0
3.136	1	10	16	18690.7	0
3.161	1	7	1	193.237	0
3.162	1	8	2	4606.66	0
3.163	1	3	3	1409.58	0
3.164	1	9	4	238.083	0
3.169	1	5	9	5722.66	0
3.17	1	6	10	591.274	0
3.171	1	1	11	4778.03	0
3.172	1	4	12	874.211	0
3.175	1	2	15	2431.2	0
3.176	1	10	16	17907.9	0
3.201	1	7	1	287.333	0
3.202	1	8	2	7700.42	0
3.203	1	3	3	1118.08	0
3.204	1	9	4	278.467	0
3.209	1	5	9	5152.3	0
3.21	1	6	10	469.848	0
3.211	1	1	11	3103.94	0
3.212	1	4	12	636.088	0
3.215	1	2	15	1391.02	0
3.216	1	10	16	13669.6	0
3.241	1	7	1	144.234	0
3.242	1	8	2	8943.41	0
3.243	1	3	3	1412.53	0
3.244	1	9	4	168.554	0
3.249	1	5	9	4154.27	0
3.25	1	6	10	706.423	0
3.251	1	1	11	7306.36	0
3.252	1	4	12	1215.17	0
3.255	1	2	15	5734.69	0
3.256	1	10	16	5969.82	0
3.281	1	7	1	146.948	0
3.282	1	8	2	2270.25	0
3.283	1	3	3	840.975	0
3.284	1	9	4	376.048	0
3.289	1	5	9	3118.64	0
3.29	1	6	10	445.273	0
3.291	1	1	11	5605.17	0
3.292	1	4	12	1197.14	0
3.295	1	2	15	16599.3	0
3.296	1	10	16	18476.2	0
3.321	1	7	1	657.879	0
3.322	1	8	2	1323.61	0
3.323	1	3	3	417.027	0
3.324	1	9	4	257.986	0
3.329	1	5	9	1093.13	0
3.33	1	6	10	838.02	0
3.331	1	1	11	4997.3	0
3.332	1	4	12	716.234	0
3.335	1	2	15	16296.5	0
3.336	1	10	16	55116.3	0
3.361	1	7	1	280.614	0
3.362	1	8	2	2412.02	0
3.363	1	3	3	345.149	0
3.364	1	9	4	157.582	0
3.369	1	5	9	3327.22	0
3.37	1	6	10	952.091	0
3.371	1	1	11	5911.98	0
3.372	1	4	12	2428.47	0
3.375	1	2	15	8546.21	0
3.376	1	10	16	60845.8	0
3.401	1	7	1	645.853	0
3.402	1	8	2	2109.09	0
3.403	1	3	3	405.056	0
3.404	1	9	4	283.497	0
3.409	1	5	9	1650.08	0
3.41	1	6	10	522.381	0
3.411	1	1	11	3246.09	0
3.412	1	4	12	1665.91	0
3.415	1	2	15	15416	0
3.416	1	10	16	41702.3	0
3.441	1	7	1	2020.17	0
3.442	1	8	2	2469.96	0
3.443	1	3	3	412.133	0
3.444	1	9	4	581.01	0
3.449	1	5	9	2134.73	0
3.45	1	6	10	405.623	0
3.451	1	1	11	1688.49	0
3.452	1	4	12	735.384	0
3.455	1	2	15	13051.9	0
3.456	1	10	16	62157	0
3.481	1	7	1	937.576	0
3.482	1	8	2	6005.97	0
3.483	1	3	3	811.252	0
3.484	1	9	4	343.991	0
3.489	1	5	9	4738.97	0
3.49	1	6	10	88.7344	0
3.491	1	1	11	1501.41	0
3.492	1	4	12	1828.28	0
3.495	1	2	15	6875.54	0
3.496	1	10	16	58774.1	0
3.521	1	7	1	470.822	0
3.522	1	8	2	1642.49	0
3.523	1	3	3	470.614	0
3.524	1	9	4	495.492	0
3.529	1	5	9	2230.14	0
3.53	1	6	10	550.762	0
3.531	1	1	11	2756.91	0
3.532	1	4	12	1055.04	0
3.535	1	2	15	3376.06	0
3.536	1	10	16	68841.5	0
3.561	1	7	1	480.714	0
3.562	1	8	2	11708.8	0
3.563	1	3	3	361.248	0
3.564	1	9	4	678.041	0
3.569	1	5	9	2925.64	0
3.57	1	6	10	772.364	0
3.571	1	1	11	1573.9	0
3.572	1	4	12	616.441	0
3.575	1	2	15	8193.79	0
3.576	1	10	16	24928.5	0
3.601	1	7	1	292.735	0
3.602	1	8	2	9778.58	0
3.603	1	3	3	541.77	0
3.604	1	9	4	201.281	0
3.609	1	5	9	6460.87	0
3.61	1	6	10	647.123	0
3.611	1	1	11	1566.26	0
3.612	1	4	12	825.247	0
3.615	1	2	15	12517.6	0
3.616	1	10	16	20536.2	0
3.641	1	7	1	502.573	0
3.642	1	8	2	3052.9	0
3.643	1	3	3	475.885	0
3.644	1	9	4	896.223	0
3.649	1	5	9	36456.5	0
3.65	1	6	10	867.172	0
3.651	1	1	11	1697.61	0
3.652	1	4	12	1495.54	0
3.655	1	2	15	12992.6	0
3.656	1	10	16	3291.83	0
3.681	1	7	1	569.08	0
3.682	1	8	2	11739.7	0
3.683	1	3	3	435.492	0
3.684	1	9	4	262.89	0
3.689	1	5	9	16239.8	0
3.69	1	6	10	611.235	0
3.691	1	1	11	2137.61	0
3.692	1	4	12	988.505	0
3.695	1	2	15	9177.53	0
3.696	1	10	16	55372.8	0
3.721	1	7	1	368.098	0
3.722	1	8	2	6637.33	0
3.723	1	3	3	382.635	0
3.724	1	9	4	73.9214	0
3.729	1	5	9	5394.94	0
3.73	1	6	10	214.701	0
3.731	1	1	11	3607.76	0
3.732	1	4	12	447.967	0
3.735	1	2	15	3529	0
3.736	1	10	16	72467.4	0
3.761	1	7	1	608.043	0
3.762	1	8	2	5133.62	0
3.763	1	3	3	301.433	0
3.764	1	9	4	211.628	0
3.769	1	5	9	7496.28	0
3.77	1	6	10	351.655	0
3.771	1	1	11	2936.25	0
3.772	1	4	12	989.244	0
3.775	1	2	15	4278.24	0
3.776	1	10	16	5794.66	0
3.801	1	7	1	256.78	0
3.802	1	8	2	3268.88	0
3.803	1	3	3	537.997	0
3.804	1	9	4	155.741	0
3.809	1	5	9	4725.34	0
3.81	1	6	10	371.472	0
3.811	1	1	11	2135.9	0
3.812	1	4	12	700.957	0
3.815	1	2	15	5559.83	0
3.816	1	10	16	41502.9	0
3.841	1	7	1	374.443	0
3.842	1	8	2	1704.02	0
3.843	1	3	3	728.812	0
3.844	1	9	4	86.4167	0
3.849	1	5	9	5481.02	0
3.85	1	6	10	323.508	0
3.851	1	1	11	1508.45	0
3.852	1	4	12	753.378	0
3.855	1	2	15	2606.21	0
3.856	1	10	16	62197	0
3.881	1	7	1	519.894	0
3.882	1	8	2	5585.48	0
3.883	1	3	3	447.744	0
3.884	1	9	4	457.825	0
3.889	1	5	9	2421.67	0
3.89	1	6	10	299.866	0
3.891	1	1	11	682.152	0
3.892	1	4	12	923.469	0
3.895	1	2	15	4724.47	0
3.896	1	10	16	21369.2	0
3.921	1	7	1	364.319	0
3.922	1	8	2	4962.02	0
3.923	1	3	3	515.788	0
3.924	1	9	4	429.331	0
3.929	1	5	9	1611.9	0
3.93	1	6	10	237.418	0
3.931	1	1	11	474.019	0
3.932	1	4	12	630.55	0
3.935	1	2	15	4204.84	0
3.936	1	10	16	19071.5	0
3.961	1	7	1	357.514	0
3.962	1	8	2	2001.21	0
3.963	1	3	3	394.001	0
3.964	1	9	4	846.432	0
3.969	1	5	9	9157.52	0
3.97	1	6	10	263.586	0
3.971	1	1	11	1426.73	0
3.972	1	4	12	1327.51	0
3.975	1	2	15	2349.65	0
3.976	1	10	16	17902	0
4.001	1	7	1	244.45	0
4.002	1	8	2	1266.23	0
4.003	1	3	3	222.002	0
4.004	1	9	4	1804.79	0
4.009	1	5	9	5852.81	0
4.01	1	6	10	998.582	0
4.011	1	1	11	3497.6	0
4.012	1	4	12	612.538	0
4.015	1	2	15	7949.66	0
4.016	1	10	16	35931	0
4.041	1	7	1	273.674	0
4.042	1	8	2	2617.52	0
4.043	1	3	3	719.005	0
4.044	1	9	4	2004.63	0
4.049	1	5	9	2134.41	0
4.05	1	6	10	384.582	0
4.051	1	1	11	2458.93	0
4.052	1	4	12	546.439	0
4.055	1	2	15	4251	0
4.056	1	10	16	31210.9	0
4.081	1	7	1	497.64	0
4.082	1	8	2	3869.49	0
4.083	1	3	3	600.246	0
4.084	1	9	4	3894.7	0
4.089	1	5	9	5426.51	0
4.09	1	6	10	519.401	0
4.091	1	1	11	3127.38	0
4.092	1	4	12	401.765	0
4.095	1	2	15	11175	0
4.096	1	10	16	24762	0
4.121	1	7	1	142.875	0
4.122	1	8	2	1924.41	0
4.123	1	3	3	460.769	0
4.124	1	9	4	2151.47	0
4.129	1	5	9	5766.09	0
4.13	1	6	10	327.399	0
4.131	1	1	11	2235.15	0
4.132	1	4	12	816.343	0
4.135	1	2	15	6389.72	0
4.136	1	10	16	22642.5	0
4.161	1	7	1	301.707	0
4.162	1	8	2	2041.67	0
4.163	1	3	3	766.838	0
4.164	1	9	4	553.494	0
4.169	1	5	9	5985.69	0
4.17	1	6	10	439.202	0
4.171	1	1	11	7200.95	0
4.172	1	4	12	858.017	0
4.175	1	2	15	21595.5	0
4.176	1	10	16	100219	0
4.201	1	7	1	481.268	0
4.202	1	8	2	4783.34	0
4.203	1	3	3	855.498	0
4.204	1	9	4	164.518	0
4.209	1	5	9	13310.9	0
4.21	1	6	10	1026.1	0
4.211	1	1	11	5838.07	0
4.212	1	4	12	411.506	0
4.215	1	2	15	31443.6	0
4.216	1	10	16	67758.4	0
4.241	1	7	1	684.896	0
4.242	1	8	2	7031.08	0
4.243	1	3	3	913.312	0
4.244	1	9	4	158.794	0
4.249	1	5	9	11461.5	0
4.25	1	6	10	796.928	0
4.251	1	1	11	1645.6	0
4.252	1	4	12	434.154	0
4.255	1	2	15	6733.19	0
4.256	1	10	16	31805.1	0
4.281	1	7	1	2415.87	0
4.282	1	8	2	4492.77	0
4.283	1	3	3	472.566	0
4.284	1	9	4	718.946	0
4.289	1	5	9	16759.1	0
4.29	1	6	10	678.89	0
4.291	1	1	11	4950.73	0
4.292	1	4	12	291.089	0
4.295	1	2	15	6457.29	0
4.296	1	10	16	26397.4	0
4.321	1	7	1	184.246	0
4.322	1	8	2	3727.87	0
4.323	1	3	3	1162.19	0
4.324	1	9	4	196.795	0
4.329	1	5	9	11686.3	0
4.33	1	6	10	1274.18	0
4.331	1	1	11	3151.33	0
4.332	1	4	12	143.986	0
4.335	1	2	15	9484.27	0
4.336	1	10	16	27663.5	0
4.361	1	7	1	414.396	0
4.362	1	8	2	3552.06	0
4.363	1	3	3	1408.62	0
4.364	1	9	4	196.948	0
4.369	1	5	9	4177.92	0
4.37	1	6	10	1133.25	0
4.371	1	1	11	3464.43	0
4.372	1	4	12	535.11	0
4.375	1	2	15	1695.22	0
4.376	1	10	16	62924.3	0
4.401	1	7	1	4062.34	0
4.402	1	8	2	1574.02	0
4.403	1	3	3	543.906	0
4.404	1	9	4	465.542	0
4.409	1	5	9	1884.97	0
4.41	1	6	10	395.509	0
4.411	1	1	11	2031.95	0
4.412	1	4	12	1700.67	0
4.415	1	2	15	5649.56	0
4.416	1	10	16	31391	0
4.441	1	7	1	232.607	0
4.442	1	8	2	2053.82	0
4.443	1	3	3	716.968	0
4.444	1	9	4	125.679	0
4.449	1	5	9	783.028	0
4.45	1	6	10	810.102	0
4.451	1	1	11	3192.29	0
4.452	1	4	12	1869.96	0
4.455	1	2	15	6419.29	0
4.456	1	10	16	19401.8	0
4.481	1	7	1	113.12	0
4.482	1	8	2	1936.81	0
4.483	1	3	3	467.362	0
4.484	1	9	4	182.781	0
4.489	1	5	9	2917.6	0
4.49	1	6	10	1044.34	0
4.491	1	1	11	10578.5	0
4.492	1	4	12	941.575	0
4.495	1	2	15	8835.41	0
4.496	1	10	16	52023.1	0
4.521	1	7	1	311.091	0
4.522	1	8	2	4978.41	0
4.523	1	3	3	1203.79	0
4.524	1	9	4	274.56	0
4.529	1	5	9	7152.14	0
4.53	1	6	10	424.322	0
4.531	1	1	11	7994.13	0
4.532	1	4	12	572.711	0
4.535	1	2	15	8013.7	0
4.536	1	10	16	17711.5	0
4.561	1	7	1	306.352	0
4.562	1	8	2	3041.42	0
4.563	1	3	3	729.02	0
4.564	1	9	4	235.601	0
4.569	1	5	9	4212.14	0
4.57	1	6	10	686.086	0
4.571	1	1	11	5299.99	0
4.572	1	4	12	667.014	0
4.575	1	2	15	6180.53	0
4.576	1	10	16	14216.1	0
4.601	1	7	1	851.501	0
4.602	1	8	2	3239.67	0
4.603	1	3	3	2839.02	0
4.604	1	9	4	37.2762	0
4.609	1	5	9	8056.96	0
4.61	1	6	10	1096.07	0
4.611	1	1	11	4455.34	0
4.612	1	4	12	359.351	0
4.615	1	2	15	12798.7	0
4.616	1	10	16	6017.62	0
4.641	1	7	1	405.686	0
4.642	1	8	2	2208.26	0
4.643	1	3	3	3083.51	0
4.644	1	9	4	661.417	0
4.649	1	5	9	11997.9	0
4.65	1	6	10	584.855	0
4.651	1	1	11	5835.23	0
4.652	1	4	12	1132.07	0
4.655	1	2	15	9856.52	0
4.656	1	10	16	17037.4	0
4.681	1	7	1	408.042	0
4.682	1	8	2	1483.1	0
4.683	1	3	3	438.797	0
4.684	1	9	4	1173.16	0
4.689	1	5	9	8050.74	0
4.69	1	6	10	371.86	0
4.691	1	1	11	4032.45	0
4.692	1	4	12	1369.9	0
4.695	1	2	15	6218.42	0
4.696	1	10	16	62795.3	0
4.721	1	7	1	262.633	0
4.722	1	8	2	8417.37	0
4.723	1	3	3	916.186	0
4.724	1	9	4	52.1826	0
4.729	1	5	9	3700.01	0
4.73	1	6	10	733.651	0
4.731	1	1	11	3529.7	0
4.732	1	4	12	860.855	0
4.735	1	2	15	3517.58	0
4.736	1	10	16	84185.4	0
4.761	1	7	1	178.313	0
4.762	1	8	2	7308.96	0
4.763	1	3	3	860.583	0
4.764	1	9	4	307.524	0
4.769	1	5	9	7651.59	0
4.77	1	6	10	453.977	0
4.771	1	1	11	4349.67	0
4.772	1	4	12	1372.67	0
4.775	1	2	15	2196.12	0
4.776	1	10	16	42932.7	0
4.801	1	7	1	575.427	0
4.802	1	8	2	1698.08	0
4.803	1	3	3	192.065	0
4.804	1	9	4	815.349	0
4.809	1	5	9	13579.8	0
4.81	1	6	10	607.248	0
4.811	1	1	11	4153.71	0
4.812	1	4	12	1891.5	0
4.815	1	2	15	9901.18	0
4.816	1	10	16	60028.9	0
4.841	1	7	1	255.88	0
4.842	1	8	2	3177.27	0
4.843	1	3	3	681.331	0
4.844	1	9	4	354.454	0
4.849	1	5	9	9051.64	0
4.85	1	6	10	612.76	0
4.851	1	1	11	5187.91	0
4.852	1	4	12	906.194	0
4.855	1	2	15	4996.84	0
4.856	1	10	16	70759.2	0
4.881	1	7	1	112.238	0
4.882	1	8	2	3645.04	0
4.883	1	3	3	709.068	0
4.884	1	9	4	195.987	0
4.889	1	5	9	4082.95	0
4.89	1	6	10	502.443	0
4.891	1	1	11	2365.17	0
4.892	1	4	12	679.037	0
4.895	1	2	15	7153.49	0
4.896	1	10	16	30552.8	0
4.921	1	7	1	306.45	0
4.922	1	8	2	1104.73	0
4.923	1	3	3	1018.25	0
4.924	1	9	4	282.318	0
4.929	1	5	9	1488.89	0
4.93	1	6	10	1019.71	0
4.931	1	1	11	756.36	0
4.932	1	4	12	1531.93	0
4.935	1	2	15	10081.6	0
4.936	1	10	16	42285.6	0
4.961	1	7	1	412.743	0
4.962	1	8	2	6065.18	0
4.963	1	3	3	798.247	0
4.964	1	9	4	91.0759	0
4.969	1	5	9	1008.34	0
4.97	1	6	10	747.601	0
4.971	1	1	11	1686.75	0
4.972	1	4	12	914.293	0
4.975	1	2	15	8338.05	0
4.976	1	10	16	39874	0
5.001	1	7	1	468.22	0
5.002	1	8	2	3912.69	0
5.003	1	3	3	413.622	0
5.004	1	9	4	659.497	0
5.009	1	5	9	1608.87	0
5.01	1	6	10	398.969	0
5.011	1	1	11	10288.5	0
5.012	1	4	12	1316.31	0
5.015	1	2	15	2025.93	0
5.016	1	10	16	21318.7	0
5.041	1	7	1	1128.13	0
5.042	1	8	2	2668.68	0
5.043	1	3	3	660.919	0
5.044	1	9	4	432.414	0
5.049	1	5	9	2879.89	0
5.05	1	6	10	589.198	0
5.051	1	1	11	7379.67	0
5.052	1	4	12	960.824	0
5.055	1	2	15	3023.32	0
5.056	1	10	16	18337.9	0
5.081	1	7	1	1201.67	0
5.082	1	8	2	3448.62	0
5.083	1	3	3	799.955	0
5.084	1	9	4	313.459	0
5.089	1	5	9	3139.84	0
5.09	1	6	10	1072.37	0
5.091	1	1	11	3075.21	0
5.092	1	4	12	684.818	0
5.095	1	2	15	3487.85	0
5.096	1	10	16	7407.34	0
5.121	1	7	1	189.843	0
5.122	1	8	2	2351.43	0
5.123	1	3	3	957.581	0
5.124	1	9	4	229.358	0
5.129	1	5	9	2397.77	0
5.13	1	6	10	413.328	0
5.131	1	1	11	7821.98	0
5.132	1	4	12	676.102	0
5.135	1	2	15	5070.63	0
5.136	1	10	16	6588.59	0
5.161	1	7	1	88.0572	0
5.162	1	8	2	9088.08	0
5.163	1	3	3	640.41	0
5.164	1	9	4	332.229	0
5.169	1	5	9	7551.87	0
5.17	1	6	10	417.03	0
5.171	1	1	11	4201.8	0
5.172	1	4	12	406.645	0
5.175	1	2	15	8195.06	0
5.176	1	10	16	7210.46	0
5.201	1	7	1	127.434	0
5.202	1	8	2	14124.7	0
5.203	1	3	3	693.8	0
5.204	1	9	4	141.012	0
5.209	1	5	9	4677.4	0
5.21	1	6	10	963.224	0
5.211	1	1	11	2507.29	0
5.212	1	4	12	2267.3	0
5.215	1	2	15	9623.34	0
5.216	1	10	16	37304.6	0
5.241	1	7	1	264.346	0
5.242	1	8	2	2347.45	0
5.243	1	3	3	1550.95	0
5.244	1	9	4	145.845	0
5.249	1	5	9	3564.23	0
5.25	1	6	10	1026.28	0
5.251	1	1	11	1314.56	0
5.252	1	4	12	1774.68	0
5.255	1	2	15	13362.1	0
5.256	1	10	16	30299.1	0
5.281	1	7	1	444.806	0
5.282	1	8	2	1811.27	0
5.283	1	3	3	864.739	0
5.284	1	9	4	245.156	0
5.289	1	5	9	3935.94	0
5.29	1	6	10	582.214	0
5.291	1	1	11	2101.65	0
5.292	1	4	12	761.28	0
5.295	1	2	15	13655.6	0
5.296	1	10	16	27714.4	0
5.321	1	7	1	494.859	0
5.322	1	8	2	5028.94	0
5.323	1	3	3	566.752	0
5.324	1	9	4	98.5506	0
5.329	1	5	9	2609.08	0
5.33	1	6	10	221.544	0
5.331	1	1	11	8404.02	0
5.332	1	4	12	667.553	0
5.335	1	2	15	3968.16	0
5.336	1	10	16	54954.2	0
5.361	1	7	1	809.912	0
5.362	1	8	2	1065.14	0
5.363	1	3	3	679.213	0
5.364	1	9	4	192.706	0
5.369	1	5	9	4189.11	0
5.37	1	6	10	221.059	0
5.371	1	1	11	3412.58	0
5.372	1	4	12	583.853	0
5.375	1	2	15	4407.3	0
5.376	1	10	16	29566.6	0
5.401	1	7	1	2106.23	0
5.402	1	8	2	8540.69	0
5.403	1	3	3	356.019	0
5.404	1	9	4	212.598	0
5.409	1	5	9	2285.79	0
5.41	1	6	10	363.593	0
5.411	1	1	11	1332.76	0
5.412	1	4	12	1465.82	0
5.415	1	2	15	9915.12	0
5.416	1	10	16	55810.4	0
5.441	1	7	1	1093.14	0
5.442	1	8	2	10515.9	0
5.443	1	3	3	1114.34	0
5.444	1	9	4	123.869	0
5.449	1	5	9	1707.64	0
5.45	1	6	10	439.974	0
5.451	1	1	11	6650.49	0
5.452	1	4	12	855.983	0
5.455	1	2	15	4890.25	0
5.456	1	10	16	33448.9	0
5.481	1	7	1	617.759	0
5.482	1	8	2	2655.45	0
5.483	1	3	3	1386.82	0
5.484	1	9	4	515.076	0
5.489	1	5	9	3204.44	0
5.49	1	6	10	257.881	0
5.491	1	1	11	4047.83	0
5.492	1	4	12	410.284	0
5.495	1	2	15	2666.2	0
5.496	1	10	16	41867.2	0
5.521	1	7	1	664.821	0
5.522	1	8	2	12763.1	0
5.523	1	3	3	1233.82	0
5.524	1	9	4	119.302	0
5.529	1	5	9	3829.14	0
5.53	1	6	10	1282.91	0
5.531	1	1	11	1830.08	0
5.532	1	4	12	286.204	0
5.535	1	2	15	13402.5	0
5.536	1	10	16	27191.9	0
5.561	1	7	1	293.145	0
5.562	1	8	2	11218.2	0
5.563	1	3	3	1004.89	0
5.564	1	9	4	227.347	0
5.569	1	5	9	3328.8	0
5.57	1	6	10	495.233	0
5.571	1	1	11	2100.7	0
5.572	1	4	12	372.404	0
5.575	1	2	15	7614.07	0
5.576	1	10	16	55557.2	0
5.601	1	7	1	471.623	0
5.602	1	8	2	15702.1	0
5.603	1	3	3	888.732	0
5.604	1	9	4	364.052	0
5.609	1	5	9	5667.79	0
5.61	1	6	10	441.558	0
5.611	1	1	11	2108.19	0
5.612	1	4	12	467.17	0
5.615	1	2	15	16877.9	0
5.616	1	10	16	55512.3	0
5.641	1	7	1	511.794	0
5.642	1	8	2	11392.8	0
5.643	1	3	3	1270.13	0
5.644	1	9	4	283.739	0
5.649	1	5	9	6582.03	0
5.65	1	6	10	99.7478	0
5.651	1	1	11	1598.86	0
5.652	1	4	12	802.521	0
5.655	1	2	15	7710.23	0
5.656	1	10	16	19627.5	0
5.681	1	7	1	365.839	0
5.682	1	8	2	4538.72	0
5.683	1	3	3	1108.22	0
5.684	1	9	4	176.341	0
5.689	1	5	9	5077.97	0
5.69	1	6	10	717.186	0
5.691	1	1	11	1820.47	0
5.692	1	4	12	1005.49	0
5.695	1	2	15	5537.33	0
5.696	1	10	16	34495.7	0
5.721	1	7	1	259.905	0
5.722	1	8	2	7069.42	0
5.723	1	3	3	645.319	0
5.724	1	9	4	104.199	0
5.729	1	5	9	7693.29	0
5.73	1	6	10	1373.81	0
5.731	1	1	11	1574.32	0
5.732	1	4	12	1293.41	0
5.735	1	2	15	2072.78	0
5.736	1	10	16	37291.1	0
5.761	1	7	1	315.62	0
5.762	1	8	2	3209.95	0
5.763	1	3	3	766.201	0
5.764	1	9	4	922.302	0
5.769	1	5	9	9418.69	0
5.77	1	6	10	233.386	0
5.771	1	1	11	2627.15	0
5.772	1	4	12	1622.72	0
5.775	1	2	15	6282.55	0
5.776	1	10	16	25715.6	0
5.801	1	7	1	620.893	0
5.802	1	8	2	7113.75	0
5.803	1	3	3	1466.91	0
5.804	1	9	4	1150.49	0
5.809	1	5	9	11574.5	0
5.81	1	6	10	517.825	0
5.811	1	1	11	2367.09	0
5.812	1	4	12	743.57	0
5.815	1	2	15	18168.6	0
5.816	1	10	16	41455.3	0
5.841	1	7	1	345.099	0
5.842	1	8	2	9991.21	0
5.843	1	3	3	1094.97	0
5.844	1	9	4	568.541	0
5.849	1	5	9	13400.3	0
5.85	1	6	10	1132.87	0
5.851	1	1	11	1482.72	0
5.852	1	4	12	284.731	0
5.855	1	2	15	5288.38	0
5.856	1	10	16	27020.4	0
5.881	1	7	1	258.304	0
5.882	1	8	2	3483.59	0
5.883	1	3	3	432.69	0
5.884	1	9	4	456.909	0
5.889	1	5	9	12550.9	0
5.89	1	6	10	460.804	0
5.891	1	1	11	3452.03	0
5.892	1	4	12	1010.55	0
5.895	1	2	15	4257.88	0
5.896	1	10	16	44382.7	0
5.921	1	7	1	381.75	0
5.922	1	8	2	4934.44	0
5.923	1	3	3	958.68	0
5.924	1	9	4	367.972	0
5.929	1	5	9	10605.9	0
5.93	1	6	10	299.538	0
5.931	1	1	11	3729.57	0
5.932	1	4	12	756.101	0
5.935	1	2	15	14586.5	0
5.936	1	10	16	58346.8	0
5.961	1	7	1	802.779	0
5.962	1	8	2	3438.2	0
5.963	1	3	3	755.062	0
5.964	1	9	4	136.474	0
5.969	1	5	9	7751.15	0
5.97	1	6	10	336.648	0
5.971	1	1	11	1790.43	0
5.972	1	4	12	246.806	0
5.975	1	2	15	7413.81	0
5.976	1	10	16	32098.9	0
6.001	1	7	1	662.561	0
6.002	1	8	2	4909.64	0
6.003	1	3	3	589.734	0
6.004	1	9	4	351.4	0
6.009	1	5	9	3030.32	0
6.01	1	6	10	180.116	0
6.011	1	1	11	3681.38	0
6.012	1	4	12	1822.99	0
6.015	1	2	15	5672.21	0
6.016	1	10	16	28605.3	0
6.041	1	7	1	715.782	0
6.042	1	8	2	5158.43	0
6.043	1	3	3	321.546	0
6.044	1	9	4	194.736	0
6.049	1	5	9	4009.32	0
6.05	1	6	10	1402.14	0
6.051	1	1	11	7484.96	0
6.052	1	4	12	1003	0
6.055	1	2	15	3955.01	0
6.056	1	10	16	7522.96	0
6.081	1	7	1	691.514	0
6.082	1	8	2	2585.92	0
6.083	1	3	3	534.76	0
6.084	1	9	4	780.039	0
6.089	1	5	9	8991.09	0
6.09	1	6	10	1511.5	0
6.091	1	1	11	6044.27	0
6.092	1	4	12	868.398	0
6.095	1	2	15	14543.2	0
6.096	1	10	16	17437.9	0
6.121	1	7	1	315.493	0
6.122	1	8	2	1653.78	0
6.123	1	3	3	489.15	0
6.124	1	9	4	304.501	0
6.129	1	5	9	16628.4	0
6.13	1	6	10	588.6	0
6.131	1	1	11	3673.96	0
6.132	1	4	12	1031.25	0
6.135	1	2	15	7659.06	0
6.136	1	10	16	58685.4	0
6.161	1	7	1	548.939	0
6.162	1	8	2	5304.06	0
6.163	1	3	3	440.391	0
6.164	1	9	4	385.197	0
6.169	1	5	9	4776.37	0
6.17	1	6	10	529.558	0
6.171	1	1	11	7877.8	0
6.172	1	4	12	943.935	0
6.175	1	2	15	3485.53	0
6.176	1	10	16	48536.4	0
6.201	1	7	1	757.94	0
6.202	1	8	2	1605.9	0
6.203	1	3	3	397.226	0
6.204	1	9	4	935.464	0
6.209	1	5	9	2029.75	0
6.21	1	6	10	353.861	0
6.211	1	1	11	3493.32	0
6.212	1	4	12	1221.24	0
6.215	1	2	15	4578.51	0
6.216	1	10	16	38205.7	0
6.241	1	7	1	308.002	0
6.242	1	8	2	9491.2	0
6.243	1	3	3	304.303	0
6.244	1	9	4	344.088	0
6.249	1	5	9	11304	0
6.25	1	6	10	971.463	0
6.251	1	1	11	1657.04	0
6.252	1	4	12	605.834	0
6.255	1	2	15	2334.09	0
6.256	1	10	16	72073.8	0
6.281	1	7	1	521.131	0
6.282	1	8	2	7109.84	0
6.283	1	3	3	470.521	0
6.284	1	9	4	602.887	0
6.289	1	5	9	2792.71	0
6.29	1	6	10	782.553	0
6.291	1	1	11	904.527	0
6.292	1	4	12	315.701	0
6.295	1	2	15	1650.84	0
6.296	1	10	16	69373.3	0
6.321	1	7	1	123.329	0
6.322	1	8	2	6281.21	0
6.323	1	3	3	743.093	0
6.324	1	9	4	377.521	0
6.329	1	5	9	4490.62	0
6.33	1	6	10	257.534	0
6.331	1	1	11	3116.87	0
6.332	1	4	12	530.341	0
6.335	1	2	15	2190.83	0
6.336	1	10	16	24509.7	0
6.361	1	7	1	33.7181	0
6.362	1	8	2	5166.28	0
6.363	1	3	3	487.97	0
6.364	1	9	4	260.437	0
6.369	1	5	9	6708.62	0
6.37	1	6	10	732.94	0
6.371	1	1	11	6629.68	0
6.372	1	4	12	489.131	0
6.375	1	2	15	5230.67	0
6.376	1	10	16	43927	0
6.401	1	7	1	210.629	0
6.402	1	8	2	1673.16	0
6.403	1	3	3	487.937	0
6.404	1	9	4	234.433	0
6.409	1	5	9	9398.52	0
6.41	1	6	10	1070.84	0
6.411	1	1	11	2296.62	0
6.412	1	4	12	439.078	0
6.415	1	2	15	8073.65	0
6.416	1	10	16	62775.6	0
6.441	1	7	1	1303.6	0
6.442	1	8	2	3509.33	0
6.443	1	3	3	444.417	0
6.444	1	9	4	236.836	0
6.449	1	5	9	11322.6	0
6.45	1	6	10	833.596	0
6.451	1	1	11	2136.2	0
6.452	1	4	12	397.432	0
6.455	1	2	15	5059.79	0
6.456	1	10	16	22747.8	0
6.481	1	7	1	796.978	0
6.482	1	8	2	6549.74	0
6.483	1	3	3	495.88	0
6.484	1	9	4	868.279	0
6.489	1	5	9	7967.08	0
6.49	1	6	10	338.007	0
6.491	1	1	11	6824.17	0
6.492	1	4	12	304.134	0
6.495	1	2	15	2967.79	0
6.496	1	10	16	21627.2	0
6.521	1	7	1	334.209	0
6.522	1	8	2	7251.71	0
6.523	1	3	3	572.413	0
6.524	1	9	4	861.927	0
6.529	1	5	9	1529.15	0
6.53	1	6	10	1484.31	0
6.531	1	1	11	3882.17	0
6.532	1	4	12	1070.16	0
6.535	1	2	15	7704.76	0
6.536	1	10	16	16659.1	0
6.561	1	7	1	485.977	0
6.562	1	8	2	4256.16	0
6.563	1	3	3	928.363	0
6.564	1	9	4	1294.84	0
6.569	1	5	9	5499.54	0
6.57	1	6	10	581.172	0
6.571	1	1	11	1307.36	0
6.572	1	4	12	1823.97	0
6.575	1	2	15	4979.02	0
6.576	1	10	16	20976.9	0
6.601	1	7	1	2445.19	0
6.602	1	8	2	1730.57	0
6.603	1	3	3	619.096	0
6.604	1	9	4	481.607	0
6.609	1	5	9	12289.6	0
6.61	1	6	10	524.411	0
6.611	1	1	11	2232.68	0
6.612	1	4	12	1049.56	0
6.615	1	2	15	11869.3	0
6.616	1	10	16	38265	0
6.641	1	7	1	1511.12	0
6.642	1	8	2	2166.16	0
6.643	1	3	3	498.589	0
6.644	1	9	4	520.954	0
6.649	1	5	9	38178.8	0
6.65	1	6	10	359.566	0
6.651	1	1	11	4844.96	0
6.652	1	4	12	846.845	0
6.655	1	2	15	7921.12	0
6.656	1	10	16	28814.1	0
6.681	1	7	1	647.851	0
6.682	1	8	2	2792.21	0
6.683	1	3	3	297.554	0
6.684	1	9	4	113.131	0
6.689	1	5	9	1962.08	0
6.69	1	6	10	984.92	0
6.691	1	1	11	2928.42	0
6.692	1	4	12	1042.16	0
6.695	1	2	15	11205.8	0
6.696	1	10	16	20960.1	0
6.721	1	7	1	707.938	0
6.722	1	8	2	2639.87	0
6.723	1	3	3	161.534	0
6.724	1	9	4	370.721	0
6.729	1	5	9	923.675	0
6.73	1	6	10	762.588	0
6.731	1	1	11	1828.76	0
6.732	1	4	12	930.489	0
6.735	1	2	15	9039.05	0
6.736	1	10	16	14802.8	0
6.761	1	7	1	648.103	0
6.762	1	8	2	2278.76	0
6.763	1	3	3	111.866	0
6.764	1	9	4	343.907	0
6.769	1	5	9	13180.5	0
6.77	1	6	10	259.542	0
6.771	1	1	11	838.61	0
6.772	1	4	12	1225.88	0
6.775	1	2	15	6893.45	0
6.776	1	10	16	6694.13	0
6.801	1	7	1	1112.19	0
6.802	1	8	2	2288.27	0
6.803	1	3	3	468.086	0
6.804	1	9	4	65.7943	0
6.809	1	5	9	1914.75	0
6.81	1	6	10	747.541	0
6.811	1	1	11	4496.5	0
6.812	1	4	12	644.285	0
6.815	1	2	15	18280.7	0
6.816	1	10	16	3568.26	0
6.841	1	7	1	580.321	0
6.842	1	8	2	3193.69	0
6.843	1	3	3	999.091	0
6.844	1	9	4	599.391	0
6.849	1	5	9	2018.7	0
6.85	1	6	10	1071.85	0
6.851	1	1	11	2588.23	0
6.852	1	4	12	307.839	0
6.855	1	2	15	5998.59	0
6.856	1	10	16	14000.9	0
6.881	1	7	1	307.068	0
6.882	1	8	2	3337.2	0
6.883	1	3	3	481.63	0
6.884	1	9	4	1146.06	0
6.889	1	5	9	3878.16	0
6.89	1	6	10	821.26	0
6.891	1	1	11	3021.8	0
6.892	1	4	12	525.641	0
6.895	1	2	15	7691.57	0
6.896	1	10	16	42133.4	0
6.921	1	7	1	1272.83	0
6.922	1	8	2	3016.85	0
6.923	1	3	3	1094.57	0
6.924	1	9	4	464.742	0
6.929	1	5	9	7420.46	0
6.93	1	6	10	329.194	0
6.931	1	1	11	4908.33	0
6.932	1	4	12	493.273	0
6.935	1	2	15	12425.3	0
6.936	1	10	16	22577.1	0
6.961	1	7	1	879.699	0
6.962	1	8	2	2383.8	0
6.963	1	3	3	1082.99	0
6.964	1	9	4	127.466	0
6.969	1	5	9	16252.7	0
6.97	1	6	10	197.899	0
6.971	1	1	11	3520.71	0
6.972	1	4	12	440.46	0
6.975	1	2	15	5137.11	0
6.976	1	10	16	39181.6	0
7.001	1	7	1	423.201	0
7.002	1	8	2	10809.4	0
7.003	1	3	3	407.933	0
7.004	1	9	4	414.989	0
7.009	1	5	9	2923.65	0
7.01	1	6	10	313.242	0
7.011	1	1	11	3753.48	0
7.012	1	4	12	758.84	0
7.015	1	2	15	8759.91	0
7.016	1	10	16	37086.6	0
7.041	1	7	1	703.605	0
7.042	1	8	2	10856.8	0
7.043	1	3	3	685.456	0
7.044	1	9	4	204.813	0
7.049	1	5	9	5135.46	0
7.05	1	6	10	645.576	0
7.051	1	1	11	2731.08	0
7.052	1	4	12	1034.38	0
7.055	1	2	15	13569.4	0
7.056	1	10	16	11706.5	0
7.081	1	7	1	639.683	0
7.082	1	8	2	8965.49	0
7.083	1	3	3	804.986	0
7.084	1	9	4	97.0804	0
7.089	1	5	9	3947.86	0
7.09	1	6	10	591.274	0
7.091	1	1	11	5217.38	0
7.092	1	4	12	923.774	0
7.095	1	2	15	11058.5	0
7.096	1	10	16	43821	0
7.121	1	7	1	269.074	0
7.122	1	8	2	15702.1	0
7.123	1	3	3	962.817	0
7.124	1	9	4	300.617	0
7.129	1	5	9	8076.07	0
7.13	1	6	10	469.848	0
7.131	1	1	11	5139.97	0
7.132	1	4	12	1108.03	0
7.135	1	2	15	4667.79	0
7.136	1	10	16	103953	0
7.161	1	7	1	367.521	0
7.162	1	8	2	11392.8	0
7.163	1	3	3	599.453	0
7.164	1	9	4	233.199	0
7.169	1	5	9	1400.11	0
7.17	1	6	10	706.423	0
7.171	1	1	11	3075.19	0
7.172	1	4	12	1051.13	0
7.175	1	2	15	2500.59	0
7.176	1	10	16	47480.8	0
7.201	1	7	1	367.781	0
7.202	1	8	2	4538.72	0
7.203	1	3	3	762.304	0
7.204	1	9	4	1025.1	0
7.209	1	5	9	1472.35	0
7.21	1	6	10	445.273	0
7.211	1	1	11	10426.8	0
7.212	1	4	12	357.622	0
7.215	1	2	15	3410.47	0
7.216	1	10	16	32391.2	0
7.241	1	7	1	311.551	0
7.242	1	8	2	7069.42	0
7.243	1	3	3	1557.36	0
7.244	1	9	4	149.412	0
7.249	1	5	9	1451.32	0
7.25	1	6	10	838.02	0
7.251	1	1	11	4299.34	0
7.252	1	4	12	420.371	0
7.255	1	2	15	5594.15	0
7.256	1	10	16	21072	0
7.281	1	7	1	1203.19	0
7.282	1	8	2	3209.95	0
7.283	1	3	3	793.038	0
7.284	1	9	4	347.286	0
7.289	1	5	9	4471.67	0
7.29	1	6	10	952.091	0
7.291	1	1	11	3105.15	0
7.292	1	4	12	534.122	0
7.295	1	2	15	4487.91	0
7.296	1	10	16	41065.6	0
7.321	1	7	1	856.097	0
7.322	1	8	2	5695.77	0
7.323	1	3	3	593.095	0
7.324	1	9	4	5479.32	0
7.329	1	5	9	5124.87	0
7.33	1	6	10	522.381	0
7.331	1	1	11	7849.82	0
7.332	1	4	12	460.108	0
7.335	1	2	15	3846.72	0
7.336	1	10	16	59901.9	0
7.361	1	7	1	401.115	0
7.362	1	8	2	8662.88	0
7.363	1	3	3	649.817	0
7.364	1	9	4	233.047	0
7.369	1	5	9	2063.86	0
7.37	1	6	10	405.623	0
7.371	1	1	11	2785.85	0
7.372	1	4	12	426.625	0
7.375	1	2	15	9393.47	0
7.376	1	10	16	19341.7	0
7.401	1	7	1	478.872	0
7.402	1	8	2	3483.59	0
7.403	1	3	3	373.729	0
7.404	1	9	4	381.45	0
7.409	1	5	9	6176.22	0
7.41	1	6	10	88.7344	0
7.411	1	1	11	2524.82	0
7.412	1	4	12	358.629	0
7.415	1	2	15	12873.5	0
7.416	1	10	16	29373	0
7.441	1	7	1	291.74	0
7.442	1	8	2	2794.94	0
7.443	1	3	3	1181.26	0
7.444	1	9	4	1877.47	0
7.449	1	5	9	3638.74	0
7.45	1	6	10	612.641	0
7.451	1	1	11	1242.61	0
7.452	1	4	12	314.456	0
7.455	1	2	15	12657.1	0
7.456	1	10	16	58999.9	0
7.481	1	7	1	191.254	0
7.482	1	8	2	3438.55	0
7.483	1	3	3	1351.76	0
7.484	1	9	4	931.96	0
7.489	1	5	9	2275.34	0
7.49	1	6	10	609.378	0
7.491	1	1	11	2258.01	0
7.492	1	4	12	620.979	0
7.495	1	2	15	7893.08	0
7.496	1	10	16	57507.1	0
7.521	1	7	1	197.909	0
7.522	1	8	2	9287.36	0
7.523	1	3	3	292.363	0
7.524	1	9	4	372.917	0
7.529	1	5	9	4395	0
7.53	1	6	10	672.803	0
7.531	1	1	11	4589.07	0
7.532	1	4	12	809.033	0
7.535	1	2	15	3214.93	0
7.536	1	10	16	37442	0
7.561	1	7	1	422.546	0
7.562	1	8	2	4146.05	0
7.563	1	3	3	144.616	0
7.564	1	9	4	983.697	0
7.569	1	5	9	3429.09	0
7.57	1	6	10	380.148	0
7.571	1	1	11	2572.14	0
7.572	1	4	12	693.673	0
7.575	1	2	15	9218.02	0
7.576	1	10	16	8030.7	0
7.601	1	7	1	440.956	0
7.602	1	8	2	9422.01	0
7.603	1	3	3	537.452	0
7.604	1	9	4	535.423	0
7.609	1	5	9	4124.81	0
7.61	1	6	10	436.569	0
7.611	1	1	11	1788.4	0
7.612	1	4	12	1002.39	0
7.615	1	2	15	4820.93	0
7.616	1	10	16	52847.8	0
7.641	1	7	1	254.323	0
7.642	1	8	2	10113.8	0
7.643	1	3	3	1708.12	0
7.644	1	9	4	1127.07	0
7.649	1	5	9	5437.43	0
7.65	1	6	10	264.003	0
7.651	1	1	11	3460.95	0
7.652	1	4	12	1390.48	0
7.655	1	2	15	8766.44	0
7.656	1	10	16	102927	0
