% time	cellId	IMSI	RNTI	sinrLinear	componentCarrierId
0.041	1	5	1	367.142	0
0.042	1	3	2	9607.96	0
0.043	1	1	3	8401.02	0
0.044	1	2	4	975.781	0
0.046	1	4	6	5161.31	0
0.081	1	5	1	886.396	0
0.082	1	3	2	6627.15	0
0.083	1	1	3	3027.81	0
0.084	1	2	4	1204.24	0
0.086	1	4	6	10090.5	0
0.121	1	5	1	3283.08	0
0.122	1	3	2	4271.68	0
0.123	1	1	3	4313.96	0
0.124	1	2	4	482.089	0
0.126	1	4	6	2232.3	0
0.161	1	5	1	2806.06	0
0.162	1	3	2	2944.08	0
0.163	1	1	3	2305.32	0
0.164	1	2	4	1548.71	0
0.166	1	4	6	1708.24	0
0.201	1	5	1	2982.81	0
0.202	1	3	2	2201.16	0
0.203	1	1	3	5935.59	0
0.204	1	2	4	1388.13	0
0.206	1	4	6	4662.31	0
0.241	1	5	1	10024.5	0
0.242	1	3	2	2155.14	0
0.243	1	1	3	7392.98	0
0.244	1	2	4	994.368	0
0.246	1	4	6	2142.53	0
0.281	1	5	1	11149.3	0
0.282	1	3	2	3803.13	0
0.283	1	1	3	7750.57	0
0.284	1	2	4	1691.23	0
0.286	1	4	6	1927.17	0
0.321	1	5	1	13913	0
0.322	1	3	2	4429.2	0
0.323	1	1	3	4978.99	0
0.324	1	2	4	1882.53	0
0.326	1	4	6	3534.27	0
0.361	1	5	1	24070.1	0
0.362	1	3	2	3251.16	0
0.363	1	1	3	4247.69	0
0.364	1	2	4	2064.16	0
0.366	1	4	6	2813.53	0
0.401	1	5	1	10732.9	0
0.402	1	3	2	3143.85	0
0.403	1	1	3	9415.04	0
0.404	1	2	4	1065.35	0
0.406	1	4	6	2571.28	0
0.441	1	5	1	10904.5	0
0.442	1	3	2	2555.39	0
0.443	1	1	3	4343.57	0
0.444	1	2	4	2465.51	0
0.446	1	4	6	1766.77	0
0.481	1	5	1	8842.96	0
0.482	1	3	2	2586.69	0
0.483	1	1	3	1519.04	0
0.484	1	2	4	3214.01	0
0.486	1	4	6	572.842	0
0.521	1	5	1	6425.69	0
0.522	1	3	2	11942.2	0
0.523	1	1	3	3846.52	0
0.524	1	2	4	2926.74	0
0.526	1	4	6	1856.46	0
0.561	1	5	1	15794.3	0
0.562	1	3	2	8676.86	0
0.563	1	1	3	6709.38	0
0.564	1	2	4	2786.95	0
0.566	1	4	6	1129.28	0
0.601	1	5	1	4765.87	0
0.602	1	3	2	7562.19	0
0.603	1	1	3	7842.34	0
0.604	1	2	4	1929.98	0
0.606	1	4	6	5396.13	0
0.641	1	5	1	13740.6	0
0.642	1	3	2	3797	0
0.643	1	1	3	5738.02	0
0.644	1	2	4	3539.87	0
0.646	1	4	6	5283.47	0
0.681	1	5	1	9074.92	0
0.682	1	3	2	3626.6	0
0.683	1	1	3	16231.5	0
0.684	1	2	4	3966.82	0
0.686	1	4	6	8821.28	0
0.721	1	5	1	3587.39	0
0.722	1	3	2	2090.03	0
0.723	1	1	3	7656.87	0
0.724	1	2	4	1526.69	0
0.726	1	4	6	5498.53	0
0.761	1	5	1	2825.73	0
0.762	1	3	2	1486.01	0
0.763	1	1	3	4717.01	0
0.764	1	2	4	1978.22	0
0.766	1	4	6	1914.38	0
0.801	1	5	1	608.917	0
0.802	1	3	2	2326.44	0
0.803	1	1	3	8092.54	0
0.804	1	2	4	3445.51	0
0.806	1	4	6	1801.39	0
0.841	1	5	1	5573.2	0
0.842	1	3	2	1861.91	0
0.843	1	1	3	12806.2	0
0.844	1	2	4	1508.16	0
0.846	1	4	6	1128.92	0
0.881	1	5	1	2300.13	0
0.882	1	3	2	1914.8	0
0.883	1	1	3	12912.9	0
0.884	1	2	4	963.885	0
0.886	1	4	6	888.622	0
0.921	1	5	1	1217.93	0
0.922	1	3	2	14942.4	0
0.923	1	1	3	4826.83	0
0.924	1	2	4	2200.79	0
0.926	1	4	6	993.258	0
0.961	1	5	1	4963.68	0
0.962	1	3	2	6650.6	0
0.963	1	1	3	8933.06	0
0.964	1	2	4	2271.44	0
0.966	1	4	6	3896.03	0
1.001	1	5	1	6714.24	0
1.002	1	3	2	9528.75	0
1.003	1	1	3	7121.2	0
1.004	1	2	4	1175.19	0
1.006	1	4	6	510.143	0
1.041	1	5	1	5961.82	0
1.042	1	3	2	8410.86	0
1.043	1	1	3	2248.49	0
1.044	1	2	4	4392.43	0
1.046	1	4	6	6445.26	0
1.081	1	5	1	1970.06	0
1.082	1	3	2	10279.6	0
1.083	1	1	3	7720.31	0
1.084	1	2	4	1674.61	0
1.086	1	4	6	3632.72	0
1.121	1	5	1	2815.67	0
1.122	1	3	2	7210.49	0
1.123	1	1	3	5305.14	0
1.124	1	2	4	755.829	0
1.126	1	4	6	1806.73	0
1.161	1	5	1	3086.9	0
1.162	1	3	2	3570.48	0
1.163	1	1	3	1881.56	0
1.164	1	2	4	3487.11	0
1.166	1	4	6	3400.89	0
1.201	1	5	1	5610.79	0
1.202	1	3	2	10662.7	0
1.203	1	1	3	5219.84	0
1.204	1	2	4	2044.12	0
1.206	1	4	6	3744.78	0
1.241	1	5	1	8046.21	0
1.242	1	3	2	6460.36	0
1.243	1	1	3	5624.04	0
1.244	1	2	4	830.505	0
1.246	1	4	6	2354.68	0
1.281	1	5	1	4486.98	0
1.282	1	3	2	5988.86	0
1.283	1	1	3	4411.85	0
1.284	1	2	4	1126.89	0
1.286	1	4	6	1462.71	0
1.321	1	5	1	2849.01	0
1.322	1	3	2	10347.7	0
1.323	1	1	3	1777.32	0
1.324	1	2	4	606.562	0
1.326	1	4	6	5562.71	0
1.361	1	5	1	3208.21	0
1.362	1	3	2	2707.55	0
1.363	1	1	3	1654.91	0
1.364	1	2	4	398.196	0
1.366	1	4	6	4947.52	0
1.401	1	5	1	9501.71	0
1.402	1	3	2	2880.75	0
1.403	1	1	3	4702.78	0
1.404	1	2	4	510.62	0
1.406	1	4	6	4235.89	0
1.441	1	5	1	9327.15	0
1.442	1	3	2	2722.65	0
1.443	1	1	3	2328.72	0
1.444	1	2	4	1193.12	0
1.446	1	4	6	1573.13	0
1.481	1	5	1	19157	0
1.482	1	3	2	1837.42	0
1.483	1	1	3	8165.47	0
1.484	1	2	4	1959.84	0
1.486	1	4	6	1409.8	0
1.521	1	5	1	2220.88	0
1.522	1	3	2	2808.01	0
1.523	1	1	3	3436.72	0
1.524	1	2	4	2427.97	0
1.526	1	4	6	3019.7	0
1.561	1	5	1	3390.38	0
1.562	1	3	2	6231.31	0
1.563	1	1	3	3447.29	0
1.564	1	2	4	2598.59	0
1.566	1	4	6	12831.1	0
1.601	1	5	1	1577.71	0
1.602	1	3	2	1489.18	0
1.603	1	1	3	2049.54	0
1.604	1	2	4	1309.57	0
1.606	1	4	6	3266.94	0
1.641	1	5	1	4123.69	0
1.642	1	3	2	3023.61	0
1.643	1	1	3	3137.02	0
1.644	1	2	4	4296.28	0
1.646	1	4	6	2538.79	0
1.681	1	5	1	6911.64	0
1.682	1	3	2	5687.33	0
1.683	1	1	3	3102.02	0
1.684	1	2	4	2108.67	0
1.686	1	4	6	4183.48	0
1.721	1	5	1	6574.9	0
1.722	1	3	2	4623.72	0
1.723	1	1	3	9156.85	0
1.724	1	2	4	1344.62	0
1.726	1	4	6	2640.49	0
1.761	1	5	1	5870.01	0
1.762	1	3	2	8434.7	0
1.763	1	1	3	8859.21	0
1.764	1	2	4	3256.11	0
1.766	1	4	6	3293.06	0
1.801	1	5	1	5665.04	0
1.802	1	3	2	9729.7	0
1.803	1	1	3	4054.51	0
1.804	1	2	4	1321.69	0
1.806	1	4	6	3986.08	0
1.841	1	5	1	5883.21	0
1.842	1	3	2	3684.59	0
1.843	1	1	3	2637.52	0
1.844	1	2	4	1977.3	0
1.846	1	4	6	5624.5	0
1.881	1	5	1	5246.49	0
1.882	1	3	2	6270.12	0
1.883	1	1	3	2487.31	0
1.884	1	2	4	663.009	0
1.886	1	4	6	1231.16	0
1.921	1	5	1	6953.52	0
1.922	1	3	2	10709.6	0
1.923	1	1	3	4146.03	0
1.924	1	2	4	2681.08	0
1.926	1	4	6	905.406	0
1.961	1	5	1	6554.47	0
1.962	1	3	2	6139.43	0
1.963	1	1	3	3574.47	0
1.964	1	2	4	5487.38	0
1.966	1	4	6	13888.9	0
2.001	1	5	1	27184.1	0
2.002	1	3	2	4812.23	0
2.003	1	1	3	7209.84	0
2.004	1	2	4	1461.81	0
2.006	1	4	6	7284.76	0
2.041	1	5	1	5737.12	0
2.042	1	3	2	3021.59	0
2.043	1	1	3	15843.4	0
2.044	1	2	4	736.456	0
2.046	1	4	6	7034.77	0
2.081	1	5	1	2407.91	0
2.082	1	3	2	1036.66	0
2.083	1	1	3	10812.5	0
2.084	1	2	4	904.323	0
2.086	1	4	6	6490.24	0
2.121	1	5	1	8386.45	0
2.122	1	3	2	3543.61	0
2.123	1	1	3	1636.54	0
2.124	1	2	4	1377.84	0
2.126	1	4	6	5870.02	0
2.161	1	5	1	2668.23	0
2.162	1	3	2	17304.2	0
2.163	1	1	3	11157.4	0
2.164	1	2	4	819.636	0
2.166	1	4	6	2291.15	0
2.201	1	5	1	2374.36	0
2.202	1	3	2	2204.94	0
2.203	1	1	3	8767.03	0
2.204	1	2	4	1870.67	0
2.206	1	4	6	1074.45	0
2.241	1	5	1	1277.89	0
2.242	1	3	2	2398.39	0
2.243	1	1	3	10519.5	0
2.244	1	2	4	1495.6	0
2.246	1	4	6	2911.97	0
2.281	1	5	1	6567.5	0
2.282	1	3	2	8456.79	0
2.283	1	1	3	9852.79	0
2.284	1	2	4	2399.4	0
2.286	1	4	6	5228.38	0
2.321	1	5	1	34381.8	0
2.322	1	3	2	5377.7	0
2.323	1	1	3	6568.69	0
2.324	1	2	4	2985.91	0
2.326	1	4	6	12530.4	0
2.361	1	5	1	3586.78	0
2.362	1	3	2	1752.48	0
2.363	1	1	3	14782.2	0
2.364	1	2	4	1382.54	0
2.366	1	4	6	4081.58	0
2.401	1	5	1	5618.78	0
2.402	1	3	2	2301.82	0
2.403	1	1	3	8821.23	0
2.404	1	2	4	4938.05	0
2.406	1	4	6	3953.4	0
2.441	1	5	1	12146.5	0
2.442	1	3	2	4999.2	0
2.443	1	1	3	6696.43	0
2.444	1	2	4	4405.42	0
2.446	1	4	6	9259.46	0
2.481	1	5	1	4037.14	0
2.482	1	3	2	4438.26	0
2.483	1	1	3	2337.27	0
2.484	1	2	4	1460.41	0
2.486	1	4	6	4657.33	0
2.521	1	5	1	4599.83	0
2.522	1	3	2	2134.31	0
2.523	1	1	3	2474.39	0
2.524	1	2	4	2299.13	0
2.526	1	4	6	5219.46	0
2.561	1	5	1	8554	0
2.562	1	3	2	2723.97	0
2.563	1	1	3	1785.15	0
2.564	1	2	4	839.732	0
2.566	1	4	6	9787.41	0
2.601	1	5	1	6459.14	0
2.602	1	3	2	6695.83	0
2.603	1	1	3	2987.24	0
2.604	1	2	4	887.23	0
2.606	1	4	6	5903.06	0
2.641	1	5	1	7489.21	0
2.642	1	3	2	7586.93	0
2.643	1	1	3	1734.06	0
2.644	1	2	4	2360.72	0
2.646	1	4	6	4577.44	0
2.681	1	5	1	3722.52	0
2.682	1	3	2	10479.4	0
2.683	1	1	3	1892.02	0
2.684	1	2	4	2384.16	0
2.686	1	4	6	2409.33	0
2.721	1	5	1	3116.88	0
2.722	1	3	2	2647.06	0
2.723	1	1	3	2589.82	0
2.724	1	2	4	1404.37	0
2.726	1	4	6	2536.02	0
2.761	1	5	1	4824.79	0
2.762	1	3	2	788.349	0
2.763	1	1	3	1102.21	0
2.764	1	2	4	1634.94	0
2.766	1	4	6	3139.57	0
2.801	1	5	1	1427.4	0
2.802	1	3	2	6109.38	0
2.803	1	1	3	1056.38	0
2.804	1	2	4	950.671	0
2.806	1	4	6	1413.03	0
2.841	1	5	1	4080.01	0
2.842	1	3	2	6369.32	0
2.843	1	1	3	1234.93	0
2.844	1	2	4	952.927	0
2.846	1	4	6	1540.46	0
2.881	1	5	1	3315.39	0
2.882	1	3	2	4130.99	0
2.883	1	1	3	8493	0
2.884	1	2	4	1956.2	0
2.886	1	4	6	4527.08	0
2.921	1	5	1	1741.47	0
2.922	1	3	2	18235.1	0
2.923	1	1	3	21483.1	0
2.924	1	2	4	1166.36	0
2.926	1	4	6	5192.51	0
2.961	1	5	1	2914.53	0
2.962	1	3	2	12824.3	0
2.963	1	1	3	4042.76	0
2.964	1	2	4	767.044	0
2.966	1	4	6	7851.68	0
3.001	1	5	1	980.023	0
3.002	1	3	2	27566.3	0
3.003	1	1	3	6110.8	0
3.004	1	2	4	846.142	0
3.006	1	4	6	4183.11	0
3.041	1	5	1	2271.02	0
3.042	1	3	2	23796.1	0
3.043	1	1	3	5201.52	0
3.044	1	2	4	1215.19	0
3.046	1	4	6	13258.2	0
3.081	1	5	1	4545.04	0
3.082	1	3	2	5297.89	0
3.083	1	1	3	10785.3	0
3.084	1	2	4	1977.94	0
3.086	1	4	6	10726.7	0
3.121	1	5	1	1312.14	0
3.122	1	3	2	5201.95	0
3.123	1	1	3	7966.11	0
3.124	1	2	4	2330.91	0
3.126	1	4	6	19174	0
3.161	1	5	1	2682.41	0
3.162	1	3	2	1860.61	0
3.163	1	1	3	11817.4	0
3.164	1	2	4	3218.79	0
3.166	1	4	6	7495.61	0
3.201	1	5	1	5943.95	0
3.202	1	3	2	9301.18	0
3.203	1	1	3	5816.58	0
3.204	1	2	4	3360.1	0
3.206	1	4	6	7412.54	0
3.241	1	5	1	6283.27	0
3.242	1	3	2	6023.39	0
3.243	1	1	3	4867.1	0
3.244	1	2	4	1013.73	0
3.246	1	4	6	10986.8	0
3.281	1	5	1	6542.12	0
3.282	1	3	2	415.18	0
3.283	1	1	3	15179.3	0
3.284	1	2	4	1027.66	0
3.286	1	4	6	2225.79	0
3.321	1	5	1	4644.36	0
3.322	1	3	2	6110.62	0
3.323	1	1	3	8584.89	0
3.324	1	2	4	2410.24	0
3.326	1	4	6	1700.98	0
3.361	1	5	1	10012.2	0
3.362	1	3	2	18611.9	0
3.363	1	1	3	9035.95	0
3.364	1	2	4	1228.96	0
3.366	1	4	6	2355.25	0
3.401	1	5	1	13467.9	0
3.402	1	3	2	5130.21	0
3.403	1	1	3	1488.61	0
3.404	1	2	4	631.924	0
3.406	1	4	6	1838.72	0
3.441	1	5	1	3013.81	0
3.442	1	3	2	4165.72	0
3.443	1	1	3	618.51	0
3.444	1	2	4	1988.23	0
3.446	1	4	6	2172.87	0
3.481	1	5	1	5500.39	0
3.482	1	3	2	7215.65	0
3.483	1	1	3	3934.96	0
3.484	1	2	4	2604.63	0
3.486	1	4	6	1362.71	0
3.521	1	5	1	6544.01	0
3.522	1	3	2	5053.27	0
3.523	1	1	3	3800.52	0
3.524	1	2	4	2186.37	0
3.526	1	4	6	7023.79	0
3.561	1	5	1	13939.7	0
3.562	1	3	2	6568.08	0
3.563	1	1	3	2418.21	0
3.564	1	2	4	1195.42	0
3.566	1	4	6	1334.58	0
3.601	1	5	1	10122.1	0
3.602	1	3	2	33731	0
3.603	1	1	3	927.964	0
3.604	1	2	4	1969.96	0
3.606	1	4	6	1872.58	0
3.641	1	5	1	4472.39	0
3.642	1	3	2	7988.86	0
3.643	1	1	3	1040.78	0
3.644	1	2	4	814.8	0
3.646	1	4	6	2221.89	0
3.681	1	5	1	2418.55	0
3.682	1	3	2	8667.35	0
3.683	1	1	3	2766.72	0
3.684	1	2	4	823.975	0
3.686	1	4	6	1735.94	0
3.721	1	5	1	1007.79	0
3.722	1	3	2	20341.8	0
3.723	1	1	3	3227.69	0
3.724	1	2	4	644.202	0
3.726	1	4	6	3111.42	0
3.761	1	5	1	1532	0
3.762	1	3	2	10718.9	0
3.763	1	1	3	2649.59	0
3.764	1	2	4	921.366	0
3.766	1	4	6	1081.63	0
3.801	1	5	1	2867.71	0
3.802	1	3	2	3353.02	0
3.803	1	1	3	4057.16	0
3.804	1	2	4	1401.11	0
3.806	1	4	6	2222.88	0
3.841	1	5	1	2549	0
3.842	1	3	2	6786.48	0
3.843	1	1	3	4603.9	0
3.844	1	2	4	1845.33	0
3.846	1	4	6	5938.07	0
3.881	1	5	1	9983.05	0
3.882	1	3	2	16213.3	0
3.883	1	1	3	1011.23	0
3.884	1	2	4	3626.01	0
3.886	1	4	6	1644.51	0
3.921	1	5	1	16276.2	0
3.922	1	3	2	2100.36	0
3.923	1	1	3	729.785	0
3.924	1	2	4	2177.77	0
3.926	1	4	6	2767	0
3.961	1	5	1	3747.81	0
3.962	1	3	2	2217.13	0
3.963	1	1	3	416.592	0
3.964	1	2	4	1847.32	0
3.966	1	4	6	4382.56	0
4.001	1	5	1	7988.88	0
4.002	1	3	2	9662.09	0
4.003	1	1	3	3665.43	0
4.004	1	2	4	1643.88	0
4.006	1	4	6	4708.05	0
4.041	1	5	1	5858.42	0
4.042	1	3	2	5998.68	0
4.043	1	1	3	5210.61	0
4.044	1	2	4	1620.94	0
4.046	1	4	6	4582.52	0
4.081	1	5	1	5972.57	0
4.082	1	3	2	3016.93	0
4.083	1	1	3	4015.88	0
4.084	1	2	4	641.981	0
4.086	1	4	6	2529.29	0
4.121	1	5	1	3226.07	0
4.122	1	3	2	7170.51	0
4.123	1	1	3	9639.53	0
4.124	1	2	4	871.739	0
4.126	1	4	6	1907.56	0
4.161	1	5	1	2376.51	0
4.162	1	3	2	7510.25	0
4.163	1	1	3	9202.88	0
4.164	1	2	4	571.166	0
4.166	1	4	6	1597.2	0
4.201	1	5	1	1492.9	0
4.202	1	3	2	22370.6	0
4.203	1	1	3	12885.4	0
4.204	1	2	4	1236.81	0
4.206	1	4	6	5458.61	0
4.241	1	5	1	2014.22	0
4.242	1	3	2	9240.36	0
4.243	1	1	3	7500.44	0
4.244	1	2	4	1366.03	0
4.246	1	4	6	5741.42	0
4.281	1	5	1	2020.19	0
4.282	1	3	2	2715.31	0
4.283	1	1	3	5881.01	0
4.284	1	2	4	2585.06	0
4.286	1	4	6	4681.64	0
4.321	1	5	1	1972.18	0
4.322	1	3	2	6682.11	0
4.323	1	1	3	23438.4	0
4.324	1	2	4	3515.25	0
4.326	1	4	6	10891.8	0
4.361	1	5	1	6707.7	0
4.362	1	3	2	3126.64	0
4.363	1	1	3	16037.7	0
4.364	1	2	4	1481.29	0
4.366	1	4	6	10431.2	0
4.401	1	5	1	2744.81	0
4.402	1	3	2	3711.68	0
4.403	1	1	3	7993.07	0
4.404	1	2	4	2786.24	0
4.406	1	4	6	8466.23	0
4.441	1	5	1	3570.47	0
4.442	1	3	2	1845.14	0
4.443	1	1	3	5230.09	0
4.444	1	2	4	3737.95	0
4.446	1	4	6	2782.15	0
4.481	1	5	1	7929.33	0
4.482	1	3	2	1412.35	0
4.483	1	1	3	2192.26	0
4.484	1	2	4	2377.96	0
4.486	1	4	6	1502.49	0
4.521	1	5	1	8037.73	0
4.522	1	3	2	5117.74	0
4.523	1	1	3	11219.9	0
4.524	1	2	4	760.925	0
4.526	1	4	6	9317.83	0
4.561	1	5	1	11204.6	0
4.562	1	3	2	13430	0
4.563	1	1	3	23391.7	0
4.564	1	2	4	535.73	0
4.566	1	4	6	5005.21	0
4.601	1	5	1	5646.66	0
4.602	1	3	2	7538.74	0
4.603	1	1	3	8188.26	0
4.604	1	2	4	809.12	0
4.606	1	4	6	1691.24	0
4.641	1	5	1	2326.33	0
4.642	1	3	2	29891.2	0
4.643	1	1	3	7057.65	0
4.644	1	2	4	913.035	0
4.646	1	4	6	6182.48	0
4.681	1	5	1	4356.58	0
4.682	1	3	2	37567.3	0
4.683	1	1	3	6638.76	0
4.684	1	2	4	1531.87	0
4.686	1	4	6	8765.05	0
4.721	1	5	1	14297.9	0
4.722	1	3	2	4657.23	0
4.723	1	1	3	3471.56	0
4.724	1	2	4	2159.45	0
4.726	1	4	6	6511.84	0
4.761	1	5	1	10463.6	0
4.762	1	3	2	1411.9	0
4.763	1	1	3	11834.8	0
4.764	1	2	4	2566.46	0
4.766	1	4	6	6464.66	0
4.801	1	5	1	5926.02	0
4.802	1	3	2	448.068	0
4.803	1	1	3	6212.18	0
4.804	1	2	4	3599.42	0
4.806	1	4	6	13184	0
4.841	1	5	1	8553.97	0
4.842	1	3	2	5140.37	0
4.843	1	1	3	5436.28	0
4.844	1	2	4	2525.61	0
4.846	1	4	6	8792.25	0
4.881	1	5	1	14842.5	0
4.882	1	3	2	2259.61	0
4.883	1	1	3	24144.1	0
4.884	1	2	4	523.207	0
4.886	1	4	6	3214.12	0
4.921	1	5	1	17730.3	0
4.922	1	3	2	2369.88	0
4.923	1	1	3	6094.34	0
4.924	1	2	4	1782.22	0
4.926	1	4	6	3210.96	0
4.961	1	5	1	5161.28	0
4.962	1	3	2	8236.54	0
4.963	1	1	3	6703.15	0
4.964	1	2	4	2170.44	0
4.966	1	4	6	1342.9	0
5.001	1	5	1	4057.76	0
5.002	1	3	2	8828.25	0
5.003	1	1	3	2432.45	0
5.004	1	2	4	1065.35	0
5.006	1	4	6	3203.11	0
5.041	1	5	1	1396.07	0
5.042	1	3	2	18454.4	0
5.043	1	1	3	1837.68	0
5.044	1	2	4	2465.51	0
5.046	1	4	6	3686.24	0
5.081	1	5	1	5882.93	0
5.082	1	3	2	7516.93	0
5.083	1	1	3	4943.19	0
5.084	1	2	4	3214.01	0
5.086	1	4	6	12010.2	0
5.121	1	5	1	7923.38	0
5.122	1	3	2	7165.89	0
5.123	1	1	3	1634.46	0
5.124	1	2	4	1255.57	0
5.126	1	4	6	15692.3	0
5.161	1	5	1	5078.82	0
5.162	1	3	2	7953.14	0
5.163	1	1	3	1749.57	0
5.164	1	2	4	1567.93	0
5.166	1	4	6	3577.02	0
5.201	1	5	1	10306.6	0
5.202	1	3	2	2150.2	0
5.203	1	1	3	2348.24	0
5.204	1	2	4	1093.41	0
5.206	1	4	6	3249.76	0
5.241	1	5	1	403.209	0
5.242	1	3	2	2602.83	0
5.243	1	1	3	2108.45	0
5.244	1	2	4	1224.82	0
5.246	1	4	6	5369.68	0
5.281	1	5	1	2383.79	0
5.282	1	3	2	1716.45	0
5.283	1	1	3	5545.2	0
5.284	1	2	4	3112.43	0
5.286	1	4	6	4241.6	0
5.321	1	5	1	4147.83	0
5.322	1	3	2	2302.1	0
5.323	1	1	3	1306	0
5.324	1	2	4	2574.17	0
5.326	1	4	6	1709.57	0
5.361	1	5	1	1395.72	0
5.362	1	3	2	5801.93	0
5.363	1	1	3	2120.64	0
5.364	1	2	4	2026.28	0
5.366	1	4	6	1092.62	0
5.401	1	5	1	5615.15	0
5.402	1	3	2	3956.85	0
5.403	1	1	3	14841.2	0
5.404	1	2	4	3822.5	0
5.406	1	4	6	1121.13	0
5.441	1	5	1	4736.35	0
5.442	1	3	2	3163.37	0
5.443	1	1	3	4820.13	0
5.444	1	2	4	3679.27	0
5.446	1	4	6	3967.56	0
5.481	1	5	1	24167.7	0
5.482	1	3	2	5068.39	0
5.483	1	1	3	5269.12	0
5.484	1	2	4	1299.89	0
5.486	1	4	6	8880.07	0
5.521	1	5	1	5418.33	0
5.522	1	3	2	6133.69	0
5.523	1	1	3	4340.31	0
5.524	1	2	4	3190.06	0
5.526	1	4	6	1871.41	0
5.561	1	5	1	1631.8	0
5.562	1	3	2	4535.83	0
5.563	1	1	3	8748.82	0
5.564	1	2	4	3394.67	0
5.566	1	4	6	5272.09	0
5.601	1	5	1	2197.06	0
5.602	1	3	2	4117.71	0
5.603	1	1	3	3610.38	0
5.604	1	2	4	1065.03	0
5.606	1	4	6	3406.95	0
5.641	1	5	1	5989.63	0
5.642	1	3	2	6436.48	0
5.643	1	1	3	5286	0
5.644	1	2	4	984.245	0
5.646	1	4	6	2008.51	0
5.681	1	5	1	6623.75	0
5.682	1	3	2	10386.5	0
5.683	1	1	3	8536.74	0
5.684	1	2	4	2407.46	0
5.686	1	4	6	9858.23	0
5.721	1	5	1	2450.68	0
5.722	1	3	2	1912.21	0
5.723	1	1	3	1129.6	0
5.724	1	2	4	1269.47	0
5.726	1	4	6	5793.34	0
5.761	1	5	1	6806.56	0
5.762	1	3	2	3314.95	0
5.763	1	1	3	8294.87	0
5.764	1	2	4	616.709	0
5.766	1	4	6	4924.35	0
5.801	1	5	1	7377.77	0
5.802	1	3	2	10071	0
5.803	1	1	3	3604.34	0
5.804	1	2	4	1950.47	0
5.806	1	4	6	7418.54	0
5.841	1	5	1	4163.23	0
5.842	1	3	2	10991.5	0
5.843	1	1	3	1773.84	0
5.844	1	2	4	2616.33	0
5.846	1	4	6	2530.51	0
5.881	1	5	1	3397.05	0
5.882	1	3	2	21303	0
5.883	1	1	3	6076.92	0
5.884	1	2	4	1590.83	0
5.886	1	4	6	6992.35	0
5.921	1	5	1	1832.18	0
5.922	1	3	2	2076.66	0
5.923	1	1	3	2323.67	0
5.924	1	2	4	1533.43	0
5.926	1	4	6	5680.14	0
5.961	1	5	1	2144.47	0
5.962	1	3	2	1955.83	0
5.963	1	1	3	9334.95	0
5.964	1	2	4	1336.94	0
5.966	1	4	6	1602.62	0
6.001	1	5	1	720.116	0
6.002	1	3	2	11541.9	0
6.003	1	1	3	9128.99	0
6.004	1	2	4	1183.04	0
6.006	1	4	6	4626.51	0
6.041	1	5	1	3791.82	0
6.042	1	3	2	18370	0
6.043	1	1	3	4979.24	0
6.044	1	2	4	794.636	0
6.046	1	4	6	4132.27	0
6.081	1	5	1	10571.3	0
6.082	1	3	2	18406.7	0
6.083	1	1	3	5118.06	0
6.084	1	2	4	1838.85	0
6.086	1	4	6	3384.58	0
6.121	1	5	1	7286.28	0
6.122	1	3	2	16494.7	0
6.123	1	1	3	7378.58	0
6.124	1	2	4	4622.19	0
6.126	1	4	6	6365.72	0
6.161	1	5	1	17072	0
6.162	1	3	2	8879.99	0
6.163	1	1	3	1515.25	0
6.164	1	2	4	3257.48	0
6.166	1	4	6	6773.22	0
6.201	1	5	1	11450.3	0
6.202	1	3	2	2027.51	0
6.203	1	1	3	8519.24	0
6.204	1	2	4	1378.29	0
6.206	1	4	6	3244.12	0
6.241	1	5	1	2501.51	0
6.242	1	3	2	2306.47	0
6.243	1	1	3	7085.09	0
6.244	1	2	4	1983.33	0
6.246	1	4	6	3590.08	0
6.281	1	5	1	3131.98	0
6.282	1	3	2	5165.2	0
6.283	1	1	3	854.139	0
6.284	1	2	4	635.098	0
6.286	1	4	6	2157.59	0
6.321	1	5	1	2461.68	0
6.322	1	3	2	2070.62	0
6.323	1	1	3	2285.42	0
6.324	1	2	4	1671.18	0
6.326	1	4	6	2207.14	0
6.361	1	5	1	4697.77	0
6.362	1	3	2	4994.93	0
6.363	1	1	3	5796.93	0
6.364	1	2	4	3821.64	0
6.366	1	4	6	7210.04	0
6.401	1	5	1	4152.65	0
6.402	1	3	2	8035.39	0
6.403	1	1	3	2395.11	0
6.404	1	2	4	2396.89	0
6.406	1	4	6	9579.76	0
6.441	1	5	1	2019.17	0
6.442	1	3	2	3418.65	0
6.443	1	1	3	1695.65	0
6.444	1	2	4	2714.71	0
6.446	1	4	6	14387.4	0
6.481	1	5	1	6273.74	0
6.482	1	3	2	2514.82	0
6.483	1	1	3	5568.38	0
6.484	1	2	4	2883.69	0
6.486	1	4	6	26013.9	0
6.521	1	5	1	2016.44	0
6.522	1	3	2	2677.41	0
6.523	1	1	3	5176.86	0
6.524	1	2	4	2386.82	0
6.526	1	4	6	4428.23	0
6.561	1	5	1	6549.43	0
6.562	1	3	2	3129.05	0
6.563	1	1	3	9652.4	0
6.564	1	2	4	1720.65	0
6.566	1	4	6	10091	0
6.601	1	5	1	14147.2	0
6.602	1	3	2	7818.8	0
6.603	1	1	3	2707.58	0
6.604	1	2	4	1088.77	0
6.606	1	4	6	2035.82	0
6.641	1	5	1	2799.01	0
6.642	1	3	2	10225.9	0
6.643	1	1	3	2633.8	0
6.644	1	2	4	2299.31	0
6.646	1	4	6	7492.72	0
6.681	1	5	1	5152.47	0
6.682	1	3	2	16232.9	0
6.683	1	1	3	2322.06	0
6.684	1	2	4	3105.26	0
6.686	1	4	6	2861.16	0
6.721	1	5	1	7793.91	0
6.722	1	3	2	31526.4	0
6.723	1	1	3	3205.72	0
6.724	1	2	4	960.397	0
6.726	1	4	6	6591.81	0
6.761	1	5	1	13841	0
6.762	1	3	2	5170.01	0
6.763	1	1	3	1631.03	0
6.764	1	2	4	1651.81	0
6.766	1	4	6	17582.6	0
6.801	1	5	1	1318.33	0
6.802	1	3	2	8879.85	0
6.803	1	1	3	1862.84	0
6.804	1	2	4	3168.98	0
6.806	1	4	6	2777.27	0
6.841	1	5	1	1641.04	0
6.842	1	3	2	10771.1	0
6.843	1	1	3	3821.01	0
6.844	1	2	4	2999.25	0
6.846	1	4	6	1210.8	0
6.881	1	5	1	4202.99	0
6.882	1	3	2	2574.67	0
6.883	1	1	3	3147.14	0
6.884	1	2	4	1481.53	0
6.886	1	4	6	5897.13	0
6.921	1	5	1	6574.06	0
6.922	1	3	2	1854.38	0
6.923	1	1	3	10381.7	0
6.924	1	2	4	627.779	0
6.926	1	4	6	827.5	0
6.961	1	5	1	10832.3	0
6.962	1	3	2	3864.04	0
6.963	1	1	3	4624.9	0
6.964	1	2	4	738.261	0
6.966	1	4	6	2545.5	0
7.001	1	5	1	3143.25	0
7.002	1	3	2	6168.04	0
7.003	1	1	3	3427.39	0
7.004	1	2	4	1791.5	0
7.006	1	4	6	2414.42	0
7.041	1	5	1	3182.83	0
7.042	1	3	2	4040.3	0
7.043	1	1	3	6078.07	0
7.044	1	2	4	1349.63	0
7.046	1	4	6	4521.77	0
7.081	1	5	1	5662.07	0
7.082	1	3	2	2165.88	0
7.083	1	1	3	16519	0
7.084	1	2	4	2698.67	0
7.086	1	4	6	4928.02	0
7.121	1	5	1	5930.43	0
7.122	1	3	2	3213.59	0
7.123	1	1	3	6883.58	0
7.124	1	2	4	3174.99	0
7.126	1	4	6	3910.78	0
7.161	1	5	1	4352.15	0
7.162	1	3	2	5687.66	0
7.163	1	1	3	1479.2	0
7.164	1	2	4	1207.99	0
7.166	1	4	6	1016.68	0
7.201	1	5	1	8282.8	0
7.202	1	3	2	7958.86	0
7.203	1	1	3	4880.57	0
7.204	1	2	4	1604.15	0
7.206	1	4	6	1803.11	0
7.241	1	5	1	12016.1	0
7.242	1	3	2	15897	0
7.243	1	1	3	1993.24	0
7.244	1	2	4	2128.31	0
7.246	1	4	6	8764.62	0
7.281	1	5	1	9965.11	0
7.282	1	3	2	5615.44	0
7.283	1	1	3	2774.76	0
7.284	1	2	4	1307.23	0
7.286	1	4	6	1479.73	0
7.321	1	5	1	3019.15	0
7.322	1	3	2	4086.75	0
7.323	1	1	3	2175.16	0
7.324	1	2	4	2153.47	0
7.326	1	4	6	2705.9	0
7.361	1	5	1	8774.57	0
7.362	1	3	2	3933.43	0
7.363	1	1	3	3654.36	0
7.364	1	2	4	1551	0
7.366	1	4	6	9304.87	0
7.401	1	5	1	14385	0
7.402	1	3	2	2072.73	0
7.403	1	1	3	10242.7	0
7.404	1	2	4	2064.38	0
7.406	1	4	6	7980.61	0
7.441	1	5	1	5670.33	0
7.442	1	3	2	6527.9	0
7.443	1	1	3	2576.97	0
7.444	1	2	4	3206.07	0
7.446	1	4	6	14569.1	0
7.481	1	5	1	7360.4	0
7.482	1	3	2	21345.2	0
7.483	1	1	3	3635.43	0
7.484	1	2	4	1849.76	0
7.486	1	4	6	12094.9	0
7.521	1	5	1	4256.73	0
7.522	1	3	2	6221.83	0
7.523	1	1	3	1353.91	0
7.524	1	2	4	3944.56	0
7.526	1	4	6	633.754	0
7.561	1	5	1	776.049	0
7.562	1	3	2	11384.3	0
7.563	1	1	3	7225.74	0
7.564	1	2	4	3508.27	0
7.566	1	4	6	2237.76	0
7.601	1	5	1	3618.72	0
7.602	1	3	2	11021.9	0
7.603	1	1	3	4718.17	0
7.604	1	2	4	1224.4	0
7.606	1	4	6	1594.77	0
7.641	1	5	1	6427.42	0
7.642	1	3	2	8110.65	0
7.643	1	1	3	19629.1	0
7.644	1	2	4	2507.89	0
7.646	1	4	6	2400.56	0
7.681	1	5	1	1321.9	0
7.682	1	3	2	8106.91	0
7.683	1	1	3	19787.6	0
7.684	1	2	4	3233.03	0
7.686	1	4	6	4578.41	0
7.721	1	5	1	4963.23	0
7.722	1	3	2	11478.2	0
7.723	1	1	3	4803.5	0
7.724	1	2	4	1080.49	0
7.726	1	4	6	2482.93	0
7.761	1	5	1	4875.46	0
7.762	1	3	2	3151.34	0
7.763	1	1	3	1298.81	0
7.764	1	2	4	1250.07	0
7.766	1	4	6	8249.68	0
7.801	1	5	1	23526.4	0
7.802	1	3	2	1034.47	0
7.803	1	1	3	4335.3	0
7.804	1	2	4	2304.48	0
7.806	1	4	6	8397.48	0
7.841	1	5	1	62489.2	0
7.842	1	3	2	3303.82	0
7.843	1	1	3	1419.66	0
7.844	1	2	4	2286.97	0
7.846	1	4	6	20765.4	0
7.881	1	5	1	4277.06	0
7.882	1	3	2	3235.38	0
7.883	1	1	3	2413.93	0
7.884	1	2	4	2726.71	0
7.886	1	4	6	7192.11	0
7.921	1	5	1	4561.57	0
7.922	1	3	2	3487.14	0
7.923	1	1	3	5524.96	0
7.924	1	2	4	2304.22	0
7.926	1	4	6	2159.56	0
7.961	1	5	1	6508.89	0
7.962	1	3	2	6059.52	0
7.963	1	1	3	12155.4	0
7.964	1	2	4	1935.51	0
7.966	1	4	6	15191.3	0
8.001	1	5	1	1424.95	0
8.002	1	3	2	2662.74	0
8.003	1	1	3	17128.8	0
8.004	1	2	4	3195.87	0
8.006	1	4	6	3097.28	0
8.041	1	5	1	2284.88	0
8.042	1	3	2	2659.43	0
8.043	1	1	3	3899.64	0
8.044	1	2	4	2484	0
8.046	1	4	6	4854.28	0
8.081	1	5	1	3429.42	0
8.082	1	3	2	14944.5	0
8.083	1	1	3	11197	0
8.084	1	2	4	1019.45	0
8.086	1	4	6	7365.32	0
8.121	1	5	1	1309.68	0
8.122	1	3	2	10429.4	0
8.123	1	1	3	3397.74	0
8.124	1	2	4	908.269	0
8.126	1	4	6	2907.89	0
8.161	1	5	1	2085.76	0
8.162	1	3	2	32618.1	0
8.163	1	1	3	4281.29	0
8.164	1	2	4	1411.51	0
8.166	1	4	6	3342.72	0
8.201	1	5	1	1679.89	0
8.202	1	3	2	6142.18	0
8.203	1	1	3	8809.36	0
8.204	1	2	4	714.375	0
8.206	1	4	6	2562.41	0
8.241	1	5	1	420.288	0
8.242	1	3	2	4361.35	0
8.243	1	1	3	6812.9	0
8.244	1	2	4	998.219	0
8.246	1	4	6	2308.84	0
8.281	1	5	1	980.856	0
8.282	1	3	2	53169.8	0
8.283	1	1	3	7686.98	0
8.284	1	2	4	1184.03	0
8.286	1	4	6	6410.37	0
8.321	1	5	1	1667.79	0
8.322	1	3	2	6461.54	0
8.323	1	1	3	4356.21	0
8.324	1	2	4	487.253	0
8.326	1	4	6	9261.47	0
8.361	1	5	1	16608.4	0
8.362	1	3	2	2826.17	0
8.363	1	1	3	6314.44	0
8.364	1	2	4	1574.07	0
8.366	1	4	6	23732.6	0
8.401	1	5	1	2750.08	0
8.402	1	3	2	4585.46	0
8.403	1	1	3	3439.73	0
8.404	1	2	4	1362.32	0
8.406	1	4	6	44400.1	0
8.441	1	5	1	1827.25	0
8.442	1	3	2	3960.27	0
8.443	1	1	3	1028.65	0
8.444	1	2	4	1009.04	0
8.446	1	4	6	24767.1	0
8.481	1	5	1	19568.5	0
8.482	1	3	2	5387.19	0
8.483	1	1	3	2706.11	0
8.484	1	2	4	1699.26	0
8.486	1	4	6	2085.07	0
8.521	1	5	1	6843.66	0
8.522	1	3	2	13407.2	0
8.523	1	1	3	13086	0
8.524	1	2	4	693.642	0
8.526	1	4	6	14635.3	0
8.561	1	5	1	9649.16	0
8.562	1	3	2	12609.1	0
8.563	1	1	3	4234.81	0
8.564	1	2	4	3461.28	0
8.566	1	4	6	3294.25	0
8.601	1	5	1	1949.96	0
8.602	1	3	2	11101.3	0
8.603	1	1	3	1635.17	0
8.604	1	2	4	2106.71	0
8.606	1	4	6	1617.75	0
8.641	1	5	1	14896.4	0
8.642	1	3	2	12667.4	0
8.643	1	1	3	1555.31	0
8.644	1	2	4	826.73	0
8.646	1	4	6	1240.86	0
8.681	1	5	1	24660.1	0
8.682	1	3	2	5520.48	0
8.683	1	1	3	760.379	0
8.684	1	2	4	1129.87	0
8.686	1	4	6	2376.76	0
8.721	1	5	1	11756.4	0
8.722	1	3	2	6652.03	0
8.723	1	1	3	1781.4	0
8.724	1	2	4	620.353	0
8.726	1	4	6	983.292	0
8.761	1	5	1	11041.8	0
8.762	1	3	2	14499.6	0
8.763	1	1	3	2332.98	0
8.764	1	2	4	397.228	0
8.766	1	4	6	2368.35	0
8.801	1	5	1	3446.91	0
8.802	1	3	2	4312.27	0
8.803	1	1	3	2375.06	0
8.804	1	2	4	504.275	0
8.806	1	4	6	6713.24	0
8.841	1	5	1	7636.28	0
8.842	1	3	2	4468.72	0
8.843	1	1	3	7187.75	0
8.844	1	2	4	1166.72	0
8.846	1	4	6	2231.95	0
8.881	1	5	1	13716.3	0
8.882	1	3	2	11164.6	0
8.883	1	1	3	8289.89	0
8.884	1	2	4	1957.28	0
8.886	1	4	6	5821.28	0
8.921	1	5	1	3187.44	0
8.922	1	3	2	2707	0
8.923	1	1	3	1633.04	0
8.924	1	2	4	1335.41	0
8.926	1	4	6	10173.6	0
8.961	1	5	1	10986.8	0
8.962	1	3	2	2049.63	0
8.963	1	1	3	1911.24	0
8.964	1	2	4	712.845	0
8.966	1	4	6	7577.75	0
9.001	1	5	1	1224.49	0
9.002	1	3	2	5741.52	0
9.003	1	1	3	8871.56	0
9.004	1	2	4	3724.91	0
9.006	1	4	6	35354.6	0
9.041	1	5	1	1373.89	0
9.042	1	3	2	2927.16	0
9.043	1	1	3	4089.65	0
9.044	1	2	4	4187.38	0
9.046	1	4	6	12961.3	0
9.081	1	5	1	7817.71	0
9.082	1	3	2	2821.99	0
9.083	1	1	3	11137.4	0
9.084	1	2	4	3776.89	0
9.086	1	4	6	4967.37	0
9.121	1	5	1	6582.69	0
9.122	1	3	2	8483.19	0
9.123	1	1	3	4332.48	0
9.124	1	2	4	5285.98	0
9.126	1	4	6	1729.31	0
9.161	1	5	1	3288.21	0
9.162	1	3	2	6339.49	0
9.163	1	1	3	1945.97	0
9.164	1	2	4	3519.06	0
9.166	1	4	6	3696.52	0
9.201	1	5	1	12649	0
9.202	1	3	2	8251.99	0
9.203	1	1	3	4680.05	0
9.204	1	2	4	1523.95	0
9.206	1	4	6	7249.17	0
9.241	1	5	1	8378.28	0
9.242	1	3	2	4064.18	0
9.243	1	1	3	1116.48	0
9.244	1	2	4	2333.72	0
9.246	1	4	6	1096.79	0
9.281	1	5	1	14138.3	0
9.282	1	3	2	2853.1	0
9.283	1	1	3	9128.93	0
9.284	1	2	4	1001.54	0
9.286	1	4	6	5285.98	0
9.321	1	5	1	5133.68	0
9.322	1	3	2	3909.28	0
9.323	1	1	3	9123.24	0
9.324	1	2	4	2572.42	0
9.326	1	4	6	5838.23	0
9.361	1	5	1	1177.2	0
9.362	1	3	2	2080.03	0
9.363	1	1	3	567.069	0
9.364	1	2	4	3179.5	0
9.366	1	4	6	2644.75	0
9.401	1	5	1	6957.6	0
9.402	1	3	2	2577.25	0
9.403	1	1	3	9649.42	0
9.404	1	2	4	1099.09	0
9.406	1	4	6	3764.74	0
9.441	1	5	1	7202.91	0
9.442	1	3	2	3051.17	0
9.443	1	1	3	5014.86	0
9.444	1	2	4	1881.69	0
9.446	1	4	6	933.938	0
9.481	1	5	1	2876.77	0
9.482	1	3	2	1008.22	0
9.483	1	1	3	1289.33	0
9.484	1	2	4	1304.9	0
9.486	1	4	6	16379.5	0
9.521	1	5	1	6182.97	0
9.522	1	3	2	1215.48	0
9.523	1	1	3	12021.8	0
9.524	1	2	4	1627.07	0
9.526	1	4	6	522.64	0
9.561	1	5	1	2480	0
9.562	1	3	2	4966.28	0
9.563	1	1	3	9801.2	0
9.564	1	2	4	2323.56	0
9.566	1	4	6	375.64	0
9.601	1	5	1	4429.28	0
9.602	1	3	2	4309.32	0
9.603	1	1	3	7961.96	0
9.604	1	2	4	1601.09	0
9.606	1	4	6	251.543	0
9.641	1	5	1	6671.61	0
9.642	1	3	2	3670.08	0
9.643	1	1	3	15283.2	0
9.644	1	2	4	1206.33	0
9.646	1	4	6	3649.48	0
9.681	1	5	1	3922.39	0
9.682	1	3	2	10114.3	0
9.683	1	1	3	11564.1	0
9.684	1	2	4	1239.53	0
9.686	1	4	6	4236.32	0
9.721	1	5	1	5096.57	0
9.722	1	3	2	5434.45	0
9.723	1	1	3	5397.5	0
9.724	1	2	4	556.561	0
9.726	1	4	6	2999.28	0
9.761	1	5	1	10535	0
9.762	1	3	2	6179.08	0
9.763	1	1	3	4915.29	0
9.764	1	2	4	648.341	0
9.766	1	4	6	11155.7	0
9.801	1	5	1	1411.24	0
9.802	1	3	2	5973.14	0
9.803	1	1	3	11994	0
9.804	1	2	4	833.078	0
9.806	1	4	6	2465.42	0
9.841	1	5	1	12633.5	0
9.842	1	3	2	1229.72	0
9.843	1	1	3	13173.8	0
9.844	1	2	4	1057.37	0
9.846	1	4	6	5866.15	0
9.881	1	5	1	20765.4	0
9.882	1	3	2	1456.18	0
9.883	1	1	3	2261.07	0
9.884	1	2	4	1811.9	0
9.886	1	4	6	7868.35	0
9.921	1	5	1	7354.85	0
9.922	1	3	2	4944.86	0
9.923	1	1	3	4948.46	0
9.924	1	2	4	2252.85	0
9.926	1	4	6	4011.08	0
9.961	1	5	1	23617.4	0
9.962	1	3	2	1595.63	0
9.963	1	1	3	9787.99	0
9.964	1	2	4	2919.64	0
9.966	1	4	6	25162.1	0
10.001	1	5	1	4210.38	0
10.002	1	3	2	3281.29	0
10.003	1	1	3	3016.52	0
10.004	1	2	4	822.142	0
10.006	1	4	6	1350.53	0
10.041	1	5	1	2839.99	0
10.042	1	3	2	3226.61	0
10.043	1	1	3	5729.77	0
10.044	1	2	4	571.52	0
10.046	1	4	6	2489.6	0
10.081	1	5	1	801.043	0
10.082	1	3	2	6471.83	0
10.083	1	1	3	42088.4	0
10.084	1	2	4	2422.3	0
10.086	1	4	6	4275.81	0
10.121	1	5	1	17912.8	0
10.122	1	3	2	9530.45	0
10.123	1	1	3	2731.27	0
10.124	1	2	4	1175	0
10.126	1	4	6	4111.96	0
10.161	1	5	1	11633.3	0
10.162	1	3	2	1553.54	0
10.163	1	1	3	2946.28	0
10.164	1	2	4	1795.61	0
10.166	1	4	6	2003.42	0
10.201	1	5	1	4473.07	0
10.202	1	3	2	3346.47	0
10.203	1	1	3	7321.54	0
10.204	1	2	4	2413.95	0
10.206	1	4	6	3471.97	0
10.241	1	5	1	5391.61	0
10.242	1	3	2	3755.26	0
10.243	1	1	3	1101.91	0
10.244	1	2	4	2104.25	0
10.246	1	4	6	7917.69	0
10.281	1	5	1	2168.05	0
10.282	1	3	2	3655.55	0
10.283	1	1	3	8874.42	0
10.284	1	2	4	7438.71	0
10.286	1	4	6	1983.17	0
10.321	1	5	1	9155.22	0
10.322	1	3	2	11756	0
10.323	1	1	3	1484.08	0
10.324	1	2	4	5471.37	0
10.326	1	4	6	1920.08	0
10.361	1	5	1	4780.36	0
10.362	1	3	2	5517.23	0
10.363	1	1	3	2231.17	0
10.364	1	2	4	596.558	0
10.366	1	4	6	3534.44	0
10.401	1	5	1	1175.01	0
10.402	1	3	2	18230.6	0
10.403	1	1	3	5093.75	0
10.404	1	2	4	2498.18	0
10.406	1	4	6	4163.54	0
10.441	1	5	1	5750.53	0
10.442	1	3	2	10336.6	0
10.443	1	1	3	3322.37	0
10.444	1	2	4	1346.24	0
10.446	1	4	6	3198.2	0
10.481	1	5	1	11271.5	0
10.482	1	3	2	2261.65	0
10.483	1	1	3	5125.94	0
10.484	1	2	4	610.826	0
10.486	1	4	6	7265.88	0
10.521	1	5	1	2844.69	0
10.522	1	3	2	7951.02	0
10.523	1	1	3	6659.01	0
10.524	1	2	4	1439.72	0
10.526	1	4	6	3147.81	0
10.561	1	5	1	7512.22	0
10.562	1	3	2	6067.82	0
10.563	1	1	3	7726.88	0
10.564	1	2	4	687.897	0
10.566	1	4	6	629.544	0
10.601	1	5	1	8630.1	0
10.602	1	3	2	3393.52	0
10.603	1	1	3	2246.88	0
10.604	1	2	4	1174.6	0
10.606	1	4	6	811.425	0
10.641	1	5	1	5408.7	0
10.642	1	3	2	3650.02	0
10.643	1	1	3	998.12	0
10.644	1	2	4	1102.27	0
10.646	1	4	6	1482.38	0
10.681	1	5	1	5019.83	0
10.682	1	3	2	5440.18	0
10.683	1	1	3	2639.87	0
10.684	1	2	4	984.251	0
10.686	1	4	6	3621.2	0
10.721	1	5	1	17439.8	0
10.722	1	3	2	6683.01	0
10.723	1	1	3	2783.38	0
10.724	1	2	4	895.962	0
10.726	1	4	6	3811.66	0
10.761	1	5	1	5700.17	0
10.762	1	3	2	7678.17	0
10.763	1	1	3	5735.43	0
10.764	1	2	4	686.134	0
10.766	1	4	6	2072.93	0
10.801	1	5	1	1621.42	0
10.802	1	3	2	1592.34	0
10.803	1	1	3	9183.09	0
10.804	1	2	4	986.355	0
10.806	1	4	6	4823.54	0
10.841	1	5	1	10167.8	0
10.842	1	3	2	1234.76	0
10.843	1	1	3	1842.17	0
10.844	1	2	4	1650.73	0
10.846	1	4	6	4666.99	0
10.881	1	5	1	8542.44	0
10.882	1	3	2	6306.35	0
10.883	1	1	3	1637.98	0
10.884	1	2	4	1133.92	0
10.886	1	4	6	4963.02	0
10.921	1	5	1	3647.15	0
10.922	1	3	2	4868.28	0
10.923	1	1	3	1042.53	0
10.924	1	2	4	1056.33	0
10.926	1	4	6	3648.71	0
10.961	1	5	1	5385.62	0
10.962	1	3	2	3376.78	0
10.963	1	1	3	478.306	0
10.964	1	2	4	1034.9	0
10.966	1	4	6	3616.73	0
11.001	1	5	1	9249.81	0
11.002	1	3	2	15576	0
11.003	1	1	3	2122.28	0
11.004	1	2	4	5320.2	0
11.006	1	4	6	5267.52	0
11.041	1	5	1	4677.11	0
11.042	1	3	2	1713.27	0
11.043	1	1	3	4164.38	0
11.044	1	2	4	2659.09	0
11.046	1	4	6	8054.24	0
11.081	1	5	1	21555.9	0
11.082	1	3	2	1129.35	0
11.083	1	1	3	821.474	0
11.084	1	2	4	1730.73	0
11.086	1	4	6	5328.96	0
11.121	1	5	1	4100.66	0
11.122	1	3	2	7485.66	0
11.123	1	1	3	2468.44	0
11.124	1	2	4	2126.69	0
11.126	1	4	6	2437.7	0
11.161	1	5	1	1911.41	0
11.162	1	3	2	3700.05	0
11.163	1	1	3	5426.97	0
11.164	1	2	4	982.734	0
11.166	1	4	6	1145.72	0
11.201	1	5	1	1873.76	0
11.202	1	3	2	4317.25	0
11.203	1	1	3	1540.38	0
11.204	1	2	4	3188.59	0
11.206	1	4	6	5724.88	0
11.241	1	5	1	1231.79	0
11.242	1	3	2	10085.4	0
11.243	1	1	3	3438.27	0
11.244	1	2	4	2584.83	0
11.246	1	4	6	8445.58	0
11.281	1	5	1	4598.18	0
11.282	1	3	2	8344.35	0
11.283	1	1	3	1986.24	0
11.284	1	2	4	1087.76	0
11.286	1	4	6	1181.38	0
11.321	1	5	1	4947.63	0
11.322	1	3	2	50635.9	0
11.323	1	1	3	2034.5	0
11.324	1	2	4	1998.26	0
11.326	1	4	6	4096.76	0
11.361	1	5	1	1469.69	0
11.362	1	3	2	4080.83	0
11.363	1	1	3	4059.14	0
11.364	1	2	4	970.669	0
11.366	1	4	6	17706.1	0
11.401	1	5	1	4392.85	0
11.402	1	3	2	2411.58	0
11.403	1	1	3	3915.82	0
11.404	1	2	4	767.694	0
11.406	1	4	6	6454.78	0
11.441	1	5	1	5382.79	0
11.442	1	3	2	32495.2	0
11.443	1	1	3	2806.18	0
11.444	1	2	4	709.75	0
11.446	1	4	6	2766.57	0
11.481	1	5	1	4550.83	0
11.482	1	3	2	6332.48	0
11.483	1	1	3	2513.87	0
11.484	1	2	4	793.764	0
11.486	1	4	6	1097.03	0
11.521	1	5	1	1095.84	0
11.522	1	3	2	3885.5	0
11.523	1	1	3	7375.32	0
11.524	1	2	4	1520.41	0
11.526	1	4	6	10495.2	0
11.561	1	5	1	2257.08	0
11.562	1	3	2	5410.06	0
11.563	1	1	3	6726.55	0
11.564	1	2	4	632.297	0
11.566	1	4	6	1449.67	0
11.601	1	5	1	5344.14	0
11.602	1	3	2	3345.98	0
11.603	1	1	3	1657.29	0
11.604	1	2	4	731.138	0
11.606	1	4	6	3197.17	0
11.641	1	5	1	1253.02	0
11.642	1	3	2	9952.66	0
11.643	1	1	3	3427.02	0
11.644	1	2	4	1228.85	0
11.646	1	4	6	10384.6	0
11.681	1	5	1	941.061	0
11.682	1	3	2	3052.68	0
11.683	1	1	3	3217.09	0
11.684	1	2	4	1276.7	0
11.686	1	4	6	3996.13	0
11.721	1	5	1	5083.84	0
11.722	1	3	2	1490.12	0
11.723	1	1	3	2379.84	0
11.724	1	2	4	800.352	0
11.726	1	4	6	4236.24	0
11.761	1	5	1	7261.61	0
11.762	1	3	2	8022.29	0
11.763	1	1	3	8483.16	0
11.764	1	2	4	1878.15	0
11.766	1	4	6	2637.94	0
11.801	1	5	1	1855.87	0
11.802	1	3	2	16243.7	0
11.803	1	1	3	7606.67	0
11.804	1	2	4	3002.4	0
11.806	1	4	6	4158.08	0
11.841	1	5	1	3494.65	0
11.842	1	3	2	2376.92	0
11.843	1	1	3	10144.8	0
11.844	1	2	4	3178.61	0
11.846	1	4	6	6423.16	0
11.881	1	5	1	5973.58	0
11.882	1	3	2	26322	0
11.883	1	1	3	3037.8	0
11.884	1	2	4	2343.47	0
11.886	1	4	6	3481.03	0
11.921	1	5	1	2173.04	0
11.922	1	3	2	14155.6	0
11.923	1	1	3	2309.47	0
11.924	1	2	4	920.075	0
11.926	1	4	6	1992.37	0
11.961	1	5	1	3831.34	0
11.962	1	3	2	3074.57	0
11.963	1	1	3	11089.8	0
11.964	1	2	4	982.32	0
11.966	1	4	6	544.74	0
12.001	1	5	1	9611.92	0
12.002	1	3	2	1548.67	0
12.003	1	1	3	9073.45	0
12.004	1	2	4	3469.73	0
12.006	1	4	6	5392.44	0
12.041	1	5	1	1453.39	0
12.042	1	3	2	5571.11	0
12.043	1	1	3	7550.63	0
12.044	1	2	4	4396.94	0
12.046	1	4	6	9573.53	0
12.081	1	5	1	3121	0
12.082	1	3	2	9152.27	0
12.083	1	1	3	18874.4	0
12.084	1	2	4	2211.72	0
12.086	1	4	6	4359.75	0
12.121	1	5	1	3037.02	0
12.122	1	3	2	7240.48	0
12.123	1	1	3	45128.9	0
12.124	1	2	4	3296.55	0
12.126	1	4	6	8000.47	0
12.161	1	5	1	5353.54	0
12.162	1	3	2	16952.6	0
12.163	1	1	3	17634.5	0
12.164	1	2	4	3651.06	0
12.166	1	4	6	6280.06	0
12.201	1	5	1	2562.05	0
12.202	1	3	2	6512.38	0
12.203	1	1	3	3441.78	0
12.204	1	2	4	1723.86	0
12.206	1	4	6	2877.97	0
12.241	1	5	1	13796.9	0
12.242	1	3	2	6090.42	0
12.243	1	1	3	7666.14	0
12.244	1	2	4	2279.38	0
12.246	1	4	6	6339.93	0
12.281	1	5	1	9519.32	0
12.282	1	3	2	10272.7	0
12.283	1	1	3	2681.52	0
12.284	1	2	4	2088.19	0
12.286	1	4	6	5254.26	0
12.321	1	5	1	3820.37	0
12.322	1	3	2	1642.02	0
12.323	1	1	3	4309.99	0
12.324	1	2	4	2429.39	0
12.326	1	4	6	3407.58	0
12.361	1	5	1	3521.3	0
12.362	1	3	2	3055.48	0
12.363	1	1	3	9180.53	0
12.364	1	2	4	2418.65	0
12.366	1	4	6	3063.87	0
12.401	1	5	1	1859.67	0
12.402	1	3	2	4475.19	0
12.403	1	1	3	4487.46	0
12.404	1	2	4	843.776	0
12.406	1	4	6	9426.26	0
12.441	1	5	1	3233.82	0
12.442	1	3	2	4144.78	0
12.443	1	1	3	2090.82	0
12.444	1	2	4	908.918	0
12.446	1	4	6	19547.8	0
12.481	1	5	1	9801.16	0
12.482	1	3	2	5759.91	0
12.483	1	1	3	1754.88	0
12.484	1	2	4	1198.55	0
12.486	1	4	6	3599.61	0
12.521	1	5	1	20900.8	0
12.522	1	3	2	5574.69	0
12.523	1	1	3	7861.36	0
12.524	1	2	4	1960.87	0
12.526	1	4	6	6178.69	0
12.561	1	5	1	5855.91	0
12.562	1	3	2	10254.7	0
12.563	1	1	3	1801.62	0
12.564	1	2	4	501.075	0
12.566	1	4	6	1337.34	0
12.601	1	5	1	12184.9	0
12.602	1	3	2	7553.6	0
12.603	1	1	3	24166.3	0
12.604	1	2	4	3658.11	0
12.606	1	4	6	4515.32	0
12.641	1	5	1	5788.41	0
12.642	1	3	2	10713.9	0
12.643	1	1	3	10797.1	0
12.644	1	2	4	5120.62	0
12.646	1	4	6	11026.7	0
12.681	1	5	1	3149.91	0
12.682	1	3	2	12034.9	0
12.683	1	1	3	753.826	0
12.684	1	2	4	2020.55	0
12.686	1	4	6	3062.3	0
12.721	1	5	1	8687.51	0
12.722	1	3	2	2844.71	0
12.723	1	1	3	4109.75	0
12.724	1	2	4	1701.45	0
12.726	1	4	6	1724.72	0
12.761	1	5	1	3206.52	0
12.762	1	3	2	10401.9	0
12.763	1	1	3	4183.58	0
12.764	1	2	4	1045.39	0
12.766	1	4	6	3951.65	0
12.801	1	5	1	1063.13	0
12.802	1	3	2	7090.64	0
12.803	1	1	3	3070.83	0
12.804	1	2	4	2707.21	0
12.806	1	4	6	1276.23	0
12.841	1	5	1	1431.66	0
12.842	1	3	2	1409.6	0
12.843	1	1	3	1484.26	0
12.844	1	2	4	2776.07	0
12.846	1	4	6	3701.25	0
12.881	1	5	1	1348.86	0
12.882	1	3	2	4568.28	0
12.883	1	1	3	1095.57	0
12.884	1	2	4	814.765	0
12.886	1	4	6	8189.68	0
12.921	1	5	1	1610.16	0
12.922	1	3	2	8806.84	0
12.923	1	1	3	765.163	0
12.924	1	2	4	1988.68	0
12.926	1	4	6	11920.2	0
12.961	1	5	1	6755.64	0
12.962	1	3	2	34190.3	0
12.963	1	1	3	632.204	0
12.964	1	2	4	3272.28	0
12.966	1	4	6	6785.83	0
13.001	1	5	1	16388.1	0
13.002	1	3	2	2973.92	0
13.003	1	1	3	1654.69	0
13.004	1	2	4	259.35	0
13.006	1	4	6	1335.63	0
13.041	1	5	1	14606.6	0
13.042	1	3	2	4868.54	0
13.043	1	1	3	4597.5	0
13.044	1	2	4	1610	0
13.046	1	4	6	6464.78	0
13.081	1	5	1	3313.86	0
13.082	1	3	2	4004.22	0
13.083	1	1	3	1920.12	0
13.084	1	2	4	1943.36	0
13.086	1	4	6	9088.93	0
13.121	1	5	1	11188.1	0
13.122	1	3	2	4694.63	0
13.123	1	1	3	3632.2	0
13.124	1	2	4	1158.08	0
13.126	1	4	6	9418.8	0
13.161	1	5	1	7017.02	0
13.162	1	3	2	12040.4	0
13.163	1	1	3	10481.9	0
13.164	1	2	4	2852.05	0
13.166	1	4	6	8375.35	0
13.201	1	5	1	7236.49	0
13.202	1	3	2	9030.96	0
13.203	1	1	3	2332.83	0
13.204	1	2	4	1980.05	0
13.206	1	4	6	2173.87	0
13.241	1	5	1	12780.4	0
13.242	1	3	2	8405.53	0
13.243	1	1	3	10566.3	0
13.244	1	2	4	2643.61	0
13.246	1	4	6	3519.74	0
13.281	1	5	1	5889.77	0
13.282	1	3	2	3893.96	0
13.283	1	1	3	12983.5	0
13.284	1	2	4	2318.33	0
13.286	1	4	6	1504.42	0
13.321	1	5	1	4848.26	0
13.322	1	3	2	2908.21	0
13.323	1	1	3	13336.5	0
13.324	1	2	4	1550.95	0
13.326	1	4	6	1564.04	0
13.361	1	5	1	6130.88	0
13.362	1	3	2	4637.86	0
13.363	1	1	3	4522.25	0
13.364	1	2	4	4430.14	0
13.366	1	4	6	1975.42	0
13.401	1	5	1	9952.94	0
13.402	1	3	2	2246.99	0
13.403	1	1	3	3055.2	0
13.404	1	2	4	1630.64	0
13.406	1	4	6	827.525	0
13.441	1	5	1	2698.3	0
13.442	1	3	2	1545.07	0
13.443	1	1	3	2531.6	0
13.444	1	2	4	1713.27	0
13.446	1	4	6	3935.11	0
13.481	1	5	1	2428.21	0
13.482	1	3	2	7647	0
13.483	1	1	3	3462.3	0
13.484	1	2	4	3106.47	0
13.486	1	4	6	17528.3	0
13.521	1	5	1	4118.97	0
13.522	1	3	2	4887.66	0
13.523	1	1	3	7115.01	0
13.524	1	2	4	2142.72	0
13.526	1	4	6	5676.72	0
13.561	1	5	1	2895.2	0
13.562	1	3	2	5203.8	0
13.563	1	1	3	5009.58	0
13.564	1	2	4	2526.97	0
13.566	1	4	6	2827.38	0
13.601	1	5	1	4507.91	0
13.602	1	3	2	17098.7	0
13.603	1	1	3	3298.67	0
13.604	1	2	4	3567.96	0
13.606	1	4	6	7591.2	0
13.641	1	5	1	3509.63	0
13.642	1	3	2	8032.07	0
13.643	1	1	3	2690.64	0
13.644	1	2	4	2651.15	0
13.646	1	4	6	18130.8	0
13.681	1	5	1	1899.51	0
13.682	1	3	2	5364.76	0
13.683	1	1	3	1771.61	0
13.684	1	2	4	546.954	0
13.686	1	4	6	5134.79	0
13.721	1	5	1	6764.78	0
13.722	1	3	2	4917	0
13.723	1	1	3	2088.52	0
13.724	1	2	4	1690.5	0
13.726	1	4	6	5369.52	0
13.761	1	5	1	1576.14	0
13.762	1	3	2	8918.2	0
13.763	1	1	3	4307.79	0
13.764	1	2	4	2226.77	0
13.766	1	4	6	10447.6	0
13.801	1	5	1	1692.26	0
13.802	1	3	2	8621.72	0
13.803	1	1	3	2004.79	0
13.804	1	2	4	757.58	0
13.806	1	4	6	8254.08	0
13.841	1	5	1	4238.4	0
13.842	1	3	2	5732.31	0
13.843	1	1	3	4329.11	0
13.844	1	2	4	981.096	0
13.846	1	4	6	24484.5	0
13.881	1	5	1	1956.63	0
13.882	1	3	2	3228.68	0
13.883	1	1	3	10581.4	0
13.884	1	2	4	2442.59	0
13.886	1	4	6	7668.76	0
13.921	1	5	1	1954.22	0
13.922	1	3	2	11653.8	0
13.923	1	1	3	14785.6	0
13.924	1	2	4	2302.93	0
13.926	1	4	6	5844.54	0
13.961	1	5	1	1736.73	0
13.962	1	3	2	15301.4	0
13.963	1	1	3	3711.31	0
13.964	1	2	4	1385.3	0
13.966	1	4	6	11918.7	0
14.001	1	5	1	10246.8	0
14.002	1	3	2	2276.13	0
14.003	1	1	3	3954.06	0
14.004	1	2	4	2388.86	0
14.006	1	4	6	3919.8	0
14.041	1	5	1	4208.69	0
14.042	1	3	2	6588.88	0
14.043	1	1	3	4637.41	0
14.044	1	2	4	2003.85	0
14.046	1	4	6	3478.18	0
14.081	1	5	1	2706.1	0
14.082	1	3	2	2452.45	0
14.083	1	1	3	3217.18	0
14.084	1	2	4	2655.21	0
14.086	1	4	6	3904.6	0
14.121	1	5	1	5713.55	0
14.122	1	3	2	10747.4	0
14.123	1	1	3	10720.2	0
14.124	1	2	4	1981.94	0
14.126	1	4	6	8460.72	0
14.161	1	5	1	2622.4	0
14.162	1	3	2	6568.86	0
14.163	1	1	3	3053.78	0
14.164	1	2	4	675.542	0
14.166	1	4	6	1917.7	0
14.201	1	5	1	4107.31	0
14.202	1	3	2	2989	0
14.203	1	1	3	31955	0
14.204	1	2	4	1065.17	0
14.206	1	4	6	1251.82	0
14.241	1	5	1	6512.2	0
14.242	1	3	2	2962.9	0
14.243	1	1	3	7111.52	0
14.244	1	2	4	1159.24	0
14.246	1	4	6	5241.04	0
14.281	1	5	1	4661.27	0
14.282	1	3	2	3238.73	0
14.283	1	1	3	1194.66	0
14.284	1	2	4	1005.6	0
14.286	1	4	6	2743.1	0
14.321	1	5	1	2304.29	0
14.322	1	3	2	6207.46	0
14.323	1	1	3	7418.24	0
14.324	1	2	4	933.565	0
14.326	1	4	6	2013.46	0
14.361	1	5	1	2325.75	0
14.362	1	3	2	5887.5	0
14.363	1	1	3	7021.75	0
14.364	1	2	4	746.698	0
14.366	1	4	6	2297.71	0
14.401	1	5	1	6004.88	0
14.402	1	3	2	4934.89	0
14.403	1	1	3	5201.88	0
14.404	1	2	4	789.19	0
14.406	1	4	6	822.274	0
14.441	1	5	1	4847.82	0
14.442	1	3	2	13442.3	0
14.443	1	1	3	1802.22	0
14.444	1	2	4	1545.56	0
14.446	1	4	6	3032.73	0
14.481	1	5	1	1988.86	0
14.482	1	3	2	3739.87	0
14.483	1	1	3	908.796	0
14.484	1	2	4	1356.82	0
14.486	1	4	6	3152.28	0
14.521	1	5	1	2777.16	0
14.522	1	3	2	5929.86	0
14.523	1	1	3	23313	0
14.524	1	2	4	530.14	0
14.526	1	4	6	2302.32	0
14.561	1	5	1	4612.19	0
14.562	1	3	2	8006.34	0
14.563	1	1	3	14294.9	0
14.564	1	2	4	673.622	0
14.566	1	4	6	6831.69	0
14.601	1	5	1	5200.9	0
14.602	1	3	2	7832.86	0
14.603	1	1	3	14242.1	0
14.604	1	2	4	836.484	0
14.606	1	4	6	3193.81	0
14.641	1	5	1	5761.52	0
14.642	1	3	2	12724.1	0
14.643	1	1	3	27313.8	0
14.644	1	2	4	1100.12	0
14.646	1	4	6	3247.29	0
14.681	1	5	1	16698.6	0
14.682	1	3	2	6010.08	0
14.683	1	1	3	11212.8	0
14.684	1	2	4	1865.67	0
14.686	1	4	6	5387.88	0
14.721	1	5	1	11185.8	0
14.722	1	3	2	2660.35	0
14.723	1	1	3	2862.86	0
14.724	1	2	4	2272.6	0
14.726	1	4	6	7865.5	0
14.761	1	5	1	1607.66	0
14.762	1	3	2	8364.14	0
14.763	1	1	3	1239.66	0
14.764	1	2	4	3008.02	0
14.766	1	4	6	8434.28	0
14.801	1	5	1	915.829	0
14.802	1	3	2	5845.15	0
14.803	1	1	3	4894.85	0
14.804	1	2	4	3561.39	0
14.806	1	4	6	6696.31	0
14.841	1	5	1	646.621	0
14.842	1	3	2	6074.01	0
14.843	1	1	3	6927.06	0
14.844	1	2	4	1407.37	0
14.846	1	4	6	7356.64	0
14.881	1	5	1	872.613	0
14.882	1	3	2	9836.99	0
14.883	1	1	3	2334.41	0
14.884	1	2	4	754.08	0
14.886	1	4	6	3950.13	0
14.921	1	5	1	2416.81	0
14.922	1	3	2	2344.02	0
14.923	1	1	3	1982.73	0
14.924	1	2	4	2344.02	0
14.926	1	4	6	2277.62	0
14.961	1	5	1	9126.33	0
14.962	1	3	2	3375.26	0
14.963	1	1	3	10925	0
14.964	1	2	4	1520.82	0
14.966	1	4	6	5023.21	0
15.001	1	5	1	5676.49	0
15.002	1	3	2	1601.74	0
15.003	1	1	3	1586.88	0
15.004	1	2	4	1442.7	0
15.006	1	4	6	1682.56	0
15.041	1	5	1	12326.6	0
15.042	1	3	2	18064.3	0
15.043	1	1	3	4083.72	0
15.044	1	2	4	1643.93	0
15.046	1	4	6	1934.98	0
15.081	1	5	1	17351.4	0
15.082	1	3	2	7558.69	0
15.083	1	1	3	6957.9	0
15.084	1	2	4	739.751	0
15.086	1	4	6	2908.48	0
15.121	1	5	1	6877.61	0
15.122	1	3	2	5550.95	0
15.123	1	1	3	1938.22	0
15.124	1	2	4	4824.32	0
15.126	1	4	6	3891.45	0
15.161	1	5	1	2736.49	0
15.162	1	3	2	6566.79	0
15.163	1	1	3	8769.89	0
15.164	1	2	4	4243.3	0
15.166	1	4	6	2619.28	0
15.201	1	5	1	7467.96	0
15.202	1	3	2	2681.58	0
15.203	1	1	3	20910.9	0
15.204	1	2	4	1729.79	0
15.206	1	4	6	5788.33	0
15.241	1	5	1	4065.95	0
15.242	1	3	2	9663.17	0
15.243	1	1	3	7635.59	0
15.244	1	2	4	1553.64	0
15.246	1	4	6	2665.32	0
15.281	1	5	1	696.078	0
15.282	1	3	2	3873.67	0
15.283	1	1	3	6814.57	0
15.284	1	2	4	1207.52	0
15.286	1	4	6	1216.59	0
15.321	1	5	1	3872.58	0
15.322	1	3	2	2961.96	0
15.323	1	1	3	4200.49	0
15.324	1	2	4	3195.26	0
15.326	1	4	6	9253.5	0
15.361	1	5	1	4989.96	0
15.362	1	3	2	9559.37	0
15.363	1	1	3	1020.61	0
15.364	1	2	4	2105.61	0
15.366	1	4	6	10421.7	0
15.401	1	5	1	5234.12	0
15.402	1	3	2	1837.24	0
15.403	1	1	3	1287.62	0
15.404	1	2	4	853.957	0
15.406	1	4	6	10868.1	0
15.441	1	5	1	14947.3	0
15.442	1	3	2	4764.29	0
15.443	1	1	3	4413.84	0
15.444	1	2	4	2488.11	0
15.446	1	4	6	4066.73	0
15.481	1	5	1	11822.4	0
15.482	1	3	2	11694.3	0
15.483	1	1	3	7340.11	0
15.484	1	2	4	3318.03	0
15.486	1	4	6	5842.34	0
15.521	1	5	1	11747.7	0
15.522	1	3	2	1695.36	0
15.523	1	1	3	3036.53	0
15.524	1	2	4	2021.8	0
15.526	1	4	6	12781.1	0
15.561	1	5	1	2888.95	0
15.562	1	3	2	813.814	0
15.563	1	1	3	3185.97	0
15.564	1	2	4	2130.21	0
15.566	1	4	6	4416.39	0
15.601	1	5	1	8511.65	0
15.602	1	3	2	2328.96	0
15.603	1	1	3	2666.36	0
15.604	1	2	4	1191.3	0
15.606	1	4	6	4287.07	0
15.641	1	5	1	16146.8	0
15.642	1	3	2	5721.01	0
15.643	1	1	3	5840.34	0
15.644	1	2	4	1348.66	0
15.646	1	4	6	6891.79	0
15.681	1	5	1	6715.45	0
15.682	1	3	2	21990	0
15.683	1	1	3	3255.09	0
15.684	1	2	4	856.372	0
15.686	1	4	6	4400.8	0
15.721	1	5	1	16260.2	0
15.722	1	3	2	23432	0
15.723	1	1	3	6949.99	0
15.724	1	2	4	507.964	0
15.726	1	4	6	3238.69	0
15.761	1	5	1	5074.69	0
15.762	1	3	2	16299.5	0
15.763	1	1	3	6445.13	0
15.764	1	2	4	791.146	0
15.766	1	4	6	3167.61	0
15.801	1	5	1	6130.43	0
15.802	1	3	2	30074.4	0
15.803	1	1	3	950.763	0
15.804	1	2	4	882.767	0
15.806	1	4	6	2129.8	0
15.841	1	5	1	15088	0
15.842	1	3	2	9347.02	0
15.843	1	1	3	1548.17	0
15.844	1	2	4	1428.71	0
15.846	1	4	6	1340.93	0
15.881	1	5	1	5600.21	0
15.882	1	3	2	6421.5	0
15.883	1	1	3	4593.98	0
15.884	1	2	4	2114.08	0
15.886	1	4	6	4011.28	0
15.921	1	5	1	10633.1	0
15.922	1	3	2	3750.9	0
15.923	1	1	3	1579	0
15.924	1	2	4	2474.18	0
15.926	1	4	6	1941.66	0
15.961	1	5	1	2356.74	0
15.962	1	3	2	3912.86	0
15.963	1	1	3	1701.68	0
15.964	1	2	4	3507.98	0
15.966	1	4	6	2506.61	0
16.001	1	5	1	5101.22	0
16.002	1	3	2	1100.01	0
16.003	1	1	3	5035.89	0
16.004	1	2	4	1205.36	0
16.006	1	4	6	1236.65	0
16.041	1	5	1	7595.42	0
16.042	1	3	2	8923.26	0
16.043	1	1	3	6242.32	0
16.044	1	2	4	1058.78	0
16.046	1	4	6	6385.99	0
16.081	1	5	1	14621.4	0
16.082	1	3	2	13067.1	0
16.083	1	1	3	6955.6	0
16.084	1	2	4	968.909	0
16.086	1	4	6	3570.16	0
16.121	1	5	1	6206.17	0
16.122	1	3	2	11799	0
16.123	1	1	3	3305.29	0
16.124	1	2	4	851.31	0
16.126	1	4	6	1856.97	0
16.161	1	5	1	8338.96	0
16.162	1	3	2	7348.59	0
16.163	1	1	3	2867.68	0
16.164	1	2	4	670.646	0
16.166	1	4	6	2291.32	0
16.201	1	5	1	5972.11	0
16.202	1	3	2	6923.62	0
16.203	1	1	3	4733.35	0
16.204	1	2	4	1196.97	0
16.206	1	4	6	985.791	0
16.241	1	5	1	3028.69	0
16.242	1	3	2	5708.28	0
16.243	1	1	3	4056.01	0
16.244	1	2	4	1621.51	0
16.246	1	4	6	837.438	0
16.281	1	5	1	1839.33	0
16.282	1	3	2	1455.06	0
16.283	1	1	3	4886.04	0
16.284	1	2	4	996.168	0
16.286	1	4	6	1709.04	0
16.321	1	5	1	2883.92	0
16.322	1	3	2	914.973	0
16.323	1	1	3	14894.8	0
16.324	1	2	4	1147.56	0
16.326	1	4	6	2368.97	0
16.361	1	5	1	2450.16	0
16.362	1	3	2	1517.69	0
16.363	1	1	3	7600.6	0
16.364	1	2	4	876.598	0
16.366	1	4	6	2590.37	0
16.401	1	5	1	5759.57	0
16.402	1	3	2	3414.17	0
16.403	1	1	3	3421.46	0
16.404	1	2	4	1453.15	0
16.406	1	4	6	3489.36	0
16.441	1	5	1	7650.35	0
16.442	1	3	2	11271.7	0
16.443	1	1	3	7827.1	0
16.444	1	2	4	4369.9	0
16.446	1	4	6	2713.55	0
16.481	1	5	1	2496.44	0
16.482	1	3	2	8430.26	0
16.483	1	1	3	13398.3	0
16.484	1	2	4	3710.92	0
16.486	1	4	6	2108.4	0
16.521	1	5	1	1192.14	0
16.522	1	3	2	3779.27	0
16.523	1	1	3	2989.9	0
16.524	1	2	4	2842.44	0
16.526	1	4	6	3417.94	0
16.561	1	5	1	4968.01	0
16.562	1	3	2	2029.65	0
16.563	1	1	3	1032.72	0
16.564	1	2	4	2977.27	0
16.566	1	4	6	5595.81	0
16.601	1	5	1	4295.7	0
16.602	1	3	2	8519.4	0
16.603	1	1	3	564.761	0
16.604	1	2	4	886.504	0
16.606	1	4	6	2639.67	0
16.641	1	5	1	3872.09	0
16.642	1	3	2	6512.91	0
16.643	1	1	3	3132.82	0
16.644	1	2	4	1467.4	0
16.646	1	4	6	1477.39	0
16.681	1	5	1	6239.81	0
16.682	1	3	2	5239.31	0
16.683	1	1	3	17051	0
16.684	1	2	4	2329.02	0
16.686	1	4	6	1116.24	0
16.721	1	5	1	6849.13	0
16.722	1	3	2	10306.5	0
16.723	1	1	3	29089.9	0
16.724	1	2	4	2324	0
16.726	1	4	6	1148.01	0
16.761	1	5	1	1481.58	0
16.762	1	3	2	3498.24	0
16.763	1	1	3	4152.74	0
16.764	1	2	4	2755.89	0
16.766	1	4	6	2799.31	0
16.801	1	5	1	635.793	0
16.802	1	3	2	4315.63	0
16.803	1	1	3	11376.4	0
16.804	1	2	4	2169.14	0
16.806	1	4	6	6118.09	0
16.841	1	5	1	799.723	0
16.842	1	3	2	6350.39	0
16.843	1	1	3	10196.3	0
16.844	1	2	4	2027.67	0
16.846	1	4	6	3661.13	0
16.881	1	5	1	2560.07	0
16.882	1	3	2	1233.24	0
16.883	1	1	3	2987.91	0
16.884	1	2	4	2858.18	0
16.886	1	4	6	6050.06	0
16.921	1	5	1	8509.12	0
16.922	1	3	2	2036.9	0
16.923	1	1	3	5658.62	0
16.924	1	2	4	2384.69	0
16.926	1	4	6	5261.25	0
16.961	1	5	1	6106.38	0
16.962	1	3	2	3141.32	0
16.963	1	1	3	1329.5	0
16.964	1	2	4	1391.07	0
16.966	1	4	6	4753.48	0
17.001	1	5	1	2940.69	0
17.002	1	3	2	17639.7	0
17.003	1	1	3	2187.94	0
17.004	1	2	4	2936.43	0
17.006	1	4	6	11204.6	0
17.041	1	5	1	10739.8	0
17.042	1	3	2	16131.4	0
17.043	1	1	3	5759.89	0
17.044	1	2	4	2726.77	0
17.046	1	4	6	7172.78	0
17.081	1	5	1	12540.7	0
17.082	1	3	2	5446.12	0
17.083	1	1	3	6168.54	0
17.084	1	2	4	1301.64	0
17.086	1	4	6	24834.8	0
17.121	1	5	1	9645.83	0
17.122	1	3	2	8503.52	0
17.123	1	1	3	4023.46	0
17.124	1	2	4	792.671	0
17.126	1	4	6	48944.7	0
17.161	1	5	1	2099.02	0
17.162	1	3	2	4972.61	0
17.163	1	1	3	2204.76	0
17.164	1	2	4	838.402	0
17.166	1	4	6	8187.15	0
17.201	1	5	1	1423.93	0
17.202	1	3	2	2798.82	0
17.203	1	1	3	1331.68	0
17.204	1	2	4	871.585	0
17.206	1	4	6	2685.19	0
17.241	1	5	1	12392.8	0
17.242	1	3	2	15288.6	0
17.243	1	1	3	3888.29	0
17.244	1	2	4	1224.07	0
17.246	1	4	6	2445.88	0
17.281	1	5	1	4840.16	0
17.282	1	3	2	8833.11	0
17.283	1	1	3	4721.69	0
17.284	1	2	4	2062.27	0
17.286	1	4	6	1296.43	0
17.321	1	5	1	735.627	0
17.322	1	3	2	5859.9	0
17.323	1	1	3	3273.91	0
17.324	1	2	4	1417.89	0
17.326	1	4	6	2954.06	0
17.361	1	5	1	2060.31	0
17.362	1	3	2	10044.8	0
17.363	1	1	3	9880.26	0
17.364	1	2	4	1110.76	0
17.366	1	4	6	1981.67	0
17.401	1	5	1	1868.77	0
17.402	1	3	2	5143.67	0
17.403	1	1	3	13616.6	0
17.404	1	2	4	696.979	0
17.406	1	4	6	1662.09	0
17.441	1	5	1	4620.91	0
17.442	1	3	2	2625.37	0
17.443	1	1	3	6220.63	0
17.444	1	2	4	357.149	0
17.446	1	4	6	6891.72	0
17.481	1	5	1	2320.79	0
17.482	1	3	2	2441.45	0
17.483	1	1	3	3280.76	0
17.484	1	2	4	257.731	0
17.486	1	4	6	3190.27	0
17.521	1	5	1	16970.3	0
17.522	1	3	2	3081.06	0
17.523	1	1	3	3515.9	0
17.524	1	2	4	1391.98	0
17.526	1	4	6	22283.6	0
17.561	1	5	1	6294.88	0
17.562	1	3	2	9358.37	0
17.563	1	1	3	2440.82	0
17.564	1	2	4	1971.88	0
17.566	1	4	6	23336.2	0
17.601	1	5	1	5128.41	0
17.602	1	3	2	6499	0
17.603	1	1	3	3117.07	0
17.604	1	2	4	3661.31	0
17.606	1	4	6	11077.1	0
17.641	1	5	1	1993	0
17.642	1	3	2	22063.1	0
17.643	1	1	3	4041.21	0
17.644	1	2	4	2002.35	0
17.646	1	4	6	5530.66	0
17.681	1	5	1	5015.09	0
17.682	1	3	2	16269.3	0
17.683	1	1	3	4660.45	0
17.684	1	2	4	2014.47	0
17.686	1	4	6	1252.52	0
17.721	1	5	1	2197.18	0
17.722	1	3	2	2933.23	0
17.723	1	1	3	1762.83	0
17.724	1	2	4	3917.32	0
17.726	1	4	6	3244.35	0
17.761	1	5	1	342.87	0
17.762	1	3	2	10185.9	0
17.763	1	1	3	1805.72	0
17.764	1	2	4	2617.79	0
17.766	1	4	6	1028.69	0
17.801	1	5	1	1945.06	0
17.802	1	3	2	17029	0
17.803	1	1	3	1084.41	0
17.804	1	2	4	2809.03	0
17.806	1	4	6	3255.24	0
17.841	1	5	1	18827.5	0
17.842	1	3	2	1870.95	0
17.843	1	1	3	2295.97	0
17.844	1	2	4	2887.29	0
17.846	1	4	6	11616.9	0
17.881	1	5	1	2734.77	0
17.882	1	3	2	2097.41	0
17.883	1	1	3	1569.69	0
17.884	1	2	4	1434.85	0
17.886	1	4	6	5192.07	0
17.921	1	5	1	6893.66	0
17.922	1	3	2	5425.22	0
17.923	1	1	3	1804.58	0
17.924	1	2	4	819.143	0
17.926	1	4	6	3418.11	0
17.961	1	5	1	7672.42	0
17.962	1	3	2	4104.42	0
17.963	1	1	3	5586.41	0
17.964	1	2	4	815.168	0
17.966	1	4	6	2239.78	0
18.001	1	5	1	4423.11	0
18.002	1	3	2	15367.8	0
18.003	1	1	3	13149.1	0
18.004	1	2	4	1302.38	0
18.006	1	4	6	1170.81	0
18.041	1	5	1	1665.87	0
18.042	1	3	2	5817.82	0
18.043	1	1	3	15460.5	0
18.044	1	2	4	2109.2	0
18.046	1	4	6	2048.96	0
18.081	1	5	1	2453.5	0
18.082	1	3	2	17650.2	0
18.083	1	1	3	6568.74	0
18.084	1	2	4	1624.4	0
18.086	1	4	6	6368.23	0
18.121	1	5	1	1327.77	0
18.122	1	3	2	7274.12	0
18.123	1	1	3	5719.6	0
18.124	1	2	4	1927.33	0
18.126	1	4	6	1706.66	0
18.161	1	5	1	1792.95	0
18.162	1	3	2	3330.82	0
18.163	1	1	3	3980.9	0
18.164	1	2	4	3231.85	0
18.166	1	4	6	1590.98	0
18.201	1	5	1	6666.41	0
18.202	1	3	2	9488	0
18.203	1	1	3	3548.79	0
18.204	1	2	4	1941.43	0
18.206	1	4	6	1196.01	0
18.241	1	5	1	3387.6	0
18.242	1	3	2	5553.62	0
18.243	1	1	3	8361.99	0
18.244	1	2	4	1458.73	0
18.246	1	4	6	514.507	0
18.281	1	5	1	4288.87	0
18.282	1	3	2	10860.3	0
18.283	1	1	3	2431.18	0
18.284	1	2	4	480.038	0
18.286	1	4	6	598.276	0
18.321	1	5	1	5961.66	0
18.322	1	3	2	11243.7	0
18.323	1	1	3	3230.64	0
18.324	1	2	4	1105.49	0
18.326	1	4	6	5044.52	0
18.361	1	5	1	1129.47	0
18.362	1	3	2	9357.62	0
18.363	1	1	3	4581.6	0
18.364	1	2	4	2392.06	0
18.366	1	4	6	13015.8	0
18.401	1	5	1	2542.28	0
18.402	1	3	2	3623.63	0
18.403	1	1	3	1400.11	0
18.404	1	2	4	889.698	0
18.406	1	4	6	5346.24	0
18.441	1	5	1	10297.8	0
18.442	1	3	2	5835.93	0
18.443	1	1	3	9069.2	0
18.444	1	2	4	2373.06	0
18.446	1	4	6	11935.1	0
18.481	1	5	1	6137.03	0
18.482	1	3	2	11527.3	0
18.483	1	1	3	3329.42	0
18.484	1	2	4	1930.48	0
18.486	1	4	6	6004.86	0
18.521	1	5	1	10808.9	0
18.522	1	3	2	2886.04	0
18.523	1	1	3	5368.63	0
18.524	1	2	4	3132.44	0
18.526	1	4	6	3764.43	0
18.561	1	5	1	3209.45	0
18.562	1	3	2	2288.88	0
18.563	1	1	3	1739.29	0
18.564	1	2	4	2306.07	0
18.566	1	4	6	4186.97	0
18.601	1	5	1	4466.19	0
18.602	1	3	2	6370.96	0
18.603	1	1	3	2079.55	0
18.604	1	2	4	1076.1	0
18.606	1	4	6	1569.81	0
18.641	1	5	1	10987.3	0
18.642	1	3	2	5156.29	0
18.643	1	1	3	818.506	0
18.644	1	2	4	761.478	0
18.646	1	4	6	1257.26	0
18.681	1	5	1	10591.2	0
18.682	1	3	2	1323.79	0
18.683	1	1	3	698.576	0
18.684	1	2	4	883.335	0
18.686	1	4	6	2550.44	0
18.721	1	5	1	7549.99	0
18.722	1	3	2	3932.03	0
18.723	1	1	3	2351.1	0
18.724	1	2	4	861.732	0
18.726	1	4	6	3132.97	0
18.761	1	5	1	752.955	0
18.762	1	3	2	4353.6	0
18.763	1	1	3	4670.34	0
18.764	1	2	4	1515.66	0
18.766	1	4	6	13608.7	0
18.801	1	5	1	2006.73	0
18.802	1	3	2	1960.53	0
18.803	1	1	3	1987.96	0
18.804	1	2	4	2014.62	0
18.806	1	4	6	6600.19	0
18.841	1	5	1	10655.3	0
18.842	1	3	2	1460.53	0
18.843	1	1	3	5608.5	0
18.844	1	2	4	1229.75	0
18.846	1	4	6	5112.7	0
18.881	1	5	1	1108.58	0
18.882	1	3	2	2712.22	0
18.883	1	1	3	6869.64	0
18.884	1	2	4	1082.04	0
18.886	1	4	6	3974.35	0
18.921	1	5	1	3703.16	0
18.922	1	3	2	9980.61	0
18.923	1	1	3	12766.9	0
18.924	1	2	4	518.479	0
18.926	1	4	6	1058.12	0
18.961	1	5	1	8059.95	0
18.962	1	3	2	10461.4	0
18.963	1	1	3	8114.6	0
18.964	1	2	4	368.54	0
18.966	1	4	6	1117.96	0
19.001	1	5	1	9405.53	0
19.002	1	3	2	8372.72	0
19.003	1	1	3	7822.92	0
19.004	1	2	4	1796.67	0
19.006	1	4	6	3165.24	0
19.041	1	5	1	7954.2	0
19.042	1	3	2	5218.09	0
19.043	1	1	3	12639.8	0
19.044	1	2	4	1345.58	0
19.046	1	4	6	2088.2	0
19.081	1	5	1	7837.85	0
19.082	1	3	2	15571.3	0
19.083	1	1	3	17102.6	0
19.084	1	2	4	651.451	0
19.086	1	4	6	2824.37	0
19.121	1	5	1	13376.3	0
19.122	1	3	2	2017.72	0
19.123	1	1	3	9326.48	0
19.124	1	2	4	3348.23	0
19.126	1	4	6	6562.22	0
19.161	1	5	1	10356.7	0
19.162	1	3	2	3811.73	0
19.163	1	1	3	4067.35	0
19.164	1	2	4	3137.6	0
19.166	1	4	6	5247.46	0
19.201	1	5	1	9827.13	0
19.202	1	3	2	2806.21	0
19.203	1	1	3	7321.93	0
19.204	1	2	4	2239.3	0
19.206	1	4	6	767.406	0
19.241	1	5	1	2827.58	0
19.242	1	3	2	3040.89	0
19.243	1	1	3	5021.23	0
19.244	1	2	4	3158.3	0
19.246	1	4	6	7216.03	0
19.281	1	5	1	1137.59	0
19.282	1	3	2	8836.65	0
19.283	1	1	3	2631.73	0
19.284	1	2	4	2057.53	0
19.286	1	4	6	5836.3	0
19.321	1	5	1	1480.6	0
19.322	1	3	2	5879.12	0
19.323	1	1	3	5847.36	0
19.324	1	2	4	1485.97	0
19.326	1	4	6	837.574	0
19.361	1	5	1	2166.19	0
19.362	1	3	2	25822.7	0
19.363	1	1	3	15624.6	0
19.364	1	2	4	847.511	0
19.366	1	4	6	3915.65	0
19.401	1	5	1	2458.93	0
19.402	1	3	2	21374.2	0
19.403	1	1	3	4054.35	0
19.404	1	2	4	778.692	0
19.406	1	4	6	1506.78	0
19.441	1	5	1	8747.6	0
19.442	1	3	2	11396	0
19.443	1	1	3	1367.93	0
19.444	1	2	4	1433.51	0
19.446	1	4	6	608.19	0
19.481	1	5	1	9238.99	0
19.482	1	3	2	29276.6	0
19.483	1	1	3	2288.85	0
19.484	1	2	4	799.447	0
19.486	1	4	6	1720.03	0
19.521	1	5	1	21314.7	0
19.522	1	3	2	5347.89	0
19.523	1	1	3	2585.96	0
19.524	1	2	4	1233.08	0
19.526	1	4	6	1665.91	0
19.561	1	5	1	3958.19	0
19.562	1	3	2	2867.91	0
19.563	1	1	3	4520.29	0
19.564	1	2	4	1992.89	0
19.566	1	4	6	7430.36	0
19.601	1	5	1	871.281	0
19.602	1	3	2	2245.47	0
19.603	1	1	3	5905.25	0
19.604	1	2	4	2340.22	0
19.606	1	4	6	4351.55	0
19.641	1	5	1	4069.74	0
19.642	1	3	2	1369.69	0
19.643	1	1	3	1572.8	0
19.644	1	2	4	3249.42	0
19.646	1	4	6	4807.39	0
19.681	1	5	1	5213.2	0
19.682	1	3	2	1976.88	0
19.683	1	1	3	3055.36	0
19.684	1	2	4	3320.79	0
19.686	1	4	6	11532.2	0
19.721	1	5	1	4509.38	0
19.722	1	3	2	8102.24	0
19.723	1	1	3	5838	0
19.724	1	2	4	964.984	0
19.726	1	4	6	4484.61	0
19.761	1	5	1	7165.71	0
19.762	1	3	2	37822.1	0
19.763	1	1	3	2988.31	0
19.764	1	2	4	1071.78	0
19.766	1	4	6	9708.26	0
19.801	1	5	1	5573.45	0
19.802	1	3	2	29722	0
19.803	1	1	3	2519.11	0
19.804	1	2	4	2411.18	0
19.806	1	4	6	22388.7	0
19.841	1	5	1	5922.04	0
19.842	1	3	2	14463.4	0
19.843	1	1	3	1650.55	0
19.844	1	2	4	1189.22	0
19.846	1	4	6	5875.41	0
19.881	1	5	1	4591.22	0
19.882	1	3	2	21858.3	0
19.883	1	1	3	5007.59	0
19.884	1	2	4	648.371	0
19.886	1	4	6	5808.78	0
19.921	1	5	1	2984.36	0
19.922	1	3	2	8068.65	0
19.923	1	1	3	5898.76	0
19.924	1	2	4	2026.44	0
19.926	1	4	6	1534.52	0
19.961	1	5	1	4734.51	0
19.962	1	3	2	4334.13	0
19.963	1	1	3	963.765	0
19.964	1	2	4	2589.65	0
19.966	1	4	6	11185.4	0
20.001	1	5	1	16364.2	0
20.002	1	3	2	2592.72	0
20.003	1	1	3	3854.85	0
20.004	1	2	4	1102.27	0
20.006	1	4	6	17655.8	0
20.041	1	5	1	12360.5	0
20.042	1	3	2	2737.36	0
20.043	1	1	3	11341.9	0
20.044	1	2	4	984.251	0
20.046	1	4	6	16957	0
20.081	1	5	1	3175.7	0
20.082	1	3	2	1469.34	0
20.083	1	1	3	13111.4	0
20.084	1	2	4	895.962	0
20.086	1	4	6	7240.39	0
20.121	1	5	1	14485	0
20.122	1	3	2	1677.78	0
20.123	1	1	3	11965.6	0
20.124	1	2	4	686.134	0
20.126	1	4	6	2169.5	0
20.161	1	5	1	6024.54	0
20.162	1	3	2	1865.35	0
20.163	1	1	3	6852	0
20.164	1	2	4	986.355	0
20.166	1	4	6	792.426	0
20.201	1	5	1	1672.5	0
20.202	1	3	2	2458.47	0
20.203	1	1	3	6536.17	0
20.204	1	2	4	1650.73	0
20.206	1	4	6	1886.94	0
20.241	1	5	1	3719.08	0
20.242	1	3	2	5311.63	0
20.243	1	1	3	7617.58	0
20.244	1	2	4	1133.92	0
20.246	1	4	6	3635.75	0
20.281	1	5	1	1164.25	0
20.282	1	3	2	7723.03	0
20.283	1	1	3	2829.7	0
20.284	1	2	4	1056.33	0
20.286	1	4	6	1053.61	0
20.321	1	5	1	14325.3	0
20.322	1	3	2	6023.1	0
20.323	1	1	3	1681.42	0
20.324	1	2	4	1034.9	0
20.326	1	4	6	1964.47	0
20.361	1	5	1	12367	0
20.362	1	3	2	11669.5	0
20.363	1	1	3	8167.11	0
20.364	1	2	4	989.837	0
20.366	1	4	6	4412.72	0
20.401	1	5	1	367.31	0
20.402	1	3	2	8360.61	0
20.403	1	1	3	12813.1	0
20.404	1	2	4	3731.36	0
20.406	1	4	6	4764.4	0
20.441	1	5	1	4850.36	0
20.442	1	3	2	2293.59	0
20.443	1	1	3	8385.23	0
20.444	1	2	4	4345.75	0
20.446	1	4	6	8158.73	0
20.481	1	5	1	6504.84	0
20.482	1	3	2	3511.69	0
20.483	1	1	3	8094.28	0
20.484	1	2	4	1685.98	0
20.486	1	4	6	7821.56	0
20.521	1	5	1	2970.35	0
20.522	1	3	2	9153.39	0
20.523	1	1	3	9326.57	0
20.524	1	2	4	2651	0
20.526	1	4	6	3510.45	0
20.561	1	5	1	10028.4	0
20.562	1	3	2	12468.6	0
20.563	1	1	3	9290.53	0
20.564	1	2	4	2941.16	0
20.566	1	4	6	2385.68	0
20.601	1	5	1	6920.65	0
20.602	1	3	2	1848.25	0
20.603	1	1	3	7047.74	0
20.604	1	2	4	1672.24	0
20.606	1	4	6	5204.08	0
20.641	1	5	1	10709.6	0
20.642	1	3	2	2117.84	0
20.643	1	1	3	23348.7	0
20.644	1	2	4	1369.09	0
20.646	1	4	6	3406.75	0
20.681	1	5	1	1249.08	0
20.682	1	3	2	924.84	0
20.683	1	1	3	11706.3	0
20.684	1	2	4	578.892	0
20.686	1	4	6	9496.86	0
20.721	1	5	1	917.158	0
20.722	1	3	2	980.135	0
20.723	1	1	3	5842.27	0
20.724	1	2	4	1169.56	0
20.726	1	4	6	11309.6	0
20.761	1	5	1	2596.42	0
20.762	1	3	2	3153.9	0
20.763	1	1	3	7832.58	0
20.764	1	2	4	1190.35	0
20.766	1	4	6	20188.1	0
20.801	1	5	1	1868.42	0
20.802	1	3	2	3743.39	0
20.803	1	1	3	5222.52	0
20.804	1	2	4	986.77	0
20.806	1	4	6	79274.3	0
20.841	1	5	1	1411.2	0
20.842	1	3	2	5810.35	0
20.843	1	1	3	9053.05	0
20.844	1	2	4	1972.63	0
20.846	1	4	6	12805.7	0
20.881	1	5	1	5848.99	0
20.882	1	3	2	40794.4	0
20.883	1	1	3	16191.1	0
20.884	1	2	4	1408.36	0
20.886	1	4	6	604.414	0
20.921	1	5	1	11285.6	0
20.922	1	3	2	11509.2	0
20.923	1	1	3	7734.86	0
20.924	1	2	4	2909.28	0
20.926	1	4	6	3308.17	0
20.961	1	5	1	24638.9	0
20.962	1	3	2	5592.51	0
20.963	1	1	3	9421.07	0
20.964	1	2	4	2436.64	0
20.966	1	4	6	2731.97	0
21.001	1	5	1	5732.3	0
21.002	1	3	2	2234.85	0
21.003	1	1	3	13816.7	0
21.004	1	2	4	5320.2	0
21.006	1	4	6	7506.65	0
21.041	1	5	1	7012.53	0
21.042	1	3	2	6884.74	0
21.043	1	1	3	1153.62	0
21.044	1	2	4	2659.09	0
21.046	1	4	6	4562.3	0
21.081	1	5	1	3865.3	0
21.082	1	3	2	32883.7	0
21.083	1	1	3	3695.18	0
21.084	1	2	4	1730.73	0
21.086	1	4	6	9962.94	0
21.121	1	5	1	2368.56	0
21.122	1	3	2	4907.24	0
21.123	1	1	3	9577.36	0
21.124	1	2	4	2126.69	0
21.126	1	4	6	7525.48	0
21.161	1	5	1	2651.13	0
21.162	1	3	2	1735.78	0
21.163	1	1	3	9451.44	0
21.164	1	2	4	982.734	0
21.166	1	4	6	3256.73	0
21.201	1	5	1	7913.6	0
21.202	1	3	2	5653.01	0
21.203	1	1	3	8430.02	0
21.204	1	2	4	3188.59	0
21.206	1	4	6	9255.36	0
21.241	1	5	1	6137.72	0
21.242	1	3	2	5256.06	0
21.243	1	1	3	4881.03	0
21.244	1	2	4	2584.83	0
21.246	1	4	6	6848.44	0
21.281	1	5	1	5869.01	0
21.282	1	3	2	2822.42	0
21.283	1	1	3	7531.65	0
21.284	1	2	4	1087.76	0
21.286	1	4	6	5584.98	0
21.321	1	5	1	5782.53	0
21.322	1	3	2	1962.59	0
21.323	1	1	3	3581.99	0
21.324	1	2	4	1998.26	0
21.326	1	4	6	10202.1	0
21.361	1	5	1	3151.27	0
21.362	1	3	2	6372.75	0
21.363	1	1	3	1804.55	0
21.364	1	2	4	970.669	0
21.366	1	4	6	1578.99	0
21.401	1	5	1	8969.25	0
21.402	1	3	2	9446.39	0
21.403	1	1	3	2623.1	0
21.404	1	2	4	767.694	0
21.406	1	4	6	1365.06	0
21.441	1	5	1	3937.57	0
21.442	1	3	2	20055.9	0
21.443	1	1	3	3454.01	0
21.444	1	2	4	709.75	0
21.446	1	4	6	1696.58	0
21.481	1	5	1	1891.31	0
21.482	1	3	2	11417.9	0
21.483	1	1	3	7177.37	0
21.484	1	2	4	793.764	0
21.486	1	4	6	5932.07	0
21.521	1	5	1	3603.38	0
21.522	1	3	2	6468.27	0
21.523	1	1	3	2674.66	0
21.524	1	2	4	1385.22	0
21.526	1	4	6	924.043	0
21.561	1	5	1	5591.71	0
21.562	1	3	2	12734.7	0
21.563	1	1	3	12401	0
21.564	1	2	4	2921.22	0
21.566	1	4	6	1226.89	0
21.601	1	5	1	7238.92	0
21.602	1	3	2	9496.98	0
21.603	1	1	3	3733.35	0
21.604	1	2	4	1830.29	0
21.606	1	4	6	2729.17	0
21.641	1	5	1	2390.98	0
21.642	1	3	2	13070.9	0
21.643	1	1	3	2409.6	0
21.644	1	2	4	2903.3	0
21.646	1	4	6	772.564	0
21.681	1	5	1	3094.69	0
21.682	1	3	2	14368.9	0
21.683	1	1	3	6489.49	0
21.684	1	2	4	1892.09	0
21.686	1	4	6	1638.08	0
21.721	1	5	1	3705.61	0
21.722	1	3	2	8368.55	0
21.723	1	1	3	1397.88	0
21.724	1	2	4	2051.19	0
21.726	1	4	6	2397.88	0
21.761	1	5	1	10069.4	0
21.762	1	3	2	5645.78	0
21.763	1	1	3	831.857	0
21.764	1	2	4	4383.51	0
21.766	1	4	6	1302.57	0
21.801	1	5	1	17844.6	0
21.802	1	3	2	15569.1	0
21.803	1	1	3	2257.22	0
21.804	1	2	4	1095.99	0
21.806	1	4	6	3907.03	0
21.841	1	5	1	10500.3	0
21.842	1	3	2	20518.7	0
21.843	1	1	3	2597.18	0
21.844	1	2	4	2264.47	0
21.846	1	4	6	1893.99	0
21.881	1	5	1	9046.75	0
21.882	1	3	2	15598.6	0
21.883	1	1	3	9884.05	0
21.884	1	2	4	2763.79	0
21.886	1	4	6	2499.39	0
21.921	1	5	1	10598.8	0
21.922	1	3	2	9418.76	0
21.923	1	1	3	12710.7	0
21.924	1	2	4	1288.69	0
21.926	1	4	6	10581.7	0
21.961	1	5	1	7962.3	0
21.962	1	3	2	4060.64	0
21.963	1	1	3	6532.88	0
21.964	1	2	4	1882.39	0
21.966	1	4	6	9287.76	0
22.001	1	5	1	4688.78	0
22.002	1	3	2	6302.91	0
22.003	1	1	3	3383.89	0
22.004	1	2	4	364.08	0
22.006	1	4	6	12096.8	0
22.041	1	5	1	10836.2	0
22.042	1	3	2	10425	0
22.043	1	1	3	1444.98	0
22.044	1	2	4	1392.83	0
22.046	1	4	6	11889.6	0
22.081	1	5	1	23677.4	0
22.082	1	3	2	3246.25	0
22.083	1	1	3	2196.58	0
22.084	1	2	4	2260.66	0
22.086	1	4	6	5806	0
22.121	1	5	1	949.822	0
22.122	1	3	2	4866.02	0
22.123	1	1	3	621.499	0
22.124	1	2	4	880.32	0
22.126	1	4	6	1680.73	0
22.161	1	5	1	6712.09	0
22.162	1	3	2	6148.41	0
22.163	1	1	3	1741.51	0
22.164	1	2	4	2565.13	0
22.166	1	4	6	829.164	0
22.201	1	5	1	2332.75	0
22.202	1	3	2	19804.5	0
22.203	1	1	3	2961.04	0
22.204	1	2	4	1731.61	0
22.206	1	4	6	809.322	0
22.241	1	5	1	3222.95	0
22.242	1	3	2	15394.2	0
22.243	1	1	3	5820.81	0
22.244	1	2	4	4009.58	0
22.246	1	4	6	1264.82	0
22.281	1	5	1	5273.21	0
22.282	1	3	2	4558.04	0
22.283	1	1	3	19040.2	0
22.284	1	2	4	8100.27	0
22.286	1	4	6	2071.87	0
22.321	1	5	1	1501.87	0
22.322	1	3	2	6207.45	0
22.323	1	1	3	3383.67	0
22.324	1	2	4	2734.33	0
22.326	1	4	6	17816.7	0
22.361	1	5	1	3030.73	0
22.362	1	3	2	9727.48	0
22.363	1	1	3	9605.99	0
22.364	1	2	4	1046.13	0
22.366	1	4	6	2899.35	0
22.401	1	5	1	3549.79	0
22.402	1	3	2	12658.8	0
22.403	1	1	3	6522.74	0
22.404	1	2	4	2604.84	0
22.406	1	4	6	1026.94	0
22.441	1	5	1	4309.02	0
22.442	1	3	2	6219.04	0
22.443	1	1	3	6411.24	0
22.444	1	2	4	563.401	0
22.446	1	4	6	1871.07	0
22.481	1	5	1	3039.64	0
22.482	1	3	2	8231.03	0
22.483	1	1	3	8767.29	0
22.484	1	2	4	1139.32	0
22.486	1	4	6	1742.36	0
22.521	1	5	1	18488.5	0
22.522	1	3	2	9435.36	0
22.523	1	1	3	3929.29	0
22.524	1	2	4	3270.43	0
22.526	1	4	6	2485.08	0
22.561	1	5	1	13434.1	0
22.562	1	3	2	2659.2	0
22.563	1	1	3	4446.56	0
22.564	1	2	4	2434.1	0
22.566	1	4	6	20423	0
22.601	1	5	1	7458.88	0
22.602	1	3	2	5106.01	0
22.603	1	1	3	4562.37	0
22.604	1	2	4	3161.15	0
22.606	1	4	6	11835.8	0
22.641	1	5	1	2786.29	0
22.642	1	3	2	6101.54	0
22.643	1	1	3	5021.85	0
22.644	1	2	4	1985.94	0
22.646	1	4	6	2275.87	0
22.681	1	5	1	5425.25	0
22.682	1	3	2	1859.71	0
22.683	1	1	3	3946.96	0
22.684	1	2	4	962.712	0
22.686	1	4	6	5292.06	0
22.721	1	5	1	1747.38	0
22.722	1	3	2	3123.94	0
22.723	1	1	3	4253.73	0
22.724	1	2	4	762.35	0
22.726	1	4	6	13121.3	0
22.761	1	5	1	8162.48	0
22.762	1	3	2	1828.39	0
22.763	1	1	3	4414.22	0
22.764	1	2	4	900.142	0
22.766	1	4	6	9307.97	0
22.801	1	5	1	29249	0
22.802	1	3	2	2772.78	0
22.803	1	1	3	4907.94	0
22.804	1	2	4	892.505	0
22.806	1	4	6	6807.76	0
22.841	1	5	1	15198.2	0
22.842	1	3	2	10125.8	0
22.843	1	1	3	4591.32	0
22.844	1	2	4	1731.33	0
22.846	1	4	6	889.719	0
22.881	1	5	1	15760.3	0
22.882	1	3	2	10953	0
22.883	1	1	3	3535.36	0
22.884	1	2	4	1889.32	0
22.886	1	4	6	13474.9	0
22.921	1	5	1	11109.8	0
22.922	1	3	2	6920.44	0
22.923	1	1	3	4960.29	0
22.924	1	2	4	1151.91	0
22.926	1	4	6	17233	0
22.961	1	5	1	3835.19	0
22.962	1	3	2	9048.41	0
22.963	1	1	3	5695.16	0
22.964	1	2	4	1019.5	0
22.966	1	4	6	518.871	0
23.001	1	5	1	1411.72	0
23.002	1	3	2	9165.18	0
23.003	1	1	3	2205.67	0
23.004	1	2	4	2735.13	0
23.006	1	4	6	3991.84	0
23.041	1	5	1	5791.39	0
23.042	1	3	2	8395.58	0
23.043	1	1	3	9359.48	0
23.044	1	2	4	3071.16	0
23.046	1	4	6	7616.69	0
23.081	1	5	1	3194.68	0
23.082	1	3	2	12058.3	0
23.083	1	1	3	10508.6	0
23.084	1	2	4	942.137	0
23.086	1	4	6	9744.6	0
23.121	1	5	1	1383.39	0
23.122	1	3	2	3431.16	0
23.123	1	1	3	7920.3	0
23.124	1	2	4	1393.95	0
23.126	1	4	6	14497.1	0
23.161	1	5	1	3393.9	0
23.162	1	3	2	6081.73	0
23.163	1	1	3	4994.44	0
23.164	1	2	4	2324.1	0
23.166	1	4	6	11542.7	0
23.201	1	5	1	8830.95	0
23.202	1	3	2	4168.65	0
23.203	1	1	3	1464.34	0
23.204	1	2	4	2309.18	0
23.206	1	4	6	2327.56	0
23.241	1	5	1	21371.8	0
23.242	1	3	2	1229.5	0
23.243	1	1	3	873.932	0
23.244	1	2	4	2749.69	0
23.246	1	4	6	5336.08	0
23.281	1	5	1	11790.7	0
23.282	1	3	2	1387.87	0
23.283	1	1	3	341.773	0
23.284	1	2	4	2213.34	0
23.286	1	4	6	4435.23	0
23.321	1	5	1	2780.1	0
23.322	1	3	2	2972.88	0
23.323	1	1	3	3609.81	0
23.324	1	2	4	1993.03	0
23.326	1	4	6	3661.96	0
23.361	1	5	1	4191.47	0
23.362	1	3	2	1951.48	0
23.363	1	1	3	4430.39	0
23.364	1	2	4	2838.14	0
23.366	1	4	6	3973.29	0
23.401	1	5	1	6825.69	0
23.402	1	3	2	9448.48	0
23.403	1	1	3	1394.43	0
23.404	1	2	4	2438.4	0
23.406	1	4	6	4635.88	0
23.441	1	5	1	1541.92	0
23.442	1	3	2	5984.85	0
23.443	1	1	3	4833.36	0
23.444	1	2	4	1420.44	0
23.446	1	4	6	7189.14	0
23.481	1	5	1	1960.6	0
23.482	1	3	2	1323.93	0
23.483	1	1	3	3143	0
23.484	1	2	4	1737.36	0
23.486	1	4	6	6730.98	0
23.521	1	5	1	755.113	0
23.522	1	3	2	17931.8	0
23.523	1	1	3	3038.36	0
23.524	1	2	4	1438.7	0
23.526	1	4	6	2141.89	0
23.561	1	5	1	2971.61	0
23.562	1	3	2	11504.8	0
23.563	1	1	3	6410.83	0
23.564	1	2	4	3754.34	0
23.566	1	4	6	4193.64	0
23.601	1	5	1	10283.9	0
23.602	1	3	2	10995.3	0
23.603	1	1	3	4593.45	0
23.604	1	2	4	5412.5	0
23.606	1	4	6	1125.35	0
23.641	1	5	1	1906.46	0
23.642	1	3	2	6354.12	0
23.643	1	1	3	8329.97	0
23.644	1	2	4	1618.34	0
23.646	1	4	6	2037.85	0
23.681	1	5	1	7355.08	0
23.682	1	3	2	1975.68	0
23.683	1	1	3	18223.9	0
23.684	1	2	4	3279.17	0
23.686	1	4	6	4719.28	0
23.721	1	5	1	2242.61	0
23.722	1	3	2	4964.24	0
23.723	1	1	3	7732.03	0
23.724	1	2	4	3335.66	0
23.726	1	4	6	1230.44	0
23.761	1	5	1	1402.7	0
23.762	1	3	2	9163.04	0
23.763	1	1	3	4071.92	0
23.764	1	2	4	1250.07	0
23.766	1	4	6	3742.51	0
23.801	1	5	1	4347.66	0
23.802	1	3	2	2850.5	0
23.803	1	1	3	8038.56	0
23.804	1	2	4	1216.87	0
23.806	1	4	6	1061.31	0
23.841	1	5	1	5666.8	0
23.842	1	3	2	2076.15	0
23.843	1	1	3	4231.6	0
23.844	1	2	4	284.466	0
23.846	1	4	6	1723.24	0
23.881	1	5	1	7623.99	0
23.882	1	3	2	4283.89	0
23.883	1	1	3	9748.3	0
23.884	1	2	4	3412.85	0
23.886	1	4	6	5409.99	0
23.921	1	5	1	14934.9	0
23.922	1	3	2	2766.76	0
23.923	1	1	3	25665.9	0
23.924	1	2	4	3427.7	0
23.926	1	4	6	6463.6	0
23.961	1	5	1	5711.95	0
23.962	1	3	2	6329.45	0
23.963	1	1	3	15170.1	0
23.964	1	2	4	246.865	0
23.966	1	4	6	11392.7	0
24.001	1	5	1	5987.62	0
24.002	1	3	2	9628.63	0
24.003	1	1	3	3701.54	0
24.004	1	2	4	2863.89	0
24.006	1	4	6	2747.51	0
24.041	1	5	1	8035.16	0
24.042	1	3	2	12159	0
24.043	1	1	3	2563.36	0
24.044	1	2	4	3204.87	0
24.046	1	4	6	4414.34	0
24.081	1	5	1	1999.25	0
24.082	1	3	2	6951.95	0
24.083	1	1	3	2028.29	0
24.084	1	2	4	2613.38	0
24.086	1	4	6	5462.28	0
24.121	1	5	1	1011.04	0
24.122	1	3	2	2426.1	0
24.123	1	1	3	1987.1	0
24.124	1	2	4	1136.09	0
24.126	1	4	6	3929.86	0
24.161	1	5	1	1418.75	0
24.162	1	3	2	1491.13	0
24.163	1	1	3	2935.96	0
24.164	1	2	4	842.531	0
24.166	1	4	6	6445.63	0
24.201	1	5	1	3457.06	0
24.202	1	3	2	1079.24	0
24.203	1	1	3	2145.79	0
24.204	1	2	4	1421.18	0
24.206	1	4	6	3823.94	0
24.241	1	5	1	1801.94	0
24.242	1	3	2	4573.81	0
24.243	1	1	3	2520.29	0
24.244	1	2	4	781.908	0
24.246	1	4	6	3382.5	0
24.281	1	5	1	6311.62	0
24.282	1	3	2	2571.88	0
24.283	1	1	3	3779.43	0
24.284	1	2	4	910.085	0
24.286	1	4	6	13065.6	0
24.321	1	5	1	4079.72	0
24.322	1	3	2	2429.32	0
24.323	1	1	3	3208.77	0
24.324	1	2	4	1256.25	0
24.326	1	4	6	13651.3	0
24.361	1	5	1	1630.8	0
24.362	1	3	2	16056.6	0
24.363	1	1	3	4350.14	0
24.364	1	2	4	477.763	0
24.366	1	4	6	8254.91	0
24.401	1	5	1	2034.02	0
24.402	1	3	2	8962.17	0
24.403	1	1	3	6274.56	0
24.404	1	2	4	1462.45	0
24.406	1	4	6	4659.35	0
24.441	1	5	1	1666.36	0
24.442	1	3	2	6598.2	0
24.443	1	1	3	6598.73	0
24.444	1	2	4	1466.11	0
24.446	1	4	6	10908.8	0
24.481	1	5	1	3019.88	0
24.482	1	3	2	7691.08	0
24.483	1	1	3	4975.61	0
24.484	1	2	4	955.753	0
24.486	1	4	6	9410.55	0
24.521	1	5	1	1595.39	0
24.522	1	3	2	10964.9	0
24.523	1	1	3	1994.08	0
24.524	1	2	4	1647.21	0
24.526	1	4	6	7068.7	0
24.561	1	5	1	1467.47	0
24.562	1	3	2	3741.07	0
24.563	1	1	3	14030.5	0
24.564	1	2	4	897.854	0
24.566	1	4	6	6638.77	0
24.601	1	5	1	4082.52	0
24.602	1	3	2	5856.69	0
24.603	1	1	3	5280.48	0
24.604	1	2	4	1609.22	0
24.606	1	4	6	9008.61	0
24.641	1	5	1	1531.16	0
24.642	1	3	2	6964.15	0
24.643	1	1	3	3033.16	0
24.644	1	2	4	3240.05	0
24.646	1	4	6	3972.9	0
24.681	1	5	1	1403.46	0
24.682	1	3	2	9636.87	0
24.683	1	1	3	17338.9	0
24.684	1	2	4	2296.75	0
24.686	1	4	6	2436.86	0
24.721	1	5	1	14752.9	0
24.722	1	3	2	17811.1	0
24.723	1	1	3	15893.7	0
24.724	1	2	4	2264.82	0
24.726	1	4	6	5724.54	0
24.761	1	5	1	5339.31	0
24.762	1	3	2	8735.83	0
24.763	1	1	3	3521.38	0
24.764	1	2	4	4112.14	0
24.766	1	4	6	3125.33	0
24.801	1	5	1	5319.15	0
24.802	1	3	2	7339.38	0
24.803	1	1	3	3687.96	0
24.804	1	2	4	3189.86	0
24.806	1	4	6	3479.55	0
24.841	1	5	1	4478.11	0
24.842	1	3	2	5369.57	0
24.843	1	1	3	1444.98	0
24.844	1	2	4	1161.28	0
24.846	1	4	6	1024.08	0
24.881	1	5	1	2002.9	0
24.882	1	3	2	2951.4	0
24.883	1	1	3	485.073	0
24.884	1	2	4	2789.11	0
24.886	1	4	6	7248.1	0
24.921	1	5	1	8941.78	0
24.922	1	3	2	1663.77	0
24.923	1	1	3	1176.46	0
24.924	1	2	4	3025.89	0
24.926	1	4	6	17831.2	0
24.961	1	5	1	900.081	0
24.962	1	3	2	1238.21	0
24.963	1	1	3	2181.2	0
24.964	1	2	4	912.872	0
24.966	1	4	6	3856.91	0
25.001	1	5	1	4235.85	0
25.002	1	3	2	5983.69	0
25.003	1	1	3	6728.75	0
25.004	1	2	4	1427.29	0
25.006	1	4	6	6107.06	0
25.041	1	5	1	6281.57	0
25.042	1	3	2	8326.27	0
25.043	1	1	3	1791.47	0
25.044	1	2	4	2644.19	0
25.046	1	4	6	3898.67	0
25.081	1	5	1	6652.06	0
25.082	1	3	2	6671.88	0
25.083	1	1	3	3639.3	0
25.084	1	2	4	1943.61	0
25.086	1	4	6	1842.5	0
25.121	1	5	1	1410.64	0
25.122	1	3	2	14260.4	0
25.123	1	1	3	2500.33	0
25.124	1	2	4	1404.25	0
25.126	1	4	6	3349.56	0
25.161	1	5	1	3414.17	0
25.162	1	3	2	7390.14	0
25.163	1	1	3	1167.59	0
25.164	1	2	4	1581.11	0
25.166	1	4	6	3888.32	0
25.201	1	5	1	6323.83	0
25.202	1	3	2	5127.47	0
25.203	1	1	3	1881.15	0
25.204	1	2	4	741.936	0
25.206	1	4	6	2440.79	0
25.241	1	5	1	909.545	0
25.242	1	3	2	7390.72	0
25.243	1	1	3	2050.91	0
25.244	1	2	4	1419.18	0
25.246	1	4	6	1422.03	0
25.281	1	5	1	3446.58	0
25.282	1	3	2	1574.49	0
25.283	1	1	3	1707.93	0
25.284	1	2	4	1840.39	0
25.286	1	4	6	5158.07	0
25.321	1	5	1	8213.41	0
25.322	1	3	2	21473.9	0
25.323	1	1	3	1919.63	0
25.324	1	2	4	835.004	0
25.326	1	4	6	4926.41	0
25.361	1	5	1	12458.5	0
25.362	1	3	2	23938.9	0
25.363	1	1	3	2685.43	0
25.364	1	2	4	900.659	0
25.366	1	4	6	4387.57	0
25.401	1	5	1	17716.4	0
25.402	1	3	2	3625.36	0
25.403	1	1	3	1751.93	0
25.404	1	2	4	1088.7	0
25.406	1	4	6	1656.22	0
25.441	1	5	1	2072.07	0
25.442	1	3	2	3340.49	0
25.443	1	1	3	5479.64	0
25.444	1	2	4	1109.26	0
25.446	1	4	6	1352.1	0
25.481	1	5	1	4475.36	0
25.482	1	3	2	2316.55	0
25.483	1	1	3	11060.5	0
25.484	1	2	4	873.429	0
25.486	1	4	6	3940.11	0
25.521	1	5	1	3872.58	0
25.522	1	3	2	7844.11	0
25.523	1	1	3	7504.68	0
25.524	1	2	4	3570.46	0
25.526	1	4	6	3187.09	0
25.561	1	5	1	3378.84	0
25.562	1	3	2	7117.89	0
25.563	1	1	3	5276.71	0
25.564	1	2	4	1541.96	0
25.566	1	4	6	4283.55	0
25.601	1	5	1	2141.51	0
25.602	1	3	2	15612.6	0
25.603	1	1	3	2203.06	0
25.604	1	2	4	2653.55	0
25.606	1	4	6	2552.64	0
25.641	1	5	1	607.027	0
25.642	1	3	2	3173.79	0
25.643	1	1	3	1241.1	0
25.644	1	2	4	3792.76	0
25.646	1	4	6	3056.22	0
25.681	1	5	1	5231.73	0
25.682	1	3	2	3885.88	0
25.683	1	1	3	3430.72	0
25.684	1	2	4	2397.16	0
25.686	1	4	6	5153.95	0
25.721	1	5	1	7509.03	0
25.722	1	3	2	677.581	0
25.723	1	1	3	2067.32	0
25.724	1	2	4	3043.29	0
25.726	1	4	6	1760.96	0
25.761	1	5	1	2696.56	0
25.762	1	3	2	901.734	0
25.763	1	1	3	957.813	0
25.764	1	2	4	2544.31	0
25.766	1	4	6	4500.77	0
25.801	1	5	1	5594.73	0
25.802	1	3	2	2176.54	0
25.803	1	1	3	3237.82	0
25.804	1	2	4	1188.01	0
25.806	1	4	6	4127.68	0
25.841	1	5	1	6152.55	0
25.842	1	3	2	5698.07	0
25.843	1	1	3	2108.33	0
25.844	1	2	4	774.017	0
25.846	1	4	6	1676.82	0
25.881	1	5	1	8255.5	0
25.882	1	3	2	4000.23	0
25.883	1	1	3	1490.21	0
25.884	1	2	4	860.838	0
25.886	1	4	6	3475.62	0
25.921	1	5	1	3837.07	0
25.922	1	3	2	15801.7	0
25.923	1	1	3	3148.42	0
25.924	1	2	4	862.104	0
25.926	1	4	6	3509.13	0
25.961	1	5	1	2256.51	0
25.962	1	3	2	14288.9	0
25.963	1	1	3	3632.6	0
25.964	1	2	4	1351.64	0
25.966	1	4	6	13074.7	0
26.001	1	5	1	4611.69	0
26.002	1	3	2	6861.21	0
26.003	1	1	3	4796.76	0
26.004	1	2	4	967.552	0
26.006	1	4	6	4418.59	0
26.041	1	5	1	2811.54	0
26.042	1	3	2	1197.04	0
26.043	1	1	3	5456.44	0
26.044	1	2	4	672.802	0
26.046	1	4	6	801.087	0
26.081	1	5	1	1521.81	0
26.082	1	3	2	5257.73	0
26.083	1	1	3	2790.03	0
26.084	1	2	4	1452.4	0
26.086	1	4	6	3795.65	0
26.121	1	5	1	962.361	0
26.122	1	3	2	14242.4	0
26.123	1	1	3	3154.23	0
26.124	1	2	4	822.477	0
26.126	1	4	6	3072.59	0
26.161	1	5	1	2484.82	0
26.162	1	3	2	5479.44	0
26.163	1	1	3	3766.99	0
26.164	1	2	4	1613.39	0
26.166	1	4	6	2835.73	0
26.201	1	5	1	10998	0
26.202	1	3	2	17654.6	0
26.203	1	1	3	3303.82	0
26.204	1	2	4	1665	0
26.206	1	4	6	2232.65	0
26.241	1	5	1	1776.24	0
26.242	1	3	2	27638.1	0
26.243	1	1	3	5356.93	0
26.244	1	2	4	1891.92	0
26.246	1	4	6	972.504	0
26.281	1	5	1	17234.8	0
26.282	1	3	2	20613.1	0
26.283	1	1	3	8256.2	0
26.284	1	2	4	3284.26	0
26.286	1	4	6	1421.36	0
26.321	1	5	1	13448.7	0
26.322	1	3	2	7349.4	0
26.323	1	1	3	13173.2	0
26.324	1	2	4	1412.04	0
26.326	1	4	6	1888.85	0
26.361	1	5	1	3197.51	0
26.362	1	3	2	12323.3	0
26.363	1	1	3	8749.45	0
26.364	1	2	4	3868.11	0
26.366	1	4	6	1967.78	0
26.401	1	5	1	3956.07	0
26.402	1	3	2	7144.85	0
26.403	1	1	3	5294.67	0
26.404	1	2	4	5343.81	0
26.406	1	4	6	3760.95	0
26.441	1	5	1	1828.01	0
26.442	1	3	2	1110.2	0
26.443	1	1	3	2564.73	0
26.444	1	2	4	1576.02	0
26.446	1	4	6	2537.81	0
26.481	1	5	1	5477.28	0
26.482	1	3	2	4374.02	0
26.483	1	1	3	9203.38	0
26.484	1	2	4	3352.21	0
26.486	1	4	6	1369.6	0
26.521	1	5	1	3114.9	0
26.522	1	3	2	13233.8	0
26.523	1	1	3	2700.46	0
26.524	1	2	4	471.478	0
26.526	1	4	6	4937.69	0
26.561	1	5	1	7653.29	0
26.562	1	3	2	29959.7	0
26.563	1	1	3	2986.72	0
26.564	1	2	4	3896.36	0
26.566	1	4	6	3054.79	0
26.601	1	5	1	4360.65	0
26.602	1	3	2	6386.46	0
26.603	1	1	3	7974.73	0
26.604	1	2	4	2834.82	0
26.606	1	4	6	1008.86	0
26.641	1	5	1	2483.11	0
26.642	1	3	2	10352	0
26.643	1	1	3	7020.39	0
26.644	1	2	4	277.149	0
26.646	1	4	6	2983.2	0
26.681	1	5	1	5336.06	0
26.682	1	3	2	18364.7	0
26.683	1	1	3	3641.33	0
26.684	1	2	4	3019.55	0
26.686	1	4	6	3748.36	0
26.721	1	5	1	9984.85	0
26.722	1	3	2	7988.82	0
26.723	1	1	3	4072.75	0
26.724	1	2	4	2732.77	0
26.726	1	4	6	7735.36	0
26.761	1	5	1	6373.81	0
26.762	1	3	2	8108.52	0
26.763	1	1	3	5644.39	0
26.764	1	2	4	871.156	0
26.766	1	4	6	3550.48	0
26.801	1	5	1	19912.3	0
26.802	1	3	2	12360.5	0
26.803	1	1	3	7447.32	0
26.804	1	2	4	1112.37	0
26.806	1	4	6	2736.33	0
26.841	1	5	1	23297.2	0
26.842	1	3	2	7348.69	0
26.843	1	1	3	3532.56	0
26.844	1	2	4	773.507	0
26.846	1	4	6	3848.31	0
26.881	1	5	1	10774.6	0
26.882	1	3	2	12350.7	0
26.883	1	1	3	2383.57	0
26.884	1	2	4	398.374	0
26.886	1	4	6	3644.33	0
26.921	1	5	1	3575.91	0
26.922	1	3	2	12409	0
26.923	1	1	3	5463.99	0
26.924	1	2	4	456.645	0
26.926	1	4	6	4080.78	0
26.961	1	5	1	666.757	0
26.962	1	3	2	9554.12	0
26.963	1	1	3	5409.74	0
26.964	1	2	4	923.919	0
26.966	1	4	6	1521.88	0
27.001	1	5	1	15741.1	0
27.002	1	3	2	5454.13	0
27.003	1	1	3	1961.57	0
27.004	1	2	4	2620.05	0
27.006	1	4	6	4571.96	0
27.041	1	5	1	7303.73	0
27.042	1	3	2	10302.3	0
27.043	1	1	3	2286.48	0
27.044	1	2	4	1231.08	0
27.046	1	4	6	6008.48	0
27.081	1	5	1	6854.46	0
27.082	1	3	2	7451.3	0
27.083	1	1	3	3457.21	0
27.084	1	2	4	780.56	0
27.086	1	4	6	6059.83	0
27.121	1	5	1	8693.83	0
27.122	1	3	2	5949.93	0
27.123	1	1	3	14931.7	0
27.124	1	2	4	852.181	0
27.126	1	4	6	11120.1	0
27.161	1	5	1	10107.2	0
27.162	1	3	2	16203.7	0
27.163	1	1	3	17249.3	0
27.164	1	2	4	865.107	0
27.166	1	4	6	6968.27	0
27.201	1	5	1	20384.8	0
27.202	1	3	2	5651.48	0
27.203	1	1	3	2061.82	0
27.204	1	2	4	1299.23	0
27.206	1	4	6	1970.47	0
27.241	1	5	1	9925.21	0
27.242	1	3	2	2236.94	0
27.243	1	1	3	6823.09	0
27.244	1	2	4	2064.61	0
27.246	1	4	6	6181.29	0
27.281	1	5	1	4214.03	0
27.282	1	3	2	10035.4	0
27.283	1	1	3	26993.1	0
27.284	1	2	4	1358.45	0
27.286	1	4	6	10462.1	0
27.321	1	5	1	4107.1	0
27.322	1	3	2	13561.3	0
27.323	1	1	3	2157.4	0
27.324	1	2	4	1107.47	0
27.326	1	4	6	7984.88	0
27.361	1	5	1	1357.86	0
27.362	1	3	2	14381.4	0
27.363	1	1	3	3569.35	0
27.364	1	2	4	645.042	0
27.366	1	4	6	15076.1	0
27.401	1	5	1	1107.47	0
27.402	1	3	2	3853.21	0
27.403	1	1	3	18712.6	0
27.404	1	2	4	360.498	0
27.406	1	4	6	10122.3	0
27.441	1	5	1	929.983	0
27.442	1	3	2	7577.46	0
27.443	1	1	3	6216.94	0
27.444	1	2	4	245.292	0
27.446	1	4	6	8903.44	0
27.481	1	5	1	6920.53	0
27.482	1	3	2	9826.45	0
27.483	1	1	3	6077.96	0
27.484	1	2	4	1087.62	0
27.486	1	4	6	4092.11	0
27.521	1	5	1	814.074	0
27.522	1	3	2	5259	0
27.523	1	1	3	10653.3	0
27.524	1	2	4	5803.26	0
27.526	1	4	6	6531.3	0
27.561	1	5	1	1430.47	0
27.562	1	3	2	1622.1	0
27.563	1	1	3	3091.63	0
27.564	1	2	4	2707.69	0
27.566	1	4	6	18225.2	0
27.601	1	5	1	7497.71	0
27.602	1	3	2	3600.79	0
27.603	1	1	3	6816.72	0
27.604	1	2	4	2186.33	0
27.606	1	4	6	16826.7	0
27.641	1	5	1	1353.96	0
27.642	1	3	2	2178.62	0
27.643	1	1	3	2558.49	0
27.644	1	2	4	4031.04	0
27.646	1	4	6	6466.71	0
27.681	1	5	1	4641.17	0
27.682	1	3	2	1702.82	0
27.683	1	1	3	3568.94	0
27.684	1	2	4	1617.74	0
27.686	1	4	6	6307.14	0
27.721	1	5	1	3834.1	0
27.722	1	3	2	2089.37	0
27.723	1	1	3	9392.06	0
27.724	1	2	4	1368.05	0
27.726	1	4	6	1071.23	0
27.761	1	5	1	9656.59	0
27.762	1	3	2	2970.93	0
27.763	1	1	3	1508.9	0
27.764	1	2	4	354.603	0
27.766	1	4	6	6957.95	0
27.801	1	5	1	9585	0
27.802	1	3	2	7630.59	0
27.803	1	1	3	1590.12	0
27.804	1	2	4	2016.42	0
27.806	1	4	6	6563.13	0
27.841	1	5	1	1450.8	0
27.842	1	3	2	5610.96	0
27.843	1	1	3	991.929	0
27.844	1	2	4	4326.14	0
27.846	1	4	6	3029.15	0
27.881	1	5	1	6946.89	0
27.882	1	3	2	21072.4	0
27.883	1	1	3	1613.09	0
27.884	1	2	4	865.342	0
27.886	1	4	6	11600.1	0
27.921	1	5	1	9299.54	0
27.922	1	3	2	3255.21	0
27.923	1	1	3	4440.37	0
27.924	1	2	4	1434.31	0
27.926	1	4	6	3249.85	0
27.961	1	5	1	5588.66	0
27.962	1	3	2	1070.73	0
27.963	1	1	3	3082.95	0
27.964	1	2	4	3536.52	0
27.966	1	4	6	5316.24	0
28.001	1	5	1	3517.26	0
28.002	1	3	2	3609.07	0
28.003	1	1	3	3557.89	0
28.004	1	2	4	1897.42	0
28.006	1	4	6	5198.1	0
28.041	1	5	1	3797.94	0
28.042	1	3	2	5713.95	0
28.043	1	1	3	1869.45	0
28.044	1	2	4	1535.95	0
28.046	1	4	6	10767.9	0
28.081	1	5	1	8445.72	0
28.082	1	3	2	7866.54	0
28.083	1	1	3	6643.3	0
28.084	1	2	4	3247.94	0
28.086	1	4	6	5380.85	0
28.121	1	5	1	4712.21	0
28.122	1	3	2	5590.49	0
28.123	1	1	3	2532.95	0
28.124	1	2	4	1832.13	0
28.126	1	4	6	8464.92	0
28.161	1	5	1	2670.8	0
28.162	1	3	2	2485.34	0
28.163	1	1	3	2739.44	0
28.164	1	2	4	2738.83	0
28.166	1	4	6	8427.19	0
28.201	1	5	1	3370.72	0
28.202	1	3	2	4572.19	0
28.203	1	1	3	13063.9	0
28.204	1	2	4	4894.33	0
28.206	1	4	6	1636.96	0
28.241	1	5	1	479.851	0
28.242	1	3	2	7915.23	0
28.243	1	1	3	3363.13	0
28.244	1	2	4	1728.59	0
28.246	1	4	6	13237.2	0
28.281	1	5	1	1283.72	0
28.282	1	3	2	1530.1	0
28.283	1	1	3	4957.81	0
28.284	1	2	4	2571.93	0
28.286	1	4	6	3271.25	0
28.321	1	5	1	9160.77	0
28.322	1	3	2	1275.25	0
28.323	1	1	3	5483.64	0
28.324	1	2	4	3855.22	0
28.326	1	4	6	2399.72	0
28.361	1	5	1	1445.63	0
28.362	1	3	2	2368.39	0
28.363	1	1	3	2701.31	0
28.364	1	2	4	1426.38	0
28.366	1	4	6	5215.21	0
28.401	1	5	1	2727.16	0
28.402	1	3	2	7599.75	0
28.403	1	1	3	2923.25	0
28.404	1	2	4	1353.45	0
28.406	1	4	6	3117.54	0
28.441	1	5	1	8587.69	0
28.442	1	3	2	34803.3	0
28.443	1	1	3	545.455	0
28.444	1	2	4	259.328	0
28.446	1	4	6	23918.7	0
28.481	1	5	1	3074.16	0
28.482	1	3	2	50011	0
28.483	1	1	3	2872.33	0
28.484	1	2	4	2529.03	0
28.486	1	4	6	11784.4	0
28.521	1	5	1	8831.1	0
28.522	1	3	2	3847.52	0
28.523	1	1	3	3413.91	0
28.524	1	2	4	2716.54	0
28.526	1	4	6	4582.62	0
28.561	1	5	1	3588.23	0
28.562	1	3	2	1342.69	0
28.563	1	1	3	1223.16	0
28.564	1	2	4	2634.46	0
28.566	1	4	6	3875.77	0
28.601	1	5	1	23944.3	0
28.602	1	3	2	16363.2	0
28.603	1	1	3	2402.37	0
28.604	1	2	4	1571.17	0
28.606	1	4	6	7870.43	0
28.641	1	5	1	16583.6	0
28.642	1	3	2	15531.4	0
28.643	1	1	3	3742.44	0
28.644	1	2	4	1506.98	0
28.646	1	4	6	3253.12	0
28.681	1	5	1	19157	0
28.682	1	3	2	11844.9	0
28.683	1	1	3	2443.43	0
28.684	1	2	4	3055.63	0
28.686	1	4	6	5640.96	0
28.721	1	5	1	12452.2	0
28.722	1	3	2	7200.13	0
28.723	1	1	3	2983.12	0
28.724	1	2	4	2805.96	0
28.726	1	4	6	1049.96	0
28.761	1	5	1	6393.77	0
28.762	1	3	2	2988.8	0
28.763	1	1	3	15713	0
28.764	1	2	4	990.428	0
28.766	1	4	6	4742.4	0
28.801	1	5	1	1845.82	0
28.802	1	3	2	16692.3	0
28.803	1	1	3	8433.9	0
28.804	1	2	4	1934.56	0
28.806	1	4	6	16513.8	0
28.841	1	5	1	947.385	0
28.842	1	3	2	15687.3	0
28.843	1	1	3	5897.54	0
28.844	1	2	4	1890.56	0
28.846	1	4	6	14773.4	0
28.881	1	5	1	2444.95	0
28.882	1	3	2	3902.94	0
28.883	1	1	3	6522.14	0
28.884	1	2	4	1414.13	0
28.886	1	4	6	12626.3	0
28.921	1	5	1	1649.45	0
28.922	1	3	2	10638.5	0
28.923	1	1	3	2431.93	0
28.924	1	2	4	2197.05	0
28.926	1	4	6	2097.58	0
28.961	1	5	1	2048.24	0
28.962	1	3	2	19136.5	0
28.963	1	1	3	2886.38	0
28.964	1	2	4	1394.5	0
28.966	1	4	6	8373.19	0
29.001	1	5	1	9093.41	0
29.002	1	3	2	3325.94	0
29.003	1	1	3	2406.91	0
29.004	1	2	4	1754.79	0
29.006	1	4	6	11831.2	0
29.041	1	5	1	9284.26	0
29.042	1	3	2	7860.89	0
29.043	1	1	3	12619.1	0
29.044	1	2	4	2320.33	0
29.046	1	4	6	16594.4	0
29.081	1	5	1	7362.6	0
29.082	1	3	2	4838.36	0
29.083	1	1	3	6964.18	0
29.084	1	2	4	2405.58	0
29.086	1	4	6	2358.86	0
29.121	1	5	1	9605.1	0
29.122	1	3	2	5065.92	0
29.123	1	1	3	4487.18	0
29.124	1	2	4	2739.64	0
29.126	1	4	6	2677.57	0
29.161	1	5	1	6695.42	0
29.162	1	3	2	3439.77	0
29.163	1	1	3	4284.51	0
29.164	1	2	4	2011.99	0
29.166	1	4	6	2156.58	0
29.201	1	5	1	7194.26	0
29.202	1	3	2	7104.34	0
29.203	1	1	3	1875.04	0
29.204	1	2	4	2197.58	0
29.206	1	4	6	6152.32	0
29.241	1	5	1	4225.92	0
29.242	1	3	2	18707.2	0
29.243	1	1	3	2166.5	0
29.244	1	2	4	2894.96	0
29.246	1	4	6	25398.7	0
29.281	1	5	1	4582.71	0
29.282	1	3	2	11020.1	0
29.283	1	1	3	2145.13	0
29.284	1	2	4	2159.5	0
29.286	1	4	6	11964.7	0
29.321	1	5	1	5836	0
29.322	1	3	2	21222.6	0
29.323	1	1	3	5658.19	0
29.324	1	2	4	1313.6	0
29.326	1	4	6	7802.7	0
29.361	1	5	1	4369.52	0
29.362	1	3	2	7380.6	0
29.363	1	1	3	5622.28	0
29.364	1	2	4	2123.96	0
29.366	1	4	6	16495.9	0
29.401	1	5	1	4182.95	0
29.402	1	3	2	9774.36	0
29.403	1	1	3	6958.95	0
29.404	1	2	4	3393.19	0
29.406	1	4	6	5895.33	0
29.441	1	5	1	4321.86	0
29.442	1	3	2	11131.8	0
29.443	1	1	3	11816.5	0
29.444	1	2	4	1810.58	0
29.446	1	4	6	2354.39	0
29.481	1	5	1	7261.9	0
29.482	1	3	2	2407.23	0
29.483	1	1	3	9498.32	0
29.484	1	2	4	1151.19	0
29.486	1	4	6	951.36	0
29.521	1	5	1	8192.16	0
29.522	1	3	2	15974.6	0
29.523	1	1	3	3799.12	0
29.524	1	2	4	622.035	0
29.526	1	4	6	7597.46	0
29.561	1	5	1	16533.8	0
29.562	1	3	2	3932.39	0
29.563	1	1	3	6635.13	0
29.564	1	2	4	1306.39	0
29.566	1	4	6	9100.61	0
29.601	1	5	1	2989.38	0
29.602	1	3	2	2169.23	0
29.603	1	1	3	2526.66	0
29.604	1	2	4	763.174	0
29.606	1	4	6	2183.91	0
29.641	1	5	1	4019.98	0
29.642	1	3	2	9290.97	0
29.643	1	1	3	1509.34	0
29.644	1	2	4	822.348	0
29.646	1	4	6	2839.06	0
29.681	1	5	1	2468.86	0
29.682	1	3	2	4093.18	0
29.683	1	1	3	7169.48	0
29.684	1	2	4	1776.11	0
29.686	1	4	6	3888.13	0
29.721	1	5	1	1111.54	0
29.722	1	3	2	2183.23	0
29.723	1	1	3	7240.84	0
29.724	1	2	4	983.715	0
29.726	1	4	6	3816.94	0
29.761	1	5	1	8010.63	0
29.762	1	3	2	2222.18	0
29.763	1	1	3	2105.19	0
29.764	1	2	4	1348.96	0
29.766	1	4	6	4796.18	0
29.801	1	5	1	3366.55	0
29.802	1	3	2	3754.8	0
29.803	1	1	3	4090.71	0
29.804	1	2	4	1764.78	0
29.806	1	4	6	4774.01	0
29.841	1	5	1	7123.6	0
29.842	1	3	2	4387.81	0
29.843	1	1	3	9955.74	0
29.844	1	2	4	2084.54	0
29.846	1	4	6	5179.21	0
29.881	1	5	1	7257.33	0
29.882	1	3	2	9848.78	0
29.883	1	1	3	2708.8	0
29.884	1	2	4	1614.47	0
29.886	1	4	6	6309.1	0
29.921	1	5	1	3325.54	0
29.922	1	3	2	4446.07	0
29.923	1	1	3	3924.5	0
29.924	1	2	4	1292.48	0
29.926	1	4	6	5328.97	0
29.961	1	5	1	5376.43	0
29.962	1	3	2	2670.91	0
29.963	1	1	3	3022.53	0
29.964	1	2	4	3333.49	0
29.966	1	4	6	2068.83	0
30.001	1	5	1	3540.65	0
30.002	1	3	2	3790.3	0
30.003	1	1	3	3002	0
30.004	1	2	4	854.569	0
30.006	1	4	6	4652.68	0
30.041	1	5	1	1075.15	0
30.042	1	3	2	953.899	0
30.043	1	1	3	6473.34	0
30.044	1	2	4	1517.11	0
30.046	1	4	6	8807.41	0
30.081	1	5	1	10393.1	0
30.082	1	3	2	3788.5	0
30.083	1	1	3	9270.14	0
30.084	1	2	4	1767.4	0
30.086	1	4	6	4702.79	0
30.121	1	5	1	11513.2	0
30.122	1	3	2	8022.69	0
30.123	1	1	3	2197.88	0
30.124	1	2	4	1763.56	0
30.126	1	4	6	6676.25	0
30.161	1	5	1	9031.18	0
30.162	1	3	2	3119.38	0
30.163	1	1	3	2545.08	0
30.164	1	2	4	3310.58	0
30.166	1	4	6	2536.73	0
30.201	1	5	1	24616.2	0
30.202	1	3	2	6836.15	0
30.203	1	1	3	3300.7	0
30.204	1	2	4	1504.43	0
30.206	1	4	6	1237	0
30.241	1	5	1	13484.1	0
30.242	1	3	2	6907.97	0
30.243	1	1	3	6564.74	0
30.244	1	2	4	3522.36	0
30.246	1	4	6	4317.69	0
30.281	1	5	1	7970.65	0
30.282	1	3	2	31853.9	0
30.283	1	1	3	4637.26	0
30.284	1	2	4	5538.97	0
30.286	1	4	6	5397.27	0
30.321	1	5	1	3450.36	0
30.322	1	3	2	21980.3	0
30.323	1	1	3	2683.88	0
30.324	1	2	4	1718.34	0
30.326	1	4	6	7223.1	0
30.361	1	5	1	1631.97	0
30.362	1	3	2	582.863	0
30.363	1	1	3	10335.8	0
30.364	1	2	4	3129.03	0
30.366	1	4	6	5352.94	0
30.401	1	5	1	2806.82	0
30.402	1	3	2	3852.05	0
30.403	1	1	3	4430.64	0
30.404	1	2	4	3467.29	0
30.406	1	4	6	4585.67	0
30.441	1	5	1	1140.11	0
30.442	1	3	2	4056.02	0
30.443	1	1	3	5060.23	0
30.444	1	2	4	1271.76	0
30.446	1	4	6	4581.06	0
30.481	1	5	1	2218.24	0
30.482	1	3	2	2473.49	0
30.483	1	1	3	5205.72	0
30.484	1	2	4	1259.91	0
30.486	1	4	6	2881.55	0
30.521	1	5	1	5627.49	0
30.522	1	3	2	4892.96	0
30.523	1	1	3	7486.08	0
30.524	1	2	4	1163.77	0
30.526	1	4	6	2486.19	0
30.561	1	5	1	3574.97	0
30.562	1	3	2	14063.9	0
30.563	1	1	3	19848.7	0
30.564	1	2	4	1349.28	0
30.566	1	4	6	2664.75	0
30.601	1	5	1	1932.03	0
30.602	1	3	2	5537.29	0
30.603	1	1	3	4753.18	0
30.604	1	2	4	760.925	0
30.606	1	4	6	6102.68	0
30.641	1	5	1	1169.23	0
30.642	1	3	2	4355.69	0
30.643	1	1	3	2064.97	0
30.644	1	2	4	535.73	0
30.646	1	4	6	6208.64	0
30.681	1	5	1	3294.79	0
30.682	1	3	2	5096.91	0
30.683	1	1	3	2636.08	0
30.684	1	2	4	809.12	0
30.686	1	4	6	7148.21	0
30.721	1	5	1	7887.07	0
30.722	1	3	2	3074.25	0
30.723	1	1	3	2679.67	0
30.724	1	2	4	913.035	0
30.726	1	4	6	4805.3	0
30.761	1	5	1	2485.42	0
30.762	1	3	2	1535.67	0
30.763	1	1	3	2593.84	0
30.764	1	2	4	1531.87	0
30.766	1	4	6	6081.26	0
30.801	1	5	1	13963.2	0
30.802	1	3	2	1681.66	0
30.803	1	1	3	4635.32	0
30.804	1	2	4	2159.45	0
30.806	1	4	6	2263.44	0
30.841	1	5	1	17465	0
30.842	1	3	2	9284.55	0
30.843	1	1	3	4221.74	0
30.844	1	2	4	2566.46	0
30.846	1	4	6	3874.58	0
30.881	1	5	1	4571.08	0
30.882	1	3	2	10958.8	0
30.883	1	1	3	6883.27	0
30.884	1	2	4	3599.42	0
30.886	1	4	6	5693.01	0
30.921	1	5	1	1658.47	0
30.922	1	3	2	8101.89	0
30.923	1	1	3	9414.02	0
30.924	1	2	4	2525.61	0
30.926	1	4	6	5157.96	0
30.961	1	5	1	1378.2	0
30.962	1	3	2	10777.9	0
30.963	1	1	3	4202.85	0
30.964	1	2	4	523.207	0
30.966	1	4	6	4014.67	0
31.001	1	5	1	3981.04	0
31.002	1	3	2	3748.88	0
31.003	1	1	3	9390.16	0
31.004	1	2	4	1095.47	0
31.006	1	4	6	2984.7	0
31.041	1	5	1	2885.99	0
31.042	1	3	2	5925.22	0
31.043	1	1	3	1883.31	0
31.044	1	2	4	3007.43	0
31.046	1	4	6	14374.1	0
31.081	1	5	1	2532.72	0
31.082	1	3	2	6392.63	0
31.083	1	1	3	3608.38	0
31.084	1	2	4	2422.6	0
31.086	1	4	6	1615.59	0
31.121	1	5	1	6222.33	0
31.122	1	3	2	4409.19	0
31.123	1	1	3	997.172	0
31.124	1	2	4	797.267	0
31.126	1	4	6	3115.52	0
31.161	1	5	1	3985.7	0
31.162	1	3	2	2850.6	0
31.163	1	1	3	714.764	0
31.164	1	2	4	2269.01	0
31.166	1	4	6	5541.18	0
31.201	1	5	1	2695	0
31.202	1	3	2	3965.99	0
31.203	1	1	3	1258.77	0
31.204	1	2	4	3315.09	0
31.206	1	4	6	2531.43	0
31.241	1	5	1	2604.59	0
31.242	1	3	2	787.738	0
31.243	1	1	3	916.991	0
31.244	1	2	4	2580.62	0
31.246	1	4	6	4632.38	0
31.281	1	5	1	614.395	0
31.282	1	3	2	478.145	0
31.283	1	1	3	2603.62	0
31.284	1	2	4	1046.39	0
31.286	1	4	6	3573.6	0
31.321	1	5	1	2930.8	0
31.322	1	3	2	2921.92	0
31.323	1	1	3	3410.36	0
31.324	1	2	4	611.387	0
31.326	1	4	6	3614.01	0
31.361	1	5	1	11369.5	0
31.362	1	3	2	7642.81	0
31.363	1	1	3	780.969	0
31.364	1	2	4	862.501	0
31.366	1	4	6	3549.07	0
31.401	1	5	1	5130.49	0
31.402	1	3	2	5814.76	0
31.403	1	1	3	2475.47	0
31.404	1	2	4	1384.82	0
31.406	1	4	6	1623.76	0
31.441	1	5	1	12257.9	0
31.442	1	3	2	9109.88	0
31.443	1	1	3	4021.84	0
31.444	1	2	4	1037.4	0
31.446	1	4	6	3166.04	0
31.481	1	5	1	9047.06	0
31.482	1	3	2	4656.2	0
31.483	1	1	3	10731	0
31.484	1	2	4	999.934	0
31.486	1	4	6	2194.86	0
31.521	1	5	1	11412.1	0
31.522	1	3	2	12041.6	0
31.523	1	1	3	4730.64	0
31.524	1	2	4	4821.96	0
31.526	1	4	6	2190.8	0
31.561	1	5	1	5688.83	0
31.562	1	3	2	9422.44	0
31.563	1	1	3	6048.08	0
31.564	1	2	4	1440.34	0
31.566	1	4	6	7752.46	0
31.601	1	5	1	5595.78	0
31.602	1	3	2	3905.79	0
31.603	1	1	3	8785.1	0
31.604	1	2	4	3736.95	0
31.606	1	4	6	7638.8	0
31.641	1	5	1	4536.19	0
31.642	1	3	2	1868.6	0
31.643	1	1	3	15884.9	0
31.644	1	2	4	2833.51	0
31.646	1	4	6	2538.09	0
31.681	1	5	1	1399.22	0
31.682	1	3	2	4254.36	0
31.683	1	1	3	14648.9	0
31.684	1	2	4	1237.5	0
31.686	1	4	6	4581.53	0
31.721	1	5	1	956.758	0
31.722	1	3	2	6435.93	0
31.723	1	1	3	3231.21	0
31.724	1	2	4	1014.48	0
31.726	1	4	6	5006.38	0
31.761	1	5	1	2684.36	0
31.762	1	3	2	4642.18	0
31.763	1	1	3	4234.49	0
31.764	1	2	4	516.681	0
31.766	1	4	6	17938	0
31.801	1	5	1	7163.07	0
31.802	1	3	2	5116.05	0
31.803	1	1	3	6514.81	0
31.804	1	2	4	3964.43	0
31.806	1	4	6	25203	0
31.841	1	5	1	12405.1	0
31.842	1	3	2	2986.46	0
31.843	1	1	3	5774.42	0
31.844	1	2	4	2729.84	0
31.846	1	4	6	3033.38	0
31.881	1	5	1	6366.24	0
31.882	1	3	2	4626.69	0
31.883	1	1	3	14802.2	0
31.884	1	2	4	299.363	0
31.886	1	4	6	9506.17	0
31.921	1	5	1	7028.72	0
31.922	1	3	2	6715.79	0
31.923	1	1	3	9395.16	0
31.924	1	2	4	3077.91	0
31.926	1	4	6	13594.2	0
31.961	1	5	1	4706.84	0
31.962	1	3	2	4188.42	0
31.963	1	1	3	16842.2	0
31.964	1	2	4	2673.08	0
31.966	1	4	6	3198.55	0
32.001	1	5	1	3568.08	0
32.002	1	3	2	9977.81	0
32.003	1	1	3	11238.8	0
32.004	1	2	4	1451.26	0
32.006	1	4	6	2858.2	0
32.041	1	5	1	5255.7	0
32.042	1	3	2	2086.88	0
32.043	1	1	3	8758.16	0
32.044	1	2	4	2560.18	0
32.046	1	4	6	26734	0
32.081	1	5	1	16251.2	0
32.082	1	3	2	1373.92	0
32.083	1	1	3	7629.65	0
32.084	1	2	4	2838.28	0
32.086	1	4	6	2835.63	0
32.121	1	5	1	4203.65	0
32.122	1	3	2	4276.2	0
32.123	1	1	3	10305	0
32.124	1	2	4	1469.39	0
32.126	1	4	6	2729.25	0
32.161	1	5	1	7269.53	0
32.162	1	3	2	2355.65	0
32.163	1	1	3	7305.5	0
32.164	1	2	4	5200.61	0
32.166	1	4	6	13287.8	0
32.201	1	5	1	10582.7	0
32.202	1	3	2	2329.62	0
32.203	1	1	3	1213.54	0
32.204	1	2	4	4070.79	0
32.206	1	4	6	4712.24	0
32.241	1	5	1	2050.14	0
32.242	1	3	2	2986.14	0
32.243	1	1	3	3328.98	0
32.244	1	2	4	1529.98	0
32.246	1	4	6	1419.46	0
32.281	1	5	1	2003.68	0
32.282	1	3	2	13542.3	0
32.283	1	1	3	10868.9	0
32.284	1	2	4	4025.43	0
32.286	1	4	6	2999.03	0
32.321	1	5	1	2652.16	0
32.322	1	3	2	21996.8	0
32.323	1	1	3	3429.05	0
32.324	1	2	4	2324.23	0
32.326	1	4	6	8574.69	0
32.361	1	5	1	3086.91	0
32.362	1	3	2	11013.4	0
32.363	1	1	3	1296	0
32.364	1	2	4	1286.37	0
32.366	1	4	6	6551.71	0
32.401	1	5	1	2595.98	0
32.402	1	3	2	15662	0
32.403	1	1	3	1158.2	0
32.404	1	2	4	759.772	0
32.406	1	4	6	5787.12	0
32.441	1	5	1	4259.72	0
32.442	1	3	2	12993.6	0
32.443	1	1	3	1261.85	0
32.444	1	2	4	940.651	0
32.446	1	4	6	13790.6	0
32.481	1	5	1	3046.91	0
32.482	1	3	2	16485.6	0
32.483	1	1	3	2930.15	0
32.484	1	2	4	4318.56	0
32.486	1	4	6	4514.58	0
32.521	1	5	1	16397.3	0
32.522	1	3	2	4481.36	0
32.523	1	1	3	4441.82	0
32.524	1	2	4	1119.43	0
32.526	1	4	6	17259.2	0
32.561	1	5	1	5924.31	0
32.562	1	3	2	8270.25	0
32.563	1	1	3	4863.44	0
32.564	1	2	4	876.605	0
32.566	1	4	6	2624.26	0
32.601	1	5	1	4477.3	0
32.602	1	3	2	4191.91	0
32.603	1	1	3	9041.53	0
32.604	1	2	4	3584.19	0
32.606	1	4	6	5572.03	0
32.641	1	5	1	10345.5	0
32.642	1	3	2	12203	0
32.643	1	1	3	28772.5	0
32.644	1	2	4	2895.91	0
32.646	1	4	6	7726.53	0
32.681	1	5	1	7145.51	0
32.682	1	3	2	53317.4	0
32.683	1	1	3	7721.95	0
32.684	1	2	4	2351.6	0
32.686	1	4	6	2191.86	0
32.721	1	5	1	1738.16	0
32.722	1	3	2	20563.4	0
32.723	1	1	3	2674.53	0
32.724	1	2	4	3132.74	0
32.726	1	4	6	6254.87	0
32.761	1	5	1	1969.63	0
32.762	1	3	2	9705.39	0
32.763	1	1	3	17065.6	0
32.764	1	2	4	1902.32	0
32.766	1	4	6	13323.1	0
32.801	1	5	1	6335.77	0
32.802	1	3	2	4336.83	0
32.803	1	1	3	4078.03	0
32.804	1	2	4	1461.81	0
32.806	1	4	6	5758.13	0
32.841	1	5	1	17132.3	0
32.842	1	3	2	4196.69	0
32.843	1	1	3	1918.34	0
32.844	1	2	4	736.456	0
32.846	1	4	6	8822.08	0
32.881	1	5	1	7159.98	0
32.882	1	3	2	6818.32	0
32.883	1	1	3	2197.31	0
32.884	1	2	4	904.323	0
32.886	1	4	6	12495.8	0
32.921	1	5	1	2264.67	0
32.922	1	3	2	2030.18	0
32.923	1	1	3	1278.7	0
32.924	1	2	4	1377.84	0
32.926	1	4	6	9487.05	0
32.961	1	5	1	5031.41	0
32.962	1	3	2	2689.14	0
32.963	1	1	3	3827.5	0
32.964	1	2	4	819.636	0
32.966	1	4	6	11812.7	0
33.001	1	5	1	8202.31	0
33.002	1	3	2	2333.16	0
33.003	1	1	3	7175.67	0
33.004	1	2	4	1824.73	0
33.006	1	4	6	4280.74	0
33.041	1	5	1	4511.39	0
33.042	1	3	2	2540.36	0
33.043	1	1	3	5755.26	0
33.044	1	2	4	2358.82	0
33.046	1	4	6	1550.76	0
33.081	1	5	1	14484.2	0
33.082	1	3	2	4693.77	0
33.083	1	1	3	4877.29	0
33.084	1	2	4	2043.29	0
33.086	1	4	6	1600.41	0
33.121	1	5	1	7552.71	0
33.122	1	3	2	18704.4	0
33.123	1	1	3	9469.35	0
33.124	1	2	4	2740.16	0
33.126	1	4	6	9274.64	0
33.161	1	5	1	10736.1	0
33.162	1	3	2	5236.47	0
33.163	1	1	3	3976.62	0
33.164	1	2	4	1573.86	0
33.166	1	4	6	3970.59	0
33.201	1	5	1	24505.8	0
33.202	1	3	2	2057.57	0
33.203	1	1	3	3312.85	0
33.204	1	2	4	668.47	0
33.206	1	4	6	13824.2	0
33.241	1	5	1	12908.7	0
33.242	1	3	2	9466.83	0
33.243	1	1	3	5284.82	0
33.244	1	2	4	1154.81	0
33.246	1	4	6	17389.6	0
33.281	1	5	1	1625.73	0
33.282	1	3	2	4400.77	0
33.283	1	1	3	7148.51	0
33.284	1	2	4	1116.41	0
33.286	1	4	6	11866.3	0
33.321	1	5	1	3460.45	0
33.322	1	3	2	3210.93	0
33.323	1	1	3	18106.7	0
33.324	1	2	4	989.046	0
33.326	1	4	6	33650.5	0
33.361	1	5	1	3446.57	0
33.362	1	3	2	1280.73	0
33.363	1	1	3	2980.37	0
33.364	1	2	4	906.868	0
33.366	1	4	6	13731.4	0
33.401	1	5	1	938.282	0
33.402	1	3	2	513.396	0
33.403	1	1	3	2121.11	0
33.404	1	2	4	698.287	0
33.406	1	4	6	1183.53	0
33.441	1	5	1	1264.76	0
33.442	1	3	2	598.011	0
33.443	1	1	3	4600.31	0
33.444	1	2	4	929.708	0
33.446	1	4	6	4056.48	0
33.481	1	5	1	3812.14	0
33.482	1	3	2	4487.78	0
33.483	1	1	3	2329.9	0
33.484	1	2	4	1637.95	0
33.486	1	4	6	1583.89	0
33.521	1	5	1	3673.64	0
33.522	1	3	2	7078.3	0
33.523	1	1	3	2909.56	0
33.524	1	2	4	2243.59	0
33.526	1	4	6	17942.3	0
33.561	1	5	1	17187.2	0
33.562	1	3	2	22437.8	0
33.563	1	1	3	829.761	0
33.564	1	2	4	1150.14	0
33.566	1	4	6	14981.3	0
33.601	1	5	1	5878.15	0
33.602	1	3	2	11653.9	0
33.603	1	1	3	918.968	0
33.604	1	2	4	2183.95	0
33.606	1	4	6	8123.05	0
33.641	1	5	1	2062.66	0
33.642	1	3	2	27831.8	0
33.643	1	1	3	1624.77	0
33.644	1	2	4	2597.41	0
33.646	1	4	6	10564.5	0
33.681	1	5	1	2754.8	0
33.682	1	3	2	5325.84	0
33.683	1	1	3	5289.41	0
33.684	1	2	4	1966.97	0
33.686	1	4	6	10920.7	0
33.721	1	5	1	1878.74	0
33.722	1	3	2	12118.3	0
33.723	1	1	3	8136.19	0
33.724	1	2	4	3033.81	0
33.726	1	4	6	11499.8	0
33.761	1	5	1	1752.74	0
33.762	1	3	2	7027.32	0
33.763	1	1	3	7379.08	0
33.764	1	2	4	1164.51	0
33.766	1	4	6	12938.3	0
33.801	1	5	1	4689.67	0
33.802	1	3	2	1140.72	0
33.803	1	1	3	19670.4	0
33.804	1	2	4	3500.42	0
33.806	1	4	6	7449.05	0
33.841	1	5	1	3602.77	0
33.842	1	3	2	11564	0
33.843	1	1	3	14677.6	0
33.844	1	2	4	3335.26	0
33.846	1	4	6	1050.96	0
33.881	1	5	1	4193.57	0
33.882	1	3	2	3540.47	0
33.883	1	1	3	6705.63	0
33.884	1	2	4	768.296	0
33.886	1	4	6	811.387	0
33.921	1	5	1	11139.4	0
33.922	1	3	2	2354.33	0
33.923	1	1	3	4462.1	0
33.924	1	2	4	3201.29	0
33.926	1	4	6	2324.51	0
33.961	1	5	1	14926.2	0
33.962	1	3	2	3179.81	0
33.963	1	1	3	6105.61	0
33.964	1	2	4	1793.28	0
33.966	1	4	6	2553.64	0
34.001	1	5	1	16127.9	0
34.002	1	3	2	1736.8	0
34.003	1	1	3	17860.2	0
34.004	1	2	4	1706.11	0
34.006	1	4	6	20380	0
