% time	cellId	IMSI	RNTI	sinrLinear	componentCarrierId
0.041	1	7	1	111.028	0
0.042	1	8	2	1855.57	0
0.043	1	3	3	180.108	0
0.044	1	9	4	62.7688	0
0.049	1	5	9	4772.55	0
0.05	1	6	10	490.44	0
0.051	1	1	11	24600.1	0
0.052	1	4	12	847.45	0
0.055	1	2	15	7316.52	0
0.056	1	10	16	55821.3	0
0.081	1	7	1	488.686	0
0.082	1	8	2	891.007	0
0.083	1	3	3	145.278	0
0.084	1	9	4	38.8895	0
0.089	1	5	9	216.664	0
0.09	1	6	10	143.578	0
0.091	1	1	11	9444.55	0
0.092	1	4	12	118.465	0
0.095	1	2	15	2993.63	0
0.096	1	10	16	26719.2	0
0.121	1	7	1	126.854	0
0.122	1	8	2	875.077	0
0.123	1	3	3	210.989	0
0.124	1	9	4	39.6195	0
0.129	1	5	9	447.413	0
0.13	1	6	10	311.312	0
0.131	1	1	11	30653.1	0
0.132	1	4	12	172.835	0
0.135	1	2	15	6183.49	0
0.136	1	10	16	62205.8	0
0.161	1	7	1	202.038	0
0.162	1	8	2	3433.75	0
0.163	1	3	3	130.745	0
0.164	1	9	4	89.4088	0
0.169	1	5	9	1961.6	0
0.17	1	6	10	429.557	0
0.171	1	1	11	46536.1	0
0.172	1	4	12	622.089	0
0.175	1	2	15	6557.18	0
0.176	1	10	16	63992.9	0
0.201	1	7	1	417.122	0
0.202	1	8	2	4903.11	0
0.203	1	3	3	113.364	0
0.204	1	9	4	58.8058	0
0.209	1	5	9	939.932	0
0.21	1	6	10	440.023	0
0.211	1	1	11	37369.6	0
0.212	1	4	12	225.943	0
0.215	1	2	15	7662.4	0
0.216	1	10	16	28723.5	0
0.241	1	7	1	132.507	0
0.242	1	8	2	2180.27	0
0.243	1	3	3	84.0137	0
0.244	1	9	4	17.2328	0
0.249	1	5	9	1806.76	0
0.25	1	6	10	507.979	0
0.251	1	1	11	15546.8	0
0.252	1	4	12	70.6352	0
0.255	1	2	15	23412.4	0
0.256	1	10	16	36602.4	0
0.281	1	7	1	261.143	0
0.282	1	8	2	1335.69	0
0.283	1	3	3	200.512	0
0.284	1	9	4	46.227	0
0.289	1	5	9	2821.25	0
0.29	1	6	10	378.168	0
0.291	1	1	11	8573.85	0
0.292	1	4	12	297.55	0
0.295	1	2	15	13710.2	0
0.296	1	10	16	41580.9	0
0.321	1	7	1	80.1826	0
0.322	1	8	2	2388.73	0
0.323	1	3	3	207.373	0
0.324	1	9	4	65.8855	0
0.329	1	5	9	1125.75	0
0.33	1	6	10	397.392	0
0.331	1	1	11	11825.2	0
0.332	1	4	12	513.335	0
0.335	1	2	15	1801.17	0
0.336	1	10	16	41591.1	0
0.361	1	7	1	165.419	0
0.362	1	8	2	772.246	0
0.363	1	3	3	31.6703	0
0.364	1	9	4	27.4401	0
0.369	1	5	9	351.286	0
0.37	1	6	10	534.301	0
0.371	1	1	11	19278.1	0
0.372	1	4	12	271.092	0
0.375	1	2	15	7863.7	0
0.376	1	10	16	31405.5	0
0.401	1	7	1	88.5663	0
0.402	1	8	2	3094.14	0
0.403	1	3	3	153.177	0
0.404	1	9	4	91.8521	0
0.409	1	5	9	200.368	0
0.41	1	6	10	409.492	0
0.411	1	1	11	15110.4	0
0.412	1	4	12	404.276	0
0.415	1	2	15	3127.93	0
0.416	1	10	16	36413.9	0
0.441	1	7	1	142.677	0
0.442	1	8	2	4219.43	0
0.443	1	3	3	140.293	0
0.444	1	9	4	202.732	0
0.449	1	5	9	245.628	0
0.45	1	6	10	245.038	0
0.451	1	1	11	8451.8	0
0.452	1	4	12	249.443	0
0.455	1	2	15	2278.51	0
0.456	1	10	16	49139.3	0
0.481	1	7	1	426.227	0
0.482	1	8	2	2442.68	0
0.483	1	3	3	68.8142	0
0.484	1	9	4	82.8725	0
0.489	1	5	9	808.025	0
0.49	1	6	10	376.814	0
0.491	1	1	11	28020.2	0
0.492	1	4	12	116.969	0
0.495	1	2	15	4807.66	0
0.496	1	10	16	52024.3	0
0.521	1	7	1	198.296	0
0.522	1	8	2	1308.81	0
0.523	1	3	3	75.4222	0
0.524	1	9	4	125.866	0
0.529	1	5	9	1042.01	0
0.53	1	6	10	472.612	0
0.531	1	1	11	10064.4	0
0.532	1	4	12	120.262	0
0.535	1	2	15	4273.9	0
0.536	1	10	16	121801	0
0.561	1	7	1	518.284	0
0.562	1	8	2	853.547	0
0.563	1	3	3	130.046	0
0.564	1	9	4	62.7964	0
0.569	1	5	9	478.828	0
0.57	1	6	10	449.729	0
0.571	1	1	11	11124.5	0
0.572	1	4	12	86.2564	0
0.575	1	2	15	10537.9	0
0.576	1	10	16	83411.8	0
0.601	1	7	1	70.3215	0
0.602	1	8	2	1119.48	0
0.603	1	3	3	169.815	0
0.604	1	9	4	71.7284	0
0.609	1	5	9	109.893	0
0.61	1	6	10	266.271	0
0.611	1	1	11	14431.9	0
0.612	1	4	12	52.5811	0
0.615	1	2	15	4549.44	0
0.616	1	10	16	56841.4	0
0.641	1	7	1	184.576	0
0.642	1	8	2	1266.82	0
0.643	1	3	3	211.066	0
0.644	1	9	4	50.6078	0
0.649	1	5	9	824.649	0
0.65	1	6	10	811.306	0
0.651	1	1	11	53573.8	0
0.652	1	4	12	148.603	0
0.655	1	2	15	2694.63	0
0.656	1	10	16	26265.8	0
0.681	1	7	1	237.194	0
0.682	1	8	2	1200.73	0
0.683	1	3	3	280.182	0
0.684	1	9	4	10.3727	0
0.689	1	5	9	949.328	0
0.69	1	6	10	335.265	0
0.691	1	1	11	60421.4	0
0.692	1	4	12	324.571	0
0.695	1	2	15	3171.2	0
0.696	1	10	16	28193.9	0
0.721	1	7	1	92.7951	0
0.722	1	8	2	3852.26	0
0.723	1	3	3	152.932	0
0.724	1	9	4	16.7182	0
0.729	1	5	9	662.437	0
0.73	1	6	10	288.192	0
0.731	1	1	11	23174	0
0.732	1	4	12	89.7437	0
0.735	1	2	15	1494.37	0
0.736	1	10	16	93301.6	0
0.761	1	7	1	99.7369	0
0.762	1	8	2	5377.53	0
0.763	1	3	3	41.3717	0
0.764	1	9	4	11.1342	0
0.769	1	5	9	1211.81	0
0.77	1	6	10	587.093	0
0.771	1	1	11	25906.7	0
0.772	1	4	12	116.157	0
0.775	1	2	15	1223.66	0
0.776	1	10	16	39299.2	0
0.801	1	7	1	152.946	0
0.802	1	8	2	444.222	0
0.803	1	3	3	161.424	0
0.804	1	9	4	48.4478	0
0.809	1	5	9	414.369	0
0.81	1	6	10	234.82	0
0.811	1	1	11	17681.1	0
0.812	1	4	12	194.213	0
0.815	1	2	15	1757.18	0
0.816	1	10	16	76772.1	0
0.841	1	7	1	318.402	0
0.842	1	8	2	1687.74	0
0.843	1	3	3	127.932	0
0.844	1	9	4	36.0205	0
0.849	1	5	9	2036.71	0
0.85	1	6	10	368.281	0
0.851	1	1	11	10311.9	0
0.852	1	4	12	492.513	0
0.855	1	2	15	4265.46	0
0.856	1	10	16	85382.8	0
0.881	1	7	1	37.3742	0
0.882	1	8	2	4416.32	0
0.883	1	3	3	44.4464	0
0.884	1	9	4	40.1735	0
0.889	1	5	9	3184.77	0
0.89	1	6	10	106.182	0
0.891	1	1	11	34373.5	0
0.892	1	4	12	570.481	0
0.895	1	2	15	5774.25	0
0.896	1	10	16	93758.7	0
0.921	1	7	1	56.8482	0
0.922	1	8	2	889.213	0
0.923	1	3	3	103.304	0
0.924	1	9	4	95.9239	0
0.929	1	5	9	696.19	0
0.93	1	6	10	563.135	0
0.931	1	1	11	29966.6	0
0.932	1	4	12	281.097	0
0.935	1	2	15	3221.29	0
0.936	1	10	16	296071	0
0.961	1	7	1	229.586	0
0.962	1	8	2	599.814	0
0.963	1	3	3	109.869	0
0.964	1	9	4	24.3321	0
0.969	1	5	9	696.819	0
0.97	1	6	10	994.532	0
0.971	1	1	11	32087.8	0
0.972	1	4	12	156.209	0
0.975	1	2	15	2251.78	0
0.976	1	10	16	181542	0
1.001	1	7	1	88.3761	0
1.002	1	8	2	1314.34	0
1.003	1	3	3	28.1043	0
1.004	1	9	4	43.7757	0
1.009	1	5	9	1180.45	0
1.01	1	6	10	566.902	0
1.011	1	1	11	14047.5	0
1.012	1	4	12	183.539	0
1.015	1	2	15	1940.48	0
1.016	1	10	16	201432	0
1.041	1	7	1	108.269	0
1.042	1	8	2	293.438	0
1.043	1	3	3	9.04948	0
1.044	1	9	4	12.0036	0
1.049	1	5	9	1001.37	0
1.05	1	6	10	580.64	0
1.051	1	1	11	8976.94	0
1.052	1	4	12	307.763	0
1.055	1	2	15	3300.39	0
1.056	1	10	16	22292.5	0
1.081	1	7	1	118.826	0
1.082	1	8	2	3477.01	0
1.083	1	3	3	50.1161	0
1.084	1	9	4	11.8691	0
1.089	1	5	9	341.632	0
1.09	1	6	10	398.146	0
1.091	1	1	11	10248.7	0
1.092	1	4	12	397.22	0
1.095	1	2	15	3195.02	0
1.096	1	10	16	96246.6	0
1.121	1	7	1	193.637	0
1.122	1	8	2	6156.76	0
1.123	1	3	3	143.604	0
1.124	1	9	4	21.193	0
1.129	1	5	9	200.806	0
1.13	1	6	10	152.034	0
1.131	1	1	11	9458.5	0
1.132	1	4	12	203.879	0
1.135	1	2	15	1605.32	0
1.136	1	10	16	48846.8	0
1.161	1	7	1	113.39	0
1.162	1	8	2	1776.3	0
1.163	1	3	3	47.7123	0
1.164	1	9	4	80.4983	0
1.169	1	5	9	684.845	0
1.17	1	6	10	199.518	0
1.171	1	1	11	17154.6	0
1.172	1	4	12	283.203	0
1.175	1	2	15	5017.19	0
1.176	1	10	16	24292.9	0
1.201	1	7	1	51.7022	0
1.202	1	8	2	2414.01	0
1.203	1	3	3	143.89	0
1.204	1	9	4	136.689	0
1.209	1	5	9	511.146	0
1.21	1	6	10	244.851	0
1.211	1	1	11	22714.3	0
1.212	1	4	12	390.567	0
1.215	1	2	15	3670.29	0
1.216	1	10	16	61129.3	0
1.241	1	7	1	24.1023	0
1.242	1	8	2	1418.65	0
1.243	1	3	3	147.637	0
1.244	1	9	4	56.5897	0
1.249	1	5	9	230.688	0
1.25	1	6	10	114.744	0
1.251	1	1	11	13885.1	0
1.252	1	4	12	297.412	0
1.255	1	2	15	3266.76	0
1.256	1	10	16	63835.2	0
1.281	1	7	1	70.9551	0
1.282	1	8	2	1022.92	0
1.283	1	3	3	208.859	0
1.284	1	9	4	36.4048	0
1.289	1	5	9	448.456	0
1.29	1	6	10	219.406	0
1.291	1	1	11	16264.2	0
1.292	1	4	12	201.926	0
1.295	1	2	15	5153.05	0
1.296	1	10	16	88757.3	0
1.321	1	7	1	302.577	0
1.322	1	8	2	832.135	0
1.323	1	3	3	168.473	0
1.324	1	9	4	37.9928	0
1.329	1	5	9	649.055	0
1.33	1	6	10	179.377	0
1.331	1	1	11	12125.2	0
1.332	1	4	12	73.7408	0
1.335	1	2	15	5807.39	0
1.336	1	10	16	56714.8	0
1.361	1	7	1	369.498	0
1.362	1	8	2	497.479	0
1.363	1	3	3	62.3976	0
1.364	1	9	4	10.2447	0
1.369	1	5	9	388.295	0
1.37	1	6	10	112.768	0
1.371	1	1	11	19259.8	0
1.372	1	4	12	107.794	0
1.375	1	2	15	5816.03	0
1.376	1	10	16	47059	0
1.401	1	7	1	132.007	0
1.402	1	8	2	909.418	0
1.403	1	3	3	227.553	0
1.404	1	9	4	3.9745	0
1.409	1	5	9	146.608	0
1.41	1	6	10	321.788	0
1.411	1	1	11	43050.2	0
1.412	1	4	12	171.71	0
1.415	1	2	15	3132.69	0
1.416	1	10	16	44839.7	0
1.441	1	7	1	259.84	0
1.442	1	8	2	804.612	0
1.443	1	3	3	111.804	0
1.444	1	9	4	13.9682	0
1.449	1	5	9	413.732	0
1.45	1	6	10	209.689	0
1.451	1	1	11	37101.9	0
1.452	1	4	12	226.594	0
1.455	1	2	15	8388.6	0
1.456	1	10	16	19869.7	0
1.481	1	7	1	450.934	0
1.482	1	8	2	2153.68	0
1.483	1	3	3	89.8745	0
1.484	1	9	4	38.4064	0
1.489	1	5	9	1345.89	0
1.49	1	6	10	217.428	0
1.491	1	1	11	19710.2	0
1.492	1	4	12	362.975	0
1.495	1	2	15	8785.29	0
1.496	1	10	16	25926.5	0
1.521	1	7	1	123.339	0
1.522	1	8	2	2274.71	0
1.523	1	3	3	119.161	0
1.524	1	9	4	42.8928	0
1.529	1	5	9	1310.78	0
1.53	1	6	10	287.022	0
1.531	1	1	11	31233	0
1.532	1	4	12	129.804	0
1.535	1	2	15	2413.78	0
1.536	1	10	16	32989.8	0
1.561	1	7	1	347.887	0
1.562	1	8	2	2767.48	0
1.563	1	3	3	55.4247	0
1.564	1	9	4	61.6935	0
1.569	1	5	9	1469.37	0
1.57	1	6	10	970.057	0
1.571	1	1	11	28356.3	0
1.572	1	4	12	159.667	0
1.575	1	2	15	2641.12	0
1.576	1	10	16	60769.1	0
1.601	1	7	1	474.325	0
1.602	1	8	2	6547.68	0
1.603	1	3	3	113.746	0
1.604	1	9	4	92.5596	0
1.609	1	5	9	1076.25	0
1.61	1	6	10	1412.43	0
1.611	1	1	11	21022.6	0
1.612	1	4	12	259.909	0
1.615	1	2	15	3254.06	0
1.616	1	10	16	75047.6	0
1.641	1	7	1	58.0402	0
1.642	1	8	2	4460.68	0
1.643	1	3	3	138.004	0
1.644	1	9	4	40.1568	0
1.649	1	5	9	480.95	0
1.65	1	6	10	302.45	0
1.651	1	1	11	12601.7	0
1.652	1	4	12	111.851	0
1.655	1	2	15	6017.44	0
1.656	1	10	16	45423.2	0
1.681	1	7	1	90.0432	0
1.682	1	8	2	2543.14	0
1.683	1	3	3	61.8482	0
1.684	1	9	4	9.77608	0
1.689	1	5	9	241.092	0
1.69	1	6	10	290.057	0
1.691	1	1	11	10324.5	0
1.692	1	4	12	183.109	0
1.695	1	2	15	4622.33	0
1.696	1	10	16	40407.1	0
1.721	1	7	1	91.1996	0
1.722	1	8	2	5037.91	0
1.723	1	3	3	70.4565	0
1.724	1	9	4	16.4799	0
1.729	1	5	9	69.267	0
1.73	1	6	10	426.027	0
1.731	1	1	11	20358.9	0
1.732	1	4	12	252.174	0
1.735	1	2	15	3312.71	0
1.736	1	10	16	18198.8	0
1.761	1	7	1	95.3575	0
1.762	1	8	2	3580.79	0
1.763	1	3	3	83.5668	0
1.764	1	9	4	34.888	0
1.769	1	5	9	506.889	0
1.77	1	6	10	76.148	0
1.771	1	1	11	11314.8	0
1.772	1	4	12	126.841	0
1.775	1	2	15	2391.48	0
1.776	1	10	16	14001.2	0
1.801	1	7	1	160.926	0
1.802	1	8	2	4968.55	0
1.803	1	3	3	84.7884	0
1.804	1	9	4	151.753	0
1.809	1	5	9	1268.72	0
1.81	1	6	10	253.774	0
1.811	1	1	11	23976.7	0
1.812	1	4	12	196.446	0
1.815	1	2	15	1059.08	0
1.816	1	10	16	9857.33	0
1.841	1	7	1	89.8868	0
1.842	1	8	2	3964.67	0
1.843	1	3	3	65.8114	0
1.844	1	9	4	28.3274	0
1.849	1	5	9	1153.3	0
1.85	1	6	10	288.35	0
1.851	1	1	11	23008.6	0
1.852	1	4	12	221.667	0
1.855	1	2	15	869.071	0
1.856	1	10	16	61192.6	0
1.881	1	7	1	73.6199	0
1.882	1	8	2	1285.44	0
1.883	1	3	3	69.4748	0
1.884	1	9	4	30.477	0
1.889	1	5	9	971.228	0
1.89	1	6	10	396.881	0
1.891	1	1	11	28638.7	0
1.892	1	4	12	215.043	0
1.895	1	2	15	2098.4	0
1.896	1	10	16	73863.1	0
1.921	1	7	1	337.068	0
1.922	1	8	2	1180.38	0
1.923	1	3	3	44.5375	0
1.924	1	9	4	146.709	0
1.929	1	5	9	1226.7	0
1.93	1	6	10	365.296	0
1.931	1	1	11	30105.9	0
1.932	1	4	12	300.664	0
1.935	1	2	15	6636.66	0
1.936	1	10	16	44016.2	0
1.961	1	7	1	296.659	0
1.962	1	8	2	1537.74	0
1.963	1	3	3	49.3736	0
1.964	1	9	4	57.8045	0
1.969	1	5	9	744.716	0
1.97	1	6	10	214.477	0
1.971	1	1	11	19070.5	0
1.972	1	4	12	576.41	0
1.975	1	2	15	3646.54	0
1.976	1	10	16	108400	0
2.001	1	7	1	98.6357	0
2.002	1	8	2	3071.72	0
2.003	1	3	3	227.424	0
2.004	1	9	4	26.3484	0
2.009	1	5	9	146.346	0
2.01	1	6	10	291.384	0
2.011	1	1	11	12167.7	0
2.012	1	4	12	34.9902	0
2.015	1	2	15	2440.84	0
2.016	1	10	16	30652.1	0
2.041	1	7	1	434.084	0
2.042	1	8	2	2645.68	0
2.043	1	3	3	89.6786	0
2.044	1	9	4	21.6349	0
2.049	1	5	9	550.989	0
2.05	1	6	10	320.141	0
2.051	1	1	11	31609.2	0
2.052	1	4	12	40.5536	0
2.055	1	2	15	2429	0
2.056	1	10	16	25275.9	0
2.081	1	7	1	240.86	0
2.082	1	8	2	2174.89	0
2.083	1	3	3	62.4636	0
2.084	1	9	4	68.236	0
2.089	1	5	9	815.832	0
2.09	1	6	10	142.783	0
2.091	1	1	11	15898.8	0
2.092	1	4	12	398.66	0
2.095	1	2	15	2632.69	0
2.096	1	10	16	33354.8	0
2.121	1	7	1	235.057	0
2.122	1	8	2	5824.8	0
2.123	1	3	3	30.666	0
2.124	1	9	4	65.8183	0
2.129	1	5	9	390.142	0
2.13	1	6	10	174.755	0
2.131	1	1	11	31493.8	0
2.132	1	4	12	236.943	0
2.135	1	2	15	3315.05	0
2.136	1	10	16	53430.1	0
2.161	1	7	1	346.816	0
2.162	1	8	2	4869.31	0
2.163	1	3	3	87.7187	0
2.164	1	9	4	34.1319	0
2.169	1	5	9	1227.42	0
2.17	1	6	10	201.822	0
2.171	1	1	11	36052.8	0
2.172	1	4	12	222.472	0
2.175	1	2	15	6047.16	0
2.176	1	10	16	67206.4	0
2.201	1	7	1	211.111	0
2.202	1	8	2	3027.98	0
2.203	1	3	3	92.8732	0
2.204	1	9	4	76.4567	0
2.209	1	5	9	993.957	0
2.21	1	6	10	203.148	0
2.211	1	1	11	28118.3	0
2.212	1	4	12	277.885	0
2.215	1	2	15	4553.6	0
2.216	1	10	16	136428	0
2.241	1	7	1	543.284	0
2.242	1	8	2	2150.17	0
2.243	1	3	3	73.8493	0
2.244	1	9	4	77.4894	0
2.249	1	5	9	1516.64	0
2.25	1	6	10	154.865	0
2.251	1	1	11	33650.9	0
2.252	1	4	12	89.2362	0
2.255	1	2	15	3312.4	0
2.256	1	10	16	87395.1	0
2.281	1	7	1	312.184	0
2.282	1	8	2	2760.33	0
2.283	1	3	3	150.953	0
2.284	1	9	4	38.8835	0
2.289	1	5	9	323.662	0
2.29	1	6	10	173.031	0
2.291	1	1	11	12141.2	0
2.292	1	4	12	63.4665	0
2.295	1	2	15	2339.34	0
2.296	1	10	16	66402.8	0
2.321	1	7	1	200.837	0
2.322	1	8	2	1974.22	0
2.323	1	3	3	107.967	0
2.324	1	9	4	39.2358	0
2.329	1	5	9	161.776	0
2.33	1	6	10	237.513	0
2.331	1	1	11	50482.6	0
2.332	1	4	12	29.8489	0
2.335	1	2	15	1057.9	0
2.336	1	10	16	147028	0
2.361	1	7	1	713.942	0
2.362	1	8	2	637.978	0
2.363	1	3	3	219.381	0
2.364	1	9	4	41.8359	0
2.369	1	5	9	176.935	0
2.37	1	6	10	252.092	0
2.371	1	1	11	45578	0
2.372	1	4	12	265.512	0
2.375	1	2	15	850.581	0
2.376	1	10	16	106270	0
2.401	1	7	1	544.5	0
2.402	1	8	2	780.744	0
2.403	1	3	3	191.458	0
2.404	1	9	4	79.3197	0
2.409	1	5	9	180.207	0
2.41	1	6	10	229.694	0
2.411	1	1	11	11164.5	0
2.412	1	4	12	466.142	0
2.415	1	2	15	2212.61	0
2.416	1	10	16	101719	0
2.441	1	7	1	229.36	0
2.442	1	8	2	2996.01	0
2.443	1	3	3	136.123	0
2.444	1	9	4	175.374	0
2.449	1	5	9	366.863	0
2.45	1	6	10	163.907	0
2.451	1	1	11	45444.5	0
2.452	1	4	12	252.475	0
2.455	1	2	15	6658.5	0
2.456	1	10	16	114727	0
2.481	1	7	1	131.628	0
2.482	1	8	2	3357.6	0
2.483	1	3	3	429.405	0
2.484	1	9	4	139.562	0
2.489	1	5	9	94.827	0
2.49	1	6	10	326.74	0
2.491	1	1	11	16709.9	0
2.492	1	4	12	724.648	0
2.495	1	2	15	3567.94	0
2.496	1	10	16	60352.8	0
2.521	1	7	1	305.844	0
2.522	1	8	2	1907.7	0
2.523	1	3	3	110.393	0
2.524	1	9	4	37.0793	0
2.529	1	5	9	281.834	0
2.53	1	6	10	252.938	0
2.531	1	1	11	12643.7	0
2.532	1	4	12	142.712	0
2.535	1	2	15	9611.41	0
2.536	1	10	16	87529.5	0
2.561	1	7	1	930.71	0
2.562	1	8	2	1548.73	0
2.563	1	3	3	160.452	0
2.564	1	9	4	72.3452	0
2.569	1	5	9	241.784	0
2.57	1	6	10	198.256	0
2.571	1	1	11	33839.4	0
2.572	1	4	12	225.752	0
2.575	1	2	15	5745.53	0
2.576	1	10	16	52652.4	0
2.601	1	7	1	653.396	0
2.602	1	8	2	2209.34	0
2.603	1	3	3	261.977	0
2.604	1	9	4	20.4614	0
2.609	1	5	9	117.154	0
2.61	1	6	10	176.53	0
2.611	1	1	11	31976.7	0
2.612	1	4	12	602.636	0
2.615	1	2	15	2148.16	0
2.616	1	10	16	62462.4	0
2.641	1	7	1	251.381	0
2.642	1	8	2	5592.86	0
2.643	1	3	3	107.385	0
2.644	1	9	4	22.5214	0
2.649	1	5	9	595.011	0
2.65	1	6	10	428.341	0
2.651	1	1	11	15121.4	0
2.652	1	4	12	378.721	0
2.655	1	2	15	1988.88	0
2.656	1	10	16	36407.8	0
2.681	1	7	1	728.725	0
2.682	1	8	2	6215.13	0
2.683	1	3	3	78.2217	0
2.684	1	9	4	43.6762	0
2.689	1	5	9	465.877	0
2.69	1	6	10	579.725	0
2.691	1	1	11	21864.9	0
2.692	1	4	12	321.862	0
2.695	1	2	15	3220.03	0
2.696	1	10	16	39365.9	0
2.721	1	7	1	560.882	0
2.722	1	8	2	2531.95	0
2.723	1	3	3	171.083	0
2.724	1	9	4	18.3678	0
2.729	1	5	9	820.826	0
2.73	1	6	10	566.156	0
2.731	1	1	11	15781.3	0
2.732	1	4	12	300.351	0
2.735	1	2	15	4131.29	0
2.736	1	10	16	74541.6	0
2.761	1	7	1	317.373	0
2.762	1	8	2	1862.45	0
2.763	1	3	3	174.057	0
2.764	1	9	4	9.96415	0
2.769	1	5	9	1062.77	0
2.77	1	6	10	347.075	0
2.771	1	1	11	16655.7	0
2.772	1	4	12	87.5531	0
2.775	1	2	15	2431.11	0
2.776	1	10	16	41272.9	0
2.801	1	7	1	111.284	0
2.802	1	8	2	1163.09	0
2.803	1	3	3	180.158	0
2.804	1	9	4	12.2175	0
2.809	1	5	9	195.656	0
2.81	1	6	10	137.042	0
2.811	1	1	11	43457.9	0
2.812	1	4	12	99.5396	0
2.815	1	2	15	4461.46	0
2.816	1	10	16	30015	0
2.841	1	7	1	86.1719	0
2.842	1	8	2	1406.24	0
2.843	1	3	3	188.538	0
2.844	1	9	4	12.0213	0
2.849	1	5	9	689.745	0
2.85	1	6	10	224.457	0
2.851	1	1	11	36743.2	0
2.852	1	4	12	199.815	0
2.855	1	2	15	8409.66	0
2.856	1	10	16	40738.9	0
2.881	1	7	1	787.7	0
2.882	1	8	2	647.654	0
2.883	1	3	3	143.921	0
2.884	1	9	4	13.1826	0
2.889	1	5	9	1117.56	0
2.89	1	6	10	222.803	0
2.891	1	1	11	28226.3	0
2.892	1	4	12	292.002	0
2.895	1	2	15	9554.75	0
2.896	1	10	16	42236.7	0
2.921	1	7	1	342.57	0
2.922	1	8	2	950.028	0
2.923	1	3	3	111.181	0
2.924	1	9	4	55.2484	0
2.929	1	5	9	175.835	0
2.93	1	6	10	114.037	0
2.931	1	1	11	53186.6	0
2.932	1	4	12	490.523	0
2.935	1	2	15	7966.73	0
2.936	1	10	16	36900.7	0
2.961	1	7	1	100.165	0
2.962	1	8	2	1799.87	0
2.963	1	3	3	206.708	0
2.964	1	9	4	253.57	0
2.969	1	5	9	420.681	0
2.97	1	6	10	239.263	0
2.971	1	1	11	52567.4	0
2.972	1	4	12	590.518	0
2.975	1	2	15	3576.07	0
2.976	1	10	16	30579.9	0
3.001	1	7	1	197.666	0
3.002	1	8	2	2255.86	0
3.003	1	3	3	255.92	0
3.004	1	9	4	38.7291	0
3.009	1	5	9	341.744	0
3.01	1	6	10	576.882	0
3.011	1	1	11	10794.7	0
3.012	1	4	12	118.723	0
3.015	1	2	15	5739.48	0
3.016	1	10	16	33446.4	0
3.041	1	7	1	224.955	0
3.042	1	8	2	1568.94	0
3.043	1	3	3	124.887	0
3.044	1	9	4	174.392	0
3.049	1	5	9	348.714	0
3.05	1	6	10	499.778	0
3.051	1	1	11	13603.7	0
3.052	1	4	12	81.378	0
3.055	1	2	15	5405.47	0
3.056	1	10	16	63940	0
3.081	1	7	1	183.862	0
3.082	1	8	2	1701.88	0
3.083	1	3	3	93.0812	0
3.084	1	9	4	70.0599	0
3.089	1	5	9	417.185	0
3.09	1	6	10	179.123	0
3.091	1	1	11	15108.7	0
3.092	1	4	12	115.55	0
3.095	1	2	15	2625.21	0
3.096	1	10	16	76966.9	0
3.121	1	7	1	89.8083	0
3.122	1	8	2	2516.54	0
3.123	1	3	3	228.33	0
3.124	1	9	4	11.2373	0
3.129	1	5	9	213.928	0
3.13	1	6	10	369.163	0
3.131	1	1	11	49470.6	0
3.132	1	4	12	100.587	0
3.135	1	2	15	2914.02	0
3.136	1	10	16	37676.3	0
3.161	1	7	1	80.5929	0
3.162	1	8	2	1783.41	0
3.163	1	3	3	109.795	0
3.164	1	9	4	25.2122	0
3.169	1	5	9	559.812	0
3.17	1	6	10	338.111	0
3.171	1	1	11	35009.3	0
3.172	1	4	12	174.78	0
3.175	1	2	15	1761.7	0
3.176	1	10	16	36098.5	0
3.201	1	7	1	119.837	0
3.202	1	8	2	2981.12	0
3.203	1	3	3	115.47	0
3.204	1	9	4	29.4887	0
3.209	1	5	9	504.018	0
3.21	1	6	10	268.676	0
3.211	1	1	11	20675.2	0
3.212	1	4	12	217.237	0
3.215	1	2	15	1007.96	0
3.216	1	10	16	27554.9	0
3.241	1	7	1	60.1552	0
3.242	1	8	2	3481.74	0
3.243	1	3	3	240.868	0
3.244	1	9	4	17.8493	0
3.249	1	5	9	406.386	0
3.25	1	6	10	403.958	0
3.251	1	1	11	53534.7	0
3.252	1	4	12	701.131	0
3.255	1	2	15	4155.47	0
3.256	1	10	16	12033.8	0
3.281	1	7	1	61.2873	0
3.282	1	8	2	878.9	0
3.283	1	3	3	95.4221	0
3.284	1	9	4	39.8222	0
3.289	1	5	9	305.077	0
3.29	1	6	10	254.623	0
3.291	1	1	11	41069.9	0
3.292	1	4	12	690.728	0
3.295	1	2	15	12028.2	0
3.296	1	10	16	37244	0
3.321	1	7	1	274.38	0
3.322	1	8	2	512.42	0
3.323	1	3	3	45.1737	0
3.324	1	9	4	27.3199	0
3.329	1	5	9	106.934	0
3.33	1	6	10	479.21	0
3.331	1	1	11	36615.9	0
3.332	1	4	12	413.255	0
3.335	1	2	15	11808.8	0
3.336	1	10	16	131877	0
3.361	1	7	1	117.035	0
3.362	1	8	2	1384.99	0
3.363	1	3	3	58.8556	0
3.364	1	9	4	16.6874	0
3.369	1	5	9	325.482	0
3.37	1	6	10	544.439	0
3.371	1	1	11	36214.1	0
3.372	1	4	12	1401.19	0
3.375	1	2	15	6192.76	0
3.376	1	10	16	167118	0
3.401	1	7	1	269.364	0
3.402	1	8	2	816.509	0
3.403	1	3	3	69.0709	0
3.404	1	9	4	30.0214	0
3.409	1	5	9	161.418	0
3.41	1	6	10	298.716	0
3.411	1	1	11	23784.5	0
3.412	1	4	12	570.786	0
3.415	1	2	15	11170.8	0
3.416	1	10	16	84062.7	0
3.441	1	7	1	842.548	0
3.442	1	8	2	956.214	0
3.443	1	3	3	57.0613	0
3.444	1	9	4	61.5271	0
3.449	1	5	9	208.827	0
3.45	1	6	10	231.95	0
3.451	1	1	11	12371.8	0
3.452	1	4	12	254.895	0
3.455	1	2	15	9457.66	0
3.456	1	10	16	125295	0
3.481	1	7	1	391.032	0
3.482	1	8	2	2485.31	0
3.483	1	3	3	112.435	0
3.484	1	9	4	36.4275	0
3.489	1	5	9	463.584	0
3.49	1	6	10	50.7414	0
3.491	1	1	11	11001	0
3.492	1	4	12	1011.91	0
3.495	1	2	15	4982.16	0
3.496	1	10	16	139204	0
3.521	1	7	1	196.364	0
3.522	1	8	2	635.868	0
3.523	1	3	3	80.2501	0
3.524	1	9	4	52.471	0
3.529	1	5	9	218.161	0
3.53	1	6	10	314.945	0
3.531	1	1	11	20200.3	0
3.532	1	4	12	542.309	0
3.535	1	2	15	2446.36	0
3.536	1	10	16	138769	0
3.561	1	7	1	200.49	0
3.562	1	8	2	4532.93	0
3.563	1	3	3	49.9857	0
3.564	1	9	4	71.8023	0
3.569	1	5	9	286.198	0
3.57	1	6	10	441.665	0
3.571	1	1	11	11532.2	0
3.572	1	4	12	355.677	0
3.575	1	2	15	5937.39	0
3.576	1	10	16	50250.3	0
3.601	1	7	1	122.09	0
3.602	1	8	2	3785.66	0
3.603	1	3	3	74.828	0
3.604	1	9	4	21.315	0
3.609	1	5	9	632.027	0
3.61	1	6	10	370.048	0
3.611	1	1	11	11476.2	0
3.612	1	4	12	476.154	0
3.615	1	2	15	9070.49	0
3.616	1	10	16	49847.7	0
3.641	1	7	1	209.607	0
3.642	1	8	2	1181.89	0
3.643	1	3	3	55.6356	0
3.644	1	9	4	94.9072	0
3.649	1	5	9	3566.31	0
3.65	1	6	10	495.88	0
3.651	1	1	11	12438.6	0
3.652	1	4	12	862.9	0
3.655	1	2	15	9414.74	0
3.656	1	10	16	8952.24	0
3.681	1	7	1	237.344	0
3.682	1	8	2	5398.78	0
3.683	1	3	3	65.3392	0
3.684	1	9	4	27.8392	0
3.689	1	5	9	1588.64	0
3.69	1	6	10	349.526	0
3.691	1	1	11	12421.2	0
3.692	1	4	12	570.351	0
3.695	1	2	15	6650.23	0
3.696	1	10	16	111619	0
3.721	1	7	1	153.522	0
3.722	1	8	2	2569.56	0
3.723	1	3	3	60.2356	0
3.724	1	9	4	7.82804	0
3.729	1	5	9	527.753	0
3.73	1	6	10	122.773	0
3.731	1	1	11	20857.8	0
3.732	1	4	12	185.135	0
3.735	1	2	15	2557.19	0
3.736	1	10	16	146078	0
3.761	1	7	1	253.595	0
3.762	1	8	2	3307.65	0
3.763	1	3	3	33.8986	0
3.764	1	9	4	22.4108	0
3.769	1	5	9	733.315	0
3.77	1	6	10	201.089	0
3.771	1	1	11	21514.3	0
3.772	1	4	12	308.665	0
3.775	1	2	15	3100.11	0
3.776	1	10	16	13687.3	0
3.801	1	7	1	107.094	0
3.802	1	8	2	1265.51	0
3.803	1	3	3	73.5588	0
3.804	1	9	4	16.4925	0
3.809	1	5	9	462.25	0
3.81	1	6	10	212.421	0
3.811	1	1	11	15650	0
3.812	1	4	12	392.427	0
3.815	1	2	15	4028.77	0
3.816	1	10	16	83660.6	0
3.841	1	7	1	156.168	0
3.842	1	8	2	659.691	0
3.843	1	3	3	124.279	0
3.844	1	9	4	9.15125	0
3.849	1	5	9	536.174	0
3.85	1	6	10	184.993	0
3.851	1	1	11	11052.6	0
3.852	1	4	12	168.179	0
3.855	1	2	15	1888.51	0
3.856	1	10	16	125376	0
3.881	1	7	1	216.831	0
3.882	1	8	2	2162.35	0
3.883	1	3	3	76.3502	0
3.884	1	9	4	48.4823	0
3.889	1	5	9	236.897	0
3.89	1	6	10	171.474	0
3.891	1	1	11	4998.22	0
3.892	1	4	12	283.225	0
3.895	1	2	15	3423.45	0
3.896	1	10	16	43075.6	0
3.921	1	7	1	151.946	0
3.922	1	8	2	1920.98	0
3.923	1	3	3	49.7563	0
3.924	1	9	4	45.4647	0
3.929	1	5	9	157.682	0
3.93	1	6	10	135.764	0
3.931	1	1	11	2740.49	0
3.932	1	4	12	154.33	0
3.935	1	2	15	3046.92	0
3.936	1	10	16	38443.9	0
3.961	1	7	1	149.107	0
3.962	1	8	2	1097.88	0
3.963	1	3	3	57.5392	0
3.964	1	9	4	89.6344	0
3.969	1	5	9	895.823	0
3.97	1	6	10	150.728	0
3.971	1	1	11	9535.28	0
3.972	1	4	12	341.783	0
3.975	1	2	15	1702.61	0
3.976	1	10	16	36086.6	0
4.001	1	7	1	101.952	0
4.002	1	8	2	490.206	0
4.003	1	3	3	37.8563	0
4.004	1	9	4	191.121	0
4.009	1	5	9	572.544	0
4.01	1	6	10	571.025	0
4.011	1	1	11	20221	0
4.012	1	4	12	138.966	0
4.015	1	2	15	5760.49	0
4.016	1	10	16	72428.9	0
4.041	1	7	1	114.14	0
4.042	1	8	2	1013.34	0
4.043	1	3	3	122.606	0
4.044	1	9	4	212.284	0
4.049	1	5	9	208.796	0
4.05	1	6	10	219.918	0
4.051	1	1	11	14216	0
4.052	1	4	12	264.94	0
4.055	1	2	15	3080.36	0
4.056	1	10	16	62914.2	0
4.081	1	7	1	207.55	0
4.082	1	8	2	2381.11	0
4.083	1	3	3	102.355	0
4.084	1	9	4	412.437	0
4.089	1	5	9	530.842	0
4.09	1	6	10	297.012	0
4.091	1	1	11	18080.6	0
4.092	1	4	12	133.836	0
4.095	1	2	15	8097.62	0
4.096	1	10	16	49914.8	0
4.121	1	7	1	59.5885	0
4.122	1	8	2	825.576	0
4.123	1	3	3	56.0306	0
4.124	1	9	4	227.834	0
4.129	1	5	9	564.061	0
4.13	1	6	10	187.218	0
4.131	1	1	11	16377.2	0
4.132	1	4	12	471.017	0
4.135	1	2	15	4630.12	0
4.136	1	10	16	45642.2	0
4.161	1	7	1	125.832	0
4.162	1	8	2	790.409	0
4.163	1	3	3	129.193	0
4.164	1	9	4	58.6133	0
4.169	1	5	9	585.543	0
4.17	1	6	10	251.151	0
4.171	1	1	11	52762.4	0
4.172	1	4	12	130.455	0
4.175	1	2	15	15648.6	0
4.176	1	10	16	202020	0
4.201	1	7	1	200.721	0
4.202	1	8	2	1851.81	0
4.203	1	3	3	145.881	0
4.204	1	9	4	17.422	0
4.209	1	5	9	1302.12	0
4.21	1	6	10	586.758	0
4.211	1	1	11	42776.4	0
4.212	1	4	12	53.2983	0
4.215	1	2	15	22784.7	0
4.216	1	10	16	136586	0
4.241	1	7	1	285.648	0
4.242	1	8	2	4530.21	0
4.243	1	3	3	155.74	0
4.244	1	9	4	16.8158	0
4.249	1	5	9	1121.21	0
4.25	1	6	10	455.712	0
4.251	1	1	11	12057.5	0
4.252	1	4	12	144.613	0
4.255	1	2	15	4879.01	0
4.256	1	10	16	64112.1	0
4.281	1	7	1	1007.58	0
4.282	1	8	2	2420.03	0
4.283	1	3	3	80.5829	0
4.284	1	9	4	76.1341	0
4.289	1	5	9	1639.44	0
4.29	1	6	10	388.213	0
4.291	1	1	11	28622.1	0
4.292	1	4	12	109.571	0
4.295	1	2	15	4679.09	0
4.296	1	10	16	53211.3	0
4.321	1	7	1	76.8431	0
4.322	1	8	2	2401.91	0
4.323	1	3	3	198.179	0
4.324	1	9	4	20.84	0
4.329	1	5	9	1143.2	0
4.33	1	6	10	728.62	0
4.331	1	1	11	23090.3	0
4.332	1	4	12	83.0773	0
4.335	1	2	15	6872.5	0
4.336	1	10	16	55763.5	0
4.361	1	7	1	172.831	0
4.362	1	8	2	2288.63	0
4.363	1	3	3	240.201	0
4.364	1	9	4	20.8562	0
4.369	1	5	9	408.701	0
4.37	1	6	10	648.031	0
4.371	1	1	11	25384.4	0
4.372	1	4	12	115.07	0
4.375	1	2	15	1228.39	0
4.376	1	10	16	126842	0
4.401	1	7	1	1694.27	0
4.402	1	8	2	1014.16	0
4.403	1	3	3	92.7481	0
4.404	1	9	4	49.2994	0
4.409	1	5	9	184.395	0
4.41	1	6	10	226.166	0
4.411	1	1	11	14888.4	0
4.412	1	4	12	418.709	0
4.415	1	2	15	4093.79	0
4.416	1	10	16	63277.3	0
4.441	1	7	1	97.0126	0
4.442	1	8	2	845.525	0
4.443	1	3	3	122.259	0
4.444	1	9	4	13.309	0
4.449	1	5	9	76.5988	0
4.45	1	6	10	463.245	0
4.451	1	1	11	23390.4	0
4.452	1	4	12	1078.93	0
4.455	1	2	15	4651.55	0
4.456	1	10	16	39109.7	0
4.481	1	7	1	47.1787	0
4.482	1	8	2	749.81	0
4.483	1	3	3	79.6955	0
4.484	1	9	4	19.3559	0
4.489	1	5	9	285.411	0
4.49	1	6	10	597.19	0
4.491	1	1	11	77509.9	0
4.492	1	4	12	270.947	0
4.495	1	2	15	6402.32	0
4.496	1	10	16	104867	0
4.521	1	7	1	129.746	0
4.522	1	8	2	2511.12	0
4.523	1	3	3	205.273	0
4.524	1	9	4	29.075	0
4.529	1	5	9	699.649	0
4.53	1	6	10	242.642	0
4.531	1	1	11	46217.2	0
4.532	1	4	12	146.067	0
4.535	1	2	15	5806.9	0
4.536	1	10	16	35702.4	0
4.561	1	7	1	127.77	0
4.562	1	8	2	1177.45	0
4.563	1	3	3	124.314	0
4.564	1	9	4	24.9493	0
4.569	1	5	9	412.048	0
4.57	1	6	10	392.328	0
4.571	1	1	11	38833.8	0
4.572	1	4	12	296.841	0
4.575	1	2	15	4478.54	0
4.576	1	10	16	28656.5	0
4.601	1	7	1	355.133	0
4.602	1	8	2	2087.36	0
4.603	1	3	3	484.116	0
4.604	1	9	4	3.94743	0
4.609	1	5	9	788.163	0
4.61	1	6	10	626.773	0
4.611	1	1	11	25758	0
4.612	1	4	12	207.34	0
4.615	1	2	15	9274.22	0
4.616	1	10	16	12130.2	0
4.641	1	7	1	169.198	0
4.642	1	8	2	854.902	0
4.643	1	3	3	525.808	0
4.644	1	9	4	70.042	0
4.649	1	5	9	1173.68	0
4.65	1	6	10	334.441	0
4.651	1	1	11	33735.7	0
4.652	1	4	12	443.546	0
4.655	1	2	15	7142.24	0
4.656	1	10	16	34343.8	0
4.681	1	7	1	170.181	0
4.682	1	8	2	574.163	0
4.683	1	3	3	74.8247	0
4.684	1	9	4	124.234	0
4.689	1	5	9	787.554	0
4.69	1	6	10	212.643	0
4.691	1	1	11	29546.4	0
4.692	1	4	12	519.026	0
4.695	1	2	15	4506	0
4.696	1	10	16	126582	0
4.721	1	7	1	109.536	0
4.722	1	8	2	3258.68	0
4.723	1	3	3	156.23	0
4.724	1	9	4	5.52597	0
4.729	1	5	9	361.949	0
4.73	1	6	10	419.527	0
4.731	1	1	11	20406.5	0
4.732	1	4	12	231.235	0
4.735	1	2	15	2548.91	0
4.736	1	10	16	169699	0
4.761	1	7	1	74.3686	0
4.762	1	8	2	2829.57	0
4.763	1	3	3	146.749	0
4.764	1	9	4	32.5658	0
4.769	1	5	9	748.508	0
4.77	1	6	10	259.6	0
4.771	1	1	11	31870.7	0
4.772	1	4	12	556.079	0
4.775	1	2	15	1591.35	0
4.776	1	10	16	86542.9	0
4.801	1	7	1	239.992	0
4.802	1	8	2	657.389	0
4.803	1	3	3	14.9522	0
4.804	1	9	4	86.3428	0
4.809	1	5	9	1328.43	0
4.81	1	6	10	347.246	0
4.811	1	1	11	30434.8	0
4.812	1	4	12	968.972	0
4.815	1	2	15	7174.61	0
4.816	1	10	16	121005	0
4.841	1	7	1	106.719	0
4.842	1	8	2	1230.04	0
4.843	1	3	3	55.0825	0
4.844	1	9	4	37.5355	0
4.849	1	5	9	885.466	0
4.85	1	6	10	350.398	0
4.851	1	1	11	38012.6	0
4.852	1	4	12	468.942	0
4.855	1	2	15	3620.81	0
4.856	1	10	16	142635	0
4.881	1	7	1	46.8108	0
4.882	1	8	2	1716.64	0
4.883	1	3	3	120.912	0
4.884	1	9	4	20.7544	0
4.889	1	5	9	399.41	0
4.89	1	6	10	287.315	0
4.891	1	1	11	17330	0
4.892	1	4	12	391.793	0
4.895	1	2	15	5183.57	0
4.896	1	10	16	66969.6	0
4.921	1	7	1	127.81	0
4.922	1	8	2	427.682	0
4.923	1	3	3	170.163	0
4.924	1	9	4	29.8965	0
4.929	1	5	9	145.648	0
4.93	1	6	10	583.109	0
4.931	1	1	11	4372.81	0
4.932	1	4	12	883.899	0
4.935	1	2	15	7305.33	0
4.936	1	10	16	85238.5	0
4.961	1	7	1	172.141	0
4.962	1	8	2	2348.06	0
4.963	1	3	3	136.119	0
4.964	1	9	4	9.64465	0
4.969	1	5	9	98.6393	0
4.97	1	6	10	427.505	0
4.971	1	1	11	9751.73	0
4.972	1	4	12	527.532	0
4.975	1	2	15	6041.93	0
4.976	1	10	16	80377.3	0
5.001	1	7	1	195.279	0
5.002	1	8	2	2196.45	0
5.003	1	3	3	70.5318	0
5.004	1	9	4	69.8386	0
5.009	1	5	9	157.386	0
5.01	1	6	10	228.144	0
5.011	1	1	11	68856.3	0
5.012	1	4	12	759.487	0
5.015	1	2	15	1468.03	0
5.016	1	10	16	42973.9	0
5.041	1	7	1	470.507	0
5.042	1	8	2	1033.15	0
5.043	1	3	3	112.701	0
5.044	1	9	4	45.7913	0
5.049	1	5	9	281.721	0
5.05	1	6	10	336.924	0
5.051	1	1	11	54071.9	0
5.052	1	4	12	354.187	0
5.055	1	2	15	2190.76	0
5.056	1	10	16	36965.2	0
5.081	1	7	1	501.176	0
5.082	1	8	2	1911.16	0
5.083	1	3	3	136.41	0
5.084	1	9	4	33.1944	0
5.089	1	5	9	307.151	0
5.09	1	6	10	613.221	0
5.091	1	1	11	22532.5	0
5.092	1	4	12	134.565	0
5.095	1	2	15	2527.37	0
5.096	1	10	16	14931.6	0
5.121	1	7	1	79.1774	0
5.122	1	8	2	1220.61	0
5.123	1	3	3	137.721	0
5.124	1	9	4	24.2883	0
5.129	1	5	9	234.559	0
5.13	1	6	10	236.355	0
5.131	1	1	11	57312.8	0
5.132	1	4	12	142.468	0
5.135	1	2	15	3674.28	0
5.136	1	10	16	13281.1	0
5.161	1	7	1	36.7258	0
5.162	1	8	2	5590.95	0
5.163	1	3	3	72.0985	0
5.164	1	9	4	35.182	0
5.169	1	5	9	738.753	0
5.17	1	6	10	238.472	0
5.171	1	1	11	30787.2	0
5.172	1	4	12	176.377	0
5.175	1	2	15	5938.31	0
5.176	1	10	16	14534.7	0
5.201	1	7	1	53.1486	0
5.202	1	8	2	6587.82	0
5.203	1	3	3	61.5228	0
5.204	1	9	4	14.9327	0
5.209	1	5	9	457.561	0
5.21	1	6	10	550.805	0
5.211	1	1	11	18371.3	0
5.212	1	4	12	1308.19	0
5.215	1	2	15	6973.28	0
5.216	1	10	16	75197.8	0
5.241	1	7	1	110.25	0
5.242	1	8	2	908.785	0
5.243	1	3	3	264.471	0
5.244	1	9	4	15.4445	0
5.249	1	5	9	348.667	0
5.25	1	6	10	586.866	0
5.251	1	1	11	9631.96	0
5.252	1	4	12	1023.96	0
5.255	1	2	15	9682.47	0
5.256	1	10	16	61076.2	0
5.281	1	7	1	185.514	0
5.282	1	8	2	701.212	0
5.283	1	3	3	147.457	0
5.284	1	9	4	25.9612	0
5.289	1	5	9	385.029	0
5.29	1	6	10	332.931	0
5.291	1	1	11	15399.1	0
5.292	1	4	12	379.359	0
5.295	1	2	15	9895.13	0
5.296	1	10	16	55866.1	0
5.321	1	7	1	206.389	0
5.322	1	8	2	1950.91	0
5.323	1	3	3	81.9214	0
5.324	1	9	4	10.4362	0
5.329	1	5	9	255.231	0
5.33	1	6	10	126.687	0
5.331	1	1	11	61577.4	0
5.332	1	4	12	335.54	0
5.335	1	2	15	2875.41	0
5.336	1	10	16	110776	0
5.361	1	7	1	337.788	0
5.362	1	8	2	412.357	0
5.363	1	3	3	115.821	0
5.364	1	9	4	20.4069	0
5.369	1	5	9	409.794	0
5.37	1	6	10	126.409	0
5.371	1	1	11	25004.4	0
5.372	1	4	12	336.874	0
5.375	1	2	15	3193.62	0
5.376	1	10	16	68775.9	0
5.401	1	7	1	878.438	0
5.402	1	8	2	4804.14	0
5.403	1	3	3	60.7092	0
5.404	1	9	4	22.5135	0
5.409	1	5	9	223.605	0
5.41	1	6	10	207.915	0
5.411	1	1	11	9765.33	0
5.412	1	4	12	469.721	0
5.415	1	2	15	7184.71	0
5.416	1	10	16	112502	0
