% time	cellId	IMSI	frame	sframe	RNTI	mcsTb1	sizeTb1	mcsTb2	sizeTb2	ccId
0.032	1	2	4	3	1	28	2196	0	0	0
0.04	1	1	5	1	3	28	2196	0	0	0
0.041	1	5	5	2	2	28	2196	0	0	0
0.042	1	4	5	3	4	28	2196	0	0	0
0.046	1	1	5	7	3	28	2196	0	0	0
0.049	1	1	5	10	3	28	2196	0	0	0
0.05	1	4	6	1	4	28	2196	0	0	0
0.054	1	2	6	5	1	28	2196	0	0	0
0.056	1	5	6	7	2	28	2196	0	0	0
0.057	1	3	6	8	6	28	2196	0	0	0
0.063	1	4	7	4	4	28	2196	0	0	0
0.064	1	5	7	5	2	28	2196	0	0	0
0.066	1	1	7	7	3	28	2196	0	0	0
0.074	1	1	8	5	3	28	2196	0	0	0
0.076	1	2	8	7	1	28	2196	0	0	0
0.077	1	4	8	8	4	28	2196	0	0	0
0.078	1	3	8	9	6	28	2196	0	0	0
0.079	1	1	8	10	3	28	2196	0	0	0
0.083	1	4	9	4	4	28	2196	0	0	0
0.085	1	5	9	6	2	28	2196	0	0	0
0.088	1	2	9	9	1	28	2196	0	0	0
0.092	1	5	10	3	2	28	2196	0	0	0
0.1	1	3	11	1	6	28	2196	0	0	0
0.101	1	2	11	2	1	28	2196	0	0	0
0.102	1	1	11	3	3	28	2196	0	0	0
0.11	1	1	12	1	3	28	2196	0	0	0
0.119	1	3	12	10	6	28	2196	0	0	0
0.12	1	2	13	1	1	28	2196	0	0	0
0.125	1	5	13	6	2	28	2196	0	0	0
0.148	1	4	15	9	4	28	2196	0	0	0
0.158	1	4	16	9	4	28	2196	0	0	0
0.169	1	4	17	10	4	28	2196	0	0	0
0.175	1	1	18	6	3	28	2196	0	0	0
0.179	1	5	18	10	2	28	2196	0	0	0
0.184	1	3	19	5	6	28	2196	0	0	0
0.188	1	2	19	9	1	28	2196	0	0	0
0.192	1	5	20	3	2	28	2196	0	0	0
0.193	1	1	20	4	3	28	2196	0	0	0
0.195	1	3	20	6	6	28	2196	0	0	0
0.205	1	3	21	6	6	28	2196	0	0	0
0.208	1	2	21	9	1	28	2196	0	0	0
0.214	1	2	22	5	1	28	2196	0	0	0
0.215	1	5	22	6	2	28	2196	0	0	0
0.217	1	1	22	8	3	28	2196	0	0	0
0.218	1	3	22	9	6	28	2196	0	0	0
0.219	1	4	22	10	4	28	2196	0	0	0
0.235	1	1	24	6	3	28	2196	0	0	0
0.236	1	4	24	7	4	28	2196	0	0	0
0.238	1	3	24	9	6	28	2196	0	0	0
0.25	1	3	26	1	6	28	2196	0	0	0
0.259	1	4	26	10	4	28	2196	0	0	0
0.267	1	2	27	8	1	28	2196	0	0	0
0.27	1	3	28	1	6	28	2196	0	0	0
0.276	1	5	28	7	2	28	2196	0	0	0
0.277	1	4	28	8	4	28	2196	0	0	0
0.278	1	1	28	9	3	28	2196	0	0	0
0.281	1	2	29	2	1	28	2196	0	0	0
0.286	1	5	29	7	2	28	2196	0	0	0
0.287	1	2	29	8	1	28	2196	0	0	0
0.292	1	1	30	3	3	28	2196	0	0	0
0.297	1	2	30	8	1	28	2196	0	0	0
0.303	1	5	31	4	2	28	2196	0	0	0
0.315	1	2	32	6	1	28	2196	0	0	0
0.326	1	4	33	7	4	28	2196	0	0	0
0.328	1	3	33	9	6	28	2196	0	0	0
0.338	1	5	34	9	2	28	2196	0	0	0
0.345	1	1	35	6	3	28	2196	0	0	0
0.348	1	3	35	9	6	28	2196	0	0	0
0.349	1	4	35	10	4	28	2196	0	0	0
0.351	1	2	36	2	1	28	2196	0	0	0
0.356	1	3	36	7	6	28	2196	0	0	0
0.357	1	2	36	8	1	28	2196	0	0	0
0.363	1	1	37	4	3	28	2196	0	0	0
0.364	1	4	37	5	4	28	2196	0	0	0
0.365	1	5	37	6	2	28	2196	0	0	0
0.368	1	3	37	9	6	28	2196	0	0	0
0.375	1	1	38	6	3	28	2196	0	0	0
0.384	1	5	39	5	2	28	2196	0	0	0
0.385	1	4	39	6	4	28	2196	0	0	0
0.386	1	2	39	7	1	28	2196	0	0	0
0.392	1	3	40	3	6	28	2196	0	0	0
0.393	1	1	40	4	3	28	2196	0	0	0
0.395	1	2	40	6	1	28	2196	0	0	0
0.401	1	5	41	2	2	28	2196	0	0	0
0.402	1	1	41	3	3	28	2196	0	0	0
0.403	1	2	41	4	1	28	2196	0	0	0
0.416	1	3	42	7	6	28	2196	0	0	0
0.422	1	2	43	3	1	28	2196	0	0	0
0.424	1	5	43	5	2	28	2196	0	0	0
0.425	1	1	43	6	3	28	2196	0	0	0
0.433	1	3	44	4	6	28	2196	0	0	0
0.434	1	1	44	5	3	28	2196	0	0	0
0.443	1	2	45	4	1	28	2196	0	0	0
0.466	1	4	47	7	4	28	2196	0	0	0
0.469	1	1	47	10	3	28	2196	0	0	0
0.476	1	2	48	7	1	28	2196	0	0	0
0.48	1	3	49	1	6	28	2196	0	0	0
0.481	1	5	49	2	2	28	2196	0	0	0
0.482	1	1	49	3	3	28	2196	0	0	0
0.491	1	5	50	2	2	28	2196	0	0	0
0.496	1	4	50	7	4	28	2196	0	0	0
0.498	1	5	50	9	2	28	2196	0	0	0
0.511	1	2	52	2	1	28	2196	0	0	0
0.515	1	1	52	6	3	28	2196	0	0	0
0.516	1	4	52	7	4	28	2196	0	0	0
0.519	1	2	52	10	1	28	2196	0	0	0
0.52	1	1	53	1	3	28	2196	0	0	0
0.521	1	5	53	2	2	28	2196	0	0	0
0.531	1	5	54	2	2	28	2196	0	0	0
0.536	1	2	54	7	1	28	2196	0	0	0
0.538	1	3	54	9	6	28	2196	0	0	0
0.546	1	3	55	7	6	28	2196	0	0	0
0.552	1	4	56	3	4	28	2196	0	0	0
0.553	1	2	56	4	1	28	2196	0	0	0
0.561	1	5	57	2	2	28	2196	0	0	0
0.567	1	3	57	8	6	28	2196	0	0	0
0.572	1	1	58	3	3	28	2196	0	0	0
0.573	1	5	58	4	2	28	2196	0	0	0
0.575	1	4	58	6	4	28	2196	0	0	0
0.576	1	1	58	7	3	28	2196	0	0	0
0.579	1	1	58	10	3	28	2196	0	0	0
0.585	1	4	59	6	4	28	2196	0	0	0
0.592	1	3	60	3	6	28	2196	0	0	0
0.595	1	4	60	6	4	28	2196	0	0	0
0.596	1	5	60	7	2	28	2196	0	0	0
0.602	1	2	61	3	1	28	2196	0	0	0
0.604	1	1	61	5	3	28	2196	0	0	0
0.606	1	4	61	7	4	28	2196	0	0	0
0.613	1	3	62	4	6	28	2196	0	0	0
0.614	1	1	62	5	3	28	2196	0	0	0
0.624	1	2	63	5	1	28	2196	0	0	0
0.625	1	3	63	6	6	28	2196	0	0	0
0.627	1	4	63	8	4	28	2196	0	0	0
0.628	1	5	63	9	2	28	2196	0	0	0
0.637	1	1	64	8	3	28	2196	0	0	0
0.645	1	1	65	6	3	28	2196	0	0	0
0.647	1	2	65	8	1	28	2196	0	0	0
0.649	1	3	65	10	6	28	2196	0	0	0
0.65	1	4	66	1	4	28	2196	0	0	0
0.659	1	1	66	10	3	28	2196	0	0	0
0.662	1	4	67	3	4	28	2196	0	0	0
0.664	1	2	67	5	1	28	2196	0	0	0
0.665	1	5	67	6	2	28	2196	0	0	0
0.675	1	5	68	6	2	28	2196	0	0	0
0.677	1	2	68	8	1	28	2196	0	0	0
0.678	1	4	68	9	4	28	2196	0	0	0
0.685	1	2	69	6	1	28	2196	0	0	0
0.694	1	2	70	5	1	28	2196	0	0	0
0.7	1	5	71	1	2	28	2196	0	0	0
0.701	1	2	71	2	1	28	2196	0	0	0
0.703	1	3	71	4	6	28	2196	0	0	0
0.704	1	1	71	5	3	28	2196	0	0	0
0.709	1	4	71	10	4	28	2196	0	0	0
0.713	1	1	72	4	3	28	2196	0	0	0
0.719	1	4	72	10	4	28	2196	0	0	0
0.72	1	3	73	1	6	28	2196	0	0	0
0.724	1	1	73	5	3	28	2196	0	0	0
0.735	1	3	74	6	6	28	2196	0	0	0
0.738	1	2	74	9	1	28	2196	0	0	0
0.748	1	5	75	9	2	28	2196	0	0	0
0.751	1	4	76	2	4	28	2196	0	0	0
0.759	1	2	76	10	1	28	2196	0	0	0
0.762	1	1	77	3	3	28	2196	0	0	0
0.77	1	4	78	1	4	28	2196	0	0	0
0.771	1	5	78	2	2	28	2196	0	0	0
0.772	1	2	78	3	1	28	2196	0	0	0
0.775	1	4	78	6	4	28	2196	0	0	0
0.777	1	3	78	8	6	28	2196	0	0	0
0.778	1	1	78	9	3	28	2196	0	0	0
0.782	1	2	79	3	1	28	2196	0	0	0
0.784	1	1	79	5	3	28	2196	0	0	0
0.794	1	4	80	5	4	28	2196	0	0	0
0.801	1	1	81	2	3	28	2196	0	0	0
0.806	1	2	81	7	1	28	2196	0	0	0
0.817	1	3	82	8	6	28	2196	0	0	0
0.819	1	4	82	10	4	28	2196	0	0	0
0.82	1	2	83	1	1	28	2196	0	0	0
0.824	1	2	83	5	1	28	2196	0	0	0
0.83	1	4	84	1	4	28	2196	0	0	0
0.833	1	2	84	4	1	28	2196	0	0	0
0.834	1	5	84	5	2	28	2196	0	0	0
0.837	1	4	84	8	4	28	2196	0	0	0
0.84	1	1	85	1	3	28	2196	0	0	0
0.85	1	5	86	1	2	28	2196	0	0	0
0.865	1	1	87	6	3	28	2196	0	0	0
0.876	1	5	88	7	2	28	2196	0	0	0
0.877	1	4	88	8	4	28	2196	0	0	0
0.88	1	2	89	1	1	28	2196	0	0	0
0.888	1	3	89	9	6	28	2196	0	0	0
0.892	1	1	90	3	3	28	2196	0	0	0
0.896	1	3	90	7	6	28	2196	0	0	0
0.902	1	4	91	3	4	28	2196	0	0	0
0.907	1	3	91	8	6	28	2196	0	0	0
0.911	1	1	92	2	3	28	2196	0	0	0
0.916	1	2	92	7	1	28	2196	0	0	0
0.925	1	3	93	6	6	28	2196	0	0	0
0.926	1	4	93	7	4	28	2196	0	0	0
0.927	1	1	93	8	3	28	2196	0	0	0
0.93	1	5	94	1	2	28	2196	0	0	0
0.931	1	3	94	2	6	28	2196	0	0	0
0.948	1	1	95	9	3	28	2196	0	0	0
0.949	1	3	95	10	6	28	2196	0	0	0
0.95	1	5	96	1	2	28	2196	0	0	0
0.953	1	2	96	4	1	28	2196	0	0	0
0.959	1	5	96	10	2	28	2196	0	0	0
0.968	1	1	97	9	3	28	2196	0	0	0
0.971	1	3	98	2	6	28	2196	0	0	0
0.972	1	2	98	3	1	28	2196	0	0	0
0.976	1	2	98	7	1	28	2196	0	0	0
0.98	1	5	99	1	2	28	2196	0	0	0
0.984	1	3	99	5	6	28	2196	0	0	0
0.992	1	4	100	3	4	28	2196	0	0	0
0.994	1	2	100	5	1	28	2196	0	0	0
0.998	1	3	100	9	6	28	2196	0	0	0
0.999	1	1	100	10	3	28	2196	0	0	0
1.004	1	2	101	5	1	28	2196	0	0	0
1.007	1	1	101	8	3	28	2196	0	0	0
1.008	1	5	101	9	2	28	2196	0	0	0
1.013	1	3	102	4	6	28	2196	0	0	0
1.014	1	2	102	5	1	28	2196	0	0	0
1.016	1	4	102	7	4	28	2196	0	0	0
1.018	1	2	102	9	1	28	2196	0	0	0
1.023	1	5	103	4	2	28	2196	0	0	0
1.035	1	2	104	6	1	28	2196	0	0	0
1.043	1	1	105	4	3	28	2196	0	0	0
1.044	1	5	105	5	2	28	2196	0	0	0
1.046	1	2	105	7	1	28	2196	0	0	0
1.052	1	3	106	3	6	28	2196	0	0	0
1.06	1	5	107	1	2	28	2196	0	0	0
1.068	1	2	107	9	1	28	2196	0	0	0
1.072	1	1	108	3	3	28	2196	0	0	0
1.076	1	3	108	7	6	28	2196	0	0	0
1.078	1	5	108	9	2	28	2196	0	0	0
1.079	1	2	108	10	1	28	2196	0	0	0
1.088	1	2	109	9	1	28	2196	0	0	0
1.116	1	2	112	7	1	28	2196	0	0	0
1.117	1	3	112	8	6	28	2196	0	0	0
1.122	1	2	113	3	1	28	2196	0	0	0
1.123	1	1	113	4	3	28	2196	0	0	0
1.133	1	1	114	4	3	28	2196	0	0	0
1.136	1	4	114	7	4	28	2196	0	0	0
1.141	1	4	115	2	4	28	2196	0	0	0
1.142	1	3	115	3	6	28	2196	0	0	0
1.143	1	2	115	4	1	28	2196	0	0	0
1.153	1	3	116	4	6	28	2196	0	0	0
1.157	1	4	116	8	4	28	2196	0	0	0
1.158	1	5	116	9	2	28	2196	0	0	0
1.171	1	1	118	2	3	28	2196	0	0	0
1.177	1	1	118	8	3	28	2196	0	0	0
1.182	1	3	119	3	6	28	2196	0	0	0
1.183	1	4	119	4	4	28	2196	0	0	0
1.184	1	2	119	5	1	28	2196	0	0	0
1.191	1	4	120	2	4	28	2196	0	0	0
1.199	1	5	120	10	2	28	2196	0	0	0
1.2	1	4	121	1	4	28	2196	0	0	0
1.201	1	2	121	2	1	28	2196	0	0	0
1.21	1	2	122	1	1	28	2196	0	0	0
1.214	1	1	122	5	3	28	2196	0	0	0
1.215	1	5	122	6	2	28	2196	0	0	0
1.222	1	3	123	3	6	28	2196	0	0	0
1.223	1	1	123	4	3	28	2196	0	0	0
1.227	1	4	123	8	4	28	2196	0	0	0
1.229	1	2	123	10	1	28	2196	0	0	0
1.245	1	4	125	6	4	28	2196	0	0	0
1.247	1	3	125	8	6	28	2196	0	0	0
1.258	1	5	126	9	2	28	2196	0	0	0
1.259	1	1	126	10	3	28	2196	0	0	0
1.269	1	5	127	10	2	28	2196	0	0	0
1.271	1	2	128	2	1	28	2196	0	0	0
1.281	1	1	129	2	3	28	2196	0	0	0
1.285	1	5	129	6	2	28	2196	0	0	0
1.297	1	5	130	8	2	28	2196	0	0	0
1.299	1	4	130	10	4	28	2196	0	0	0
1.305	1	1	131	6	3	28	2196	0	0	0
1.309	1	4	131	10	4	28	2196	0	0	0
1.313	1	1	132	4	3	28	2196	0	0	0
1.315	1	5	132	6	2	28	2196	0	0	0
1.318	1	1	132	9	3	28	2196	0	0	0
1.32	1	5	133	1	2	28	2196	0	0	0
1.344	1	4	135	5	4	28	2196	0	0	0
1.348	1	5	135	9	2	28	2196	0	0	0
1.355	1	1	136	6	3	28	2196	0	0	0
1.358	1	3	136	9	6	28	2196	0	0	0
1.364	1	3	137	5	6	28	2196	0	0	0
1.365	1	5	137	6	2	28	2196	0	0	0
1.367	1	1	137	8	3	28	2196	0	0	0
1.368	1	2	137	9	1	28	2196	0	0	0
1.369	1	4	137	10	4	28	2196	0	0	0
1.373	1	2	138	4	1	28	2196	0	0	0
1.375	1	4	138	6	4	28	2196	0	0	0
1.382	1	5	139	3	2	28	2196	0	0	0
1.385	1	4	139	6	4	28	2196	0	0	0
1.389	1	2	139	10	1	28	2196	0	0	0
1.395	1	2	140	6	1	28	2196	0	0	0
1.397	1	3	140	8	6	28	2196	0	0	0
1.401	1	1	141	2	3	28	2196	0	0	0
1.402	1	4	141	3	4	28	2196	0	0	0
1.413	1	5	142	4	2	28	2196	0	0	0
1.419	1	2	142	10	1	28	2196	0	0	0
1.42	1	3	143	1	6	28	2196	0	0	0
1.421	1	4	143	2	4	28	2196	0	0	0
1.426	1	5	143	7	2	28	2196	0	0	0
1.43	1	3	144	1	6	28	2196	0	0	0
1.434	1	5	144	5	2	28	2196	0	0	0
1.443	1	2	145	4	1	28	2196	0	0	0
1.445	1	4	145	6	4	28	2196	0	0	0
1.456	1	1	146	7	3	28	2196	0	0	0
1.457	1	5	146	8	2	28	2196	0	0	0
1.459	1	2	146	10	1	28	2196	0	0	0
1.462	1	5	147	3	2	28	2196	0	0	0
1.465	1	1	147	6	3	28	2196	0	0	0
1.472	1	5	148	3	2	28	2196	0	0	0
1.473	1	4	148	4	4	28	2196	0	0	0
1.481	1	1	149	2	3	28	2196	0	0	0
1.492	1	3	150	3	6	28	2196	0	0	0
1.493	1	1	150	4	3	28	2196	0	0	0
1.498	1	5	150	9	2	28	2196	0	0	0
1.506	1	3	151	7	6	28	2196	0	0	0
1.513	1	1	152	4	3	28	2196	0	0	0
1.516	1	5	152	7	2	28	2196	0	0	0
1.517	1	2	152	8	1	28	2196	0	0	0
1.519	1	3	152	10	6	28	2196	0	0	0
1.529	1	3	153	10	6	28	2196	0	0	0
1.534	1	3	154	5	6	28	2196	0	0	0
1.544	1	1	155	5	3	28	2196	0	0	0
1.548	1	2	155	9	1	28	2196	0	0	0
1.55	1	3	156	1	6	28	2196	0	0	0
1.553	1	4	156	4	4	28	2196	0	0	0
1.554	1	5	156	5	2	28	2196	0	0	0
1.56	1	5	157	1	2	28	2196	0	0	0
1.57	1	5	158	1	2	28	2196	0	0	0
1.575	1	1	158	6	3	28	2196	0	0	0
1.577	1	3	158	8	6	28	2196	0	0	0
1.581	1	4	159	2	4	28	2196	0	0	0
1.588	1	2	159	9	1	28	2196	0	0	0
1.593	1	2	160	4	1	28	2196	0	0	0
1.597	1	3	160	8	6	28	2196	0	0	0
1.598	1	1	160	9	3	28	2196	0	0	0
1.603	1	2	161	4	1	28	2196	0	0	0
1.606	1	5	161	7	2	28	2196	0	0	0
1.608	1	4	161	9	4	28	2196	0	0	0
1.611	1	5	162	2	2	28	2196	0	0	0
1.625	1	1	163	6	3	28	2196	0	0	0
1.626	1	2	163	7	1	28	2196	0	0	0
1.632	1	5	164	3	2	28	2196	0	0	0
1.638	1	3	164	9	6	28	2196	0	0	0
1.641	1	5	165	2	2	28	2196	0	0	0
1.644	1	5	165	5	2	28	2196	0	0	0
1.648	1	3	165	9	6	28	2196	0	0	0
1.65	1	4	166	1	4	28	2196	0	0	0
1.655	1	1	166	6	3	28	2196	0	0	0
1.66	1	3	167	1	6	28	2196	0	0	0
1.664	1	4	167	5	4	28	2196	0	0	0
1.665	1	2	167	6	1	28	2196	0	0	0
1.667	1	1	167	8	3	28	2196	0	0	0
1.672	1	2	168	3	1	28	2196	0	0	0
1.673	1	3	168	4	6	28	2196	0	0	0
1.674	1	5	168	5	2	28	2196	0	0	0
1.693	1	1	170	4	3	28	2196	0	0	0
1.694	1	2	170	5	1	28	2196	0	0	0
1.698	1	5	170	9	2	28	2196	0	0	0
1.702	1	3	171	3	6	28	2196	0	0	0
1.704	1	2	171	5	1	28	2196	0	0	0
1.707	1	2	171	8	1	28	2196	0	0	0
1.713	1	4	172	4	4	28	2196	0	0	0
1.714	1	2	172	5	1	28	2196	0	0	0
1.718	1	2	172	9	1	28	2196	0	0	0
1.724	1	5	173	5	2	28	2196	0	0	0
1.732	1	4	174	3	4	28	2196	0	0	0
1.733	1	3	174	4	6	28	2196	0	0	0
1.736	1	1	174	7	3	28	2196	0	0	0
1.737	1	3	174	8	6	28	2196	0	0	0
1.744	1	1	175	5	3	28	2196	0	0	0
1.751	1	5	176	2	2	28	2196	0	0	0
1.756	1	2	176	7	1	28	2196	0	0	0
1.757	1	5	176	8	2	28	2196	0	0	0
1.765	1	1	177	6	3	28	2196	0	0	0
1.768	1	3	177	9	6	28	2196	0	0	0
1.769	1	2	177	10	1	28	2196	0	0	0
1.779	1	1	178	10	3	28	2196	0	0	0
1.789	1	5	179	10	2	28	2196	0	0	0
1.79	1	3	180	1	6	28	2196	0	0	0
1.795	1	1	180	6	3	28	2196	0	0	0
1.796	1	4	180	7	4	28	2196	0	0	0
1.797	1	5	180	8	2	28	2196	0	0	0
1.805	1	3	181	6	6	28	2196	0	0	0
1.806	1	4	181	7	4	28	2196	0	0	0
1.822	1	3	183	3	6	28	2196	0	0	0
1.824	1	4	183	5	4	28	2196	0	0	0
1.834	1	3	184	5	6	28	2196	0	0	0
1.844	1	1	185	5	3	28	2196	0	0	0
1.845	1	2	185	6	1	28	2196	0	0	0
1.846	1	3	185	7	6	28	2196	0	0	0
1.848	1	2	185	9	1	28	2196	0	0	0
1.858	1	5	186	9	2	28	2196	0	0	0
1.868	1	1	187	9	3	28	2196	0	0	0
1.871	1	4	188	2	4	28	2196	0	0	0
1.874	1	5	188	5	2	28	2196	0	0	0
1.878	1	2	188	9	1	28	2196	0	0	0
1.883	1	4	189	4	4	28	2196	0	0	0
1.886	1	5	189	7	2	28	2196	0	0	0
1.889	1	2	189	10	1	28	2196	0	0	0
1.893	1	1	190	4	3	28	2196	0	0	0
1.903	1	3	191	4	6	28	2196	0	0	0
1.908	1	4	191	9	4	28	2196	0	0	0
1.909	1	1	191	10	3	28	2196	0	0	0
1.914	1	5	192	5	2	28	2196	0	0	0
1.923	1	4	193	4	4	28	2196	0	0	0
1.924	1	5	193	5	2	28	2196	0	0	0
1.925	1	2	193	6	1	28	2196	0	0	0
1.942	1	4	195	3	4	28	2196	0	0	0
1.944	1	4	195	5	4	28	2196	0	0	0
1.953	1	1	196	4	3	28	2196	0	0	0
1.954	1	4	196	5	4	28	2196	0	0	0
1.958	1	5	196	9	2	28	2196	0	0	0
1.962	1	3	197	3	6	28	2196	0	0	0
1.969	1	5	197	10	2	28	2196	0	0	0
1.971	1	2	198	2	1	28	2196	0	0	0
1.973	1	4	198	4	4	28	2196	0	0	0
1.975	1	5	198	6	2	28	2196	0	0	0
1.984	1	5	199	5	2	28	2196	0	0	0
1.985	1	3	199	6	6	28	2196	0	0	0
1.994	1	3	200	5	6	28	2196	0	0	0
1.996	1	1	200	7	3	28	2196	0	0	0
2.004	1	3	201	5	6	28	2196	0	0	0
2.009	1	5	201	10	2	28	2196	0	0	0
2.011	1	3	202	2	6	28	2196	0	0	0
2.012	1	5	202	3	2	28	2196	0	0	0
2.024	1	3	203	5	6	28	2196	0	0	0
2.036	1	2	204	7	1	28	2196	0	0	0
2.042	1	2	205	3	1	28	2196	0	0	0
2.044	1	1	205	5	3	28	2196	0	0	0
2.046	1	5	205	7	2	28	2196	0	0	0
2.051	1	3	206	2	6	28	2196	0	0	0
2.059	1	4	206	10	4	28	2196	0	0	0
2.06	1	5	207	1	2	28	2196	0	0	0
2.066	1	1	207	7	3	28	2196	0	0	0
2.079	1	2	208	10	1	28	2196	0	0	0
2.08	1	1	209	1	3	28	2196	0	0	0
2.081	1	4	209	2	4	28	2196	0	0	0
2.083	1	3	209	4	6	28	2196	0	0	0
2.084	1	5	209	5	2	28	2196	0	0	0
2.086	1	1	209	7	3	28	2196	0	0	0
2.088	1	4	209	9	4	28	2196	0	0	0
2.09	1	5	210	1	2	28	2196	0	0	0
2.094	1	1	210	5	3	28	2196	0	0	0
2.103	1	4	211	4	4	28	2196	0	0	0
2.104	1	2	211	5	1	28	2196	0	0	0
2.105	1	5	211	6	2	28	2196	0	0	0
2.106	1	4	211	7	4	28	2196	0	0	0
2.107	1	3	211	8	6	28	2196	0	0	0
2.117	1	1	212	8	3	28	2196	0	0	0
2.121	1	3	213	2	6	28	2196	0	0	0
2.127	1	1	213	8	3	28	2196	0	0	0
2.133	1	2	214	4	1	28	2196	0	0	0
2.135	1	5	214	6	2	28	2196	0	0	0
2.137	1	4	214	8	4	28	2196	0	0	0
2.139	1	3	214	10	6	28	2196	0	0	0
2.157	1	3	216	8	6	28	2196	0	0	0
2.159	1	1	216	10	3	28	2196	0	0	0
2.165	1	2	217	6	1	28	2196	0	0	0
2.166	1	1	217	7	3	28	2196	0	0	0
2.176	1	5	218	7	2	28	2196	0	0	0
2.177	1	4	218	8	4	28	2196	0	0	0
2.189	1	2	219	10	1	28	2196	0	0	0
2.199	1	2	220	10	1	28	2196	0	0	0
2.202	1	4	221	3	4	28	2196	0	0	0
2.203	1	5	221	4	2	28	2196	0	0	0
2.204	1	2	221	5	1	28	2196	0	0	0
2.208	1	1	221	9	3	28	2196	0	0	0
2.216	1	1	222	7	3	28	2196	0	0	0
2.221	1	5	223	2	2	28	2196	0	0	0
2.223	1	3	223	4	6	28	2196	0	0	0
2.227	1	2	223	8	1	28	2196	0	0	0
2.231	1	4	224	2	4	28	2196	0	0	0
2.236	1	1	224	7	3	28	2196	0	0	0
2.241	1	3	225	2	6	28	2196	0	0	0
2.244	1	1	225	5	3	28	2196	0	0	0
2.249	1	5	225	10	2	28	2196	0	0	0
2.252	1	3	226	3	6	28	2196	0	0	0
2.253	1	1	226	4	3	28	2196	0	0	0
2.265	1	4	227	6	4	28	2196	0	0	0
2.267	1	1	227	8	3	28	2196	0	0	0
2.27	1	2	228	1	1	28	2196	0	0	0
2.276	1	5	228	7	2	28	2196	0	0	0
2.281	1	1	229	2	3	28	2196	0	0	0
2.282	1	5	229	3	2	28	2196	0	0	0
2.283	1	3	229	4	6	28	2196	0	0	0
2.288	1	1	229	9	3	28	2196	0	0	0
2.294	1	2	230	5	1	28	2196	0	0	0
2.299	1	4	230	10	4	28	2196	0	0	0
2.313	1	1	232	4	3	28	2196	0	0	0
2.321	1	3	233	2	6	28	2196	0	0	0
2.329	1	1	233	10	3	28	2196	0	0	0
2.331	1	2	234	2	1	28	2196	0	0	0
2.338	1	5	234	9	2	28	2196	0	0	0
2.339	1	4	234	10	4	28	2196	0	0	0
2.35	1	4	236	1	4	28	2196	0	0	0
2.354	1	5	236	5	2	28	2196	0	0	0
2.362	1	3	237	3	6	28	2196	0	0	0
2.363	1	5	237	4	2	28	2196	0	0	0
2.364	1	1	237	5	3	28	2196	0	0	0
2.372	1	4	238	3	4	28	2196	0	0	0
2.379	1	2	238	10	1	28	2196	0	0	0
2.385	1	4	239	6	4	28	2196	0	0	0
2.387	1	5	239	8	2	28	2196	0	0	0
2.392	1	3	240	3	6	28	2196	0	0	0
2.393	1	2	240	4	1	28	2196	0	0	0
2.398	1	2	240	9	1	28	2196	0	0	0
2.407	1	5	241	8	2	28	2196	0	0	0
2.413	1	3	242	4	6	28	2196	0	0	0
2.419	1	1	242	10	3	28	2196	0	0	0
2.42	1	2	243	1	1	28	2196	0	0	0
2.422	1	3	243	3	6	28	2196	0	0	0
2.43	1	4	244	1	4	28	2196	0	0	0
2.443	1	3	245	4	6	28	2196	0	0	0
2.447	1	2	245	8	1	28	2196	0	0	0
2.454	1	4	246	5	4	28	2196	0	0	0
2.455	1	2	246	6	1	28	2196	0	0	0
2.457	1	1	246	8	3	28	2196	0	0	0
2.458	1	4	246	9	4	28	2196	0	0	0
2.465	1	2	247	6	1	28	2196	0	0	0
2.466	1	5	247	7	2	28	2196	0	0	0
2.473	1	1	248	4	3	28	2196	0	0	0
2.48	1	4	249	1	4	28	2196	0	0	0
2.484	1	1	249	5	3	28	2196	0	0	0
2.487	1	2	249	8	1	28	2196	0	0	0
2.491	1	5	250	2	2	28	2196	0	0	0
2.493	1	4	250	4	4	28	2196	0	0	0
2.494	1	2	250	5	1	28	2196	0	0	0
2.502	1	4	251	3	4	28	2196	0	0	0
2.503	1	5	251	4	2	28	2196	0	0	0
2.507	1	3	251	8	6	28	2196	0	0	0
2.514	1	5	252	5	2	28	2196	0	0	0
2.523	1	2	253	4	1	28	2196	0	0	0
2.524	1	3	253	5	6	28	2196	0	0	0
2.528	1	4	253	9	4	28	2196	0	0	0
2.538	1	1	254	9	3	28	2196	0	0	0
2.541	1	4	255	2	4	28	2196	0	0	0
2.546	1	5	255	7	2	28	2196	0	0	0
2.547	1	2	255	8	1	28	2196	0	0	0
2.55	1	3	256	1	6	28	2196	0	0	0
2.557	1	4	256	8	4	28	2196	0	0	0
2.558	1	3	256	9	6	28	2196	0	0	0
2.573	1	1	258	4	3	28	2196	0	0	0
2.574	1	2	258	5	1	28	2196	0	0	0
2.576	1	5	258	7	2	28	2196	0	0	0
2.583	1	5	259	4	2	28	2196	0	0	0
2.587	1	4	259	8	4	28	2196	0	0	0
2.588	1	5	259	9	2	28	2196	0	0	0
2.6	1	3	261	1	6	28	2196	0	0	0
2.604	1	5	261	5	2	28	2196	0	0	0
2.606	1	1	261	7	3	28	2196	0	0	0
2.611	1	4	262	2	4	28	2196	0	0	0
2.612	1	3	262	3	6	28	2196	0	0	0
2.617	1	2	262	8	1	28	2196	0	0	0
2.618	1	4	262	9	4	28	2196	0	0	0
2.625	1	4	263	6	4	28	2196	0	0	0
2.626	1	5	263	7	2	28	2196	0	0	0
2.648	1	2	265	9	1	28	2196	0	0	0
2.652	1	5	266	3	2	28	2196	0	0	0
2.653	1	4	266	4	4	28	2196	0	0	0
2.658	1	1	266	9	3	28	2196	0	0	0
2.669	1	4	267	10	4	28	2196	0	0	0
2.67	1	1	268	1	3	28	2196	0	0	0
2.679	1	3	268	10	6	28	2196	0	0	0
2.682	1	2	269	3	1	28	2196	0	0	0
2.685	1	3	269	6	6	28	2196	0	0	0
2.693	1	3	270	4	6	28	2196	0	0	0
2.695	1	1	270	6	3	28	2196	0	0	0
2.699	1	5	270	10	2	28	2196	0	0	0
2.705	1	2	271	6	1	28	2196	0	0	0
2.711	1	4	272	2	4	28	2196	0	0	0
2.715	1	5	272	6	2	28	2196	0	0	0
2.719	1	1	272	10	3	28	2196	0	0	0
2.734	1	2	274	5	1	28	2196	0	0	0
2.735	1	3	274	6	6	28	2196	0	0	0
2.738	1	5	274	9	2	28	2196	0	0	0
2.739	1	2	274	10	1	28	2196	0	0	0
2.741	1	1	275	2	3	28	2196	0	0	0
2.755	1	1	276	6	3	28	2196	0	0	0
2.756	1	4	276	7	4	28	2196	0	0	0
2.758	1	3	276	9	6	28	2196	0	0	0
2.762	1	5	277	3	2	28	2196	0	0	0
2.766	1	2	277	7	1	28	2196	0	0	0
2.776	1	1	278	7	3	28	2196	0	0	0
2.783	1	4	279	4	4	28	2196	0	0	0
2.786	1	2	279	7	1	28	2196	0	0	0
2.794	1	3	280	5	6	28	2196	0	0	0
2.795	1	1	280	6	3	28	2196	0	0	0
2.8	1	5	281	1	2	28	2196	0	0	0
2.805	1	2	281	6	1	28	2196	0	0	0
2.82	1	5	283	1	2	28	2196	0	0	0
2.828	1	1	283	9	3	28	2196	0	0	0
2.83	1	3	284	1	6	28	2196	0	0	0
2.834	1	1	284	5	3	28	2196	0	0	0
2.84	1	3	285	1	6	28	2196	0	0	0
2.841	1	2	285	2	1	28	2196	0	0	0
2.844	1	4	285	5	4	28	2196	0	0	0
2.845	1	5	285	6	2	28	2196	0	0	0
2.855	1	2	286	6	1	28	2196	0	0	0
2.861	1	3	287	2	6	28	2196	0	0	0
2.862	1	5	287	3	2	28	2196	0	0	0
2.864	1	1	287	5	3	28	2196	0	0	0
2.88	1	5	289	1	2	28	2196	0	0	0
2.881	1	2	289	2	1	28	2196	0	0	0
2.884	1	4	289	5	4	28	2196	0	0	0
2.891	1	1	290	2	3	28	2196	0	0	0
2.893	1	4	290	4	4	28	2196	0	0	0
2.898	1	1	290	9	3	28	2196	0	0	0
2.9	1	2	291	1	1	28	2196	0	0	0
2.901	1	3	291	2	6	28	2196	0	0	0
2.904	1	1	291	5	3	28	2196	0	0	0
2.912	1	4	292	3	4	28	2196	0	0	0
2.915	1	2	292	6	1	28	2196	0	0	0
2.92	1	5	293	1	2	28	2196	0	0	0
2.921	1	2	293	2	1	28	2196	0	0	0
2.924	1	4	293	5	4	28	2196	0	0	0
2.928	1	4	293	9	4	28	2196	0	0	0
2.929	1	1	293	10	3	28	2196	0	0	0
2.931	1	3	294	2	6	28	2196	0	0	0
2.942	1	3	295	3	6	28	2196	0	0	0
2.943	1	5	295	4	2	28	2196	0	0	0
2.944	1	2	295	5	1	28	2196	0	0	0
2.954	1	4	296	5	4	28	2196	0	0	0
2.956	1	5	296	7	2	28	2196	0	0	0
2.96	1	2	297	1	1	28	2196	0	0	0
2.963	1	3	297	4	6	28	2196	0	0	0
2.967	1	1	297	8	3	28	2196	0	0	0
2.973	1	3	298	4	6	28	2196	0	0	0
2.975	1	4	298	6	4	28	2196	0	0	0
2.976	1	5	298	7	2	28	2196	0	0	0
2.977	1	2	298	8	1	28	2196	0	0	0
2.98	1	1	299	1	3	28	2196	0	0	0
2.986	1	4	299	7	4	28	2196	0	0	0
2.989	1	4	299	10	4	28	2196	0	0	0
2.99	1	5	300	1	2	28	2196	0	0	0
2.994	1	2	300	5	1	28	2196	0	0	0
2.997	1	2	300	8	1	28	2196	0	0	0
3	1	4	301	1	4	28	2196	0	0	0
3.008	1	5	301	9	2	28	2196	0	0	0
3.015	1	3	302	6	6	28	2196	0	0	0
3.027	1	1	303	8	3	28	2196	0	0	0
3.033	1	4	304	4	4	28	2196	0	0	0
3.035	1	1	304	6	3	28	2196	0	0	0
3.046	1	3	305	7	6	28	2196	0	0	0
3.047	1	2	305	8	1	28	2196	0	0	0
3.048	1	1	305	9	3	28	2196	0	0	0
3.052	1	1	306	3	3	28	2196	0	0	0
3.06	1	5	307	1	2	28	2196	0	0	0
3.064	1	2	307	5	1	28	2196	0	0	0
3.067	1	5	307	8	2	28	2196	0	0	0
3.068	1	3	307	9	6	28	2196	0	0	0
3.069	1	1	307	10	3	28	2196	0	0	0
3.073	1	1	308	4	3	28	2196	0	0	0
3.077	1	4	308	8	4	28	2196	0	0	0
3.079	1	1	308	10	3	28	2196	0	0	0
3.08	1	5	309	1	2	28	2196	0	0	0
3.081	1	2	309	2	1	28	2196	0	0	0
3.087	1	3	309	8	6	28	2196	0	0	0
3.093	1	2	310	4	1	28	2196	0	0	0
3.107	1	2	311	8	1	28	2196	0	0	0
3.109	1	4	311	10	4	28	2196	0	0	0
3.111	1	5	312	2	2	28	2196	0	0	0
3.112	1	3	312	3	6	28	2196	0	0	0
3.115	1	5	312	6	2	28	2196	0	0	0
3.119	1	3	312	10	6	28	2196	0	0	0
3.126	1	5	313	7	2	28	2196	0	0	0
3.127	1	2	313	8	1	28	2196	0	0	0
3.128	1	1	313	9	3	28	2196	0	0	0
3.13	1	3	314	1	6	28	2196	0	0	0
3.131	1	2	314	2	1	28	2196	0	0	0
3.136	1	4	314	7	4	28	2196	0	0	0
3.137	1	5	314	8	2	28	2196	0	0	0
3.139	1	5	314	10	2	28	2196	0	0	0
3.144	1	5	315	5	2	28	2196	0	0	0
3.151	1	3	316	2	6	28	2196	0	0	0
3.152	1	4	316	3	4	28	2196	0	0	0
3.157	1	1	316	8	3	28	2196	0	0	0
3.158	1	2	316	9	1	28	2196	0	0	0
3.162	1	3	317	3	6	28	2196	0	0	0
3.171	1	5	318	2	2	28	2196	0	0	0
3.176	1	4	318	7	4	28	2196	0	0	0
3.177	1	3	318	8	6	28	2196	0	0	0
3.18	1	2	319	1	1	28	2196	0	0	0
3.181	1	5	319	2	2	28	2196	0	0	0
3.183	1	3	319	4	6	28	2196	0	0	0
3.184	1	5	319	5	2	28	2196	0	0	0
3.192	1	5	320	3	2	28	2196	0	0	0
3.195	1	4	320	6	4	28	2196	0	0	0
3.196	1	2	320	7	1	28	2196	0	0	0
3.199	1	1	320	10	3	28	2196	0	0	0
3.201	1	5	321	2	2	28	2196	0	0	0
3.208	1	3	321	9	6	28	2196	0	0	0
3.211	1	2	322	2	1	28	2196	0	0	0
3.22	1	4	323	1	4	28	2196	0	0	0
3.222	1	5	323	3	2	28	2196	0	0	0
3.233	1	2	324	4	1	28	2196	0	0	0
3.244	1	5	325	5	2	28	2196	0	0	0
3.245	1	2	325	6	1	28	2196	0	0	0
3.247	1	1	325	8	3	28	2196	0	0	0
3.25	1	3	326	1	6	28	2196	0	0	0
3.26	1	4	327	1	4	28	2196	0	0	0
3.263	1	3	327	4	6	28	2196	0	0	0
3.264	1	2	327	5	1	28	2196	0	0	0
3.266	1	5	327	7	2	28	2196	0	0	0
3.272	1	2	328	3	1	28	2196	0	0	0
3.277	1	3	328	8	6	28	2196	0	0	0
3.283	1	2	329	4	1	28	2196	0	0	0
3.285	1	5	329	6	2	28	2196	0	0	0
3.29	1	2	330	1	1	28	2196	0	0	0
3.296	1	3	330	7	6	28	2196	0	0	0
3.305	1	2	331	6	1	28	2196	0	0	0
3.306	1	4	331	7	4	28	2196	0	0	0
3.309	1	5	331	10	2	28	2196	0	0	0
3.321	1	4	333	2	4	28	2196	0	0	0
3.323	1	3	333	4	6	28	2196	0	0	0
3.324	1	5	333	5	2	28	2196	0	0	0
3.326	1	2	333	7	1	28	2196	0	0	0
3.329	1	1	333	10	3	28	2196	0	0	0
3.332	1	5	334	3	2	28	2196	0	0	0
3.341	1	4	335	2	4	28	2196	0	0	0
3.344	1	2	335	5	1	28	2196	0	0	0
3.346	1	4	335	7	4	28	2196	0	0	0
3.35	1	3	336	1	6	28	2196	0	0	0
3.358	1	3	336	9	6	28	2196	0	0	0
3.359	1	4	336	10	4	28	2196	0	0	0
3.363	1	1	337	4	3	28	2196	0	0	0
3.369	1	3	337	10	6	28	2196	0	0	0
3.376	1	2	338	7	1	28	2196	0	0	0
3.381	1	4	339	2	4	28	2196	0	0	0
3.389	1	3	339	10	6	28	2196	0	0	0
3.391	1	1	340	2	3	28	2196	0	0	0
3.393	1	5	340	4	2	28	2196	0	0	0
3.401	1	5	341	2	2	28	2196	0	0	0
3.404	1	4	341	5	4	28	2196	0	0	0
3.407	1	1	341	8	3	28	2196	0	0	0
3.408	1	5	341	9	2	28	2196	0	0	0
3.409	1	2	341	10	1	28	2196	0	0	0
3.41	1	3	342	1	6	28	2196	0	0	0
3.411	1	4	342	2	4	28	2196	0	0	0
3.415	1	2	342	6	1	28	2196	0	0	0
3.421	1	2	343	2	1	28	2196	0	0	0
3.424	1	1	343	5	3	28	2196	0	0	0
3.425	1	5	343	6	2	28	2196	0	0	0
3.429	1	1	343	10	3	28	2196	0	0	0
3.435	1	4	344	6	4	28	2196	0	0	0
3.44	1	1	345	1	3	28	2196	0	0	0
3.446	1	2	345	7	1	28	2196	0	0	0
3.452	1	3	346	3	6	28	2196	0	0	0
3.453	1	5	346	4	2	28	2196	0	0	0
3.457	1	2	346	8	1	28	2196	0	0	0
3.46	1	1	347	1	3	28	2196	0	0	0
3.461	1	5	347	2	2	28	2196	0	0	0
3.464	1	4	347	5	4	28	2196	0	0	0
3.47	1	3	348	1	6	28	2196	0	0	0
3.471	1	1	348	2	3	28	2196	0	0	0
3.472	1	4	348	3	4	28	2196	0	0	0
3.478	1	2	348	9	1	28	2196	0	0	0
3.479	1	5	348	10	2	28	2196	0	0	0
3.484	1	1	349	5	3	28	2196	0	0	0
3.491	1	5	350	2	2	28	2196	0	0	0
3.492	1	2	350	3	1	28	2196	0	0	0
3.504	1	2	351	5	1	28	2196	0	0	0
3.507	1	1	351	8	3	28	2196	0	0	0
3.513	1	3	352	4	6	28	2196	0	0	0
3.514	1	5	352	5	2	28	2196	0	0	0
3.52	1	4	353	1	4	28	2196	0	0	0
3.531	1	4	354	2	4	28	2196	0	0	0
3.544	1	5	355	5	2	28	2196	0	0	0
3.547	1	4	355	8	4	28	2196	0	0	0
3.553	1	1	356	4	3	28	2196	0	0	0
3.555	1	2	356	6	1	28	2196	0	0	0
3.556	1	5	356	7	2	28	2196	0	0	0
3.558	1	3	356	9	6	28	2196	0	0	0
3.561	1	4	357	2	4	28	2196	0	0	0
3.565	1	1	357	6	3	28	2196	0	0	0
3.57	1	2	358	1	1	28	2196	0	0	0
3.572	1	3	358	3	6	28	2196	0	0	0
3.573	1	5	358	4	2	28	2196	0	0	0
3.584	1	1	359	5	3	28	2196	0	0	0
3.585	1	3	359	6	6	28	2196	0	0	0
3.59	1	4	360	1	4	28	2196	0	0	0
3.6	1	1	361	1	3	28	2196	0	0	0
3.601	1	4	361	2	4	28	2196	0	0	0
3.604	1	5	361	5	2	28	2196	0	0	0
3.609	1	2	361	10	1	28	2196	0	0	0
3.61	1	3	362	1	6	28	2196	0	0	0
3.616	1	2	362	7	1	28	2196	0	0	0
3.618	1	4	362	9	4	28	2196	0	0	0
3.625	1	3	363	6	6	28	2196	0	0	0
3.63	1	1	364	1	3	28	2196	0	0	0
3.631	1	3	364	2	6	28	2196	0	0	0
3.632	1	2	364	3	1	28	2196	0	0	0
3.653	1	2	366	4	1	28	2196	0	0	0
3.654	1	5	366	5	2	28	2196	0	0	0
3.655	1	1	366	6	3	28	2196	0	0	0
3.657	1	3	366	8	6	28	2196	0	0	0
3.66	1	5	367	1	2	28	2196	0	0	0
3.668	1	2	367	9	1	28	2196	0	0	0
3.669	1	3	367	10	6	28	2196	0	0	0
3.672	1	2	368	3	1	28	2196	0	0	0
3.675	1	4	368	6	4	28	2196	0	0	0
3.676	1	2	368	7	1	28	2196	0	0	0
3.683	1	1	369	4	3	28	2196	0	0	0
3.685	1	5	369	6	2	28	2196	0	0	0
3.689	1	3	369	10	6	28	2196	0	0	0
3.692	1	4	370	3	4	28	2196	0	0	0
3.693	1	1	370	4	3	28	2196	0	0	0
3.699	1	3	370	10	6	28	2196	0	0	0
3.701	1	4	371	2	4	28	2196	0	0	0
3.704	1	5	371	5	2	28	2196	0	0	0
3.713	1	5	372	4	2	28	2196	0	0	0
3.718	1	1	372	9	3	28	2196	0	0	0
3.72	1	4	373	1	4	28	2196	0	0	0
3.725	1	4	373	6	4	28	2196	0	0	0
3.728	1	1	373	9	3	28	2196	0	0	0
3.732	1	2	374	3	1	28	2196	0	0	0
3.733	1	5	374	4	2	28	2196	0	0	0
3.736	1	3	374	7	6	28	2196	0	0	0
3.737	1	1	374	8	3	28	2196	0	0	0
3.738	1	4	374	9	4	28	2196	0	0	0
3.747	1	1	375	8	3	28	2196	0	0	0
3.748	1	4	375	9	4	28	2196	0	0	0
3.75	1	3	376	1	6	28	2196	0	0	0
3.752	1	2	376	3	1	28	2196	0	0	0
3.761	1	1	377	2	3	28	2196	0	0	0
3.762	1	2	377	3	1	28	2196	0	0	0
3.768	1	5	377	9	2	28	2196	0	0	0
3.769	1	2	377	10	1	28	2196	0	0	0
3.77	1	1	378	1	3	28	2196	0	0	0
3.778	1	1	378	9	3	28	2196	0	0	0
3.785	1	5	379	6	2	28	2196	0	0	0
3.786	1	2	379	7	1	28	2196	0	0	0
3.792	1	3	380	3	6	28	2196	0	0	0
3.801	1	2	381	2	1	28	2196	0	0	0
3.807	1	2	381	8	1	28	2196	0	0	0
3.814	1	1	382	5	3	28	2196	0	0	0
3.815	1	4	382	6	4	28	2196	0	0	0
3.818	1	5	382	9	2	28	2196	0	0	0
3.824	1	3	383	5	6	28	2196	0	0	0
3.829	1	5	383	10	2	28	2196	0	0	0
3.833	1	2	384	4	1	28	2196	0	0	0
3.835	1	1	384	6	3	28	2196	0	0	0
3.836	1	4	384	7	4	28	2196	0	0	0
3.844	1	1	385	5	3	28	2196	0	0	0
3.845	1	2	385	6	1	28	2196	0	0	0
3.848	1	5	385	9	2	28	2196	0	0	0
3.853	1	1	386	4	3	28	2196	0	0	0
3.859	1	5	386	10	2	28	2196	0	0	0
3.86	1	4	387	1	4	28	2196	0	0	0
3.865	1	3	387	6	6	28	2196	0	0	0
3.867	1	4	387	8	4	28	2196	0	0	0
3.868	1	2	387	9	1	28	2196	0	0	0
3.88	1	3	389	1	6	28	2196	0	0	0
3.883	1	4	389	4	4	28	2196	0	0	0
3.884	1	1	389	5	3	28	2196	0	0	0
3.885	1	2	389	6	1	28	2196	0	0	0
3.891	1	2	390	2	1	28	2196	0	0	0
3.893	1	3	390	4	6	28	2196	0	0	0
3.904	1	1	391	5	3	28	2196	0	0	0
3.907	1	2	391	8	1	28	2196	0	0	0
3.911	1	3	392	2	6	28	2196	0	0	0
3.918	1	4	392	9	4	28	2196	0	0	0
3.919	1	2	392	10	1	28	2196	0	0	0
3.927	1	5	393	8	2	28	2196	0	0	0
3.928	1	1	393	9	3	28	2196	0	0	0
3.939	1	4	394	10	4	28	2196	0	0	0
3.947	1	4	395	8	4	28	2196	0	0	0
3.949	1	5	395	10	2	28	2196	0	0	0
3.95	1	3	396	1	6	28	2196	0	0	0
3.951	1	2	396	2	1	28	2196	0	0	0
3.974	1	5	398	5	2	28	2196	0	0	0
3.977	1	2	398	8	1	28	2196	0	0	0
3.981	1	4	399	2	4	28	2196	0	0	0
3.982	1	2	399	3	1	28	2196	0	0	0
3.987	1	3	399	8	6	28	2196	0	0	0
3.988	1	1	399	9	3	28	2196	0	0	0
3.995	1	2	400	6	1	28	2196	0	0	0
3.998	1	5	400	9	2	28	2196	0	0	0
4.005	1	4	401	6	4	28	2196	0	0	0
4.014	1	5	402	5	2	28	2196	0	0	0
4.025	1	5	403	6	2	28	2196	0	0	0
4.029	1	3	403	10	6	28	2196	0	0	0
4.038	1	3	404	9	6	28	2196	0	0	0
4.04	1	1	405	1	3	28	2196	0	0	0
4.044	1	2	405	5	1	28	2196	0	0	0
4.049	1	2	405	10	1	28	2196	0	0	0
4.054	1	2	406	5	1	28	2196	0	0	0
4.059	1	4	406	10	4	28	2196	0	0	0
4.063	1	3	407	4	6	28	2196	0	0	0
4.065	1	1	407	6	3	28	2196	0	0	0
4.072	1	5	408	3	2	28	2196	0	0	0
4.075	1	4	408	6	4	28	2196	0	0	0
4.076	1	3	408	7	6	28	2196	0	0	0
4.08	1	4	409	1	4	28	2196	0	0	0
4.085	1	2	409	6	1	28	2196	0	0	0
4.088	1	3	409	9	6	28	2196	0	0	0
4.089	1	5	409	10	2	28	2196	0	0	0
4.098	1	4	410	9	4	28	2196	0	0	0
4.105	1	1	411	6	3	28	2196	0	0	0
4.106	1	3	411	7	6	28	2196	0	0	0
4.115	1	3	412	6	6	28	2196	0	0	0
4.121	1	3	413	2	6	28	2196	0	0	0
4.124	1	3	413	5	6	28	2196	0	0	0
4.127	1	1	413	8	3	28	2196	0	0	0
4.128	1	5	413	9	2	28	2196	0	0	0
4.137	1	4	414	8	4	28	2196	0	0	0
4.138	1	5	414	9	2	28	2196	0	0	0
4.141	1	3	415	2	6	28	2196	0	0	0
4.15	1	1	416	1	3	28	2196	0	0	0
4.151	1	3	416	2	6	28	2196	0	0	0
4.157	1	3	416	8	6	28	2196	0	0	0
4.159	1	2	416	10	1	28	2196	0	0	0
4.161	1	4	417	2	4	28	2196	0	0	0
4.172	1	2	418	3	1	28	2196	0	0	0
4.175	1	5	418	6	2	28	2196	0	0	0
4.178	1	1	418	9	3	28	2196	0	0	0
4.182	1	5	419	3	2	28	2196	0	0	0
4.19	1	5	420	1	2	28	2196	0	0	0
4.197	1	4	420	8	4	28	2196	0	0	0
4.201	1	3	421	2	6	28	2196	0	0	0
4.203	1	1	421	4	3	28	2196	0	0	0
4.214	1	2	422	5	1	28	2196	0	0	0
4.215	1	4	422	6	4	28	2196	0	0	0
4.221	1	5	423	2	2	28	2196	0	0	0
4.226	1	5	423	7	2	28	2196	0	0	0
4.227	1	2	423	8	1	28	2196	0	0	0
4.229	1	4	423	10	4	28	2196	0	0	0
4.233	1	2	424	4	1	28	2196	0	0	0
4.235	1	3	424	6	6	28	2196	0	0	0
4.242	1	2	425	3	1	28	2196	0	0	0
4.243	1	1	425	4	3	28	2196	0	0	0
4.255	1	5	426	6	2	28	2196	0	0	0
4.257	1	4	426	8	4	28	2196	0	0	0
4.261	1	5	427	2	2	28	2196	0	0	0
4.27	1	4	428	1	4	28	2196	0	0	0
4.275	1	2	428	6	1	28	2196	0	0	0
4.277	1	5	428	8	2	28	2196	0	0	0
4.285	1	4	429	6	4	28	2196	0	0	0
4.286	1	2	429	7	1	28	2196	0	0	0
4.287	1	1	429	8	3	28	2196	0	0	0
4.288	1	5	429	9	2	28	2196	0	0	0
4.29	1	4	430	1	4	28	2196	0	0	0
4.291	1	2	430	2	1	28	2196	0	0	0
4.293	1	3	430	4	6	28	2196	0	0	0
4.294	1	1	430	5	3	28	2196	0	0	0
4.296	1	2	430	7	1	28	2196	0	0	0
4.304	1	1	431	5	3	28	2196	0	0	0
4.305	1	4	431	6	4	28	2196	0	0	0
4.306	1	2	431	7	1	28	2196	0	0	0
4.315	1	3	432	6	6	28	2196	0	0	0
4.316	1	4	432	7	4	28	2196	0	0	0
4.319	1	1	432	10	3	28	2196	0	0	0
4.322	1	5	433	3	2	28	2196	0	0	0
4.329	1	3	433	10	6	28	2196	0	0	0
4.33	1	1	434	1	3	28	2196	0	0	0
4.331	1	4	434	2	4	28	2196	0	0	0
4.335	1	2	434	6	1	28	2196	0	0	0
4.349	1	5	435	10	2	28	2196	0	0	0
4.356	1	4	436	7	4	28	2196	0	0	0
4.359	1	1	436	10	3	28	2196	0	0	0
4.362	1	2	437	3	1	28	2196	0	0	0
4.372	1	1	438	3	3	28	2196	0	0	0
4.381	1	3	439	2	6	28	2196	0	0	0
4.383	1	4	439	4	4	28	2196	0	0	0
4.384	1	1	439	5	3	28	2196	0	0	0
4.385	1	2	439	6	1	28	2196	0	0	0
4.391	1	5	440	2	2	28	2196	0	0	0
4.393	1	2	440	4	1	28	2196	0	0	0
4.4	1	1	441	1	3	28	2196	0	0	0
4.401	1	3	441	2	6	28	2196	0	0	0
4.405	1	4	441	6	4	28	2196	0	0	0
4.413	1	1	442	4	3	28	2196	0	0	0
4.42	1	5	443	1	2	28	2196	0	0	0
4.423	1	3	443	4	6	28	2196	0	0	0
4.427	1	1	443	8	3	28	2196	0	0	0
4.435	1	2	444	6	1	28	2196	0	0	0
4.436	1	4	444	7	4	28	2196	0	0	0
4.44	1	3	445	1	6	28	2196	0	0	0
4.442	1	2	445	3	1	28	2196	0	0	0
4.444	1	1	445	5	3	28	2196	0	0	0
4.445	1	5	445	6	2	28	2196	0	0	0
4.453	1	3	446	4	6	28	2196	0	0	0
4.459	1	1	446	10	3	28	2196	0	0	0
4.462	1	4	447	3	4	28	2196	0	0	0
4.467	1	1	447	8	3	28	2196	0	0	0
4.473	1	2	448	4	1	28	2196	0	0	0
4.477	1	5	448	8	2	28	2196	0	0	0
4.479	1	4	448	10	4	28	2196	0	0	0
4.482	1	1	449	3	3	28	2196	0	0	0
4.487	1	3	449	8	6	28	2196	0	0	0
4.489	1	4	449	10	4	28	2196	0	0	0
4.491	1	1	450	2	3	28	2196	0	0	0
4.493	1	2	450	4	1	28	2196	0	0	0
4.497	1	5	450	8	2	28	2196	0	0	0
4.498	1	3	450	9	6	28	2196	0	0	0
4.499	1	4	450	10	4	28	2196	0	0	0
4.502	1	2	451	3	1	28	2196	0	0	0
4.506	1	5	451	7	2	28	2196	0	0	0
4.507	1	3	451	8	6	28	2196	0	0	0
4.508	1	2	451	9	1	28	2196	0	0	0
4.516	1	4	452	7	4	28	2196	0	0	0
4.52	1	5	453	1	2	28	2196	0	0	0
4.524	1	1	453	5	3	28	2196	0	0	0
4.533	1	1	454	4	3	28	2196	0	0	0
4.537	1	2	454	8	1	28	2196	0	0	0
4.538	1	4	454	9	4	28	2196	0	0	0
4.541	1	3	455	2	6	28	2196	0	0	0
4.542	1	5	455	3	2	28	2196	0	0	0
4.543	1	4	455	4	4	28	2196	0	0	0
4.544	1	1	455	5	3	28	2196	0	0	0
4.555	1	1	456	6	3	28	2196	0	0	0
4.557	1	5	456	8	2	28	2196	0	0	0
4.558	1	1	456	9	3	28	2196	0	0	0
4.559	1	2	456	10	1	28	2196	0	0	0
4.58	1	5	459	1	2	28	2196	0	0	0
4.585	1	3	459	6	6	28	2196	0	0	0
4.593	1	3	460	4	6	28	2196	0	0	0
4.594	1	2	460	5	1	28	2196	0	0	0
4.595	1	5	460	6	2	28	2196	0	0	0
4.6	1	4	461	1	4	28	2196	0	0	0
4.601	1	1	461	2	3	28	2196	0	0	0
4.606	1	2	461	7	1	28	2196	0	0	0
4.61	1	3	462	1	6	28	2196	0	0	0
4.615	1	4	462	6	4	28	2196	0	0	0
4.616	1	5	462	7	2	28	2196	0	0	0
4.619	1	5	462	10	2	28	2196	0	0	0
4.625	1	3	463	6	6	28	2196	0	0	0
4.627	1	5	463	8	2	28	2196	0	0	0
4.632	1	4	464	3	4	28	2196	0	0	0
4.634	1	1	464	5	3	28	2196	0	0	0
4.635	1	5	464	6	2	28	2196	0	0	0
4.647	1	3	465	8	6	28	2196	0	0	0
4.648	1	4	465	9	4	28	2196	0	0	0
4.649	1	5	465	10	2	28	2196	0	0	0
4.651	1	1	466	2	3	28	2196	0	0	0
4.658	1	2	466	9	1	28	2196	0	0	0
4.659	1	1	466	10	3	28	2196	0	0	0
4.663	1	4	467	4	4	28	2196	0	0	0
4.665	1	1	467	6	3	28	2196	0	0	0
4.666	1	5	467	7	2	28	2196	0	0	0
4.672	1	3	468	3	6	28	2196	0	0	0
4.677	1	4	468	8	4	28	2196	0	0	0
4.678	1	2	468	9	1	28	2196	0	0	0
4.681	1	5	469	2	2	28	2196	0	0	0
4.684	1	3	469	5	6	28	2196	0	0	0
4.688	1	1	469	9	3	28	2196	0	0	0
4.693	1	5	470	4	2	28	2196	0	0	0
4.7	1	4	471	1	4	28	2196	0	0	0
4.707	1	4	471	8	4	28	2196	0	0	0
4.71	1	2	472	1	1	28	2196	0	0	0
4.716	1	2	472	7	1	28	2196	0	0	0
4.717	1	3	472	8	6	28	2196	0	0	0
4.729	1	1	473	10	3	28	2196	0	0	0
4.735	1	5	474	6	2	28	2196	0	0	0
4.743	1	5	475	4	2	28	2196	0	0	0
4.755	1	2	476	6	1	28	2196	0	0	0
4.758	1	4	476	9	4	28	2196	0	0	0
4.759	1	5	476	10	2	28	2196	0	0	0
4.764	1	1	477	5	3	28	2196	0	0	0
4.771	1	5	478	2	2	28	2196	0	0	0
4.776	1	4	478	7	4	28	2196	0	0	0
4.782	1	3	479	3	6	28	2196	0	0	0
4.783	1	1	479	4	3	28	2196	0	0	0
4.784	1	5	479	5	2	28	2196	0	0	0
4.788	1	2	479	9	1	28	2196	0	0	0
4.789	1	3	479	10	6	28	2196	0	0	0
4.791	1	1	480	2	3	28	2196	0	0	0
4.794	1	5	480	5	2	28	2196	0	0	0
4.812	1	4	482	3	4	28	2196	0	0	0
4.813	1	2	482	4	1	28	2196	0	0	0
4.82	1	5	483	1	2	28	2196	0	0	0
4.827	1	3	483	8	6	28	2196	0	0	0
4.832	1	1	484	3	3	28	2196	0	0	0
4.839	1	1	484	10	3	28	2196	0	0	0
4.846	1	2	485	7	1	28	2196	0	0	0
4.85	1	4	486	1	4	28	2196	0	0	0
4.858	1	3	486	9	6	28	2196	0	0	0
4.862	1	1	487	3	3	28	2196	0	0	0
4.866	1	2	487	7	1	28	2196	0	0	0
4.867	1	5	487	8	2	28	2196	0	0	0
4.871	1	3	488	2	6	28	2196	0	0	0
4.872	1	1	488	3	3	28	2196	0	0	0
4.876	1	3	488	7	6	28	2196	0	0	0
4.878	1	1	488	9	3	28	2196	0	0	0
4.88	1	3	489	1	6	28	2196	0	0	0
4.883	1	5	489	4	2	28	2196	0	0	0
4.887	1	4	489	8	4	28	2196	0	0	0
4.893	1	2	490	4	1	28	2196	0	0	0
4.895	1	1	490	6	3	28	2196	0	0	0
4.896	1	3	490	7	6	28	2196	0	0	0
4.906	1	2	491	7	1	28	2196	0	0	0
4.915	1	3	492	6	6	28	2196	0	0	0
4.926	1	5	493	7	2	28	2196	0	0	0
4.927	1	4	493	8	4	28	2196	0	0	0
4.931	1	2	494	2	1	28	2196	0	0	0
4.935	1	4	494	6	4	28	2196	0	0	0
4.945	1	2	495	6	1	28	2196	0	0	0
4.946	1	5	495	7	2	28	2196	0	0	0
4.95	1	4	496	1	4	28	2196	0	0	0
4.959	1	3	496	10	6	28	2196	0	0	0
4.962	1	5	497	3	2	28	2196	0	0	0
4.964	1	1	497	5	3	28	2196	0	0	0
4.965	1	2	497	6	1	28	2196	0	0	0
4.967	1	5	497	8	2	28	2196	0	0	0
4.968	1	2	497	9	1	28	2196	0	0	0
4.97	1	3	498	1	6	28	2196	0	0	0
4.975	1	4	498	6	4	28	2196	0	0	0
4.976	1	3	498	7	6	28	2196	0	0	0
4.98	1	5	499	1	2	28	2196	0	0	0
4.986	1	3	499	7	6	28	2196	0	0	0
4.989	1	1	499	10	3	28	2196	0	0	0
4.99	1	4	500	1	4	28	2196	0	0	0
4.995	1	5	500	6	2	28	2196	0	0	0
5.004	1	2	501	5	1	28	2196	0	0	0
5.019	1	5	502	10	2	28	2196	0	0	0
5.024	1	3	503	5	6	28	2196	0	0	0
5.029	1	1	503	10	3	28	2196	0	0	0
5.033	1	4	504	4	4	28	2196	0	0	0
5.04	1	5	505	1	2	28	2196	0	0	0
5.042	1	2	505	3	1	28	2196	0	0	0
5.047	1	1	505	8	3	28	2196	0	0	0
5.051	1	3	506	2	6	28	2196	0	0	0
5.054	1	2	506	5	1	28	2196	0	0	0
5.072	1	4	508	3	4	28	2196	0	0	0
5.078	1	1	508	9	3	28	2196	0	0	0
5.095	1	1	510	6	3	28	2196	0	0	0
5.099	1	4	510	10	4	28	2196	0	0	0
5.104	1	3	511	5	6	28	2196	0	0	0
5.112	1	5	512	3	2	28	2196	0	0	0
5.113	1	4	512	4	4	28	2196	0	0	0
5.119	1	2	512	10	1	28	2196	0	0	0
5.124	1	2	513	5	1	28	2196	0	0	0
5.131	1	3	514	2	6	28	2196	0	0	0
5.132	1	1	514	3	3	28	2196	0	0	0
5.133	1	5	514	4	2	28	2196	0	0	0
5.134	1	4	514	5	4	28	2196	0	0	0
5.136	1	3	514	7	6	28	2196	0	0	0
5.142	1	5	515	3	2	28	2196	0	0	0
5.145	1	2	515	6	1	28	2196	0	0	0
5.151	1	1	516	2	3	28	2196	0	0	0
5.154	1	4	516	5	4	28	2196	0	0	0
5.155	1	3	516	6	6	28	2196	0	0	0
5.162	1	1	517	3	3	28	2196	0	0	0
5.163	1	5	517	4	2	28	2196	0	0	0
5.171	1	4	518	2	4	28	2196	0	0	0
5.184	1	3	519	5	6	28	2196	0	0	0
5.185	1	4	519	6	4	28	2196	0	0	0
5.188	1	5	519	9	2	28	2196	0	0	0
5.197	1	1	520	8	3	28	2196	0	0	0
5.199	1	2	520	10	1	28	2196	0	0	0
5.208	1	3	521	9	6	28	2196	0	0	0
5.209	1	4	521	10	4	28	2196	0	0	0
5.211	1	5	522	2	2	28	2196	0	0	0
5.212	1	3	522	3	6	28	2196	0	0	0
5.213	1	2	522	4	1	28	2196	0	0	0
5.218	1	4	522	9	4	28	2196	0	0	0
5.227	1	3	523	8	6	28	2196	0	0	0
5.228	1	2	523	9	1	28	2196	0	0	0
5.23	1	1	524	1	3	28	2196	0	0	0
5.234	1	4	524	5	4	28	2196	0	0	0
5.237	1	1	524	8	3	28	2196	0	0	0
5.246	1	3	525	7	6	28	2196	0	0	0
5.248	1	2	525	9	1	28	2196	0	0	0
5.252	1	3	526	3	6	28	2196	0	0	0
5.254	1	4	526	5	4	28	2196	0	0	0
5.261	1	3	527	2	6	28	2196	0	0	0
5.272	1	1	528	3	3	28	2196	0	0	0
5.273	1	5	528	4	2	28	2196	0	0	0
5.276	1	4	528	7	4	28	2196	0	0	0
5.282	1	2	529	3	1	28	2196	0	0	0
5.284	1	1	529	5	3	28	2196	0	0	0
5.291	1	3	530	2	6	28	2196	0	0	0
5.3	1	5	531	1	2	28	2196	0	0	0
5.307	1	1	531	8	3	28	2196	0	0	0
5.31	1	2	532	1	1	28	2196	0	0	0
5.313	1	4	532	4	4	28	2196	0	0	0
5.32	1	4	533	1	4	28	2196	0	0	0
5.321	1	3	533	2	6	28	2196	0	0	0
5.322	1	2	533	3	1	28	2196	0	0	0
5.328	1	4	533	9	4	28	2196	0	0	0
5.334	1	3	534	5	6	28	2196	0	0	0
5.336	1	1	534	7	3	28	2196	0	0	0
5.344	1	2	535	5	1	28	2196	0	0	0
5.349	1	5	535	10	2	28	2196	0	0	0
5.35	1	3	536	1	6	28	2196	0	0	0
5.355	1	1	536	6	3	28	2196	0	0	0
5.357	1	5	536	8	2	28	2196	0	0	0
5.364	1	3	537	5	6	28	2196	0	0	0
5.368	1	2	537	9	1	28	2196	0	0	0
5.37	1	1	538	1	3	28	2196	0	0	0
5.372	1	5	538	3	2	28	2196	0	0	0
5.373	1	3	538	4	6	28	2196	0	0	0
5.383	1	2	539	4	1	28	2196	0	0	0
5.387	1	1	539	8	3	28	2196	0	0	0
5.388	1	4	539	9	4	28	2196	0	0	0
5.393	1	4	540	4	4	28	2196	0	0	0
5.394	1	2	540	5	1	28	2196	0	0	0
5.397	1	5	540	8	2	28	2196	0	0	0
5.398	1	4	540	9	4	28	2196	0	0	0
5.402	1	5	541	3	2	28	2196	0	0	0
5.405	1	1	541	6	3	28	2196	0	0	0
5.406	1	3	541	7	6	28	2196	0	0	0
5.407	1	5	541	8	2	28	2196	0	0	0
5.409	1	2	541	10	1	28	2196	0	0	0
5.421	1	5	543	2	2	28	2196	0	0	0
5.422	1	3	543	3	6	28	2196	0	0	0
5.424	1	2	543	5	1	28	2196	0	0	0
5.425	1	4	543	6	4	28	2196	0	0	0
5.426	1	1	543	7	3	28	2196	0	0	0
5.44	1	5	545	1	2	28	2196	0	0	0
5.441	1	1	545	2	3	28	2196	0	0	0
5.445	1	2	545	6	1	28	2196	0	0	0
5.448	1	4	545	9	4	28	2196	0	0	0
5.454	1	5	546	5	2	28	2196	0	0	0
5.46	1	4	547	1	4	28	2196	0	0	0
5.461	1	3	547	2	6	28	2196	0	0	0
5.462	1	5	547	3	2	28	2196	0	0	0
5.469	1	2	547	10	1	28	2196	0	0	0
5.475	1	1	548	6	3	28	2196	0	0	0
5.48	1	2	549	1	1	28	2196	0	0	0
5.483	1	4	549	4	4	28	2196	0	0	0
5.492	1	3	550	3	6	28	2196	0	0	0
5.495	1	4	550	6	4	28	2196	0	0	0
5.506	1	1	551	7	3	28	2196	0	0	0
5.509	1	2	551	10	1	28	2196	0	0	0
5.512	1	4	552	3	4	28	2196	0	0	0
5.516	1	5	552	7	2	28	2196	0	0	0
5.518	1	3	552	9	6	28	2196	0	0	0
5.519	1	1	552	10	3	28	2196	0	0	0
5.524	1	3	553	5	6	28	2196	0	0	0
5.527	1	2	553	8	1	28	2196	0	0	0
5.529	1	5	553	10	2	28	2196	0	0	0
5.534	1	2	554	5	1	28	2196	0	0	0
5.536	1	4	554	7	4	28	2196	0	0	0
5.548	1	4	555	9	4	28	2196	0	0	0
5.555	1	5	556	6	2	28	2196	0	0	0
5.558	1	1	556	9	3	28	2196	0	0	0
5.562	1	4	557	3	4	28	2196	0	0	0
5.564	1	1	557	5	3	28	2196	0	0	0
5.568	1	3	557	9	6	28	2196	0	0	0
5.572	1	3	558	3	6	28	2196	0	0	0
5.573	1	2	558	4	1	28	2196	0	0	0
5.578	1	4	558	9	4	28	2196	0	0	0
5.58	1	1	559	1	3	28	2196	0	0	0
5.581	1	5	559	2	2	28	2196	0	0	0
5.583	1	2	559	4	1	28	2196	0	0	0
5.586	1	3	559	7	6	28	2196	0	0	0
5.587	1	4	559	8	4	28	2196	0	0	0
5.588	1	5	559	9	2	28	2196	0	0	0
5.59	1	2	560	1	1	28	2196	0	0	0
5.593	1	5	560	4	2	28	2196	0	0	0
5.595	1	3	560	6	6	28	2196	0	0	0
5.596	1	4	560	7	4	28	2196	0	0	0
5.599	1	2	560	10	1	28	2196	0	0	0
5.611	1	1	562	2	3	28	2196	0	0	0
5.619	1	5	562	10	2	28	2196	0	0	0
5.62	1	1	563	1	3	28	2196	0	0	0
5.623	1	4	563	4	4	28	2196	0	0	0
5.624	1	2	563	5	1	28	2196	0	0	0
5.627	1	3	563	8	6	28	2196	0	0	0
5.635	1	1	564	6	3	28	2196	0	0	0
5.64	1	1	565	1	3	28	2196	0	0	0
5.648	1	2	565	9	1	28	2196	0	0	0
5.649	1	4	565	10	4	28	2196	0	0	0
5.658	1	4	566	9	4	28	2196	0	0	0
5.663	1	3	567	4	6	28	2196	0	0	0
5.664	1	2	567	5	1	28	2196	0	0	0
5.665	1	5	567	6	2	28	2196	0	0	0
5.667	1	1	567	8	3	28	2196	0	0	0
5.668	1	4	567	9	4	28	2196	0	0	0
5.676	1	2	568	7	1	28	2196	0	0	0
5.678	1	1	568	9	3	28	2196	0	0	0
5.68	1	3	569	1	6	28	2196	0	0	0
5.682	1	4	569	3	4	28	2196	0	0	0
5.687	1	1	569	8	3	28	2196	0	0	0
5.688	1	2	569	9	1	28	2196	0	0	0
5.69	1	4	570	1	4	28	2196	0	0	0
5.692	1	3	570	3	6	28	2196	0	0	0
5.693	1	5	570	4	2	28	2196	0	0	0
5.7	1	4	571	1	4	28	2196	0	0	0
5.704	1	5	571	5	2	28	2196	0	0	0
5.706	1	2	571	7	1	28	2196	0	0	0
5.732	1	3	574	3	6	28	2196	0	0	0
5.733	1	1	574	4	3	28	2196	0	0	0
5.734	1	2	574	5	1	28	2196	0	0	0
5.739	1	3	574	10	6	28	2196	0	0	0
5.741	1	4	575	2	4	28	2196	0	0	0
5.742	1	2	575	3	1	28	2196	0	0	0
5.747	1	5	575	8	2	28	2196	0	0	0
5.75	1	3	576	1	6	28	2196	0	0	0
5.751	1	2	576	2	1	28	2196	0	0	0
5.756	1	2	576	7	1	28	2196	0	0	0
5.767	1	1	577	8	3	28	2196	0	0	0
5.77	1	4	578	1	4	28	2196	0	0	0
5.775	1	5	578	6	2	28	2196	0	0	0
5.788	1	3	579	9	6	28	2196	0	0	0
5.789	1	5	579	10	2	28	2196	0	0	0
5.793	1	3	580	4	6	28	2196	0	0	0
5.794	1	4	580	5	4	28	2196	0	0	0
5.796	1	5	580	7	2	28	2196	0	0	0
5.798	1	1	580	9	3	28	2196	0	0	0
5.799	1	2	580	10	1	28	2196	0	0	0
5.803	1	2	581	4	1	28	2196	0	0	0
5.807	1	4	581	8	4	28	2196	0	0	0
5.808	1	3	581	9	6	28	2196	0	0	0
5.815	1	4	582	6	4	28	2196	0	0	0
5.825	1	4	583	6	4	28	2196	0	0	0
5.829	1	1	583	10	3	28	2196	0	0	0
5.83	1	2	584	1	1	28	2196	0	0	0
5.831	1	4	584	2	4	28	2196	0	0	0
5.832	1	3	584	3	6	28	2196	0	0	0
5.841	1	5	585	2	2	28	2196	0	0	0
5.842	1	1	585	3	3	28	2196	0	0	0
5.848	1	2	585	9	1	28	2196	0	0	0
5.856	1	2	586	7	1	28	2196	0	0	0
5.863	1	5	587	4	2	28	2196	0	0	0
5.866	1	3	587	7	6	28	2196	0	0	0
5.867	1	2	587	8	1	28	2196	0	0	0
5.876	1	2	588	7	1	28	2196	0	0	0
5.883	1	1	589	4	3	28	2196	0	0	0
5.885	1	2	589	6	1	28	2196	0	0	0
5.888	1	5	589	9	2	28	2196	0	0	0
5.889	1	3	589	10	6	28	2196	0	0	0
5.902	1	4	591	3	4	28	2196	0	0	0
5.903	1	3	591	4	6	28	2196	0	0	0
5.909	1	1	591	10	3	28	2196	0	0	0
5.91	1	5	592	1	2	28	2196	0	0	0
5.912	1	2	592	3	1	28	2196	0	0	0
5.919	1	3	592	10	6	28	2196	0	0	0
5.921	1	4	593	2	4	28	2196	0	0	0
5.924	1	2	593	5	1	28	2196	0	0	0
5.93	1	1	594	1	3	28	2196	0	0	0
5.938	1	3	594	9	6	28	2196	0	0	0
5.94	1	4	595	1	4	28	2196	0	0	0
5.942	1	2	595	3	1	28	2196	0	0	0
5.953	1	3	596	4	6	28	2196	0	0	0
5.954	1	2	596	5	1	28	2196	0	0	0
5.96	1	2	597	1	1	28	2196	0	0	0
5.963	1	1	597	4	3	28	2196	0	0	0
5.972	1	4	598	3	4	28	2196	0	0	0
5.975	1	3	598	6	6	28	2196	0	0	0
5.976	1	5	598	7	2	28	2196	0	0	0
5.981	1	4	599	2	4	28	2196	0	0	0
5.988	1	1	599	9	3	28	2196	0	0	0
5.989	1	3	599	10	6	28	2196	0	0	0
5.998	1	2	600	9	1	28	2196	0	0	0
6.003	1	1	601	4	3	28	2196	0	0	0
6.004	1	2	601	5	1	28	2196	0	0	0
6.006	1	4	601	7	4	28	2196	0	0	0
6.011	1	2	602	2	1	28	2196	0	0	0
6.012	1	3	602	3	6	28	2196	0	0	0
6.014	1	2	602	5	1	28	2196	0	0	0
6.017	1	4	602	8	4	28	2196	0	0	0
6.021	1	1	603	2	3	28	2196	0	0	0
6.03	1	3	604	1	6	28	2196	0	0	0
6.033	1	1	604	4	3	28	2196	0	0	0
6.041	1	2	605	2	1	28	2196	0	0	0
6.045	1	2	605	6	1	28	2196	0	0	0
6.046	1	3	605	7	6	28	2196	0	0	0
6.05	1	1	606	1	3	28	2196	0	0	0
6.054	1	5	606	5	2	28	2196	0	0	0
6.055	1	2	606	6	1	28	2196	0	0	0
6.06	1	1	607	1	3	28	2196	0	0	0
6.062	1	4	607	3	4	28	2196	0	0	0
6.069	1	2	607	10	1	28	2196	0	0	0
6.073	1	1	608	4	3	28	2196	0	0	0
6.08	1	5	609	1	2	28	2196	0	0	0
6.081	1	3	609	2	6	28	2196	0	0	0
6.082	1	4	609	3	4	28	2196	0	0	0
6.092	1	2	610	3	1	28	2196	0	0	0
6.099	1	4	610	10	4	28	2196	0	0	0
6.105	1	1	611	6	3	28	2196	0	0	0
6.106	1	5	611	7	2	28	2196	0	0	0
6.107	1	3	611	8	6	28	2196	0	0	0
6.113	1	1	612	4	3	28	2196	0	0	0
6.114	1	2	612	5	1	28	2196	0	0	0
6.122	1	1	613	3	3	28	2196	0	0	0
6.129	1	1	613	10	3	28	2196	0	0	0
6.131	1	4	614	2	4	28	2196	0	0	0
6.139	1	3	614	10	6	28	2196	0	0	0
6.145	1	2	615	6	1	28	2196	0	0	0
6.151	1	5	616	2	2	28	2196	0	0	0
6.153	1	4	616	4	4	28	2196	0	0	0
6.154	1	3	616	5	6	28	2196	0	0	0
6.155	1	1	616	6	3	28	2196	0	0	0
6.157	1	5	616	8	2	28	2196	0	0	0
6.16	1	2	617	1	1	28	2196	0	0	0
6.165	1	3	617	6	6	28	2196	0	0	0
6.166	1	4	617	7	4	28	2196	0	0	0
6.17	1	1	618	1	3	28	2196	0	0	0
6.175	1	2	618	6	1	28	2196	0	0	0
6.176	1	4	618	7	4	28	2196	0	0	0
6.178	1	3	618	9	6	28	2196	0	0	0
6.18	1	1	619	1	3	28	2196	0	0	0
6.184	1	5	619	5	2	28	2196	0	0	0
6.185	1	1	619	6	3	28	2196	0	0	0
6.188	1	3	619	9	6	28	2196	0	0	0
6.191	1	5	620	2	2	28	2196	0	0	0
6.2	1	4	621	1	4	28	2196	0	0	0
6.202	1	2	621	3	1	28	2196	0	0	0
6.21	1	2	622	1	1	28	2196	0	0	0
6.215	1	5	622	6	2	28	2196	0	0	0
6.216	1	1	622	7	3	28	2196	0	0	0
6.223	1	2	623	4	1	28	2196	0	0	0
6.229	1	5	623	10	2	28	2196	0	0	0
6.23	1	4	624	1	4	28	2196	0	0	0
6.235	1	4	624	6	4	28	2196	0	0	0
6.238	1	3	624	9	6	28	2196	0	0	0
6.242	1	5	625	3	2	28	2196	0	0	0
6.243	1	1	625	4	3	28	2196	0	0	0
6.248	1	4	625	9	4	28	2196	0	0	0
6.256	1	5	626	7	2	28	2196	0	0	0
6.261	1	1	627	2	3	28	2196	0	0	0
6.268	1	2	627	9	1	28	2196	0	0	0
6.27	1	1	628	1	3	28	2196	0	0	0
6.273	1	3	628	4	6	28	2196	0	0	0
6.274	1	4	628	5	4	28	2196	0	0	0
6.28	1	1	629	1	3	28	2196	0	0	0
6.288	1	3	629	9	6	28	2196	0	0	0
6.289	1	5	629	10	2	28	2196	0	0	0
6.295	1	2	630	6	1	28	2196	0	0	0
6.304	1	5	631	5	2	28	2196	0	0	0
6.306	1	4	631	7	4	28	2196	0	0	0
6.315	1	3	632	6	6	28	2196	0	0	0
6.322	1	3	633	3	6	28	2196	0	0	0
6.334	1	1	634	5	3	28	2196	0	0	0
6.342	1	2	635	3	1	28	2196	0	0	0
6.346	1	3	635	7	6	28	2196	0	0	0
6.349	1	4	635	10	4	28	2196	0	0	0
6.351	1	5	636	2	2	28	2196	0	0	0
6.352	1	3	636	3	6	28	2196	0	0	0
6.356	1	5	636	7	2	28	2196	0	0	0
6.364	1	2	637	5	1	28	2196	0	0	0
6.365	1	4	637	6	4	28	2196	0	0	0
6.368	1	4	637	9	4	28	2196	0	0	0
6.375	1	5	638	6	2	28	2196	0	0	0
6.377	1	1	638	8	3	28	2196	0	0	0
6.38	1	5	639	1	2	28	2196	0	0	0
6.388	1	4	639	9	4	28	2196	0	0	0
6.393	1	3	640	4	6	28	2196	0	0	0
6.394	1	2	640	5	1	28	2196	0	0	0
6.399	1	1	640	10	3	28	2196	0	0	0
6.4	1	3	641	1	6	28	2196	0	0	0
6.402	1	4	641	3	4	28	2196	0	0	0
6.404	1	2	641	5	1	28	2196	0	0	0
6.406	1	1	641	7	3	28	2196	0	0	0
6.423	1	2	643	4	1	28	2196	0	0	0
6.428	1	1	643	9	3	28	2196	0	0	0
6.429	1	3	643	10	6	28	2196	0	0	0
6.435	1	1	644	6	3	28	2196	0	0	0
6.436	1	3	644	7	6	28	2196	0	0	0
6.44	1	5	645	1	2	28	2196	0	0	0
6.441	1	4	645	2	4	28	2196	0	0	0
6.442	1	1	645	3	3	28	2196	0	0	0
6.448	1	2	645	9	1	28	2196	0	0	0
6.459	1	4	646	10	4	28	2196	0	0	0
6.46	1	5	647	1	2	28	2196	0	0	0
6.463	1	2	647	4	1	28	2196	0	0	0
6.467	1	1	647	8	3	28	2196	0	0	0
6.475	1	2	648	6	1	28	2196	0	0	0
6.476	1	3	648	7	6	28	2196	0	0	0
6.48	1	4	649	1	4	28	2196	0	0	0
6.481	1	5	649	2	2	28	2196	0	0	0
6.486	1	5	649	7	2	28	2196	0	0	0
6.492	1	4	650	3	4	28	2196	0	0	0
6.493	1	1	650	4	3	28	2196	0	0	0
6.494	1	5	650	5	2	28	2196	0	0	0
6.505	1	3	651	6	6	28	2196	0	0	0
6.517	1	1	652	8	3	28	2196	0	0	0
6.52	1	3	653	1	6	28	2196	0	0	0
6.529	1	2	653	10	1	28	2196	0	0	0
6.536	1	3	654	7	6	28	2196	0	0	0
6.54	1	4	655	1	4	28	2196	0	0	0
6.546	1	2	655	7	1	28	2196	0	0	0
6.547	1	5	655	8	2	28	2196	0	0	0
6.548	1	3	655	9	6	28	2196	0	0	0
6.556	1	1	656	7	3	28	2196	0	0	0
6.557	1	4	656	8	4	28	2196	0	0	0
6.558	1	3	656	9	6	28	2196	0	0	0
6.564	1	3	657	5	6	28	2196	0	0	0
6.568	1	2	657	9	1	28	2196	0	0	0
6.572	1	3	658	3	6	28	2196	0	0	0
6.573	1	4	658	4	4	28	2196	0	0	0
6.576	1	5	658	7	2	28	2196	0	0	0
6.584	1	1	659	5	3	28	2196	0	0	0
6.587	1	4	659	8	4	28	2196	0	0	0
6.59	1	5	660	1	2	28	2196	0	0	0
6.591	1	3	660	2	6	28	2196	0	0	0
6.594	1	2	660	5	1	28	2196	0	0	0
6.601	1	1	661	2	3	28	2196	0	0	0
6.611	1	5	662	2	2	28	2196	0	0	0
6.613	1	1	662	4	3	28	2196	0	0	0
6.615	1	4	662	6	4	28	2196	0	0	0
6.62	1	1	663	1	3	28	2196	0	0	0
6.622	1	3	663	3	6	28	2196	0	0	0
6.63	1	2	664	1	1	28	2196	0	0	0
6.631	1	1	664	2	3	28	2196	0	0	0
6.635	1	4	664	6	4	28	2196	0	0	0
6.639	1	3	664	10	6	28	2196	0	0	0
6.641	1	5	665	2	2	28	2196	0	0	0
6.65	1	5	666	1	2	28	2196	0	0	0
6.652	1	1	666	3	3	28	2196	0	0	0
6.657	1	2	666	8	1	28	2196	0	0	0
6.662	1	4	667	3	4	28	2196	0	0	0
6.678	1	3	668	9	6	28	2196	0	0	0
6.682	1	4	669	3	4	28	2196	0	0	0
6.683	1	3	669	4	6	28	2196	0	0	0
6.694	1	3	670	5	6	28	2196	0	0	0
6.695	1	5	670	6	2	28	2196	0	0	0
6.699	1	1	670	10	3	28	2196	0	0	0
6.708	1	2	671	9	1	28	2196	0	0	0
6.709	1	3	671	10	6	28	2196	0	0	0
6.71	1	5	672	1	2	28	2196	0	0	0
6.716	1	4	672	7	4	28	2196	0	0	0
6.726	1	3	673	7	6	28	2196	0	0	0
6.727	1	5	673	8	2	28	2196	0	0	0
6.733	1	1	674	4	3	28	2196	0	0	0
6.735	1	2	674	6	1	28	2196	0	0	0
6.749	1	4	675	10	4	28	2196	0	0	0
6.75	1	3	676	1	6	28	2196	0	0	0
6.757	1	1	676	8	3	28	2196	0	0	0
6.762	1	2	677	3	1	28	2196	0	0	0
6.764	1	1	677	5	3	28	2196	0	0	0
6.765	1	5	677	6	2	28	2196	0	0	0
6.766	1	3	677	7	6	28	2196	0	0	0
6.769	1	2	677	10	1	28	2196	0	0	0
6.773	1	4	678	4	4	28	2196	0	0	0
6.781	1	3	679	2	6	28	2196	0	0	0
6.783	1	5	679	4	2	28	2196	0	0	0
6.785	1	4	679	6	4	28	2196	0	0	0
6.787	1	1	679	8	3	28	2196	0	0	0
6.798	1	2	680	9	1	28	2196	0	0	0
6.806	1	3	681	7	6	28	2196	0	0	0
6.807	1	5	681	8	2	28	2196	0	0	0
6.808	1	4	681	9	4	28	2196	0	0	0
6.809	1	1	681	10	3	28	2196	0	0	0
6.816	1	2	682	7	1	28	2196	0	0	0
6.819	1	1	682	10	3	28	2196	0	0	0
6.83	1	4	684	1	4	28	2196	0	0	0
6.833	1	5	684	4	2	28	2196	0	0	0
6.834	1	2	684	5	1	28	2196	0	0	0
6.837	1	3	684	8	6	28	2196	0	0	0
6.841	1	2	685	2	1	28	2196	0	0	0
6.846	1	3	685	7	6	28	2196	0	0	0
6.85	1	3	686	1	6	28	2196	0	0	0
6.854	1	1	686	5	3	28	2196	0	0	0
6.859	1	4	686	10	4	28	2196	0	0	0
6.861	1	3	687	2	6	28	2196	0	0	0
6.872	1	4	688	3	4	28	2196	0	0	0
6.873	1	3	688	4	6	28	2196	0	0	0
6.883	1	2	689	4	1	28	2196	0	0	0
6.885	1	5	689	6	2	28	2196	0	0	0
6.891	1	1	690	2	3	28	2196	0	0	0
6.895	1	3	690	6	6	28	2196	0	0	0
6.906	1	3	691	7	6	28	2196	0	0	0
6.907	1	5	691	8	2	28	2196	0	0	0
6.918	1	5	692	9	2	28	2196	0	0	0
6.925	1	3	693	6	6	28	2196	0	0	0
6.927	1	4	693	8	4	28	2196	0	0	0
6.93	1	1	694	1	3	28	2196	0	0	0
6.933	1	1	694	4	3	28	2196	0	0	0
6.937	1	3	694	8	6	28	2196	0	0	0
6.942	1	5	695	3	2	28	2196	0	0	0
6.943	1	1	695	4	3	28	2196	0	0	0
6.952	1	5	696	3	2	28	2196	0	0	0
6.953	1	4	696	4	4	28	2196	0	0	0
6.954	1	3	696	5	6	28	2196	0	0	0
6.96	1	2	697	1	1	28	2196	0	0	0
6.968	1	5	697	9	2	28	2196	0	0	0
6.97	1	1	698	1	3	28	2196	0	0	0
6.973	1	4	698	4	4	28	2196	0	0	0
6.974	1	5	698	5	2	28	2196	0	0	0
6.976	1	2	698	7	1	28	2196	0	0	0
6.977	1	3	698	8	6	28	2196	0	0	0
6.981	1	1	699	2	3	28	2196	0	0	0
6.987	1	2	699	8	1	28	2196	0	0	0
6.991	1	2	700	2	1	28	2196	0	0	0
6.993	1	1	700	4	3	28	2196	0	0	0
6.994	1	3	700	5	6	28	2196	0	0	0
7.011	1	2	702	2	1	28	2196	0	0	0
7.013	1	1	702	4	3	28	2196	0	0	0
7.02	1	4	703	1	4	28	2196	0	0	0
7.022	1	3	703	3	6	28	2196	0	0	0
7.03	1	4	704	1	4	28	2196	0	0	0
7.031	1	2	704	2	1	28	2196	0	0	0
7.033	1	1	704	4	3	28	2196	0	0	0
7.037	1	4	704	8	4	28	2196	0	0	0
7.039	1	5	704	10	2	28	2196	0	0	0
7.042	1	5	705	3	2	28	2196	0	0	0
7.046	1	3	705	7	6	28	2196	0	0	0
7.047	1	4	705	8	4	28	2196	0	0	0
7.052	1	4	706	3	4	28	2196	0	0	0
7.059	1	1	706	10	3	28	2196	0	0	0
7.062	1	3	707	3	6	28	2196	0	0	0
7.068	1	5	707	9	2	28	2196	0	0	0
7.071	1	1	708	2	3	28	2196	0	0	0
7.074	1	4	708	5	4	28	2196	0	0	0
7.082	1	2	709	3	1	28	2196	0	0	0
7.086	1	3	709	7	6	28	2196	0	0	0
7.088	1	5	709	9	2	28	2196	0	0	0
7.089	1	4	709	10	4	28	2196	0	0	0
7.09	1	1	710	1	3	28	2196	0	0	0
7.091	1	2	710	2	1	28	2196	0	0	0
7.106	1	5	711	7	2	28	2196	0	0	0
7.107	1	4	711	8	4	28	2196	0	0	0
7.114	1	3	712	5	6	28	2196	0	0	0
7.115	1	5	712	6	2	28	2196	0	0	0
7.119	1	4	712	10	4	28	2196	0	0	0
7.121	1	3	713	2	6	28	2196	0	0	0
7.122	1	5	713	3	2	28	2196	0	0	0
7.133	1	3	714	4	6	28	2196	0	0	0
7.14	1	1	715	1	3	28	2196	0	0	0
7.141	1	4	715	2	4	28	2196	0	0	0
7.142	1	3	715	3	6	28	2196	0	0	0
7.15	1	2	716	1	1	28	2196	0	0	0
7.151	1	5	716	2	2	28	2196	0	0	0
7.153	1	4	716	4	4	28	2196	0	0	0
7.154	1	3	716	5	6	28	2196	0	0	0
7.164	1	5	717	5	2	28	2196	0	0	0
7.168	1	3	717	9	6	28	2196	0	0	0
7.17	1	1	718	1	3	28	2196	0	0	0
7.178	1	2	718	9	1	28	2196	0	0	0
7.181	1	5	719	2	2	28	2196	0	0	0
7.183	1	3	719	4	6	28	2196	0	0	0
7.189	1	5	719	10	2	28	2196	0	0	0
7.192	1	2	720	3	1	28	2196	0	0	0
7.194	1	1	720	5	3	28	2196	0	0	0
7.196	1	4	720	7	4	28	2196	0	0	0
7.2	1	1	721	1	3	28	2196	0	0	0
7.209	1	3	721	10	6	28	2196	0	0	0
7.21	1	1	722	1	3	28	2196	0	0	0
7.218	1	5	722	9	2	28	2196	0	0	0
7.223	1	3	723	4	6	28	2196	0	0	0
7.228	1	4	723	9	4	28	2196	0	0	0
7.23	1	5	724	1	2	28	2196	0	0	0
7.233	1	3	724	4	6	28	2196	0	0	0
7.235	1	1	724	6	3	28	2196	0	0	0
7.236	1	2	724	7	1	28	2196	0	0	0
7.238	1	2	724	9	1	28	2196	0	0	0
7.241	1	3	725	2	6	28	2196	0	0	0
7.244	1	5	725	5	2	28	2196	0	0	0
7.251	1	3	726	2	6	28	2196	0	0	0
7.254	1	1	726	5	3	28	2196	0	0	0
7.26	1	5	727	1	2	28	2196	0	0	0
7.261	1	1	727	2	3	28	2196	0	0	0
7.266	1	2	727	7	1	28	2196	0	0	0
7.267	1	1	727	8	3	28	2196	0	0	0
7.269	1	4	727	10	4	28	2196	0	0	0
7.274	1	5	728	5	2	28	2196	0	0	0
7.277	1	2	728	8	1	28	2196	0	0	0
7.281	1	4	729	2	4	28	2196	0	0	0
7.288	1	3	729	9	6	28	2196	0	0	0
7.291	1	4	730	2	4	28	2196	0	0	0
7.292	1	1	730	3	3	28	2196	0	0	0
7.293	1	5	730	4	2	28	2196	0	0	0
7.303	1	3	731	4	6	28	2196	0	0	0
7.308	1	3	731	9	6	28	2196	0	0	0
7.313	1	2	732	4	1	28	2196	0	0	0
7.314	1	4	732	5	4	28	2196	0	0	0
7.316	1	5	732	7	2	28	2196	0	0	0
7.323	1	5	733	4	2	28	2196	0	0	0
7.331	1	3	734	2	6	28	2196	0	0	0
7.336	1	4	734	7	4	28	2196	0	0	0
7.342	1	2	735	3	1	28	2196	0	0	0
7.35	1	2	736	1	1	28	2196	0	0	0
7.352	1	5	736	3	2	28	2196	0	0	0
7.355	1	4	736	6	4	28	2196	0	0	0
7.356	1	1	736	7	3	28	2196	0	0	0
7.357	1	2	736	8	1	28	2196	0	0	0
7.359	1	2	736	10	1	28	2196	0	0	0
7.364	1	1	737	5	3	28	2196	0	0	0
7.378	1	5	738	9	2	28	2196	0	0	0
7.379	1	2	738	10	1	28	2196	0	0	0
7.384	1	3	739	5	6	28	2196	0	0	0
7.389	1	1	739	10	3	28	2196	0	0	0
7.392	1	2	740	3	1	28	2196	0	0	0
7.397	1	5	740	8	2	28	2196	0	0	0
7.4	1	3	741	1	6	28	2196	0	0	0
7.402	1	4	741	3	4	28	2196	0	0	0
7.403	1	2	741	4	1	28	2196	0	0	0
7.417	1	2	742	8	1	28	2196	0	0	0
7.418	1	3	742	9	6	28	2196	0	0	0
7.42	1	5	743	1	2	28	2196	0	0	0
7.422	1	3	743	3	6	28	2196	0	0	0
7.423	1	2	743	4	1	28	2196	0	0	0
7.428	1	5	743	9	2	28	2196	0	0	0
7.431	1	4	744	2	4	28	2196	0	0	0
7.437	1	1	744	8	3	28	2196	0	0	0
7.438	1	3	744	9	6	28	2196	0	0	0
7.445	1	2	745	6	1	28	2196	0	0	0
7.446	1	4	745	7	4	28	2196	0	0	0
7.454	1	3	746	5	6	28	2196	0	0	0
7.458	1	1	746	9	3	28	2196	0	0	0
7.459	1	5	746	10	2	28	2196	0	0	0
7.464	1	4	747	5	4	28	2196	0	0	0
7.465	1	3	747	6	6	28	2196	0	0	0
7.47	1	2	748	1	1	28	2196	0	0	0
7.475	1	3	748	6	6	28	2196	0	0	0
7.477	1	5	748	8	2	28	2196	0	0	0
7.482	1	1	749	3	3	28	2196	0	0	0
7.483	1	4	749	4	4	28	2196	0	0	0
7.491	1	5	750	2	2	28	2196	0	0	0
7.493	1	4	750	4	4	28	2196	0	0	0
7.501	1	3	751	2	6	28	2196	0	0	0
7.504	1	2	751	5	1	28	2196	0	0	0
7.508	1	1	751	9	3	28	2196	0	0	0
7.509	1	3	751	10	6	28	2196	0	0	0
7.514	1	2	752	5	1	28	2196	0	0	0
7.52	1	1	753	1	3	28	2196	0	0	0
7.524	1	3	753	5	6	28	2196	0	0	0
7.529	1	4	753	10	4	28	2196	0	0	0
7.533	1	2	754	4	1	28	2196	0	0	0
7.534	1	5	754	5	2	28	2196	0	0	0
7.536	1	1	754	7	3	28	2196	0	0	0
7.541	1	3	755	2	6	28	2196	0	0	0
7.545	1	5	755	6	2	28	2196	0	0	0
7.549	1	3	755	10	6	28	2196	0	0	0
7.56	1	5	757	1	2	28	2196	0	0	0
7.568	1	1	757	9	3	28	2196	0	0	0
7.57	1	4	758	1	4	28	2196	0	0	0
7.571	1	2	758	2	1	28	2196	0	0	0
7.573	1	3	758	4	6	28	2196	0	0	0
7.578	1	5	758	9	2	28	2196	0	0	0
7.58	1	4	759	1	4	28	2196	0	0	0
7.586	1	2	759	7	1	28	2196	0	0	0
7.59	1	5	760	1	2	28	2196	0	0	0
7.598	1	1	760	9	3	28	2196	0	0	0
7.6	1	5	761	1	2	28	2196	0	0	0
7.602	1	2	761	3	1	28	2196	0	0	0
7.605	1	4	761	6	4	28	2196	0	0	0
7.606	1	3	761	7	6	28	2196	0	0	0
7.607	1	5	761	8	2	28	2196	0	0	0
7.613	1	4	762	4	4	28	2196	0	0	0
7.614	1	5	762	5	2	28	2196	0	0	0
7.617	1	1	762	8	3	28	2196	0	0	0
7.637	1	5	764	8	2	28	2196	0	0	0
7.641	1	2	765	2	1	28	2196	0	0	0
7.643	1	4	765	4	4	28	2196	0	0	0
7.647	1	3	765	8	6	28	2196	0	0	0
7.648	1	1	765	9	3	28	2196	0	0	0
7.651	1	4	766	2	4	28	2196	0	0	0
7.656	1	5	766	7	2	28	2196	0	0	0
7.664	1	2	767	5	1	28	2196	0	0	0
7.672	1	3	768	3	6	28	2196	0	0	0
7.681	1	5	769	2	2	28	2196	0	0	0
7.682	1	1	769	3	3	28	2196	0	0	0
7.683	1	3	769	4	6	28	2196	0	0	0
7.684	1	2	769	5	1	28	2196	0	0	0
7.694	1	1	770	5	3	28	2196	0	0	0
7.696	1	4	770	7	4	28	2196	0	0	0
7.697	1	2	770	8	1	28	2196	0	0	0
7.708	1	2	771	9	1	28	2196	0	0	0
7.71	1	3	772	1	6	28	2196	0	0	0
7.725	1	5	773	6	2	28	2196	0	0	0
7.726	1	2	773	7	1	28	2196	0	0	0
7.732	1	4	774	3	4	28	2196	0	0	0
7.733	1	2	774	4	1	28	2196	0	0	0
7.742	1	4	775	3	4	28	2196	0	0	0
7.744	1	5	775	5	2	28	2196	0	0	0
7.749	1	5	775	10	2	28	2196	0	0	0
7.75	1	1	776	1	3	28	2196	0	0	0
7.762	1	2	777	3	1	28	2196	0	0	0
7.765	1	3	777	6	6	28	2196	0	0	0
7.767	1	4	777	8	4	28	2196	0	0	0
7.788	1	1	779	9	3	28	2196	0	0	0
7.791	1	3	780	2	6	28	2196	0	0	0
7.793	1	4	780	4	4	28	2196	0	0	0
7.794	1	5	780	5	2	28	2196	0	0	0
7.795	1	2	780	6	1	28	2196	0	0	0
7.799	1	3	780	10	6	28	2196	0	0	0
7.801	1	1	781	2	3	28	2196	0	0	0
7.807	1	3	781	8	6	28	2196	0	0	0
7.817	1	4	782	8	4	28	2196	0	0	0
7.818	1	3	782	9	6	28	2196	0	0	0
7.822	1	1	783	3	3	28	2196	0	0	0
7.824	1	5	783	5	2	28	2196	0	0	0
7.825	1	2	783	6	1	28	2196	0	0	0
7.83	1	2	784	1	1	28	2196	0	0	0
7.834	1	5	784	5	2	28	2196	0	0	0
7.836	1	2	784	7	1	28	2196	0	0	0
7.841	1	1	785	2	3	28	2196	0	0	0
7.843	1	3	785	4	6	28	2196	0	0	0
7.853	1	3	786	4	6	28	2196	0	0	0
7.863	1	4	787	4	4	28	2196	0	0	0
7.869	1	3	787	10	6	28	2196	0	0	0
7.881	1	3	789	2	6	28	2196	0	0	0
7.882	1	4	789	3	4	28	2196	0	0	0
7.891	1	1	790	2	3	28	2196	0	0	0
7.892	1	2	790	3	1	28	2196	0	0	0
7.894	1	5	790	5	2	28	2196	0	0	0
7.904	1	2	791	5	1	28	2196	0	0	0
7.912	1	1	792	3	3	28	2196	0	0	0
7.919	1	3	792	10	6	28	2196	0	0	0
7.923	1	5	793	4	2	28	2196	0	0	0
7.928	1	3	793	9	6	28	2196	0	0	0
7.932	1	4	794	3	4	28	2196	0	0	0
7.937	1	1	794	8	3	28	2196	0	0	0
7.938	1	2	794	9	1	28	2196	0	0	0
7.946	1	3	795	7	6	28	2196	0	0	0
7.951	1	3	796	2	6	28	2196	0	0	0
7.952	1	1	796	3	3	28	2196	0	0	0
7.964	1	5	797	5	2	28	2196	0	0	0
7.965	1	2	797	6	1	28	2196	0	0	0
7.971	1	4	798	2	4	28	2196	0	0	0
7.972	1	3	798	3	6	28	2196	0	0	0
7.973	1	2	798	4	1	28	2196	0	0	0
7.983	1	3	799	4	6	28	2196	0	0	0
7.984	1	2	799	5	1	28	2196	0	0	0
7.985	1	5	799	6	2	28	2196	0	0	0
7.988	1	1	799	9	3	28	2196	0	0	0
7.994	1	3	800	5	6	28	2196	0	0	0
7.996	1	2	800	7	1	28	2196	0	0	0
7.997	1	1	800	8	3	28	2196	0	0	0
8.004	1	3	801	5	6	28	2196	0	0	0
8.007	1	5	801	8	2	28	2196	0	0	0
8.009	1	1	801	10	3	28	2196	0	0	0
8.01	1	3	802	1	6	28	2196	0	0	0
8.018	1	1	802	9	3	28	2196	0	0	0
8.02	1	4	803	1	4	28	2196	0	0	0
8.026	1	1	803	7	3	28	2196	0	0	0
8.032	1	2	804	3	1	28	2196	0	0	0
8.038	1	3	804	9	6	28	2196	0	0	0
8.041	1	3	805	2	6	28	2196	0	0	0
8.043	1	5	805	4	2	28	2196	0	0	0
8.044	1	2	805	5	1	28	2196	0	0	0
8.045	1	4	805	6	4	28	2196	0	0	0
8.047	1	2	805	8	1	28	2196	0	0	0
8.054	1	4	806	5	4	28	2196	0	0	0
8.058	1	3	806	9	6	28	2196	0	0	0
8.06	1	1	807	1	3	28	2196	0	0	0
8.069	1	2	807	10	1	28	2196	0	0	0
8.071	1	4	808	2	4	28	2196	0	0	0
8.079	1	5	808	10	2	28	2196	0	0	0
8.08	1	3	809	1	6	28	2196	0	0	0
8.084	1	5	809	5	2	28	2196	0	0	0
8.094	1	2	810	5	1	28	2196	0	0	0
8.098	1	3	810	9	6	28	2196	0	0	0
8.1	1	1	811	1	3	28	2196	0	0	0
8.102	1	5	811	3	2	28	2196	0	0	0
8.103	1	3	811	4	6	28	2196	0	0	0
8.107	1	4	811	8	4	28	2196	0	0	0
8.108	1	3	811	9	6	28	2196	0	0	0
8.116	1	2	812	7	1	28	2196	0	0	0
8.122	1	2	813	3	1	28	2196	0	0	0
8.126	1	3	813	7	6	28	2196	0	0	0
8.128	1	5	813	9	2	28	2196	0	0	0
8.129	1	1	813	10	3	28	2196	0	0	0
8.149	1	4	815	10	4	28	2196	0	0	0
8.15	1	5	816	1	2	28	2196	0	0	0
8.154	1	4	816	5	4	28	2196	0	0	0
8.157	1	5	816	8	2	28	2196	0	0	0
8.166	1	2	817	7	1	28	2196	0	0	0
8.168	1	5	817	9	2	28	2196	0	0	0
8.169	1	1	817	10	3	28	2196	0	0	0
8.178	1	3	818	9	6	28	2196	0	0	0
8.182	1	5	819	3	2	28	2196	0	0	0
8.184	1	4	819	5	4	28	2196	0	0	0
8.19	1	1	820	1	3	28	2196	0	0	0
8.191	1	4	820	2	4	28	2196	0	0	0
8.198	1	4	820	9	4	28	2196	0	0	0
8.203	1	2	821	4	1	28	2196	0	0	0
8.204	1	4	821	5	4	28	2196	0	0	0
8.213	1	2	822	4	1	28	2196	0	0	0
8.214	1	1	822	5	3	28	2196	0	0	0
8.215	1	5	822	6	2	28	2196	0	0	0
8.223	1	3	823	4	6	28	2196	0	0	0
8.226	1	2	823	7	1	28	2196	0	0	0
8.23	1	3	824	1	6	28	2196	0	0	0
8.231	1	4	824	2	4	28	2196	0	0	0
8.244	1	4	825	5	4	28	2196	0	0	0
8.246	1	2	825	7	1	28	2196	0	0	0
8.254	1	5	826	5	2	28	2196	0	0	0
8.258	1	4	826	9	4	28	2196	0	0	0
8.266	1	5	827	7	2	28	2196	0	0	0
8.276	1	3	828	7	6	28	2196	0	0	0
8.277	1	2	828	8	1	28	2196	0	0	0
8.28	1	1	829	1	3	28	2196	0	0	0
8.288	1	3	829	9	6	28	2196	0	0	0
8.292	1	2	830	3	1	28	2196	0	0	0
8.295	1	1	830	6	3	28	2196	0	0	0
8.297	1	5	830	8	2	28	2196	0	0	0
8.299	1	3	830	10	6	28	2196	0	0	0
8.302	1	4	831	3	4	28	2196	0	0	0
8.312	1	2	832	3	1	28	2196	0	0	0
8.313	1	4	832	4	4	28	2196	0	0	0
8.331	1	1	834	2	3	28	2196	0	0	0
8.337	1	5	834	8	2	28	2196	0	0	0
8.338	1	3	834	9	6	28	2196	0	0	0
8.339	1	4	834	10	4	28	2196	0	0	0
8.349	1	1	835	10	3	28	2196	0	0	0
8.354	1	3	836	5	6	28	2196	0	0	0
8.356	1	4	836	7	4	28	2196	0	0	0
8.358	1	1	836	9	3	28	2196	0	0	0
8.362	1	5	837	3	2	28	2196	0	0	0
8.363	1	3	837	4	6	28	2196	0	0	0
8.372	1	4	838	3	4	28	2196	0	0	0
8.375	1	3	838	6	6	28	2196	0	0	0
8.38	1	2	839	1	1	28	2196	0	0	0
8.386	1	5	839	7	2	28	2196	0	0	0
8.387	1	4	839	8	4	28	2196	0	0	0
8.389	1	2	839	10	1	28	2196	0	0	0
8.416	1	5	842	7	2	28	2196	0	0	0
8.419	1	3	842	10	6	28	2196	0	0	0
8.421	1	4	843	2	4	28	2196	0	0	0
8.423	1	3	843	4	6	28	2196	0	0	0
8.43	1	2	844	1	1	28	2196	0	0	0
8.432	1	4	844	3	4	28	2196	0	0	0
8.436	1	3	844	7	6	28	2196	0	0	0
8.437	1	1	844	8	3	28	2196	0	0	0
8.441	1	4	845	2	4	28	2196	0	0	0
8.444	1	1	845	5	3	28	2196	0	0	0
8.445	1	2	845	6	1	28	2196	0	0	0
8.451	1	3	846	2	6	28	2196	0	0	0
8.454	1	1	846	5	3	28	2196	0	0	0
8.459	1	5	846	10	2	28	2196	0	0	0
8.46	1	2	847	1	1	28	2196	0	0	0
8.47	1	1	848	1	3	28	2196	0	0	0
8.474	1	3	848	5	6	28	2196	0	0	0
8.476	1	5	848	7	2	28	2196	0	0	0
8.477	1	4	848	8	4	28	2196	0	0	0
8.478	1	2	848	9	1	28	2196	0	0	0
8.481	1	4	849	2	4	28	2196	0	0	0
8.482	1	3	849	3	6	28	2196	0	0	0
8.49	1	3	850	1	6	28	2196	0	0	0
8.492	1	1	850	3	3	28	2196	0	0	0
8.493	1	5	850	4	2	28	2196	0	0	0
8.494	1	4	850	5	4	28	2196	0	0	0
8.5	1	2	851	1	1	28	2196	0	0	0
8.505	1	3	851	6	6	28	2196	0	0	0
8.509	1	1	851	10	3	28	2196	0	0	0
8.512	1	5	852	3	2	28	2196	0	0	0
8.513	1	1	852	4	3	28	2196	0	0	0
8.518	1	2	852	9	1	28	2196	0	0	0
8.521	1	4	853	2	4	28	2196	0	0	0
8.526	1	1	853	7	3	28	2196	0	0	0
8.53	1	3	854	1	6	28	2196	0	0	0
8.531	1	5	854	2	2	28	2196	0	0	0
8.532	1	2	854	3	1	28	2196	0	0	0
8.535	1	4	854	6	4	28	2196	0	0	0
8.545	1	2	855	6	1	28	2196	0	0	0
8.549	1	3	855	10	6	28	2196	0	0	0
8.553	1	4	856	4	4	28	2196	0	0	0
8.554	1	1	856	5	3	28	2196	0	0	0
8.559	1	5	856	10	2	28	2196	0	0	0
8.568	1	3	857	9	6	28	2196	0	0	0
8.573	1	1	858	4	3	28	2196	0	0	0
8.578	1	3	858	9	6	28	2196	0	0	0
8.58	1	4	859	1	4	28	2196	0	0	0
8.583	1	1	859	4	3	28	2196	0	0	0
8.588	1	5	859	9	2	28	2196	0	0	0
8.592	1	2	860	3	1	28	2196	0	0	0
8.593	1	3	860	4	6	28	2196	0	0	0
8.595	1	1	860	6	3	28	2196	0	0	0
8.599	1	4	860	10	4	28	2196	0	0	0
8.614	1	3	862	5	6	28	2196	0	0	0
8.625	1	1	863	6	3	28	2196	0	0	0
8.63	1	5	864	1	2	28	2196	0	0	0
8.638	1	4	864	9	4	28	2196	0	0	0
8.639	1	2	864	10	1	28	2196	0	0	0
8.645	1	5	865	6	2	28	2196	0	0	0
8.649	1	4	865	10	4	28	2196	0	0	0
8.652	1	1	866	3	3	28	2196	0	0	0
8.661	1	4	867	2	4	28	2196	0	0	0
8.668	1	3	867	9	6	28	2196	0	0	0
8.669	1	1	867	10	3	28	2196	0	0	0
8.673	1	2	868	4	1	28	2196	0	0	0
8.674	1	5	868	5	2	28	2196	0	0	0
8.678	1	5	868	9	2	28	2196	0	0	0
8.688	1	3	869	9	6	28	2196	0	0	0
8.689	1	1	869	10	3	28	2196	0	0	0
8.69	1	2	870	1	1	28	2196	0	0	0
8.699	1	3	870	10	6	28	2196	0	0	0
8.709	1	2	871	10	1	28	2196	0	0	0
8.71	1	1	872	1	3	28	2196	0	0	0
8.719	1	5	872	10	2	28	2196	0	0	0
8.741	1	5	875	2	2	28	2196	0	0	0
8.742	1	4	875	3	4	28	2196	0	0	0
8.762	1	3	877	3	6	28	2196	0	0	0
8.763	1	4	877	4	4	28	2196	0	0	0
8.77	1	2	878	1	1	28	2196	0	0	0
8.771	1	1	878	2	3	28	2196	0	0	0
8.776	1	5	878	7	2	28	2196	0	0	0
8.783	1	5	879	4	2	28	2196	0	0	0
8.786	1	2	879	7	1	28	2196	0	0	0
8.792	1	1	880	3	3	28	2196	0	0	0
8.802	1	2	881	3	1	28	2196	0	0	0
8.803	1	1	881	4	3	28	2196	0	0	0
8.805	1	4	881	6	4	28	2196	0	0	0
8.813	1	5	882	4	2	28	2196	0	0	0
8.826	1	1	883	7	3	28	2196	0	0	0
8.827	1	3	883	8	6	28	2196	0	0	0
8.828	1	4	883	9	4	28	2196	0	0	0
8.832	1	2	884	3	1	28	2196	0	0	0
8.837	1	4	884	8	4	28	2196	0	0	0
8.844	1	2	885	5	1	28	2196	0	0	0
8.851	1	3	886	2	6	28	2196	0	0	0
8.852	1	5	886	3	2	28	2196	0	0	0
8.858	1	4	886	9	4	28	2196	0	0	0
8.862	1	5	887	3	2	28	2196	0	0	0
8.865	1	4	887	6	4	28	2196	0	0	0
8.867	1	3	887	8	6	28	2196	0	0	0
8.873	1	2	888	4	1	28	2196	0	0	0
8.874	1	4	888	5	4	28	2196	0	0	0
8.889	1	2	889	10	1	28	2196	0	0	0
8.891	1	1	890	2	3	28	2196	0	0	0
8.892	1	3	890	3	6	28	2196	0	0	0
8.901	1	5	891	2	2	28	2196	0	0	0
8.904	1	4	891	5	4	28	2196	0	0	0
8.907	1	3	891	8	6	28	2196	0	0	0
8.909	1	1	891	10	3	28	2196	0	0	0
8.914	1	3	892	5	6	28	2196	0	0	0
8.926	1	3	893	7	6	28	2196	0	0	0
8.944	1	4	895	5	4	28	2196	0	0	0
8.945	1	5	895	6	2	28	2196	0	0	0
8.946	1	3	895	7	6	28	2196	0	0	0
8.949	1	1	895	10	3	28	2196	0	0	0
8.953	1	3	896	4	6	28	2196	0	0	0
8.957	1	2	896	8	1	28	2196	0	0	0
8.962	1	2	897	3	1	28	2196	0	0	0
8.963	1	5	897	4	2	28	2196	0	0	0
8.965	1	3	897	6	6	28	2196	0	0	0
8.977	1	1	898	8	3	28	2196	0	0	0
8.978	1	3	898	9	6	28	2196	0	0	0
8.988	1	1	899	9	3	28	2196	0	0	0
8.992	1	5	900	3	2	28	2196	0	0	0
8.993	1	2	900	4	1	28	2196	0	0	0
8.998	1	3	900	9	6	28	2196	0	0	0
9.004	1	4	901	5	4	28	2196	0	0	0
9.007	1	1	901	8	3	28	2196	0	0	0
9.009	1	2	901	10	1	28	2196	0	0	0
9.016	1	1	902	7	3	28	2196	0	0	0
9.017	1	5	902	8	2	28	2196	0	0	0
9.02	1	2	903	1	1	28	2196	0	0	0
9.021	1	1	903	2	3	28	2196	0	0	0
9.029	1	5	903	10	2	28	2196	0	0	0
9.03	1	2	904	1	1	28	2196	0	0	0
9.032	1	3	904	3	6	28	2196	0	0	0
9.045	1	4	905	6	4	28	2196	0	0	0
9.051	1	5	906	2	2	28	2196	0	0	0
9.052	1	4	906	3	4	28	2196	0	0	0
9.056	1	2	906	7	1	28	2196	0	0	0
9.057	1	4	906	8	4	28	2196	0	0	0
9.058	1	3	906	9	6	28	2196	0	0	0
9.059	1	5	906	10	2	28	2196	0	0	0
9.066	1	5	907	7	2	28	2196	0	0	0
9.067	1	3	907	8	6	28	2196	0	0	0
9.069	1	2	907	10	1	28	2196	0	0	0
9.073	1	1	908	4	3	28	2196	0	0	0
9.076	1	4	908	7	4	28	2196	0	0	0
9.082	1	3	909	3	6	28	2196	0	0	0
9.087	1	2	909	8	1	28	2196	0	0	0
9.092	1	3	910	3	6	28	2196	0	0	0
9.093	1	5	910	4	2	28	2196	0	0	0
9.094	1	2	910	5	1	28	2196	0	0	0
9.096	1	5	910	7	2	28	2196	0	0	0
9.102	1	3	911	3	6	28	2196	0	0	0
9.108	1	4	911	9	4	28	2196	0	0	0
9.109	1	5	911	10	2	28	2196	0	0	0
9.115	1	1	912	6	3	28	2196	0	0	0
9.119	1	4	912	10	4	28	2196	0	0	0
9.12	1	1	913	1	3	28	2196	0	0	0
9.121	1	2	913	2	1	28	2196	0	0	0
9.122	1	3	913	3	6	28	2196	0	0	0
9.129	1	5	913	10	2	28	2196	0	0	0
9.131	1	4	914	2	4	28	2196	0	0	0
9.144	1	2	915	5	1	28	2196	0	0	0
9.148	1	1	915	9	3	28	2196	0	0	0
9.15	1	4	916	1	4	28	2196	0	0	0
9.153	1	3	916	4	6	28	2196	0	0	0
9.163	1	3	917	4	6	28	2196	0	0	0
9.184	1	5	919	5	2	28	2196	0	0	0
9.188	1	1	919	9	3	28	2196	0	0	0
9.189	1	2	919	10	1	28	2196	0	0	0
9.19	1	4	920	1	4	28	2196	0	0	0
9.193	1	3	920	4	6	28	2196	0	0	0
9.2	1	5	921	1	2	28	2196	0	0	0
9.201	1	4	921	2	4	28	2196	0	0	0
9.214	1	3	922	5	6	28	2196	0	0	0
9.22	1	5	923	1	2	28	2196	0	0	0
9.225	1	2	923	6	1	28	2196	0	0	0
9.232	1	1	924	3	3	28	2196	0	0	0
9.237	1	3	924	8	6	28	2196	0	0	0
9.238	1	1	924	9	3	28	2196	0	0	0
9.239	1	4	924	10	4	28	2196	0	0	0
9.242	1	4	925	3	4	28	2196	0	0	0
9.258	1	1	926	9	3	28	2196	0	0	0
9.261	1	2	927	2	1	28	2196	0	0	0
9.262	1	3	927	3	6	28	2196	0	0	0
9.264	1	1	927	5	3	28	2196	0	0	0
9.265	1	4	927	6	4	28	2196	0	0	0
9.27	1	2	928	1	1	28	2196	0	0	0
9.284	1	1	929	5	3	28	2196	0	0	0
9.287	1	4	929	8	4	28	2196	0	0	0
9.293	1	5	930	4	2	28	2196	0	0	0
9.296	1	4	930	7	4	28	2196	0	0	0
9.301	1	3	931	2	6	28	2196	0	0	0
9.302	1	4	931	3	4	28	2196	0	0	0
9.31	1	3	932	1	6	28	2196	0	0	0
9.311	1	1	932	2	3	28	2196	0	0	0
9.312	1	2	932	3	1	28	2196	0	0	0
9.318	1	5	932	9	2	28	2196	0	0	0
9.326	1	3	933	7	6	28	2196	0	0	0
9.327	1	2	933	8	1	28	2196	0	0	0
9.328	1	4	933	9	4	28	2196	0	0	0
9.33	1	1	934	1	3	28	2196	0	0	0
9.335	1	3	934	6	6	28	2196	0	0	0
9.341	1	2	935	2	1	28	2196	0	0	0
9.342	1	5	935	3	2	28	2196	0	0	0
9.344	1	1	935	5	3	28	2196	0	0	0
9.356	1	5	936	7	2	28	2196	0	0	0
9.362	1	2	937	3	1	28	2196	0	0	0
9.364	1	4	937	5	4	28	2196	0	0	0
9.373	1	4	938	4	4	28	2196	0	0	0
9.378	1	5	938	9	2	28	2196	0	0	0
9.379	1	1	938	10	3	28	2196	0	0	0
9.381	1	3	939	2	6	28	2196	0	0	0
9.383	1	2	939	4	1	28	2196	0	0	0
9.384	1	5	939	5	2	28	2196	0	0	0
9.389	1	4	939	10	4	28	2196	0	0	0
9.395	1	3	940	6	6	28	2196	0	0	0
9.396	1	2	940	7	1	28	2196	0	0	0
9.405	1	4	941	6	4	28	2196	0	0	0
9.409	1	3	941	10	6	28	2196	0	0	0
9.411	1	5	942	2	2	28	2196	0	0	0
9.419	1	3	942	10	6	28	2196	0	0	0
9.422	1	1	943	3	3	28	2196	0	0	0
9.425	1	5	943	6	2	28	2196	0	0	0
9.428	1	2	943	9	1	28	2196	0	0	0
9.434	1	5	944	5	2	28	2196	0	0	0
9.438	1	1	944	9	3	28	2196	0	0	0
9.439	1	3	944	10	6	28	2196	0	0	0
9.444	1	2	945	5	1	28	2196	0	0	0
9.447	1	3	945	8	6	28	2196	0	0	0
9.451	1	1	946	2	3	28	2196	0	0	0
9.456	1	4	946	7	4	28	2196	0	0	0
9.459	1	2	946	10	1	28	2196	0	0	0
9.462	1	5	947	3	2	28	2196	0	0	0
9.476	1	1	948	7	3	28	2196	0	0	0
9.477	1	2	948	8	1	28	2196	0	0	0
9.478	1	3	948	9	6	28	2196	0	0	0
9.48	1	5	949	1	2	28	2196	0	0	0
9.486	1	4	949	7	4	28	2196	0	0	0
9.49	1	1	950	1	3	28	2196	0	0	0
9.492	1	4	950	3	4	28	2196	0	0	0
9.495	1	3	950	6	6	28	2196	0	0	0
9.497	1	5	950	8	2	28	2196	0	0	0
9.501	1	2	951	2	1	28	2196	0	0	0
9.508	1	4	951	9	4	28	2196	0	0	0
9.51	1	5	952	1	2	28	2196	0	0	0
9.514	1	3	952	5	6	28	2196	0	0	0
9.52	1	2	953	1	1	28	2196	0	0	0
9.522	1	1	953	3	3	28	2196	0	0	0
9.526	1	3	953	7	6	28	2196	0	0	0
9.533	1	4	954	4	4	28	2196	0	0	0
9.534	1	5	954	5	2	28	2196	0	0	0
9.537	1	4	954	8	4	28	2196	0	0	0
9.542	1	5	955	3	2	28	2196	0	0	0
9.543	1	3	955	4	6	28	2196	0	0	0
9.545	1	1	955	6	3	28	2196	0	0	0
9.548	1	2	955	9	1	28	2196	0	0	0
9.554	1	5	956	5	2	28	2196	0	0	0
9.558	1	3	956	9	6	28	2196	0	0	0
9.561	1	1	957	2	3	28	2196	0	0	0
9.567	1	5	957	8	2	28	2196	0	0	0
9.573	1	4	958	4	4	28	2196	0	0	0
9.576	1	3	958	7	6	28	2196	0	0	0
9.583	1	3	959	4	6	28	2196	0	0	0
9.586	1	4	959	7	4	28	2196	0	0	0
9.596	1	1	960	7	3	28	2196	0	0	0
9.597	1	3	960	8	6	28	2196	0	0	0
9.598	1	5	960	9	2	28	2196	0	0	0
9.608	1	1	961	9	3	28	2196	0	0	0
9.609	1	3	961	10	6	28	2196	0	0	0
9.61	1	2	962	1	1	28	2196	0	0	0
9.612	1	1	962	3	3	28	2196	0	0	0
9.613	1	5	962	4	2	28	2196	0	0	0
9.617	1	1	962	8	3	28	2196	0	0	0
9.618	1	3	962	9	6	28	2196	0	0	0
9.624	1	4	963	5	4	28	2196	0	0	0
9.627	1	5	963	8	2	28	2196	0	0	0
9.628	1	3	963	9	6	28	2196	0	0	0
9.637	1	4	964	8	4	28	2196	0	0	0
9.638	1	2	964	9	1	28	2196	0	0	0
9.639	1	1	964	10	3	28	2196	0	0	0
9.641	1	5	965	2	2	28	2196	0	0	0
9.649	1	3	965	10	6	28	2196	0	0	0
9.655	1	2	966	6	1	28	2196	0	0	0
9.663	1	1	967	4	3	28	2196	0	0	0
9.667	1	5	967	8	2	28	2196	0	0	0
9.669	1	4	967	10	4	28	2196	0	0	0
9.67	1	1	968	1	3	28	2196	0	0	0
9.674	1	5	968	5	2	28	2196	0	0	0
9.675	1	4	968	6	4	28	2196	0	0	0
9.676	1	3	968	7	6	28	2196	0	0	0
9.678	1	2	968	9	1	28	2196	0	0	0
9.687	1	3	969	8	6	28	2196	0	0	0
9.699	1	2	970	10	1	28	2196	0	0	0
9.7	1	1	971	1	3	28	2196	0	0	0
9.704	1	2	971	5	1	28	2196	0	0	0
9.705	1	5	971	6	2	28	2196	0	0	0
9.717	1	5	972	8	2	28	2196	0	0	0
9.72	1	4	973	1	4	28	2196	0	0	0
9.723	1	3	973	4	6	28	2196	0	0	0
9.724	1	1	973	5	3	28	2196	0	0	0
9.731	1	2	974	2	1	28	2196	0	0	0
9.733	1	1	974	4	3	28	2196	0	0	0
9.735	1	5	974	6	2	28	2196	0	0	0
9.745	1	4	975	6	4	28	2196	0	0	0
9.746	1	2	975	7	1	28	2196	0	0	0
9.75	1	5	976	1	2	28	2196	0	0	0
9.753	1	4	976	4	4	28	2196	0	0	0
9.763	1	5	977	4	2	28	2196	0	0	0
9.77	1	4	978	1	4	28	2196	0	0	0
9.777	1	5	978	8	2	28	2196	0	0	0
9.788	1	3	979	9	6	28	2196	0	0	0
9.789	1	1	979	10	3	28	2196	0	0	0
9.796	1	2	980	7	1	28	2196	0	0	0
9.804	1	5	981	5	2	28	2196	0	0	0
9.806	1	4	981	7	4	28	2196	0	0	0
9.808	1	2	981	9	1	28	2196	0	0	0
9.811	1	1	982	2	3	28	2196	0	0	0
9.815	1	5	982	6	2	28	2196	0	0	0
9.82	1	3	983	1	6	28	2196	0	0	0
9.822	1	1	983	3	3	28	2196	0	0	0
9.823	1	2	983	4	1	28	2196	0	0	0
9.828	1	4	983	9	4	28	2196	0	0	0
9.847	1	5	985	8	2	28	2196	0	0	0
9.85	1	1	986	1	3	28	2196	0	0	0
9.854	1	3	986	5	6	28	2196	0	0	0
9.861	1	1	987	2	3	28	2196	0	0	0
9.865	1	2	987	6	1	28	2196	0	0	0
9.866	1	3	987	7	6	28	2196	0	0	0
9.867	1	4	987	8	4	28	2196	0	0	0
9.868	1	5	987	9	2	28	2196	0	0	0
9.869	1	1	987	10	3	28	2196	0	0	0
9.876	1	5	988	7	2	28	2196	0	0	0
9.877	1	1	988	8	3	28	2196	0	0	0
9.879	1	4	988	10	4	28	2196	0	0	0
9.885	1	2	989	6	1	28	2196	0	0	0
9.888	1	3	989	9	6	28	2196	0	0	0
9.891	1	1	990	2	3	28	2196	0	0	0
9.892	1	2	990	3	1	28	2196	0	0	0
9.897	1	3	990	8	6	28	2196	0	0	0
9.903	1	2	991	4	1	28	2196	0	0	0
9.91	1	2	992	1	1	28	2196	0	0	0
9.913	1	5	992	4	2	28	2196	0	0	0
9.922	1	5	993	3	2	28	2196	0	0	0
9.923	1	4	993	4	4	28	2196	0	0	0
9.925	1	2	993	6	1	28	2196	0	0	0
9.933	1	3	994	4	6	28	2196	0	0	0
9.934	1	4	994	5	4	28	2196	0	0	0
9.941	1	1	995	2	3	28	2196	0	0	0
9.943	1	2	995	4	1	28	2196	0	0	0
9.958	1	5	996	9	2	28	2196	0	0	0
9.967	1	5	997	8	2	28	2196	0	0	0
9.968	1	1	997	9	3	28	2196	0	0	0
9.97	1	4	998	1	4	28	2196	0	0	0
9.974	1	4	998	5	4	28	2196	0	0	0
9.979	1	2	998	10	1	28	2196	0	0	0
9.983	1	4	999	4	4	28	2196	0	0	0
9.986	1	3	999	7	6	28	2196	0	0	0
9.992	1	5	1000	3	2	28	2196	0	0	0
9.995	1	2	1000	6	1	28	2196	0	0	0
10.006	1	5	1001	7	2	28	2196	0	0	0
10.01	1	2	1002	1	1	28	2196	0	0	0
10.013	1	4	1002	4	4	28	2196	0	0	0
10.019	1	3	1002	10	6	28	2196	0	0	0
10.022	1	1	1003	3	3	28	2196	0	0	0
10.023	1	2	1003	4	1	28	2196	0	0	0
10.028	1	4	1003	9	4	28	2196	0	0	0
10.029	1	5	1003	10	2	28	2196	0	0	0
10.034	1	2	1004	5	1	28	2196	0	0	0
10.036	1	5	1004	7	2	28	2196	0	0	0
10.039	1	1	1004	10	3	28	2196	0	0	0
10.045	1	4	1005	6	4	28	2196	0	0	0
10.046	1	2	1005	7	1	28	2196	0	0	0
10.049	1	5	1005	10	2	28	2196	0	0	0
10.062	1	4	1007	3	4	28	2196	0	0	0
10.065	1	4	1007	6	4	28	2196	0	0	0
10.067	1	1	1007	8	3	28	2196	0	0	0
10.068	1	2	1007	9	1	28	2196	0	0	0
10.081	1	1	1009	2	3	28	2196	0	0	0
10.085	1	3	1009	6	6	28	2196	0	0	0
10.092	1	4	1010	3	4	28	2196	0	0	0
10.1	1	3	1011	1	6	28	2196	0	0	0
10.103	1	5	1011	4	2	28	2196	0	0	0
10.108	1	3	1011	9	6	28	2196	0	0	0
10.11	1	1	1012	1	3	28	2196	0	0	0
10.111	1	2	1012	2	1	28	2196	0	0	0
