% time	cellId	IMSI	frame	sframe	RNTI	mcsTb1	sizeTb1	mcsTb2	sizeTb2	ccId
0.022	1	3	3	3	3	0	81	0	0	0
0.023	1	3	3	4	3	0	81	0	0	0
0.026	1	1	3	7	1	28	2196	0	0	0
0.032	1	5	4	3	12	28	2196	0	0	0
0.036	1	7	4	7	10	28	2196	0	0	0
0.037	1	3	4	8	3	28	2196	0	0	0
0.043	1	4	5	4	4	28	2196	0	0	0
0.044	1	2	5	5	15	28	2196	0	0	0
0.045	1	1	5	6	1	28	2196	0	0	0
0.046	1	5	5	7	12	28	2196	0	0	0
0.048	1	9	5	9	11	28	2196	0	0	0
0.049	1	3	5	10	3	28	2196	0	0	0
0.053	1	7	6	4	10	28	2196	0	0	0
0.06	1	3	7	1	3	28	2196	0	0	0
0.061	1	7	7	2	10	28	2196	0	0	0
0.062	1	9	7	3	11	28	2196	0	0	0
0.063	1	1	7	4	1	28	2196	0	0	0
0.064	1	10	7	5	16	14	775	0	0	0
0.066	1	2	7	7	15	28	2196	0	0	0
0.067	1	1	7	8	1	28	2196	0	0	0
0.071	1	6	8	2	9	12	597	0	0	0
0.072	1	10	8	3	16	28	2196	0	0	0
0.073	1	3	8	4	3	28	2196	0	0	0
0.074	1	8	8	5	2	28	2196	0	0	0
0.075	1	4	8	6	4	28	2196	0	0	0
0.076	1	2	8	7	15	28	2196	0	0	0
0.077	1	7	8	8	10	28	2196	0	0	0
0.079	1	9	8	10	11	28	2196	0	0	0
0.08	1	6	9	1	9	18	967	0	0	0
0.084	1	7	9	5	10	28	2196	0	0	0
0.086	1	1	9	7	1	28	2196	0	0	0
0.088	1	8	9	9	2	28	2196	0	0	0
0.091	1	7	10	2	10	28	2196	0	0	0
0.1	1	3	11	1	3	28	2196	0	0	0
0.101	1	5	11	2	12	28	2196	0	0	0
0.102	1	4	11	3	4	28	2196	0	0	0
0.103	1	8	11	4	2	28	2196	0	0	0
0.104	1	9	11	5	11	28	2196	0	0	0
0.107	1	10	11	8	16	22	1383	0	0	0
0.108	1	5	11	9	12	28	2196	0	0	0
0.112	1	6	12	3	9	22	1383	0	0	0
0.113	1	10	12	4	16	18	967	0	0	0
0.115	1	9	12	6	11	28	2196	0	0	0
0.116	1	1	12	7	1	28	2196	0	0	0
0.121	1	5	13	2	12	28	2196	0	0	0
0.122	1	7	13	3	10	28	2196	0	0	0
0.125	1	6	13	6	9	28	2196	0	0	0
0.128	1	4	13	9	4	22	1383	0	0	0
0.129	1	8	13	10	2	28	2196	0	0	0
0.133	1	2	14	4	15	28	2196	0	0	0
0.136	1	7	14	7	10	28	2196	0	0	0
0.141	1	3	15	2	3	28	2196	0	0	0
0.145	1	2	15	6	15	28	2196	0	0	0
0.146	1	8	15	7	2	28	2196	0	0	0
0.147	1	5	15	8	12	28	2196	0	0	0
0.148	1	4	15	9	4	28	2196	0	0	0
0.149	1	1	15	10	1	28	2196	0	0	0
0.153	1	5	16	4	12	28	2196	0	0	0
0.155	1	3	16	6	3	28	2196	0	0	0
0.157	1	9	16	8	11	28	2196	0	0	0
0.158	1	8	16	9	2	28	2196	0	0	0
0.159	1	7	16	10	10	28	2196	0	0	0
0.16	1	4	17	1	4	28	2196	0	0	0
0.168	1	2	17	9	15	28	2196	0	0	0
0.175	1	7	18	6	10	28	2196	0	0	0
0.178	1	3	18	9	3	28	2196	0	0	0
0.183	1	9	19	4	11	28	2196	0	0	0
0.184	1	4	19	5	4	28	2196	0	0	0
0.186	1	1	19	7	1	28	2196	0	0	0
0.188	1	8	19	9	2	18	967	0	0	0
0.19	1	10	20	1	16	24	1620	0	0	0
0.192	1	5	20	3	12	28	2196	0	0	0
0.194	1	3	20	5	3	28	2196	0	0	0
0.195	1	7	20	6	10	28	2196	0	0	0
0.196	1	2	20	7	15	28	2196	0	0	0
0.198	1	1	20	9	1	28	2196	0	0	0
0.199	1	5	20	10	12	28	2196	0	0	0
0.2	1	9	21	1	11	28	2196	0	0	0
0.201	1	3	21	2	3	28	2196	0	0	0
0.203	1	10	21	4	16	28	2196	0	0	0
0.204	1	8	21	5	2	28	2196	0	0	0
0.205	1	4	21	6	4	28	2196	0	0	0
0.206	1	7	21	7	10	28	2196	0	0	0
0.21	1	2	22	1	15	28	2196	0	0	0
0.213	1	6	22	4	9	28	2196	0	0	0
0.215	1	8	22	6	2	28	2196	0	0	0
0.217	1	3	22	8	3	28	2196	0	0	0
0.219	1	9	22	10	11	28	2196	0	0	0
0.223	1	10	23	4	16	24	1620	0	0	0
0.225	1	5	23	6	12	28	2196	0	0	0
0.226	1	2	23	7	15	28	2196	0	0	0
0.228	1	3	23	9	3	28	2196	0	0	0
0.229	1	4	23	10	4	28	2196	0	0	0
0.231	1	9	24	2	11	28	2196	0	0	0
0.232	1	5	24	3	12	28	2196	0	0	0
0.234	1	6	24	5	9	28	2196	0	0	0
0.235	1	8	24	6	2	28	2196	0	0	0
0.236	1	9	24	7	11	28	2196	0	0	0
0.238	1	5	24	9	12	28	2196	0	0	0
0.242	1	1	25	3	1	28	2196	0	0	0
0.243	1	2	25	4	15	28	2196	0	0	0
0.244	1	8	25	5	2	28	2196	0	0	0
0.245	1	4	25	6	4	28	2196	0	0	0
0.247	1	1	25	8	1	28	2196	0	0	0
0.248	1	10	25	9	16	24	1620	0	0	0
0.249	1	9	25	10	11	28	2196	0	0	0
0.251	1	8	26	2	2	28	2196	0	0	0
0.261	1	9	27	2	11	28	2196	0	0	0
0.266	1	2	27	7	15	28	2196	0	0	0
0.27	1	3	28	1	3	28	2196	0	0	0
0.271	1	6	28	2	9	28	2196	0	0	0
0.272	1	4	28	3	4	28	2196	0	0	0
0.275	1	5	28	6	12	28	2196	0	0	0
0.276	1	4	28	7	4	28	2196	0	0	0
0.277	1	2	28	8	15	28	2196	0	0	0
0.278	1	8	28	9	2	28	2052	0	0	0
0.278	1	9	28	9	11	28	185	0	0	0
0.279	1	7	28	10	10	28	2196	0	0	0
0.285	1	1	29	6	1	28	2196	0	0	0
0.286	1	10	29	7	16	24	1620	0	0	0
0.288	1	3	29	9	3	28	2196	0	0	0
0.289	1	2	29	10	15	28	2196	0	0	0
0.293	1	7	30	4	10	28	2196	0	0	0
0.294	1	1	30	5	1	28	2196	0	0	0
0.297	1	3	30	8	3	12	597	0	0	0
0.298	1	5	30	9	12	28	2196	0	0	0
0.3	1	4	31	1	4	28	2196	0	0	0
0.301	1	1	31	2	1	28	2196	0	0	0
0.302	1	8	31	3	2	20	1191	0	0	0
0.305	1	6	31	6	9	28	2196	0	0	0
0.306	1	7	31	7	10	28	2196	0	0	0
0.307	1	9	31	8	11	28	2196	0	0	0
0.31	1	5	32	1	12	28	2196	0	0	0
0.311	1	3	32	2	3	28	2196	0	0	0
0.312	1	2	32	3	15	28	2196	0	0	0
0.313	1	8	32	4	2	24	1620	0	0	0
0.32	1	7	33	1	10	28	2196	0	0	0
0.321	1	4	33	2	4	28	2196	0	0	0
0.326	1	5	33	7	12	28	2196	0	0	0
0.327	1	4	33	8	4	28	2196	0	0	0
0.328	1	8	33	9	2	28	2196	0	0	0
0.329	1	6	33	10	9	28	2196	0	0	0
0.33	1	3	34	1	3	12	597	0	0	0
0.331	1	10	34	2	16	4	217	0	0	0
0.334	1	7	34	5	10	18	967	0	0	0
0.336	1	2	34	7	15	28	2196	0	0	0
0.34	1	1	35	1	1	28	2196	0	0	0
0.341	1	9	35	2	11	28	2196	0	0	0
0.351	1	4	36	2	4	28	2196	0	0	0
0.354	1	7	36	5	10	28	2196	0	0	0
0.355	1	9	36	6	11	28	2196	0	0	0
0.356	1	10	36	7	16	26	1836	0	0	0
0.357	1	1	36	8	1	28	2196	0	0	0
0.358	1	8	36	9	2	28	2052	0	0	0
0.358	1	2	36	9	15	28	185	0	0	0
0.359	1	5	36	10	12	28	2196	0	0	0
0.36	1	3	37	1	3	28	2196	0	0	0
0.362	1	1	37	3	1	28	2196	0	0	0
0.365	1	8	37	6	2	24	1620	0	0	0
0.368	1	4	37	9	4	28	2196	0	0	0
0.372	1	5	38	3	12	28	2196	0	0	0
0.374	1	1	38	5	1	28	2196	0	0	0
0.382	1	9	39	3	11	28	2196	0	0	0
0.385	1	4	39	6	4	28	2196	0	0	0
0.387	1	10	39	8	16	28	2196	0	0	0
0.388	1	7	39	9	10	28	2196	0	0	0
0.389	1	6	39	10	9	22	1383	0	0	0
0.395	1	2	40	6	15	28	2196	0	0	0
0.396	1	4	40	7	4	28	2196	0	0	0
0.397	1	6	40	8	9	28	2196	0	0	0
0.399	1	3	40	10	3	28	2196	0	0	0
0.403	1	2	41	4	15	28	2196	0	0	0
0.404	1	8	41	5	2	28	2196	0	0	0
0.407	1	10	41	8	16	22	1383	0	0	0
0.408	1	7	41	9	10	28	2196	0	0	0
0.409	1	5	41	10	12	28	2196	0	0	0
0.41	1	1	42	1	1	28	2196	0	0	0
0.411	1	4	42	2	4	28	2196	0	0	0
0.413	1	6	42	4	9	28	2196	0	0	0
0.416	1	2	42	7	15	28	2196	0	0	0
0.418	1	7	42	9	10	28	2196	0	0	0
0.419	1	9	42	10	11	28	2196	0	0	0
0.42	1	1	43	1	1	28	2196	0	0	0
0.423	1	3	43	4	3	28	2196	0	0	0
0.424	1	6	43	5	9	28	2196	0	0	0
0.425	1	8	43	6	2	28	2052	0	0	0
0.425	1	4	43	6	4	28	185	0	0	0
0.427	1	6	43	8	9	28	2196	0	0	0
0.428	1	7	43	9	10	28	2196	0	0	0
0.43	1	9	44	1	11	28	2196	0	0	0
0.433	1	5	44	4	12	28	2196	0	0	0
0.434	1	4	44	5	4	28	2196	0	0	0
0.435	1	1	44	6	1	28	2196	0	0	0
0.437	1	2	44	8	15	28	2196	0	0	0
0.443	1	4	45	4	4	28	2196	0	0	0
0.452	1	8	46	3	2	28	2196	0	0	0
0.453	1	5	46	4	12	28	2196	0	0	0
0.454	1	6	46	5	9	28	1692	0	0	0
0.454	1	7	46	5	10	28	549	0	0	0
0.457	1	1	46	8	1	28	2196	0	0	0
0.462	1	1	47	3	1	28	2196	0	0	0
0.464	1	3	47	5	3	28	2196	0	0	0
0.465	1	2	47	6	15	28	2196	0	0	0
0.466	1	6	47	7	9	24	1620	0	0	0
0.472	1	10	48	3	16	20	1191	0	0	0
0.473	1	8	48	4	2	28	2052	0	0	0
0.473	1	7	48	4	10	28	185	0	0	0
0.474	1	6	48	5	9	20	1191	0	0	0
0.476	1	9	48	7	11	28	2196	0	0	0
0.478	1	8	48	9	2	24	1620	0	0	0
0.479	1	3	48	10	3	28	2196	0	0	0
0.48	1	5	49	1	12	28	2196	0	0	0
0.485	1	1	49	6	1	28	185	0	0	0
0.485	1	4	49	6	4	28	2052	0	0	0
0.486	1	9	49	7	11	28	2196	0	0	0
0.487	1	10	49	8	16	22	1383	0	0	0
0.488	1	3	49	9	3	28	2196	0	0	0
0.489	1	6	49	10	9	18	967	0	0	0
0.491	1	5	50	2	12	28	2196	0	0	0
0.496	1	6	50	7	9	22	1383	0	0	0
0.499	1	4	50	10	4	28	2196	0	0	0
0.501	1	1	51	2	1	28	2196	0	0	0
0.503	1	2	51	4	15	28	2196	0	0	0
0.505	1	4	51	6	4	28	2196	0	0	0
0.508	1	7	51	9	10	28	2196	0	0	0
0.509	1	9	51	10	11	28	2196	0	0	0
0.51	1	8	52	1	2	28	185	0	0	0
0.51	1	10	52	1	16	24	1479	0	0	0
0.511	1	3	52	2	3	28	2196	0	0	0
0.512	1	2	52	3	15	28	2196	0	0	0
0.513	1	1	52	4	1	28	2196	0	0	0
0.516	1	8	52	7	2	28	2196	0	0	0
0.517	1	3	52	8	3	28	373	0	0	0
0.517	1	9	52	8	11	28	1836	0	0	0
0.524	1	2	53	5	15	28	2196	0	0	0
0.528	1	5	53	9	12	28	2196	0	0	0
0.529	1	4	53	10	4	28	2196	0	0	0
0.531	1	3	54	2	3	28	2052	0	0	0
0.531	1	2	54	2	15	28	185	0	0	0
0.533	1	1	54	4	1	28	2196	0	0	0
0.536	1	6	54	7	9	28	2196	0	0	0
0.54	1	10	55	1	16	28	2196	0	0	0
0.541	1	6	55	2	9	28	2196	0	0	0
0.543	1	8	55	4	2	22	1383	0	0	0
0.544	1	9	55	5	11	28	2196	0	0	0
0.549	1	5	55	10	12	28	2196	0	0	0
0.55	1	1	56	1	1	28	2196	0	0	0
0.552	1	7	56	3	10	28	2196	0	0	0
0.553	1	1	56	4	1	28	2196	0	0	0
0.554	1	5	56	5	12	28	2196	0	0	0
0.555	1	8	56	6	2	26	1836	0	0	0
0.557	1	4	56	8	4	28	2196	0	0	0
0.56	1	9	57	1	11	28	2196	0	0	0
0.561	1	3	57	2	3	28	2196	0	0	0
0.562	1	4	57	3	4	28	2196	0	0	0
0.564	1	8	57	5	2	28	2196	0	0	0
0.569	1	10	57	10	16	26	1836	0	0	0
0.57	1	3	58	1	3	28	2196	0	0	0
0.571	1	7	58	2	10	28	2196	0	0	0
0.572	1	4	58	3	4	26	1836	0	0	0
0.573	1	6	58	4	9	28	2196	0	0	0
0.575	1	8	58	6	2	26	1836	0	0	0
0.579	1	9	58	10	11	28	2196	0	0	0
0.58	1	2	59	1	15	28	2196	0	0	0
0.581	1	3	59	2	3	28	2196	0	0	0
0.588	1	6	59	9	9	28	2196	0	0	0
0.589	1	1	59	10	1	28	2196	0	0	0
0.593	1	5	60	4	12	28	2196	0	0	0
0.594	1	10	60	5	16	24	1620	0	0	0
0.595	1	4	60	6	4	28	2196	0	0	0
0.597	1	3	60	8	3	24	1620	0	0	0
0.6	1	2	61	1	15	28	2196	0	0	0
0.604	1	1	61	5	1	28	2196	0	0	0
0.61	1	2	62	1	15	22	1383	0	0	0
0.613	1	3	62	4	3	28	2196	0	0	0
0.615	1	4	62	6	4	28	2196	0	0	0
0.618	1	8	62	9	2	28	2196	0	0	0
0.619	1	9	62	10	11	28	2196	0	0	0
0.622	1	1	63	3	1	28	2196	0	0	0
0.624	1	10	63	5	16	22	1383	0	0	0
0.628	1	5	63	9	12	28	2196	0	0	0
0.629	1	6	63	10	9	20	1191	0	0	0
0.63	1	4	64	1	4	28	185	0	0	0
0.63	1	9	64	1	11	28	2052	0	0	0
0.631	1	7	64	2	10	22	1383	0	0	0
0.636	1	5	64	7	12	28	2196	0	0	0
0.638	1	2	64	9	15	28	2196	0	0	0
0.639	1	3	64	10	3	28	2196	0	0	0
0.642	1	7	65	3	10	28	2196	0	0	0
0.643	1	2	65	4	15	28	2196	0	0	0
0.644	1	1	65	5	1	28	2196	0	0	0
0.645	1	3	65	6	3	28	2196	0	0	0
0.652	1	4	66	3	4	28	2196	0	0	0
0.653	1	6	66	4	9	28	2196	0	0	0
0.654	1	10	66	5	16	22	1383	0	0	0
0.655	1	8	66	6	2	28	2196	0	0	0
0.657	1	9	66	8	11	28	2196	0	0	0
0.664	1	6	67	5	9	18	967	0	0	0
0.665	1	3	67	6	3	28	2196	0	0	0
0.666	1	8	67	7	2	28	2196	0	0	0
0.667	1	5	67	8	12	28	2196	0	0	0
0.67	1	1	68	1	1	28	2196	0	0	0
0.671	1	7	68	2	10	28	2196	0	0	0
0.672	1	4	68	3	4	28	2196	0	0	0
0.674	1	2	68	5	15	28	2196	0	0	0
0.675	1	9	68	6	11	28	2196	0	0	0
0.676	1	5	68	7	12	28	2196	0	0	0
0.679	1	7	68	10	10	28	2196	0	0	0
0.68	1	8	69	1	2	22	1383	0	0	0
0.681	1	9	69	2	11	28	2196	0	0	0
0.686	1	5	69	7	12	28	2196	0	0	0
0.687	1	1	69	8	1	28	2196	0	0	0
0.691	1	10	70	2	16	20	1191	0	0	0
0.693	1	2	70	4	15	28	2196	0	0	0
0.694	1	8	70	5	2	22	1383	0	0	0
0.695	1	3	70	6	3	28	2196	0	0	0
0.701	1	7	71	2	10	28	2196	0	0	0
0.705	1	4	71	6	4	28	2196	0	0	0
0.707	1	5	71	8	12	28	2196	0	0	0
0.709	1	9	71	10	11	28	2196	0	0	0
0.71	1	7	72	1	10	28	2196	0	0	0
0.711	1	3	72	2	3	28	2196	0	0	0
0.712	1	5	72	3	12	28	2196	0	0	0
0.719	1	9	72	10	11	26	1836	0	0	0
0.722	1	4	73	3	4	28	2196	0	0	0
0.725	1	10	73	6	16	28	2196	0	0	0
0.731	1	2	74	2	15	28	2196	0	0	0
0.733	1	7	74	4	10	28	2196	0	0	0
0.736	1	5	74	7	12	28	2196	0	0	0
0.737	1	6	74	8	9	28	2196	0	0	0
0.738	1	2	74	9	15	28	2196	0	0	0
0.741	1	9	75	2	11	28	2196	0	0	0
0.742	1	4	75	3	4	28	2196	0	0	0
0.744	1	3	75	5	3	28	2196	0	0	0
0.745	1	7	75	6	10	20	1191	0	0	0
0.747	1	1	75	8	1	28	2196	0	0	0
0.748	1	7	75	9	10	24	1620	0	0	0
0.749	1	6	75	10	9	28	2196	0	0	0
0.751	1	2	76	2	15	28	2196	0	0	0
0.753	1	10	76	4	16	28	2196	0	0	0
0.754	1	8	76	5	2	28	2196	0	0	0
0.755	1	3	76	6	3	28	2052	0	0	0
0.755	1	7	76	6	10	28	185	0	0	0
0.757	1	5	76	8	12	28	2196	0	0	0
0.758	1	4	76	9	4	28	2196	0	0	0
0.76	1	1	77	1	1	28	2196	0	0	0
0.764	1	3	77	5	3	28	185	0	0	0
0.764	1	6	77	5	9	28	2052	0	0	0
0.766	1	9	77	7	11	24	1620	0	0	0
0.769	1	2	77	10	15	28	2196	0	0	0
0.773	1	5	78	4	12	28	2196	0	0	0
0.774	1	10	78	5	16	28	2196	0	0	0
0.779	1	6	78	10	9	28	2052	0	0	0
0.779	1	7	78	10	10	28	185	0	0	0
0.781	1	9	79	2	11	28	2196	0	0	0
0.784	1	2	79	5	15	28	2196	0	0	0
0.788	1	3	79	9	3	24	1620	0	0	0
0.796	1	5	80	7	12	28	2196	0	0	0
0.797	1	8	80	8	2	28	2196	0	0	0
0.798	1	1	80	9	1	28	2196	0	0	0
0.799	1	6	80	10	9	28	2196	0	0	0
0.801	1	4	81	2	4	28	2196	0	0	0
0.802	1	7	81	3	10	28	2196	0	0	0
0.809	1	6	81	10	9	28	2196	0	0	0
0.81	1	5	82	1	12	28	2196	0	0	0
0.814	1	3	82	5	3	6	309	0	0	0
0.819	1	9	82	10	11	28	2196	0	0	0
0.822	1	1	83	3	1	28	2196	0	0	0
0.824	1	4	83	5	4	28	2196	0	0	0
0.826	1	1	83	7	1	28	2196	0	0	0
0.827	1	5	83	8	12	28	2196	0	0	0
0.829	1	6	83	10	9	28	2196	0	0	0
0.83	1	3	84	1	3	28	2196	0	0	0
0.831	1	4	84	2	4	28	2196	0	0	0
0.836	1	8	84	7	2	28	185	0	0	0
0.836	1	10	84	7	16	28	2052	0	0	0
0.839	1	6	84	10	9	28	2196	0	0	0
0.84	1	7	85	1	10	28	2196	0	0	0
0.841	1	5	85	2	12	28	2196	0	0	0
0.843	1	1	85	4	1	28	2196	0	0	0
0.847	1	1	85	8	1	28	2196	0	0	0
0.848	1	2	85	9	15	28	2196	0	0	0
0.853	1	10	86	4	16	20	1191	0	0	0
0.854	1	2	86	5	15	28	2196	0	0	0
0.857	1	1	86	8	1	28	2196	0	0	0
0.858	1	8	86	9	2	28	2196	0	0	0
0.859	1	7	86	10	10	28	2196	0	0	0
0.86	1	4	87	1	4	28	2196	0	0	0
0.861	1	2	87	2	15	28	2196	0	0	0
0.862	1	6	87	3	9	28	2196	0	0	0
0.869	1	9	87	10	11	28	2196	0	0	0
0.874	1	3	88	5	3	28	2196	0	0	0
0.876	1	7	88	7	10	28	2052	0	0	0
0.876	1	2	88	7	15	28	185	0	0	0
0.878	1	5	88	9	12	28	2196	0	0	0
0.883	1	2	89	4	15	28	2196	0	0	0
0.884	1	4	89	5	4	28	2196	0	0	0
0.885	1	1	89	6	1	28	2196	0	0	0
0.888	1	7	89	9	10	28	2196	0	0	0
0.889	1	9	89	10	11	28	2196	0	0	0
0.89	1	3	90	1	3	28	2196	0	0	0
0.898	1	10	90	9	16	20	1191	0	0	0
0.899	1	9	90	10	11	28	2196	0	0	0
0.9	1	6	91	1	9	12	597	0	0	0
0.901	1	1	91	2	1	28	2196	0	0	0
0.904	1	3	91	5	3	28	2196	0	0	0
0.906	1	7	91	7	10	28	2196	0	0	0
0.912	1	1	92	3	1	28	2196	0	0	0
0.913	1	6	92	4	9	28	2196	0	0	0
0.914	1	9	92	5	11	28	2196	0	0	0
0.915	1	5	92	6	12	28	2196	0	0	0
0.916	1	8	92	7	2	28	2196	0	0	0
0.921	1	10	93	2	16	28	2196	0	0	0
0.922	1	2	93	3	15	28	2196	0	0	0
0.923	1	7	93	4	10	28	2196	0	0	0
0.93	1	2	94	1	15	28	2196	0	0	0
0.932	1	4	94	3	4	28	2196	0	0	0
0.933	1	3	94	4	3	28	2196	0	0	0
0.934	1	7	94	5	10	28	2196	0	0	0
0.94	1	5	95	1	12	28	2196	0	0	0
0.941	1	7	95	2	10	28	2196	0	0	0
0.943	1	8	95	4	2	28	2196	0	0	0
0.944	1	6	95	5	9	28	2196	0	0	0
0.945	1	9	95	6	11	28	2196	0	0	0
0.946	1	3	95	7	3	28	2196	0	0	0
0.947	1	1	95	8	1	28	2196	0	0	0
0.949	1	4	95	10	4	28	2196	0	0	0
0.95	1	3	96	1	3	28	2196	0	0	0
0.951	1	2	96	2	15	28	2196	0	0	0
0.952	1	7	96	3	10	28	2196	0	0	0
0.953	1	4	96	4	4	28	2196	0	0	0
0.954	1	7	96	5	10	28	2196	0	0	0
0.956	1	3	96	7	3	28	2196	0	0	0
0.959	1	9	96	10	11	28	2196	0	0	0
0.96	1	8	97	1	2	26	1836	0	0	0
0.961	1	4	97	2	4	28	2196	0	0	0
0.962	1	2	97	3	15	26	1836	0	0	0
0.963	1	10	97	4	16	22	1383	0	0	0
0.967	1	2	97	8	15	28	2196	0	0	0
0.968	1	10	97	9	16	18	967	0	0	0
0.973	1	6	98	4	9	28	2196	0	0	0
0.974	1	5	98	5	12	28	2196	0	0	0
0.975	1	9	98	6	11	22	1383	0	0	0
0.979	1	2	98	10	15	28	2196	0	0	0
0.984	1	8	99	5	2	28	2196	0	0	0
0.985	1	4	99	6	4	28	2196	0	0	0
0.989	1	7	99	10	10	28	2196	0	0	0
0.992	1	10	100	3	16	24	1620	0	0	0
0.993	1	3	100	4	3	28	185	0	0	0
0.993	1	9	100	4	11	28	2052	0	0	0
0.994	1	1	100	5	1	28	2196	0	0	0
0.995	1	6	100	6	9	22	1383	0	0	0
0.998	1	8	100	9	2	28	2196	0	0	0
0.999	1	7	100	10	10	28	2196	0	0	0
1.006	1	5	101	7	12	28	2196	0	0	0
1.007	1	2	101	8	15	28	2196	0	0	0
1.009	1	9	101	10	11	28	185	0	0	0
1.009	1	10	101	10	16	28	2052	0	0	0
1.01	1	1	102	1	1	28	2196	0	0	0
1.012	1	2	102	3	15	28	2196	0	0	0
1.013	1	8	102	4	2	28	2196	0	0	0
1.018	1	10	102	9	16	24	1620	0	0	0
1.023	1	4	103	4	4	28	2196	0	0	0
1.024	1	8	103	5	2	28	2196	0	0	0
1.026	1	3	103	7	3	28	2196	0	0	0
1.027	1	9	103	8	11	28	2196	0	0	0
1.028	1	7	103	9	10	28	2196	0	0	0
1.031	1	1	104	2	1	28	2196	0	0	0
1.039	1	10	104	10	16	24	1620	0	0	0
1.04	1	2	105	1	15	28	2196	0	0	0
1.041	1	4	105	2	4	28	2196	0	0	0
1.043	1	9	105	4	11	28	2196	0	0	0
1.045	1	2	105	6	15	28	2196	0	0	0
1.048	1	6	105	9	9	28	2196	0	0	0
1.052	1	3	106	3	3	28	2196	0	0	0
1.055	1	6	106	6	9	26	1836	0	0	0
1.056	1	9	106	7	11	28	2196	0	0	0
1.06	1	8	107	1	2	28	2196	0	0	0
1.061	1	2	107	2	15	28	2196	0	0	0
1.065	1	1	107	6	1	28	2196	0	0	0
1.066	1	4	107	7	4	28	2196	0	0	0
1.07	1	4	108	1	4	28	2196	0	0	0
1.071	1	5	108	2	12	28	2196	0	0	0
1.073	1	7	108	4	10	28	2196	0	0	0
1.078	1	10	108	9	16	12	597	0	0	0
1.079	1	6	108	10	9	26	1836	0	0	0
1.083	1	9	109	4	11	28	2196	0	0	0
1.09	1	6	110	1	9	28	2196	0	0	0
1.091	1	10	110	2	16	24	1620	0	0	0
1.092	1	3	110	3	3	28	2196	0	0	0
1.093	1	1	110	4	1	28	2196	0	0	0
1.094	1	7	110	5	10	28	2196	0	0	0
1.095	1	9	110	6	11	28	2196	0	0	0
1.096	1	2	110	7	15	28	2196	0	0	0
1.1	1	10	111	1	16	22	1383	0	0	0
1.103	1	1	111	4	1	28	2196	0	0	0
1.106	1	5	111	7	12	28	2196	0	0	0
1.109	1	1	111	10	1	28	2196	0	0	0
1.11	1	10	112	1	16	14	775	0	0	0
1.112	1	3	112	3	3	28	2196	0	0	0
1.114	1	2	112	5	15	28	2196	0	0	0
1.119	1	8	112	10	2	28	2196	0	0	0
1.126	1	4	113	7	4	28	2196	0	0	0
1.127	1	3	113	8	3	28	2196	0	0	0
1.128	1	5	113	9	12	28	2196	0	0	0
1.129	1	2	113	10	15	28	2196	0	0	0
1.13	1	8	114	1	2	28	2196	0	0	0
1.134	1	5	114	5	12	28	2196	0	0	0
1.135	1	4	114	6	4	28	2196	0	0	0
1.136	1	3	114	7	3	28	2196	0	0	0
1.137	1	1	114	8	1	28	2196	0	0	0
1.138	1	8	114	9	2	28	2196	0	0	0
1.143	1	3	115	4	3	28	2196	0	0	0
1.15	1	9	116	1	11	28	2196	0	0	0
1.153	1	8	116	4	2	28	2196	0	0	0
1.155	1	6	116	6	9	28	2196	0	0	0
1.156	1	5	116	7	12	28	2196	0	0	0
1.157	1	1	116	8	1	28	2196	0	0	0
1.158	1	10	116	9	16	28	2196	0	0	0
1.159	1	3	116	10	3	26	1836	0	0	0
1.163	1	1	117	4	1	28	2196	0	0	0
1.165	1	10	117	6	16	20	1191	0	0	0
1.167	1	2	117	8	15	28	2196	0	0	0
1.169	1	4	117	10	4	28	2196	0	0	0
1.171	1	9	118	2	11	28	185	0	0	0
1.171	1	10	118	2	16	28	2052	0	0	0
1.172	1	8	118	3	2	28	2196	0	0	0
1.174	1	5	118	5	12	28	2196	0	0	0
1.177	1	7	118	8	10	28	2196	0	0	0
1.178	1	4	118	9	4	28	2196	0	0	0
1.191	1	2	120	2	15	28	2196	0	0	0
1.192	1	5	120	3	12	28	2196	0	0	0
1.193	1	3	120	4	3	28	2196	0	0	0
1.194	1	8	120	5	2	28	2196	0	0	0
1.195	1	7	120	6	10	28	2196	0	0	0
1.196	1	4	120	7	4	28	2196	0	0	0
1.199	1	9	120	10	11	28	2196	0	0	0
1.203	1	10	121	4	16	28	2196	0	0	0
1.204	1	1	121	5	1	28	2196	0	0	0
1.205	1	7	121	6	10	28	2196	0	0	0
1.206	1	3	121	7	3	28	2196	0	0	0
1.207	1	6	121	8	9	28	2196	0	0	0
1.21	1	2	122	1	15	28	2196	0	0	0
1.217	1	10	122	8	16	20	1191	0	0	0
1.218	1	5	122	9	12	28	2196	0	0	0
1.221	1	7	123	2	10	20	1191	0	0	0
1.223	1	2	123	4	15	28	2196	0	0	0
1.229	1	4	123	10	4	28	2196	0	0	0
1.232	1	6	124	3	9	28	2196	0	0	0
1.235	1	9	124	6	11	28	2196	0	0	0
1.236	1	3	124	7	3	28	2196	0	0	0
1.237	1	2	124	8	15	28	2196	0	0	0
1.241	1	6	125	2	9	28	2196	0	0	0
1.242	1	4	125	3	4	28	2196	0	0	0
1.243	1	2	125	4	15	28	2196	0	0	0
1.249	1	10	125	10	16	24	1620	0	0	0
1.252	1	3	126	3	3	28	2196	0	0	0
1.254	1	9	126	5	11	28	2196	0	0	0
1.258	1	3	126	9	3	28	2196	0	0	0
1.259	1	9	126	10	11	28	2196	0	0	0
1.262	1	2	127	3	15	28	2196	0	0	0
1.264	1	1	127	5	1	28	2196	0	0	0
1.265	1	5	127	6	12	28	2196	0	0	0
1.266	1	8	127	7	2	28	2196	0	0	0
1.267	1	4	127	8	4	28	2196	0	0	0
1.273	1	4	128	4	4	28	2196	0	0	0
1.274	1	5	128	5	12	28	2196	0	0	0
1.276	1	10	128	7	16	18	967	0	0	0
1.277	1	3	128	8	3	28	2196	0	0	0
1.278	1	8	128	9	2	28	2196	0	0	0
1.283	1	6	129	4	9	28	2196	0	0	0
1.284	1	9	129	5	11	28	2196	0	0	0
1.285	1	2	129	6	15	28	2196	0	0	0
1.286	1	7	129	7	10	28	2196	0	0	0
1.29	1	1	130	1	1	28	2196	0	0	0
1.291	1	5	130	2	12	28	2196	0	0	0
1.293	1	3	130	4	3	28	2196	0	0	0
1.297	1	5	130	8	12	28	2196	0	0	0
1.298	1	8	130	9	2	28	2196	0	0	0
1.299	1	3	130	10	3	28	2196	0	0	0
1.3	1	1	131	1	1	28	2196	0	0	0
1.309	1	6	131	10	9	22	1383	0	0	0
1.31	1	2	132	1	15	28	2196	0	0	0
1.314	1	8	132	5	2	28	2196	0	0	0
1.315	1	10	132	6	16	20	1191	0	0	0
1.317	1	3	132	8	3	28	2196	0	0	0
1.318	1	7	132	9	10	28	2196	0	0	0
1.319	1	6	132	10	9	24	1620	0	0	0
1.32	1	2	133	1	15	28	2196	0	0	0
1.323	1	10	133	4	16	18	967	0	0	0
1.326	1	7	133	7	10	28	2196	0	0	0
1.328	1	1	133	9	1	28	2196	0	0	0
1.329	1	6	133	10	9	24	1620	0	0	0
1.33	1	3	134	1	3	28	2196	0	0	0
1.331	1	4	134	2	4	28	2196	0	0	0
1.332	1	7	134	3	10	28	2196	0	0	0
1.333	1	5	134	4	12	28	2196	0	0	0
1.334	1	1	134	5	1	28	2196	0	0	0
1.335	1	8	134	6	2	24	1620	0	0	0
1.338	1	9	134	9	11	28	2196	0	0	0
1.341	1	6	135	2	9	28	2196	0	0	0
1.342	1	4	135	3	4	28	2196	0	0	0
1.343	1	7	135	4	10	28	2196	0	0	0
1.344	1	5	135	5	12	28	2196	0	0	0
1.345	1	1	135	6	1	28	2196	0	0	0
1.346	1	8	135	7	2	24	1620	0	0	0
1.347	1	3	135	8	3	28	2196	0	0	0
1.353	1	9	136	4	11	28	2196	0	0	0
1.355	1	6	136	6	9	28	2196	0	0	0
1.356	1	3	136	7	3	28	2196	0	0	0
1.358	1	8	136	9	2	24	1620	0	0	0
1.361	1	7	137	2	10	28	2196	0	0	0
1.365	1	8	137	6	2	28	2196	0	0	0
1.368	1	1	137	9	1	28	2196	0	0	0
1.37	1	9	138	1	11	28	2196	0	0	0
1.372	1	4	138	3	4	28	2196	0	0	0
1.373	1	3	138	4	3	28	2196	0	0	0
1.376	1	2	138	7	15	28	2196	0	0	0
1.377	1	9	138	8	11	4	217	0	0	0
1.384	1	2	139	5	15	28	2196	0	0	0
1.386	1	7	139	7	10	28	2196	0	0	0
1.387	1	5	139	8	12	28	2196	0	0	0
1.388	1	6	139	9	9	28	2196	0	0	0
1.392	1	10	140	3	16	18	967	0	0	0
1.393	1	1	140	4	1	28	2196	0	0	0
1.394	1	3	140	5	3	28	2196	0	0	0
1.395	1	8	140	6	2	22	1383	0	0	0
1.4	1	2	141	1	15	28	2196	0	0	0
1.405	1	4	141	6	4	28	2196	0	0	0
1.406	1	3	141	7	3	28	2196	0	0	0
1.408	1	5	141	9	12	28	2196	0	0	0
1.411	1	1	142	2	1	28	2196	0	0	0
1.414	1	9	142	5	11	28	2196	0	0	0
1.416	1	7	142	7	10	28	2196	0	0	0
1.419	1	3	142	10	3	28	2196	0	0	0
1.42	1	4	143	1	4	28	2196	0	0	0
1.421	1	2	143	2	15	28	2196	0	0	0
1.423	1	3	143	4	3	28	2196	0	0	0
1.424	1	8	143	5	2	28	2196	0	0	0
1.425	1	6	143	6	9	28	2196	0	0	0
1.428	1	1	143	9	1	28	2196	0	0	0
1.43	1	9	144	1	11	28	2196	0	0	0
1.432	1	6	144	3	9	28	2196	0	0	0
1.434	1	10	144	5	16	20	1191	0	0	0
1.435	1	4	144	6	4	28	2196	0	0	0
1.438	1	5	144	9	12	28	2196	0	0	0
1.443	1	6	145	4	9	24	1620	0	0	0
1.444	1	1	145	5	1	28	2196	0	0	0
1.445	1	3	145	6	3	28	2196	0	0	0
1.446	1	7	145	7	10	28	2196	0	0	0
1.453	1	6	146	4	9	28	2196	0	0	0
1.455	1	8	146	6	2	28	2196	0	0	0
1.46	1	6	147	1	9	28	2196	0	0	0
1.461	1	1	147	2	1	28	2196	0	0	0
1.462	1	2	147	3	15	28	2196	0	0	0
1.465	1	10	147	6	16	28	2196	0	0	0
1.468	1	9	147	9	11	28	2196	0	0	0
1.469	1	4	147	10	4	28	2196	0	0	0
1.471	1	2	148	2	15	28	2196	0	0	0
1.472	1	6	148	3	9	28	2196	0	0	0
1.476	1	7	148	7	10	28	2196	0	0	0
1.479	1	1	148	10	1	28	2196	0	0	0
1.488	1	7	149	9	10	28	2196	0	0	0
1.489	1	2	149	10	15	28	2196	0	0	0
1.49	1	1	150	1	1	28	2196	0	0	0
1.491	1	5	150	2	12	28	2196	0	0	0
1.492	1	8	150	3	2	28	2196	0	0	0
1.493	1	10	150	4	16	28	2196	0	0	0
1.499	1	3	150	10	3	28	2196	0	0	0
1.501	1	9	151	2	11	28	2196	0	0	0
1.502	1	8	151	3	2	28	2196	0	0	0
1.503	1	2	151	4	15	28	2196	0	0	0
1.505	1	6	151	6	9	28	2196	0	0	0
1.508	1	8	151	9	2	28	2196	0	0	0
1.509	1	1	151	10	1	28	2196	0	0	0
1.51	1	9	152	1	11	28	2196	0	0	0
1.516	1	10	152	7	16	26	1836	0	0	0
1.52	1	2	153	1	15	28	2196	0	0	0
1.522	1	6	153	3	9	28	2196	0	0	0
1.532	1	9	154	3	11	28	2196	0	0	0
1.533	1	1	154	4	1	28	2196	0	0	0
1.534	1	6	154	5	9	28	2196	0	0	0
1.535	1	3	154	6	3	28	2196	0	0	0
1.538	1	10	154	9	16	26	1836	0	0	0
1.541	1	5	155	2	12	28	2196	0	0	0
1.546	1	7	155	7	10	28	2196	0	0	0
1.547	1	5	155	8	12	28	2196	0	0	0
1.548	1	4	155	9	4	28	2196	0	0	0
1.549	1	2	155	10	15	28	2196	0	0	0
1.55	1	1	156	1	1	28	2196	0	0	0
1.551	1	4	156	2	4	28	2196	0	0	0
1.552	1	9	156	3	11	28	2196	0	0	0
1.553	1	3	156	4	3	28	2196	0	0	0
1.555	1	3	156	6	3	26	1836	0	0	0
1.556	1	8	156	7	2	28	2196	0	0	0
1.56	1	5	157	1	12	28	373	0	0	0
1.56	1	10	157	1	16	28	1836	0	0	0
1.562	1	3	157	3	3	20	1191	0	0	0
1.563	1	7	157	4	10	28	2196	0	0	0
1.564	1	9	157	5	11	28	2196	0	0	0
1.565	1	4	157	6	4	28	2196	0	0	0
1.567	1	7	157	8	10	28	2196	0	0	0
1.568	1	10	157	9	16	24	1620	0	0	0
1.569	1	2	157	10	15	28	2196	0	0	0
1.57	1	6	158	1	9	28	2196	0	0	0
1.571	1	1	158	2	1	28	2196	0	0	0
1.573	1	8	158	4	2	28	2196	0	0	0
1.574	1	4	158	5	4	28	2196	0	0	0
1.575	1	9	158	6	11	28	2196	0	0	0
1.576	1	5	158	7	12	28	2196	0	0	0
1.583	1	3	159	4	3	28	2196	0	0	0
1.589	1	1	159	10	1	28	2196	0	0	0
1.593	1	9	160	4	11	26	1836	0	0	0
1.596	1	5	160	7	12	28	2196	0	0	0
1.601	1	2	161	2	15	28	2196	0	0	0
1.602	1	4	161	3	4	28	2196	0	0	0
1.603	1	6	161	4	9	28	2196	0	0	0
1.604	1	5	161	5	12	28	2196	0	0	0
1.605	1	3	161	6	3	28	2196	0	0	0
1.608	1	7	161	9	10	28	2196	0	0	0
1.609	1	6	161	10	9	28	2196	0	0	0
1.61	1	1	162	1	1	28	2196	0	0	0
1.613	1	4	162	4	4	28	2196	0	0	0
1.614	1	9	162	5	11	28	2196	0	0	0
1.616	1	8	162	7	2	28	2196	0	0	0
1.619	1	1	162	10	1	28	2196	0	0	0
1.63	1	1	164	1	1	28	2196	0	0	0
1.631	1	10	164	2	16	28	2196	0	0	0
1.633	1	1	164	4	1	28	2196	0	0	0
1.634	1	7	164	5	10	28	2196	0	0	0
1.638	1	6	164	9	9	28	2196	0	0	0
1.639	1	10	164	10	16	28	2196	0	0	0
1.64	1	5	165	1	12	28	2196	0	0	0
1.641	1	3	165	2	3	28	2196	0	0	0
1.642	1	7	165	3	10	28	2196	0	0	0
1.643	1	1	165	4	1	28	185	0	0	0
1.643	1	9	165	4	11	28	2052	0	0	0
1.644	1	2	165	5	15	28	2196	0	0	0
1.645	1	10	165	6	16	28	2196	0	0	0
1.647	1	3	165	8	3	28	2196	0	0	0
1.648	1	6	165	9	9	28	2196	0	0	0
1.651	1	8	166	2	2	28	2196	0	0	0
1.653	1	4	166	4	4	28	2196	0	0	0
1.662	1	5	167	3	12	28	2196	0	0	0
1.663	1	7	167	4	10	28	2196	0	0	0
1.666	1	8	167	7	2	28	2196	0	0	0
1.667	1	2	167	8	15	28	2196	0	0	0
1.668	1	10	167	9	16	28	2196	0	0	0
1.67	1	2	168	1	15	28	2196	0	0	0
1.673	1	3	168	4	3	28	2196	0	0	0
1.676	1	4	168	7	4	28	2196	0	0	0
1.677	1	1	168	8	1	28	2196	0	0	0
1.679	1	2	168	10	15	28	2196	0	0	0
1.68	1	7	169	1	10	28	2196	0	0	0
1.681	1	10	169	2	16	28	2196	0	0	0
1.683	1	1	169	4	1	28	2196	0	0	0
1.686	1	8	169	7	2	26	1836	0	0	0
1.69	1	9	170	1	11	28	2196	0	0	0
1.697	1	5	170	8	12	28	2196	0	0	0
1.698	1	3	170	9	3	28	2052	0	0	0
1.698	1	2	170	9	15	28	185	0	0	0
1.699	1	10	170	10	16	28	2196	0	0	0
1.7	1	6	171	1	9	22	1383	0	0	0
1.703	1	8	171	4	2	24	1620	0	0	0
1.705	1	7	171	6	10	28	2196	0	0	0
1.709	1	1	171	10	1	28	2196	0	0	0
1.714	1	10	172	5	16	28	2196	0	0	0
1.716	1	9	172	7	11	28	2196	0	0	0
1.717	1	4	172	8	4	28	2196	0	0	0
1.718	1	7	172	9	10	28	2196	0	0	0
1.719	1	2	172	10	15	28	2196	0	0	0
1.721	1	5	173	2	12	28	2196	0	0	0
1.724	1	2	173	5	15	28	2196	0	0	0
1.727	1	8	173	8	2	28	2196	0	0	0
1.728	1	6	173	9	9	24	1620	0	0	0
1.729	1	7	173	10	10	28	2196	0	0	0
1.73	1	3	174	1	3	28	2196	0	0	0
1.731	1	10	174	2	16	28	2196	0	0	0
1.734	1	4	174	5	4	28	2196	0	0	0
1.741	1	1	175	2	1	28	185	0	0	0
1.741	1	8	175	2	2	28	2052	0	0	0
1.748	1	2	175	9	15	28	2196	0	0	0
1.753	1	7	176	4	10	28	2196	0	0	0
1.754	1	4	176	5	4	28	2196	0	0	0
1.755	1	1	176	6	1	28	2196	0	0	0
1.756	1	3	176	7	3	28	2196	0	0	0
1.759	1	6	176	10	9	14	775	0	0	0
1.76	1	5	177	1	12	28	2196	0	0	0
1.762	1	1	177	3	1	28	2196	0	0	0
1.766	1	4	177	7	4	28	2196	0	0	0
1.767	1	2	177	8	15	28	2196	0	0	0
1.768	1	8	177	9	2	28	2196	0	0	0
1.769	1	10	177	10	16	28	2196	0	0	0
1.773	1	8	178	4	2	28	2196	0	0	0
1.774	1	9	178	5	11	28	2196	0	0	0
1.775	1	10	178	6	16	28	2196	0	0	0
1.778	1	9	178	9	11	28	2196	0	0	0
1.779	1	7	178	10	10	28	2196	0	0	0
1.78	1	2	179	1	15	28	2196	0	0	0
1.781	1	8	179	2	2	26	1836	0	0	0
1.786	1	4	179	7	4	28	2196	0	0	0
1.788	1	6	179	9	9	20	1191	0	0	0
1.789	1	2	179	10	15	28	2196	0	0	0
1.797	1	7	180	8	10	28	2196	0	0	0
1.799	1	10	180	10	16	28	2196	0	0	0
1.8	1	1	181	1	1	28	2196	0	0	0
1.801	1	4	181	2	4	28	2196	0	0	0
1.803	1	10	181	4	16	28	2196	0	0	0
1.806	1	10	181	7	16	28	2196	0	0	0
1.808	1	7	181	9	10	28	2196	0	0	0
1.811	1	9	182	2	11	28	2196	0	0	0
1.815	1	7	182	6	10	28	2196	0	0	0
1.816	1	10	182	7	16	26	1836	0	0	0
1.82	1	10	183	1	16	26	1836	0	0	0
1.822	1	3	183	3	3	28	2196	0	0	0
1.823	1	5	183	4	12	28	2196	0	0	0
1.824	1	4	183	5	4	28	2196	0	0	0
1.825	1	1	183	6	1	28	2196	0	0	0
1.832	1	2	184	3	15	28	2196	0	0	0
1.84	1	8	185	1	2	28	2196	0	0	0
1.841	1	6	185	2	9	28	2196	0	0	0
1.842	1	4	185	3	4	28	2196	0	0	0
1.849	1	8	185	10	2	28	185	0	0	0
1.849	1	6	185	10	9	24	1479	0	0	0
1.85	1	5	186	1	12	28	2196	0	0	0
1.858	1	8	186	9	2	28	2196	0	0	0
1.862	1	1	187	3	1	28	185	0	0	0
1.862	1	6	187	3	9	28	2052	0	0	0
1.864	1	5	187	5	12	28	2196	0	0	0
1.867	1	6	187	8	9	28	2052	0	0	0
1.867	1	7	187	8	10	28	185	0	0	0
1.868	1	3	187	9	3	28	2196	0	0	0
1.869	1	10	187	10	16	28	2196	0	0	0
1.87	1	1	188	1	1	28	2196	0	0	0
1.872	1	4	188	3	4	28	2196	0	0	0
1.873	1	8	188	4	2	28	2196	0	0	0
1.878	1	5	188	9	12	28	2196	0	0	0
1.883	1	9	189	4	11	28	2196	0	0	0
1.884	1	2	189	5	15	28	2196	0	0	0
1.894	1	6	190	5	9	28	2196	0	0	0
1.895	1	3	190	6	3	20	1191	0	0	0
1.897	1	1	190	8	1	28	2196	0	0	0
1.898	1	9	190	9	11	28	2196	0	0	0
1.899	1	7	190	10	10	28	2196	0	0	0
1.9	1	3	191	1	3	28	2196	0	0	0
1.901	1	5	191	2	12	28	2196	0	0	0
1.902	1	1	191	3	1	28	2196	0	0	0
1.904	1	2	191	5	15	28	2196	0	0	0
1.905	1	6	191	6	9	28	2196	0	0	0
1.906	1	9	191	7	11	28	2196	0	0	0
1.907	1	4	191	8	4	28	2196	0	0	0
1.908	1	7	191	9	10	28	2196	0	0	0
1.909	1	10	191	10	16	28	2196	0	0	0
1.91	1	1	192	1	1	28	2196	0	0	0
1.912	1	5	192	3	12	28	2196	0	0	0
1.918	1	8	192	9	2	28	2196	0	0	0
1.919	1	9	192	10	11	28	2196	0	0	0
1.921	1	2	193	2	15	28	2196	0	0	0
1.924	1	6	193	5	9	28	2196	0	0	0
1.927	1	10	193	8	16	28	2196	0	0	0
1.93	1	2	194	1	15	28	2196	0	0	0
1.931	1	4	194	2	4	28	2196	0	0	0
1.935	1	9	194	6	11	28	2196	0	0	0
1.939	1	6	194	10	9	24	1620	0	0	0
1.94	1	8	195	1	2	28	2196	0	0	0
1.941	1	5	195	2	12	28	2196	0	0	0
1.942	1	2	195	3	15	28	185	0	0	0
1.942	1	10	195	3	16	28	2052	0	0	0
1.943	1	7	195	4	10	28	2196	0	0	0
1.944	1	4	195	5	4	28	2196	0	0	0
1.95	1	5	196	1	12	28	2196	0	0	0
1.951	1	6	196	2	9	24	1620	0	0	0
1.953	1	8	196	4	2	28	2196	0	0	0
1.957	1	3	196	8	3	28	2196	0	0	0
1.961	1	4	197	2	4	28	2196	0	0	0
1.962	1	6	197	3	9	26	1836	0	0	0
1.964	1	7	197	5	10	28	2196	0	0	0
1.966	1	2	197	7	15	28	2196	0	0	0
1.97	1	5	198	1	12	28	2196	0	0	0
1.972	1	1	198	3	1	28	2196	0	0	0
1.973	1	4	198	4	4	28	2196	0	0	0
1.978	1	2	198	9	15	28	2196	0	0	0
1.98	1	8	199	1	2	28	2196	0	0	0
1.982	1	9	199	3	11	28	2196	0	0	0
1.983	1	10	199	4	16	18	967	0	0	0
1.985	1	3	199	6	3	28	2196	0	0	0
1.986	1	6	199	7	9	28	2196	0	0	0
1.987	1	7	199	8	10	28	2196	0	0	0
1.989	1	8	199	10	2	22	1383	0	0	0
1.99	1	6	200	1	9	28	2196	0	0	0
1.993	1	9	200	4	11	28	2196	0	0	0
1.994	1	10	200	5	16	20	1191	0	0	0
1.996	1	3	200	7	3	28	2196	0	0	0
2.004	1	6	201	5	9	24	1620	0	0	0
2.006	1	2	201	7	15	28	2196	0	0	0
2.008	1	10	201	9	16	28	2196	0	0	0
2.009	1	8	201	10	2	28	2196	0	0	0
2.01	1	9	202	1	11	28	2196	0	0	0
2.014	1	7	202	5	10	28	2196	0	0	0
2.015	1	5	202	6	12	28	2196	0	0	0
2.016	1	4	202	7	4	24	1620	0	0	0
2.017	1	6	202	8	9	28	2196	0	0	0
2.02	1	1	203	1	1	28	2196	0	0	0
2.021	1	10	203	2	16	28	2196	0	0	0
2.023	1	5	203	4	12	28	2196	0	0	0
2.024	1	6	203	5	9	28	2196	0	0	0
2.032	1	3	204	3	3	28	2196	0	0	0
2.035	1	2	204	6	15	28	2196	0	0	0
2.036	1	9	204	7	11	22	1383	0	0	0
2.037	1	4	204	8	4	28	2196	0	0	0
2.038	1	6	204	9	9	20	1191	0	0	0
2.046	1	9	205	7	11	28	2196	0	0	0
2.047	1	3	205	8	3	28	2196	0	0	0
2.048	1	7	205	9	10	28	2196	0	0	0
2.049	1	8	205	10	2	28	2196	0	0	0
2.05	1	1	206	1	1	28	2196	0	0	0
2.052	1	6	206	3	9	28	2196	0	0	0
2.058	1	1	206	9	1	28	2196	0	0	0
2.059	1	5	206	10	12	28	2196	0	0	0
2.061	1	2	207	2	15	28	2196	0	0	0
2.062	1	9	207	3	11	28	2196	0	0	0
2.066	1	3	207	7	3	28	2196	0	0	0
2.067	1	7	207	8	10	28	2196	0	0	0
2.074	1	8	208	5	2	24	1620	0	0	0
2.075	1	6	208	6	9	28	2196	0	0	0
2.078	1	4	208	9	4	28	2196	0	0	0
2.079	1	3	208	10	3	28	2196	0	0	0
2.081	1	2	209	2	15	28	2196	0	0	0
2.082	1	9	209	3	11	28	2196	0	0	0
2.084	1	4	209	5	4	28	185	0	0	0
2.084	1	10	209	5	16	26	1692	0	0	0
2.088	1	9	209	9	11	28	2196	0	0	0
2.089	1	6	209	10	9	28	2196	0	0	0
2.09	1	1	210	1	1	28	2196	0	0	0
2.091	1	4	210	2	4	28	185	0	0	0
2.091	1	7	210	2	10	28	2052	0	0	0
2.092	1	3	210	3	3	20	1191	0	0	0
2.095	1	8	210	6	2	28	2196	0	0	0
2.097	1	10	210	8	16	20	1191	0	0	0
2.099	1	7	210	10	10	28	2196	0	0	0
2.102	1	10	211	3	16	20	1191	0	0	0
2.105	1	8	211	6	2	24	1620	0	0	0
2.108	1	7	211	9	10	28	2196	0	0	0
2.109	1	5	211	10	12	28	2196	0	0	0
2.111	1	6	212	2	9	28	2196	0	0	0
2.114	1	2	212	5	15	28	2196	0	0	0
2.115	1	9	212	6	11	28	2196	0	0	0
2.12	1	6	213	1	9	28	2196	0	0	0
2.122	1	4	213	3	4	28	2196	0	0	0
2.123	1	10	213	4	16	16	903	0	0	0
2.126	1	7	213	7	10	28	2196	0	0	0
2.129	1	2	213	10	15	28	2196	0	0	0
2.132	1	1	214	3	1	28	2196	0	0	0
2.133	1	4	214	4	4	28	373	0	0	0
2.133	1	10	214	4	16	28	1836	0	0	0
2.134	1	8	214	5	2	28	2196	0	0	0
2.137	1	9	214	8	11	28	2196	0	0	0
2.138	1	4	214	9	4	28	2196	0	0	0
2.141	1	3	215	2	3	28	2196	0	0	0
2.142	1	5	215	3	12	28	2196	0	0	0
2.143	1	7	215	4	10	28	2196	0	0	0
2.147	1	4	215	8	4	28	2196	0	0	0
2.149	1	7	215	10	10	28	2196	0	0	0
2.151	1	8	216	2	2	28	2196	0	0	0
2.152	1	1	216	3	1	28	2196	0	0	0
2.153	1	9	216	4	11	28	2196	0	0	0
2.156	1	6	216	7	9	28	2196	0	0	0
2.16	1	10	217	1	16	28	2196	0	0	0
2.161	1	8	217	2	2	24	1620	0	0	0
2.162	1	1	217	3	1	28	2196	0	0	0
2.167	1	2	217	8	15	28	2196	0	0	0
2.171	1	9	218	2	11	28	2196	0	0	0
2.174	1	10	218	5	16	28	2196	0	0	0
2.175	1	2	218	6	15	28	2196	0	0	0
2.176	1	8	218	7	2	28	2196	0	0	0
2.182	1	7	219	3	10	28	2196	0	0	0
2.183	1	9	219	4	11	28	2196	0	0	0
2.184	1	5	219	5	12	28	2196	0	0	0
2.188	1	8	219	9	2	28	2196	0	0	0
2.191	1	7	220	2	10	28	2196	0	0	0
2.192	1	4	220	3	4	28	2196	0	0	0
2.193	1	10	220	4	16	28	2196	0	0	0
2.195	1	2	220	6	15	28	2196	0	0	0
2.2	1	2	221	1	15	28	2196	0	0	0
2.206	1	1	221	7	1	28	2196	0	0	0
2.207	1	6	221	8	9	24	1620	0	0	0
2.215	1	3	222	6	3	28	2196	0	0	0
2.217	1	5	222	8	12	28	2196	0	0	0
2.218	1	3	222	9	3	28	2196	0	0	0
2.219	1	4	222	10	4	28	2196	0	0	0
2.22	1	8	223	1	2	28	2196	0	0	0
2.221	1	7	223	2	10	28	2196	0	0	0
2.224	1	6	223	5	9	12	597	0	0	0
2.227	1	9	223	8	11	28	2196	0	0	0
2.229	1	4	223	10	4	28	2196	0	0	0
2.23	1	3	224	1	3	28	2196	0	0	0
2.232	1	5	224	3	12	28	2196	0	0	0
2.233	1	7	224	4	10	28	2196	0	0	0
2.234	1	1	224	5	1	28	2196	0	0	0
2.235	1	9	224	6	11	28	185	0	0	0
2.235	1	2	224	6	15	28	2052	0	0	0
2.239	1	6	224	10	9	28	2196	0	0	0
2.243	1	1	225	4	1	28	2196	0	0	0
2.248	1	3	225	9	3	28	2196	0	0	0
2.253	1	9	226	4	11	28	2196	0	0	0
2.254	1	5	226	5	12	28	2196	0	0	0
2.256	1	8	226	7	2	28	2196	0	0	0
2.257	1	4	226	8	4	28	2196	0	0	0
2.261	1	3	227	2	3	28	2196	0	0	0
2.263	1	5	227	4	12	28	2196	0	0	0
2.264	1	6	227	5	9	26	1836	0	0	0
2.267	1	10	227	8	16	24	1620	0	0	0
2.27	1	8	228	1	2	28	2196	0	0	0
2.271	1	9	228	2	11	28	2052	0	0	0
2.271	1	5	228	2	12	28	185	0	0	0
2.272	1	3	228	3	3	28	2196	0	0	0
2.274	1	1	228	5	1	28	2196	0	0	0
2.275	1	4	228	6	4	28	2196	0	0	0
2.282	1	10	229	3	16	28	2196	0	0	0
2.284	1	2	229	5	15	28	2196	0	0	0
2.286	1	4	229	7	4	28	2196	0	0	0
2.287	1	8	229	8	2	28	2196	0	0	0
2.29	1	5	230	1	12	28	2196	0	0	0
2.291	1	7	230	2	10	28	2196	0	0	0
2.296	1	1	230	7	1	28	2196	0	0	0
2.297	1	7	230	8	10	28	2196	0	0	0
2.298	1	8	230	9	2	28	2196	0	0	0
2.302	1	5	231	3	12	28	2196	0	0	0
2.303	1	1	231	4	1	28	2196	0	0	0
2.304	1	10	231	5	16	24	1620	0	0	0
2.305	1	8	231	6	2	28	2196	0	0	0
2.311	1	4	232	2	4	28	2196	0	0	0
2.313	1	9	232	4	11	28	2196	0	0	0
2.314	1	8	232	5	2	20	1191	0	0	0
2.315	1	6	232	6	9	28	2196	0	0	0
2.316	1	7	232	7	10	28	2196	0	0	0
2.318	1	1	232	9	1	28	2196	0	0	0
2.324	1	3	233	5	3	28	2196	0	0	0
2.326	1	5	233	7	12	28	2196	0	0	0
2.327	1	8	233	8	2	28	2196	0	0	0
2.334	1	5	234	5	12	28	2196	0	0	0
2.335	1	4	234	6	4	28	2196	0	0	0
2.336	1	7	234	7	10	28	2196	0	0	0
2.343	1	9	235	4	11	28	2196	0	0	0
2.344	1	2	235	5	15	28	2196	0	0	0
2.345	1	3	235	6	3	28	2196	0	0	0
2.346	1	7	235	7	10	28	2196	0	0	0
2.347	1	1	235	8	1	28	2196	0	0	0
2.348	1	5	235	9	12	28	2196	0	0	0
2.35	1	6	236	1	9	28	2196	0	0	0
2.351	1	8	236	2	2	26	1836	0	0	0
2.353	1	9	236	4	11	28	2196	0	0	0
2.357	1	6	236	8	9	24	1620	0	0	0
2.362	1	7	237	3	10	28	2196	0	0	0
2.365	1	1	237	6	1	28	2196	0	0	0
2.366	1	3	237	7	3	28	2196	0	0	0
2.367	1	10	237	8	16	28	2196	0	0	0
2.368	1	5	237	9	12	28	2196	0	0	0
2.369	1	8	237	10	2	28	2196	0	0	0
2.37	1	6	238	1	9	26	1836	0	0	0
2.372	1	4	238	3	4	28	2196	0	0	0
2.373	1	7	238	4	10	28	2196	0	0	0
2.377	1	6	238	8	9	24	1620	0	0	0
2.38	1	10	239	1	16	28	2196	0	0	0
2.381	1	2	239	2	15	28	2196	0	0	0
2.384	1	1	239	5	1	28	2196	0	0	0
2.386	1	3	239	7	3	24	1620	0	0	0
2.387	1	6	239	8	9	28	2196	0	0	0
2.389	1	7	239	10	10	28	2196	0	0	0
2.39	1	2	240	1	15	28	2196	0	0	0
2.391	1	8	240	2	2	28	185	0	0	0
2.391	1	3	240	2	3	28	2052	0	0	0
2.394	1	1	240	5	1	28	2196	0	0	0
2.395	1	9	240	6	11	28	2196	0	0	0
2.397	1	4	240	8	4	28	2196	0	0	0
2.4	1	5	241	1	12	28	2196	0	0	0
2.401	1	4	241	2	4	28	2196	0	0	0
2.402	1	8	241	3	2	28	2196	0	0	0
2.409	1	6	241	10	9	24	1620	0	0	0
2.41	1	4	242	1	4	28	2196	0	0	0
2.42	1	3	243	1	3	28	2196	0	0	0
2.422	1	10	243	3	16	28	2196	0	0	0
2.424	1	6	243	5	9	28	2196	0	0	0
2.425	1	2	243	6	15	28	2196	0	0	0
2.426	1	4	243	7	4	28	2196	0	0	0
2.428	1	5	243	9	12	28	2196	0	0	0
2.43	1	10	244	1	16	28	2196	0	0	0
2.431	1	8	244	2	2	28	2196	0	0	0
2.434	1	4	244	5	4	28	2196	0	0	0
2.436	1	9	244	7	11	28	2196	0	0	0
2.437	1	2	244	8	15	28	2196	0	0	0
2.438	1	3	244	9	3	28	2196	0	0	0
2.441	1	7	245	2	10	28	2196	0	0	0
2.449	1	10	245	10	16	18	967	0	0	0
2.452	1	1	246	3	1	28	2196	0	0	0
2.453	1	5	246	4	12	28	2196	0	0	0
2.454	1	3	246	5	3	28	2196	0	0	0
2.455	1	9	246	6	11	28	2196	0	0	0
2.456	1	2	246	7	15	28	2196	0	0	0
2.46	1	10	247	1	16	24	1620	0	0	0
2.461	1	6	247	2	9	28	2196	0	0	0
2.464	1	1	247	5	1	28	2196	0	0	0
2.465	1	5	247	6	12	28	2196	0	0	0
2.466	1	7	247	7	10	22	1383	0	0	0
2.468	1	3	247	9	3	28	2196	0	0	0
2.472	1	3	248	3	3	28	2196	0	0	0
2.473	1	7	248	4	10	28	2196	0	0	0
2.476	1	8	248	7	2	28	2196	0	0	0
2.477	1	4	248	8	4	28	2196	0	0	0
2.479	1	7	248	10	10	28	2196	0	0	0
2.487	1	6	249	8	9	28	2196	0	0	0
2.49	1	4	250	1	4	28	2196	0	0	0
2.492	1	2	250	3	15	28	2196	0	0	0
2.493	1	8	250	4	2	28	2196	0	0	0
2.494	1	1	250	5	1	28	2196	0	0	0
2.497	1	10	250	8	16	28	2196	0	0	0
2.5	1	4	251	1	4	28	2196	0	0	0
2.501	1	7	251	2	10	28	2196	0	0	0
2.505	1	9	251	6	11	28	2196	0	0	0
2.506	1	8	251	7	2	28	2196	0	0	0
2.507	1	5	251	8	12	28	2196	0	0	0
2.508	1	10	251	9	16	26	1836	0	0	0
2.509	1	4	251	10	4	28	2196	0	0	0
2.51	1	3	252	1	3	28	2196	0	0	0
2.52	1	6	253	1	9	24	1620	0	0	0
2.529	1	1	253	10	1	28	2196	0	0	0
2.531	1	6	254	2	9	28	373	0	0	0
2.531	1	10	254	2	16	28	1836	0	0	0
2.533	1	3	254	4	3	28	2196	0	0	0
2.539	1	2	254	10	15	28	2196	0	0	0
2.543	1	4	255	4	4	28	2196	0	0	0
2.547	1	9	255	8	11	28	2196	0	0	0
2.552	1	1	256	3	1	28	2196	0	0	0
2.557	1	9	256	8	11	28	2196	0	0	0
2.558	1	5	256	9	12	28	2196	0	0	0
2.559	1	6	256	10	9	28	2196	0	0	0
2.56	1	7	257	1	10	28	2196	0	0	0
2.561	1	1	257	2	1	28	2196	0	0	0
2.562	1	8	257	3	2	28	2196	0	0	0
2.563	1	3	257	4	3	28	185	0	0	0
2.563	1	10	257	4	16	28	2052	0	0	0
2.564	1	4	257	5	4	28	2196	0	0	0
2.566	1	6	257	7	9	28	2196	0	0	0
2.568	1	2	257	9	15	28	2196	0	0	0
2.569	1	4	257	10	4	28	2196	0	0	0
2.57	1	7	258	1	10	28	2196	0	0	0
2.573	1	3	258	4	3	28	2196	0	0	0
2.574	1	8	258	5	2	28	2196	0	0	0
2.575	1	9	258	6	11	28	2196	0	0	0
2.576	1	5	258	7	12	28	2196	0	0	0
2.581	1	10	259	2	16	28	2196	0	0	0
2.585	1	2	259	6	15	28	2196	0	0	0
2.586	1	1	259	7	1	28	2196	0	0	0
2.59	1	3	260	1	3	28	2196	0	0	0
2.591	1	1	260	2	1	28	2196	0	0	0
2.593	1	6	260	4	9	28	2196	0	0	0
2.594	1	2	260	5	15	28	2196	0	0	0
2.595	1	10	260	6	16	28	2196	0	0	0
2.596	1	4	260	7	4	28	2196	0	0	0
2.6	1	9	261	1	11	28	2196	0	0	0
2.603	1	2	261	4	15	28	2196	0	0	0
2.605	1	7	261	6	10	28	2196	0	0	0
2.607	1	1	261	8	1	28	2196	0	0	0
2.608	1	3	261	9	3	28	2052	0	0	0
2.608	1	10	261	9	16	28	185	0	0	0
2.609	1	8	261	10	2	28	2196	0	0	0
2.619	1	2	262	10	15	28	2196	0	0	0
2.62	1	6	263	1	9	28	2196	0	0	0
2.623	1	1	263	4	1	28	2196	0	0	0
2.625	1	5	263	6	12	28	2196	0	0	0
2.627	1	9	263	8	11	28	2196	0	0	0
2.634	1	8	264	5	2	28	2196	0	0	0
2.635	1	5	264	6	12	28	2196	0	0	0
2.636	1	7	264	7	10	28	2196	0	0	0
2.637	1	4	264	8	4	28	2196	0	0	0
2.64	1	2	265	1	15	28	2196	0	0	0
2.641	1	3	265	2	3	28	2196	0	0	0
2.642	1	5	265	3	12	28	2196	0	0	0
2.643	1	10	265	4	16	24	1620	0	0	0
2.644	1	4	265	5	4	28	2196	0	0	0
2.646	1	1	265	7	1	28	2196	0	0	0
2.648	1	6	265	9	9	28	2196	0	0	0
2.649	1	3	265	10	3	28	2196	0	0	0
2.65	1	7	266	1	10	28	2196	0	0	0
2.654	1	8	266	5	2	28	2196	0	0	0
2.655	1	5	266	6	12	28	2196	0	0	0
2.657	1	6	266	8	9	28	2196	0	0	0
2.658	1	2	266	9	15	28	2196	0	0	0
2.659	1	1	266	10	1	28	2196	0	0	0
2.66	1	10	267	1	16	22	1383	0	0	0
2.661	1	6	267	2	9	28	2196	0	0	0
2.662	1	9	267	3	11	28	2196	0	0	0
2.671	1	10	268	2	16	26	1836	0	0	0
2.678	1	9	268	9	11	28	2196	0	0	0
2.68	1	8	269	1	2	28	2196	0	0	0
2.681	1	3	269	2	3	28	2196	0	0	0
2.682	1	2	269	3	15	28	2196	0	0	0
2.683	1	6	269	4	9	28	2196	0	0	0
2.687	1	1	269	8	1	28	2196	0	0	0
2.688	1	5	269	9	12	28	2196	0	0	0
2.689	1	9	269	10	11	28	2196	0	0	0
2.692	1	6	270	3	9	24	1620	0	0	0
2.694	1	10	270	5	16	28	2196	0	0	0
2.695	1	2	270	6	15	28	2196	0	0	0
2.696	1	1	270	7	1	28	2196	0	0	0
2.697	1	7	270	8	10	24	1620	0	0	0
2.699	1	4	270	10	4	28	2196	0	0	0
2.707	1	5	271	8	12	28	2196	0	0	0
2.708	1	9	271	9	11	28	2196	0	0	0
2.709	1	4	271	10	4	28	2196	0	0	0
2.71	1	2	272	1	15	28	2196	0	0	0
2.711	1	8	272	2	2	28	2196	0	0	0
2.712	1	1	272	3	1	28	2196	0	0	0
2.713	1	10	272	4	16	28	2196	0	0	0
2.715	1	3	272	6	3	24	1620	0	0	0
2.719	1	2	272	10	15	28	2196	0	0	0
2.72	1	7	273	1	10	28	2196	0	0	0
2.721	1	8	273	2	2	28	2196	0	0	0
2.726	1	2	273	7	15	28	2196	0	0	0
2.729	1	6	273	10	9	28	2196	0	0	0
2.73	1	3	274	1	3	28	2196	0	0	0
2.732	1	3	274	3	3	28	2196	0	0	0
2.733	1	1	274	4	1	28	2196	0	0	0
2.736	1	9	274	7	11	28	2196	0	0	0
2.742	1	5	275	3	12	28	2196	0	0	0
2.745	1	6	275	6	9	28	185	0	0	0
2.745	1	10	275	6	16	26	1692	0	0	0
2.748	1	7	275	9	10	28	2052	0	0	0
2.748	1	2	275	9	15	28	185	0	0	0
2.749	1	1	275	10	1	28	2196	0	0	0
2.754	1	4	276	5	4	28	2196	0	0	0
2.755	1	8	276	6	2	28	2196	0	0	0
2.756	1	7	276	7	10	26	1836	0	0	0
2.757	1	2	276	8	15	28	2196	0	0	0
2.758	1	5	276	9	12	28	373	0	0	0
2.758	1	10	276	9	16	28	1836	0	0	0
2.761	1	8	277	2	2	28	2196	0	0	0
2.762	1	5	277	3	12	28	2196	0	0	0
2.763	1	1	277	4	1	28	2196	0	0	0
2.767	1	2	277	8	15	28	2196	0	0	0
2.768	1	5	277	9	12	28	2196	0	0	0
2.77	1	7	278	1	10	28	2196	0	0	0
2.771	1	8	278	2	2	28	2196	0	0	0
2.773	1	6	278	4	9	28	2196	0	0	0
2.775	1	4	278	6	4	20	1191	0	0	0
2.786	1	5	279	7	12	28	2196	0	0	0
2.787	1	10	279	8	16	28	2196	0	0	0
2.789	1	9	279	10	11	28	2196	0	0	0
2.79	1	6	280	1	9	28	2196	0	0	0
2.793	1	5	280	4	12	28	2196	0	0	0
2.794	1	10	280	5	16	28	2196	0	0	0
2.797	1	2	280	8	15	28	2196	0	0	0
2.798	1	8	280	9	2	28	2196	0	0	0
2.799	1	3	280	10	3	26	1836	0	0	0
2.803	1	7	281	4	10	28	2196	0	0	0
2.808	1	3	281	9	3	28	2196	0	0	0
2.809	1	1	281	10	1	28	2196	0	0	0
2.81	1	8	282	1	2	28	2196	0	0	0
2.811	1	9	282	2	11	28	2196	0	0	0
2.812	1	7	282	3	10	28	2196	0	0	0
2.813	1	5	282	4	12	28	2196	0	0	0
2.815	1	4	282	6	4	28	2196	0	0	0
2.817	1	6	282	8	9	24	1620	0	0	0
2.818	1	2	282	9	15	28	2196	0	0	0
2.819	1	5	282	10	12	28	2196	0	0	0
2.821	1	5	283	2	12	28	2196	0	0	0
2.824	1	6	283	5	9	24	1620	0	0	0
2.831	1	10	284	2	16	22	1383	0	0	0
2.834	1	7	284	5	10	28	2196	0	0	0
2.836	1	2	284	7	15	28	2196	0	0	0
2.837	1	5	284	8	12	28	2196	0	0	0
2.842	1	7	285	3	10	28	2196	0	0	0
2.846	1	8	285	7	2	28	549	0	0	0
2.846	1	10	285	7	16	28	1692	0	0	0
2.85	1	2	286	1	15	28	2196	0	0	0
2.851	1	7	286	2	10	28	2196	0	0	0
2.855	1	6	286	6	9	28	2196	0	0	0
2.856	1	1	286	7	1	28	2196	0	0	0
2.859	1	10	286	10	16	18	967	0	0	0
2.861	1	8	287	2	2	28	2196	0	0	0
2.862	1	3	287	3	3	28	2196	0	0	0
2.864	1	1	287	5	1	28	2196	0	0	0
2.865	1	7	287	6	10	28	2196	0	0	0
2.866	1	3	287	7	3	28	2196	0	0	0
2.869	1	9	287	10	11	28	2196	0	0	0
2.87	1	1	288	1	1	28	2196	0	0	0
2.871	1	5	288	2	12	28	2196	0	0	0
2.872	1	6	288	3	9	28	2196	0	0	0
2.877	1	9	288	8	11	28	2196	0	0	0
2.882	1	6	289	3	9	28	2052	0	0	0
2.882	1	2	289	3	15	28	185	0	0	0
2.883	1	4	289	4	4	28	2196	0	0	0
2.888	1	5	289	9	12	28	2196	0	0	0
2.89	1	10	290	1	16	20	1191	0	0	0
2.891	1	6	290	2	9	22	1383	0	0	0
2.905	1	9	291	6	11	28	2196	0	0	0
2.908	1	1	291	9	1	28	2196	0	0	0
2.91	1	8	292	1	2	28	2196	0	0	0
2.911	1	2	292	2	15	28	2196	0	0	0
2.914	1	3	292	5	3	28	2196	0	0	0
2.915	1	1	292	6	1	28	2196	0	0	0
2.916	1	7	292	7	10	28	749	0	0	0
2.916	1	10	292	7	16	28	1479	0	0	0
2.917	1	6	292	8	9	28	2196	0	0	0
2.918	1	5	292	9	12	28	2196	0	0	0
2.92	1	3	293	1	3	28	2196	0	0	0
2.921	1	4	293	2	4	28	2196	0	0	0
2.922	1	7	293	3	10	28	2196	0	0	0
2.926	1	9	293	7	11	28	2196	0	0	0
2.928	1	2	293	9	15	28	2196	0	0	0
2.929	1	8	293	10	2	28	2196	0	0	0
2.93	1	7	294	1	10	28	2196	0	0	0
2.931	1	5	294	2	12	28	2196	0	0	0
2.936	1	4	294	7	4	14	775	0	0	0
2.938	1	10	294	9	16	20	1191	0	0	0
2.941	1	3	295	2	3	28	2196	0	0	0
2.945	1	4	295	6	4	28	2196	0	0	0
2.948	1	3	295	9	3	28	2196	0	0	0
2.95	1	9	296	1	11	28	2196	0	0	0
2.952	1	6	296	3	9	28	2196	0	0	0
2.956	1	7	296	7	10	28	2052	0	0	0
2.956	1	5	296	7	12	28	185	0	0	0
2.958	1	4	296	9	4	28	2196	0	0	0
2.96	1	2	297	1	15	28	2196	0	0	0
2.961	1	1	297	2	1	28	2196	0	0	0
2.963	1	3	297	4	3	28	2196	0	0	0
2.971	1	2	298	2	15	28	2196	0	0	0
2.972	1	1	298	3	1	28	2196	0	0	0
2.973	1	9	298	4	11	28	2196	0	0	0
2.977	1	6	298	8	9	26	1836	0	0	0
2.978	1	10	298	9	16	28	2196	0	0	0
2.979	1	5	298	10	12	28	2196	0	0	0
2.982	1	8	299	3	2	28	2196	0	0	0
2.983	1	4	299	4	4	28	2196	0	0	0
2.984	1	2	299	5	15	28	2196	0	0	0
2.985	1	7	299	6	10	28	2196	0	0	0
2.986	1	6	299	7	9	28	2196	0	0	0
2.987	1	2	299	8	15	28	2196	0	0	0
2.99	1	6	300	1	9	26	1836	0	0	0
2.991	1	7	300	2	10	28	2196	0	0	0
2.994	1	4	300	5	4	28	2196	0	0	0
2.996	1	9	300	7	11	28	2196	0	0	0
2.998	1	3	300	9	3	12	597	0	0	0
3	1	1	301	1	1	28	2196	0	0	0
3.001	1	8	301	2	2	28	2196	0	0	0
3.002	1	7	301	3	10	28	2196	0	0	0
3.003	1	2	301	4	15	28	2196	0	0	0
3.009	1	6	301	10	9	28	2196	0	0	0
3.01	1	3	302	1	3	20	1191	0	0	0
3.012	1	10	302	3	16	20	1191	0	0	0
3.015	1	5	302	6	12	28	2196	0	0	0
3.017	1	1	302	8	1	28	2196	0	0	0
3.019	1	9	302	10	11	28	2196	0	0	0
3.02	1	7	303	1	10	28	2196	0	0	0
3.021	1	2	303	2	15	28	2196	0	0	0
3.023	1	2	303	4	15	28	2196	0	0	0
3.026	1	5	303	7	12	28	2196	0	0	0
3.031	1	6	304	2	9	20	1191	0	0	0
3.032	1	8	304	3	2	28	2196	0	0	0
3.036	1	6	304	7	9	24	1620	0	0	0
3.04	1	5	305	1	12	28	2196	0	0	0
3.041	1	1	305	2	1	28	2196	0	0	0
3.042	1	6	305	3	9	28	2196	0	0	0
3.047	1	10	305	8	16	24	1620	0	0	0
3.049	1	2	305	10	15	28	2196	0	0	0
3.051	1	8	306	2	2	28	2196	0	0	0
3.052	1	6	306	3	9	28	2196	0	0	0
3.054	1	5	306	5	12	28	2196	0	0	0
3.055	1	3	306	6	3	28	2196	0	0	0
3.056	1	8	306	7	2	28	2196	0	0	0
3.06	1	7	307	1	10	22	1383	0	0	0
3.065	1	4	307	6	4	28	2196	0	0	0
3.066	1	1	307	7	1	28	2196	0	0	0
3.069	1	9	307	10	11	28	2196	0	0	0
3.071	1	5	308	2	12	28	2196	0	0	0
3.072	1	9	308	3	11	28	2196	0	0	0
3.074	1	10	308	5	16	20	1191	0	0	0
3.077	1	10	308	8	16	20	1191	0	0	0
3.08	1	6	309	1	9	28	2196	0	0	0
3.081	1	7	309	2	10	28	2196	0	0	0
3.083	1	7	309	4	10	28	2196	0	0	0
3.087	1	3	309	8	3	28	2196	0	0	0
3.088	1	4	309	9	4	28	2196	0	0	0
3.089	1	2	309	10	15	28	2196	0	0	0
3.091	1	4	310	2	4	28	2196	0	0	0
3.098	1	1	310	9	1	28	2196	0	0	0
3.099	1	5	310	10	12	28	2196	0	0	0
3.101	1	2	311	2	15	28	2196	0	0	0
3.102	1	3	311	3	3	28	749	0	0	0
3.102	1	10	311	3	16	26	1239	0	0	0
3.103	1	6	311	4	9	28	549	0	0	0
3.103	1	7	311	4	10	28	1692	0	0	0
3.106	1	8	311	7	2	28	2196	0	0	0
3.107	1	5	311	8	12	28	2196	0	0	0
3.111	1	10	312	2	16	26	1836	0	0	0
3.116	1	10	312	7	16	28	2196	0	0	0
3.117	1	2	312	8	15	28	2196	0	0	0
3.123	1	5	313	4	12	28	2196	0	0	0
3.128	1	3	313	9	3	28	2196	0	0	0
3.129	1	4	313	10	4	28	2196	0	0	0
3.13	1	9	314	1	11	28	2196	0	0	0
3.131	1	7	314	2	10	28	2196	0	0	0
3.135	1	6	314	6	9	28	2196	0	0	0
3.136	1	7	314	7	10	28	2196	0	0	0
3.137	1	2	314	8	15	28	2196	0	0	0
3.139	1	10	314	10	16	28	2196	0	0	0
3.14	1	3	315	1	3	28	2196	0	0	0
3.142	1	1	315	3	1	28	2196	0	0	0
3.149	1	5	315	10	12	28	2196	0	0	0
3.15	1	7	316	1	10	28	2196	0	0	0
3.154	1	10	316	5	16	28	2196	0	0	0
3.157	1	3	316	8	3	28	2196	0	0	0
3.163	1	8	317	4	2	28	2196	0	0	0
3.164	1	4	317	5	4	28	2196	0	0	0
3.165	1	3	317	6	3	28	2196	0	0	0
3.169	1	9	317	10	11	28	2196	0	0	0
3.17	1	6	318	1	9	28	2196	0	0	0
3.172	1	2	318	3	15	28	2196	0	0	0
3.176	1	5	318	7	12	28	2196	0	0	0
3.177	1	7	318	8	10	28	2196	0	0	0
3.18	1	4	319	1	4	28	2196	0	0	0
3.181	1	6	319	2	9	28	2052	0	0	0
3.181	1	2	319	2	15	28	185	0	0	0
3.182	1	8	319	3	2	24	1620	0	0	0
3.185	1	9	319	6	11	28	2196	0	0	0
3.187	1	9	319	8	11	28	2196	0	0	0
3.188	1	3	319	9	3	28	2196	0	0	0
3.193	1	1	320	4	1	28	2196	0	0	0
3.197	1	7	320	8	10	28	2196	0	0	0
3.198	1	5	320	9	12	28	2196	0	0	0
3.203	1	5	321	4	12	28	2196	0	0	0
3.21	1	8	322	1	2	28	2196	0	0	0
3.211	1	4	322	2	4	28	2196	0	0	0
3.212	1	2	322	3	15	28	2196	0	0	0
3.213	1	7	322	4	10	28	2196	0	0	0
3.215	1	9	322	6	11	28	2196	0	0	0
3.218	1	1	322	9	1	28	2196	0	0	0
3.223	1	2	323	4	15	28	2196	0	0	0
3.226	1	7	323	7	10	28	2196	0	0	0
3.228	1	8	323	9	2	28	2196	0	0	0
3.229	1	4	323	10	4	28	2196	0	0	0
3.23	1	3	324	1	3	28	2196	0	0	0
3.231	1	9	324	2	11	28	2196	0	0	0
3.232	1	5	324	3	12	28	2196	0	0	0
3.235	1	10	324	6	16	26	1836	0	0	0
3.238	1	7	324	9	10	24	1620	0	0	0
3.245	1	6	325	6	9	28	2196	0	0	0
3.246	1	2	325	7	15	20	1191	0	0	0
3.247	1	7	325	8	10	28	2196	0	0	0
3.248	1	8	325	9	2	28	2196	0	0	0
3.256	1	1	326	7	1	28	2196	0	0	0
3.257	1	3	326	8	3	28	2196	0	0	0
3.258	1	4	326	9	4	28	2196	0	0	0
3.259	1	6	326	10	9	28	2196	0	0	0
3.26	1	2	327	1	15	28	2196	0	0	0
3.262	1	3	327	3	3	28	2196	0	0	0
3.263	1	1	327	4	1	28	2196	0	0	0
3.267	1	10	327	8	16	28	2196	0	0	0
3.269	1	7	327	10	10	28	2196	0	0	0
3.271	1	2	328	2	15	28	2196	0	0	0
3.272	1	7	328	3	10	28	2196	0	0	0
3.273	1	9	328	4	11	28	2196	0	0	0
3.274	1	8	328	5	2	28	2052	0	0	0
3.274	1	6	328	5	9	28	185	0	0	0
3.278	1	4	328	9	4	28	2196	0	0	0
3.279	1	1	328	10	1	28	2196	0	0	0
3.283	1	8	329	4	2	28	2196	0	0	0
3.286	1	4	329	7	4	28	2196	0	0	0
3.289	1	6	329	10	9	26	1836	0	0	0
3.292	1	9	330	3	11	28	2196	0	0	0
3.293	1	5	330	4	12	28	2196	0	0	0
3.294	1	7	330	5	10	28	2196	0	0	0
3.298	1	2	330	9	15	28	2196	0	0	0
3.299	1	8	330	10	2	28	2196	0	0	0
3.303	1	4	331	4	4	28	2196	0	0	0
3.308	1	8	331	9	2	28	2196	0	0	0
3.309	1	6	331	10	9	28	2196	0	0	0
3.31	1	9	332	1	11	28	2196	0	0	0
3.311	1	4	332	2	4	28	2196	0	0	0
3.312	1	7	332	3	10	28	2196	0	0	0
3.313	1	3	332	4	3	28	2196	0	0	0
3.315	1	7	332	6	10	28	2196	0	0	0
3.321	1	1	333	2	1	28	2196	0	0	0
3.324	1	5	333	5	12	28	2196	0	0	0
3.325	1	10	333	6	16	24	1620	0	0	0
3.326	1	3	333	7	3	28	2052	0	0	0
3.326	1	9	333	7	11	28	185	0	0	0
3.332	1	2	334	3	15	28	2196	0	0	0
3.335	1	4	334	6	4	24	1620	0	0	0
3.336	1	1	334	7	1	28	2196	0	0	0
3.337	1	8	334	8	2	28	2196	0	0	0
3.338	1	7	334	9	10	28	2196	0	0	0
3.341	1	5	335	2	12	28	2196	0	0	0
3.342	1	10	335	3	16	24	1620	0	0	0
3.343	1	2	335	4	15	28	2196	0	0	0
3.344	1	1	335	5	1	28	2196	0	0	0
3.345	1	3	335	6	3	28	2196	0	0	0
3.348	1	6	335	9	9	26	1836	0	0	0
3.349	1	10	335	10	16	22	1383	0	0	0
3.35	1	3	336	1	3	28	2196	0	0	0
3.351	1	1	336	2	1	28	2196	0	0	0
3.352	1	9	336	3	11	28	2196	0	0	0
3.359	1	5	336	10	12	28	2196	0	0	0
3.36	1	6	337	1	9	24	1620	0	0	0
3.361	1	4	337	2	4	28	2196	0	0	0
3.365	1	9	337	6	11	28	2196	0	0	0
3.366	1	2	337	7	15	28	2196	0	0	0
3.368	1	1	337	9	1	28	2196	0	0	0
3.37	1	3	338	1	3	28	2196	0	0	0
3.372	1	2	338	3	15	28	2196	0	0	0
3.374	1	5	338	5	12	28	2196	0	0	0
3.375	1	4	338	6	4	28	2196	0	0	0
3.376	1	7	338	7	10	28	2196	0	0	0
3.378	1	2	338	9	15	28	2196	0	0	0
3.379	1	10	338	10	16	22	1383	0	0	0
3.383	1	7	339	4	10	28	2196	0	0	0
3.384	1	2	339	5	15	28	2196	0	0	0
3.387	1	4	339	8	4	28	2196	0	0	0
3.39	1	1	340	1	1	28	2196	0	0	0
3.391	1	5	340	2	12	28	2196	0	0	0
3.392	1	4	340	3	4	28	2196	0	0	0
3.393	1	7	340	4	10	20	1191	0	0	0
3.395	1	6	340	6	9	28	2196	0	0	0
3.396	1	9	340	7	11	28	2196	0	0	0
3.399	1	6	340	10	9	24	1620	0	0	0
3.401	1	1	341	2	1	28	2196	0	0	0
3.402	1	7	341	3	10	28	2196	0	0	0
3.404	1	5	341	5	12	28	2196	0	0	0
3.406	1	2	341	7	15	28	2196	0	0	0
3.407	1	10	341	8	16	28	2196	0	0	0
3.411	1	5	342	2	12	28	2196	0	0	0
3.412	1	8	342	3	2	22	1287	0	0	0
3.412	1	4	342	3	4	28	185	0	0	0
3.416	1	6	342	7	9	28	2196	0	0	0
3.417	1	2	342	8	15	28	2196	0	0	0
3.419	1	3	342	10	3	26	1836	0	0	0
3.42	1	1	343	1	1	28	2196	0	0	0
3.422	1	10	343	3	16	18	967	0	0	0
3.423	1	5	343	4	12	28	2196	0	0	0
3.424	1	9	343	5	11	28	2196	0	0	0
3.425	1	1	343	6	1	28	2196	0	0	0
3.426	1	6	343	7	9	28	2196	0	0	0
3.432	1	3	344	3	3	28	2196	0	0	0
3.433	1	2	344	4	15	28	2196	0	0	0
3.436	1	9	344	7	11	28	2196	0	0	0
3.437	1	1	344	8	1	28	2196	0	0	0
3.442	1	4	345	3	4	28	2196	0	0	0
3.443	1	8	345	4	2	28	2196	0	0	0
3.447	1	5	345	8	12	28	2196	0	0	0
3.453	1	8	346	4	2	28	2196	0	0	0
3.455	1	9	346	6	11	28	2196	0	0	0
3.457	1	10	346	8	16	16	903	0	0	0
3.458	1	5	346	9	12	28	2196	0	0	0
3.463	1	7	347	4	10	28	2196	0	0	0
3.466	1	1	347	7	1	28	2196	0	0	0
3.469	1	7	347	10	10	28	2196	0	0	0
3.471	1	3	348	2	3	28	2196	0	0	0
3.475	1	10	348	6	16	14	775	0	0	0
3.476	1	2	348	7	15	28	2196	0	0	0
3.479	1	6	348	10	9	28	2196	0	0	0
3.484	1	10	349	5	16	20	1191	0	0	0
3.487	1	3	349	8	3	28	2196	0	0	0
3.489	1	9	349	10	11	28	2196	0	0	0
3.493	1	5	350	4	12	28	2196	0	0	0
3.497	1	10	350	8	16	20	1191	0	0	0
3.5	1	6	351	1	9	28	2196	0	0	0
3.501	1	4	351	2	4	28	2196	0	0	0
3.502	1	1	351	3	1	28	2196	0	0	0
3.505	1	6	351	6	9	20	1191	0	0	0
3.506	1	8	351	7	2	28	2196	0	0	0
3.508	1	7	351	9	10	28	2196	0	0	0
3.515	1	3	352	6	3	28	2196	0	0	0
3.516	1	6	352	7	9	24	1620	0	0	0
3.517	1	8	352	8	2	28	2196	0	0	0
3.518	1	2	352	9	15	28	2196	0	0	0
3.519	1	1	352	10	1	28	2196	0	0	0
3.523	1	10	353	4	16	24	1620	0	0	0
3.524	1	3	353	5	3	28	2196	0	0	0
3.531	1	1	354	2	1	28	2196	0	0	0
3.533	1	3	354	4	3	28	2196	0	0	0
3.536	1	5	354	7	12	28	2196	0	0	0
3.539	1	4	354	10	4	28	2196	0	0	0
3.54	1	5	355	1	12	28	2196	0	0	0
3.541	1	2	355	2	15	28	2196	0	0	0
3.542	1	10	355	3	16	26	1836	0	0	0
3.543	1	1	355	4	1	28	2196	0	0	0
3.546	1	3	355	7	3	28	2196	0	0	0
3.547	1	9	355	8	11	28	2196	0	0	0
3.548	1	8	355	9	2	28	2196	0	0	0
3.549	1	7	355	10	10	28	2196	0	0	0
3.55	1	4	356	1	4	28	2196	0	0	0
3.551	1	1	356	2	1	28	185	0	0	0
3.551	1	6	356	2	9	22	1287	0	0	0
3.552	1	1	356	3	1	28	2196	0	0	0
3.555	1	8	356	6	2	28	2196	0	0	0
3.556	1	3	356	7	3	28	2196	0	0	0
3.557	1	6	356	8	9	28	2052	0	0	0
3.557	1	5	356	8	12	28	185	0	0	0
3.562	1	1	357	3	1	28	2196	0	0	0
3.566	1	2	357	7	15	28	2196	0	0	0
3.57	1	6	358	1	9	28	2196	0	0	0
3.571	1	2	358	2	15	28	2196	0	0	0
3.575	1	5	358	6	12	28	2196	0	0	0
3.576	1	10	358	7	16	28	2196	0	0	0
3.577	1	2	358	8	15	28	2196	0	0	0
3.578	1	9	358	9	11	28	2196	0	0	0
3.579	1	7	358	10	10	28	2196	0	0	0
3.581	1	6	359	2	9	28	2196	0	0	0
3.584	1	9	359	5	11	28	2196	0	0	0
3.585	1	8	359	6	2	28	2196	0	0	0
3.591	1	2	360	2	15	28	2196	0	0	0
3.592	1	9	360	3	11	28	2196	0	0	0
3.593	1	4	360	4	4	28	2196	0	0	0
3.594	1	7	360	5	10	28	2196	0	0	0
3.597	1	6	360	8	9	28	2196	0	0	0
3.6	1	5	361	1	12	28	2196	0	0	0
3.605	1	4	361	6	4	28	2196	0	0	0
3.611	1	10	362	2	16	28	2196	0	0	0
3.612	1	2	362	3	15	28	2196	0	0	0
3.613	1	6	362	4	9	28	2196	0	0	0
3.614	1	3	362	5	3	28	2196	0	0	0
3.617	1	8	362	8	2	28	2196	0	0	0
3.618	1	9	362	9	11	28	2196	0	0	0
3.62	1	6	363	1	9	28	2196	0	0	0
3.621	1	7	363	2	10	28	2196	0	0	0
3.622	1	2	363	3	15	28	2196	0	0	0
3.626	1	5	363	7	12	28	2196	0	0	0
3.632	1	3	364	3	3	28	2196	0	0	0
3.634	1	10	364	5	16	28	2196	0	0	0
3.636	1	8	364	7	2	28	2196	0	0	0
3.638	1	1	364	9	1	28	2196	0	0	0
3.639	1	9	364	10	11	28	2196	0	0	0
3.641	1	2	365	2	15	28	2196	0	0	0
3.644	1	4	365	5	4	28	2196	0	0	0
3.646	1	3	365	7	3	28	2196	0	0	0
3.647	1	7	365	8	10	28	2196	0	0	0
3.648	1	8	365	9	2	28	2196	0	0	0
3.651	1	5	366	2	12	28	2196	0	0	0
3.652	1	9	366	3	11	28	2196	0	0	0
3.656	1	10	366	7	16	24	1620	0	0	0
3.658	1	3	366	9	3	28	2196	0	0	0
3.659	1	6	366	10	9	28	2196	0	0	0
3.664	1	10	367	5	16	20	1191	0	0	0
3.666	1	3	367	7	3	28	2196	0	0	0
3.667	1	2	367	8	15	28	2196	0	0	0
3.669	1	3	367	10	3	28	2196	0	0	0
3.672	1	5	368	3	12	28	2196	0	0	0
3.674	1	7	368	5	10	28	2196	0	0	0
3.677	1	4	368	8	4	28	2196	0	0	0
3.678	1	9	368	9	11	28	2196	0	0	0
3.679	1	2	368	10	15	28	2196	0	0	0
3.682	1	1	369	3	1	28	2196	0	0	0
3.683	1	4	369	4	4	28	2196	0	0	0
3.684	1	5	369	5	12	28	2196	0	0	0
3.691	1	6	370	2	9	28	2196	0	0	0
3.697	1	5	370	8	12	28	2196	0	0	0
3.698	1	4	370	9	4	28	2196	0	0	0
3.7	1	10	371	1	16	24	1620	0	0	0
3.701	1	8	371	2	2	28	2196	0	0	0
3.702	1	5	371	3	12	28	2196	0	0	0
3.705	1	9	371	6	11	28	2196	0	0	0
3.707	1	10	371	8	16	28	2196	0	0	0
3.71	1	8	372	1	2	28	2196	0	0	0
3.712	1	4	372	3	4	28	2196	0	0	0
3.719	1	9	372	10	11	28	2196	0	0	0
3.721	1	1	373	2	1	28	2196	0	0	0
3.722	1	2	373	3	15	28	2196	0	0	0
3.723	1	3	373	4	3	28	2196	0	0	0
3.724	1	7	373	5	10	28	2196	0	0	0
3.725	1	5	373	6	12	28	185	0	0	0
3.725	1	10	373	6	16	26	1692	0	0	0
3.727	1	9	373	8	11	28	2196	0	0	0
3.731	1	6	374	2	9	28	2196	0	0	0
3.734	1	9	374	5	11	28	2196	0	0	0
3.738	1	2	374	9	15	28	2196	0	0	0
3.741	1	10	375	2	16	28	2196	0	0	0
3.742	1	4	375	3	4	28	2196	0	0	0
3.745	1	1	375	6	1	28	2196	0	0	0
3.746	1	8	375	7	2	28	2196	0	0	0
3.753	1	5	376	4	12	28	2196	0	0	0
3.756	1	5	376	7	12	28	2196	0	0	0
3.758	1	2	376	9	15	28	2196	0	0	0
3.764	1	6	377	5	9	26	1836	0	0	0
3.767	1	3	377	8	3	28	2196	0	0	0
3.768	1	9	377	9	11	28	2196	0	0	0
3.769	1	5	377	10	12	28	2196	0	0	0
3.774	1	1	378	5	1	28	2196	0	0	0
3.775	1	4	378	6	4	28	2196	0	0	0
3.777	1	8	378	8	2	28	2196	0	0	0
3.778	1	5	378	9	12	28	2196	0	0	0
3.784	1	3	379	5	3	28	2052	0	0	0
3.784	1	2	379	5	15	28	185	0	0	0
3.787	1	7	379	8	10	28	2196	0	0	0
3.788	1	8	379	9	2	28	2196	0	0	0
3.789	1	9	379	10	11	28	2196	0	0	0
3.794	1	7	380	5	10	28	2196	0	0	0
3.795	1	8	380	6	2	28	2196	0	0	0
3.798	1	5	380	9	12	28	2196	0	0	0
3.802	1	9	381	3	11	28	2196	0	0	0
3.803	1	1	381	4	1	28	2196	0	0	0
3.804	1	10	381	5	16	24	1620	0	0	0
3.817	1	6	382	8	9	28	2196	0	0	0
3.818	1	1	382	9	1	28	2196	0	0	0
3.819	1	10	382	10	16	22	1383	0	0	0
3.82	1	5	383	1	12	28	2196	0	0	0
3.823	1	5	383	4	12	28	2196	0	0	0
3.827	1	8	383	8	2	28	2196	0	0	0
3.829	1	1	383	10	1	28	2196	0	0	0
3.83	1	3	384	1	3	28	2196	0	0	0
3.831	1	7	384	2	10	28	2196	0	0	0
3.832	1	9	384	3	11	28	2196	0	0	0
3.833	1	8	384	4	2	28	2196	0	0	0
3.837	1	6	384	8	9	24	1620	0	0	0
3.838	1	9	384	9	11	28	373	0	0	0
3.838	1	10	384	9	16	22	1143	0	0	0
3.841	1	3	385	2	3	28	2196	0	0	0
3.844	1	1	385	5	1	28	2196	0	0	0
3.845	1	3	385	6	3	28	2196	0	0	0
3.846	1	8	385	7	2	28	2196	0	0	0
3.847	1	4	385	8	4	28	2196	0	0	0
3.848	1	1	385	9	1	28	2196	0	0	0
3.85	1	5	386	1	12	28	2196	0	0	0
3.851	1	9	386	2	11	28	2196	0	0	0
3.852	1	2	386	3	15	22	1383	0	0	0
3.853	1	6	386	4	9	20	1191	0	0	0
3.862	1	7	387	3	10	28	2196	0	0	0
3.864	1	1	387	5	1	28	2196	0	0	0
3.868	1	4	387	9	4	28	2196	0	0	0
3.869	1	3	387	10	3	28	2196	0	0	0
3.871	1	10	388	2	16	24	1620	0	0	0
3.875	1	6	388	6	9	28	2196	0	0	0
3.878	1	4	388	9	4	22	1383	0	0	0
3.879	1	5	388	10	12	28	2196	0	0	0
3.88	1	1	389	1	1	28	2196	0	0	0
3.881	1	8	389	2	2	28	2196	0	0	0
3.882	1	9	389	3	11	28	2196	0	0	0
3.883	1	6	389	4	9	28	2196	0	0	0
3.884	1	4	389	5	4	28	2196	0	0	0
3.887	1	5	389	8	12	28	2196	0	0	0
3.888	1	2	389	9	15	28	2196	0	0	0
3.89	1	4	390	1	4	28	2196	0	0	0
3.891	1	1	390	2	1	28	2196	0	0	0
3.892	1	5	390	3	12	28	2196	0	0	0
3.898	1	8	390	9	2	28	2196	0	0	0
3.9	1	1	391	1	1	28	2196	0	0	0
3.902	1	9	391	3	11	28	2196	0	0	0
3.903	1	4	391	4	4	28	2196	0	0	0
3.904	1	2	391	5	15	28	2196	0	0	0
3.905	1	6	391	6	9	28	2196	0	0	0
3.906	1	8	391	7	2	28	2196	0	0	0
3.907	1	10	391	8	16	28	2196	0	0	0
3.908	1	7	391	9	10	28	2196	0	0	0
3.909	1	2	391	10	15	28	2196	0	0	0
3.916	1	3	392	7	3	26	1836	0	0	0
