% start	end	CellId	IMSI	RNTI	LCID	nTxPDUs	TxBytes	nRxPDUs	RxBytes	delay	stdDev	min	max	PduSize	stdDev	min	max
0	0.25	1	1	1	4	23	9095	23	9095	0.003	0	0.003	0.003	395.435	111.469	81	627	
0	0.25	1	2	10	3	23	8314	23	8314	0.003	0	0.003	0.003	361.478	130.527	81	627	
0	0.25	1	3	15	3	22	8156	22	8156	0.003	0	0.003	0.003	370.727	105.355	81	470	
0	0.25	1	4	9	3	23	9097	23	9097	0.003	0	0.003	0.003	395.522	125.557	81	627	
0	0.25	1	5	11	3	23	8471	22	8157	0.003	0	0.003	0.003	370.773	110.761	81	627	
0	0.25	1	6	3	3	23	9095	23	9095	0.003	0	0.003	0.003	395.435	111.469	81	627	
0	0.25	1	7	12	3	23	9096	22	8939	0.003	0	0.003	0.003	406.318	131.17	81	627	
0	0.25	1	8	2	3	23	9407	23	9407	0.003	0	0.003	0.003	409	141.218	81	627	
0	0.25	1	9	4	3	22	8468	22	8468	0.003	0	0.003	0.003	384.909	125.225	157	627	
0	0.25	1	10	16	3	22	8467	22	8467	0.003	0	0.003	0.003	384.864	117.731	81	470	
0.25	0.5	1	1	1	4	25	9878	25	9878	0.003	0	0.003	0.003	395.12	102.09	157	627	
0.25	0.5	1	2	10	3	25	9565	25	9565	0.003	0	0.003	0.003	382.6	128.387	157	627	
0.25	0.5	1	3	15	3	25	9877	25	9877	0.003	0	0.003	0.003	395.08	91.5159	157	470	
0.25	0.5	1	4	9	3	25	10191	25	10191	0.003	0	0.003	0.003	407.64	110.568	157	627	
0.25	0.5	1	5	11	3	25	10501	25	10345	0.003	0	0.003	0.003	413.8	109.476	157	627	
0.25	0.5	1	6	3	3	25	9721	25	9721	0.003	0	0.003	0.003	388.84	91.5131	157	470	
0.25	0.5	1	7	12	3	25	10660	25	10190	0.003	0	0.003	0.003	407.6	135.533	157	627	
0.25	0.5	1	8	2	3	25	10035	25	10035	0.003	0	0.003	0.003	401.4	91.0659	314	627	
0.25	0.5	1	9	4	3	25	9877	25	9877	0.003	0	0.003	0.003	395.08	157.339	157	627	
0.25	0.5	1	10	16	3	25	9879	25	9879	0.003	0	0.003	0.003	395.16	111.668	157	627	
0.5	0.75	1	1	1	4	25	9566	25	9566	0.003	0	0.003	0.003	382.64	120.152	157	627	
0.5	0.75	1	2	10	3	25	9721	25	9721	0.003	0	0.003	0.003	388.84	91.5131	157	470	
0.5	0.75	1	3	15	3	25	8941	25	8941	0.003	0	0.003	0.003	357.64	123.877	157	627	
0.5	0.75	1	4	9	3	25	10191	25	10191	0.003	0	0.003	0.003	407.64	110.568	157	627	
0.5	0.75	1	5	11	3	25	9098	25	9098	0.003	0	0.003	0.003	363.92	117.074	157	627	
0.5	0.75	1	6	3	3	25	9721	25	9721	0.003	0	0.003	0.003	388.84	128.704	157	627	
0.5	0.75	1	7	12	3	25	9406	25	9563	0.003	0	0.003	0.003	382.52	143.446	157	627	
0.5	0.75	1	8	2	3	25	9096	25	9096	0.003	0	0.003	0.003	363.84	147.959	157	627	
0.5	0.75	1	9	4	3	25	9566	25	9566	0.003	0	0.003	0.003	382.64	101.692	157	627	
0.5	0.75	1	10	16	3	25	9723	25	9723	0.003	0	0.003	0.003	388.92	91.5159	314	627	
0.75	1	1	1	1	4	25	10191	25	10191	0.003	0	0.003	0.003	407.64	90.1678	314	627	
0.75	1	1	2	10	3	25	10505	25	10505	0.003	0	0.003	0.003	420.2	107.943	314	627	
0.75	1	1	3	15	3	25	9253	25	9253	0.003	0	0.003	0.003	370.12	109.46	157	627	
0.75	1	1	4	9	3	25	10501	25	10501	0.003	0	0.003	0.003	420.04	107.987	157	627	
0.75	1	1	5	11	3	25	9722	25	9722	0.003	0	0.003	0.003	388.88	79.5447	314	470	
0.75	1	1	6	3	3	25	10189	25	10189	0.003	0	0.003	0.003	407.56	90.1823	157	470	
0.75	1	1	7	12	3	25	9565	25	9565	0.003	0	0.003	0.003	382.6	111.302	157	627	
0.75	1	1	8	2	3	25	10347	25	10347	0.003	0	0.003	0.003	413.88	109.46	157	627	
0.75	1	1	9	4	3	25	10036	25	10036	0.003	0	0.003	0.003	401.44	101.685	314	627	
0.75	1	1	10	16	3	25	8938	25	8938	0.003	0	0.003	0.003	357.52	146.559	157	627	
1	1.25	1	1	1	4	25	10190	25	10190	0.003	0	0.003	0.003	407.6	119.475	157	627	
1	1.25	1	2	10	3	25	9563	25	9563	0.003	0	0.003	0.003	382.52	128.381	157	627	
1	1.25	1	3	15	3	25	9097	25	9097	0.003	0	0.003	0.003	363.88	125.505	157	627	
1	1.25	1	4	9	3	25	10189	25	10189	0.003	0	0.003	0.003	407.56	90.1823	157	470	
1	1.25	1	5	11	3	25	9565	25	9721	0.003	0	0.003	0.003	388.84	111.668	157	627	
1	1.25	1	6	3	3	25	10035	25	10035	0.003	0	0.003	0.003	401.4	91.0659	314	627	
1	1.25	1	7	12	3	25	8782	25	8938	0.003	0	0.003	0.003	357.52	131.85	157	627	
1	1.25	1	8	2	3	25	9563	25	9563	0.003	0	0.003	0.003	382.52	111.295	157	470	
1	1.25	1	9	4	3	25	9567	25	9567	0.003	0	0.003	0.003	382.68	111.309	157	627	
1	1.25	1	10	16	3	25	10034	25	10034	0.003	0	0.003	0.003	401.36	101.692	157	627	
1.25	1.5	1	1	1	4	25	9878	25	9878	0.003	0	0.003	0.003	395.12	102.09	157	627	
1.25	1.5	1	2	10	3	25	8941	25	8941	0.003	0	0.003	0.003	357.64	106.068	157	627	
1.25	1.5	1	3	15	3	25	10035	25	10035	0.003	0	0.003	0.003	401.4	128.387	157	627	
1.25	1.5	1	4	9	3	25	9565	25	9565	0.003	0	0.003	0.003	382.6	111.302	157	627	
1.25	1.5	1	5	11	3	25	10505	25	10349	0.003	0	0.003	0.003	413.96	109.443	314	627	
1.25	1.5	1	6	3	3	25	9564	25	9564	0.003	0	0.003	0.003	382.56	120.145	157	627	
1.25	1.5	1	7	12	3	25	9879	25	9723	0.003	0	0.003	0.003	388.92	91.5159	314	627	
1.25	1.5	1	8	2	3	25	10191	25	10191	0.003	0	0.003	0.003	407.64	90.1678	314	627	
1.25	1.5	1	9	4	3	25	10193	25	10193	0.003	0	0.003	0.003	407.72	127.741	157	627	
1.25	1.5	1	10	16	3	25	10505	25	10505	0.003	0	0.003	0.003	420.2	107.943	314	627	
1.5	1.75	1	1	1	4	25	9409	25	9409	0.003	0	0.003	0.003	376.36	127.751	157	627	
1.5	1.75	1	2	10	3	25	9879	25	9879	0.003	0	0.003	0.003	395.16	91.5131	314	627	
1.5	1.75	1	3	15	3	25	10504	25	10504	0.003	0	0.003	0.003	420.16	98.013	314	627	
1.5	1.75	1	4	9	3	25	10190	25	10190	0.003	0	0.003	0.003	407.6	100.891	157	627	
1.5	1.75	1	5	11	3	25	10346	25	10189	0.003	0	0.003	0.003	407.56	142.892	157	627	
1.5	1.75	1	6	3	3	25	9252	25	9252	0.003	0	0.003	0.003	370.08	118.436	157	627	
1.5	1.75	1	7	12	3	25	9722	25	9722	0.003	0	0.003	0.003	388.88	102.09	157	627	
1.5	1.75	1	8	2	3	25	10192	25	10192	0.003	0	0.003	0.003	407.68	119.464	157	627	
1.5	1.75	1	9	4	3	25	9722	25	9722	0.003	0	0.003	0.003	388.88	120.489	157	627	
1.5	1.75	1	10	16	3	25	10190	25	10190	0.003	0	0.003	0.003	407.6	78	314	470	
1.75	2	1	1	1	4	25	9722	25	9722	0.003	0	0.003	0.003	388.88	102.09	157	627	
1.75	2	1	2	10	3	25	9877	25	9877	0.003	0	0.003	0.003	395.08	111.67	157	627	
1.75	2	1	3	15	3	25	9408	25	9408	0.003	0	0.003	0.003	376.32	119.464	157	627	
1.75	2	1	4	9	3	25	10032	25	10032	0.003	0	0.003	0.003	401.28	101.7	157	470	
1.75	2	1	5	11	3	25	9881	25	10194	0.003	0	0.003	0.003	407.76	119.453	314	627	
1.75	2	1	6	3	3	25	10035	25	10035	0.003	0	0.003	0.003	401.4	111.302	157	627	
1.75	2	1	7	12	3	25	10660	25	10816	0.003	0	0.003	0.003	432.64	93.3389	314	627	
1.75	2	1	8	2	3	25	9881	25	9881	0.003	0	0.003	0.003	395.24	111.666	314	627	
1.75	2	1	9	4	3	25	9722	25	9722	0.003	0	0.003	0.003	388.88	79.5447	314	470	
1.75	2	1	10	16	3	25	10817	25	10817	0.003	0	0.003	0.003	432.68	103.713	314	627	
2	2.25	1	1	1	4	25	10031	25	10031	0.003	0	0.003	0.003	401.24	111.316	157	470	
2	2.25	1	2	10	3	25	9566	25	9566	0.003	0	0.003	0.003	382.64	101.692	157	627	
2	2.25	1	3	15	3	25	8786	25	8786	0.003	0	0.003	0.003	351.44	93.3752	157	627	
2	2.25	1	4	9	3	25	10658	25	10658	0.003	0	0.003	0.003	426.32	95.946	157	627	
2	2.25	1	5	11	3	25	10034	25	9878	0.003	0	0.003	0.003	395.12	102.09	157	627	
2	2.25	1	6	3	3	25	8785	25	8785	0.003	0	0.003	0.003	351.4	103.745	157	627	
2	2.25	1	7	12	3	25	9566	25	9566	0.003	0	0.003	0.003	382.64	101.692	157	627	
2	2.25	1	8	2	3	25	9564	25	9564	0.003	0	0.003	0.003	382.56	101.685	157	470	
2	2.25	1	9	4	3	25	10190	25	10190	0.003	0	0.003	0.003	407.6	100.891	157	627	
2	2.25	1	10	16	3	25	10191	25	10191	0.003	0	0.003	0.003	407.64	110.568	157	627	
2.25	2.5	1	1	1	4	25	10347	25	10347	0.003	0	0.003	0.003	413.88	88.8052	314	627	
2.25	2.5	1	2	10	3	25	9096	25	9096	0.003	0	0.003	0.003	363.84	98.013	157	470	
2.25	2.5	1	3	15	3	25	10816	25	10816	0.003	0	0.003	0.003	432.64	93.3389	314	627	
2.25	2.5	1	4	9	3	25	9722	25	9722	0.003	0	0.003	0.003	388.88	102.09	157	627	
2.25	2.5	1	5	11	3	25	9723	25	9723	0.003	0	0.003	0.003	388.92	91.5159	314	627	
2.25	2.5	1	6	3	3	25	9408	25	9408	0.003	0	0.003	0.003	376.32	119.464	157	627	
2.25	2.5	1	7	12	3	25	10034	25	9878	0.003	0	0.003	0.003	395.12	79.5447	314	470	
2.25	2.5	1	8	2	3	25	9566	25	9566	0.003	0	0.003	0.003	382.64	101.692	157	627	
2.25	2.5	1	9	4	3	25	9410	25	9410	0.003	0	0.003	0.003	376.4	119.475	157	627	
2.25	2.5	1	10	16	3	25	9564	25	9564	0.003	0	0.003	0.003	382.56	120.145	157	627	
2.5	2.75	1	1	1	4	25	9250	25	9250	0.003	0	0.003	0.003	370	118.421	157	470	
2.5	2.75	1	2	10	3	25	9565	25	9565	0.003	0	0.003	0.003	382.6	91.0659	157	470	
2.5	2.75	1	3	15	3	25	9724	25	9724	0.003	0	0.003	0.003	388.96	120.491	157	627	
2.5	2.75	1	4	9	3	25	10504	25	10504	0.003	0	0.003	0.003	420.16	98.013	314	627	
2.5	2.75	1	5	11	3	25	8784	25	8940	0.003	0	0.003	0.003	357.6	115.304	157	627	
2.5	2.75	1	6	3	3	25	10815	25	10815	0.003	0	0.003	0.003	432.6	137.576	157	783	
2.5	2.75	1	7	12	3	25	9879	25	10035	0.003	0	0.003	0.003	401.4	91.0659	314	627	
2.5	2.75	1	8	2	3	25	10034	25	10034	0.003	0	0.003	0.003	401.36	120.152	157	627	
2.5	2.75	1	9	4	3	25	9721	25	9721	0.003	0	0.003	0.003	388.84	91.5131	157	470	
2.5	2.75	1	10	16	3	25	9409	25	9409	0.003	0	0.003	0.003	376.36	90.1678	157	470	
2.75	3	1	1	1	4	25	10817	25	10817	0.003	0	0.003	0.003	432.68	103.713	314	627	
2.75	3	1	2	10	3	25	9876	25	9876	0.003	0	0.003	0.003	395.04	102.093	157	470	
2.75	3	1	3	15	3	25	9410	25	9410	0.003	0	0.003	0.003	376.4	100.891	157	627	
2.75	3	1	4	9	3	25	10189	25	10189	0.003	0	0.003	0.003	407.56	90.1823	157	470	
2.75	3	1	5	11	3	25	10501	25	10658	0.003	0	0.003	0.003	426.32	95.946	157	627	
2.75	3	1	6	3	3	25	9721	25	9721	0.003	0	0.003	0.003	388.84	128.704	157	627	
2.75	3	1	7	12	3	25	9720	25	9877	0.003	0	0.003	0.003	395.08	91.5159	157	470	
2.75	3	1	8	2	3	25	10192	25	10192	0.003	0	0.003	0.003	407.68	100.879	314	627	
2.75	3	1	9	4	3	25	9877	25	9877	0.003	0	0.003	0.003	395.08	91.5159	157	470	
2.75	3	1	10	16	3	25	9566	25	9566	0.003	0	0.003	0.003	382.64	101.692	157	627	
3	3.25	1	1	1	4	25	10189	25	10189	0.003	0	0.003	0.003	407.56	110.58	157	627	
3	3.25	1	2	10	3	25	10035	25	10035	0.003	0	0.003	0.003	401.4	111.302	157	627	
3	3.25	1	3	15	3	25	10192	25	10192	0.003	0	0.003	0.003	407.68	119.464	157	627	
3	3.25	1	4	9	3	25	9409	25	9409	0.003	0	0.003	0.003	376.36	127.751	157	627	
3	3.25	1	5	11	3	25	10191	25	9878	0.003	0	0.003	0.003	395.12	102.09	157	627	
3	3.25	1	6	3	3	25	9253	25	9253	0.003	0	0.003	0.003	370.12	109.46	157	627	
3	3.25	1	7	12	3	25	9565	25	9565	0.003	0	0.003	0.003	382.6	111.302	157	627	
3	3.25	1	8	2	3	25	9564	25	9564	0.003	0	0.003	0.003	382.56	120.145	157	627	
3	3.25	1	9	4	3	25	9723	25	9723	0.003	0	0.003	0.003	388.92	91.5159	314	627	
3	3.25	1	10	16	3	25	9878	25	9878	0.003	0	0.003	0.003	395.12	102.09	157	627	
3.25	3.5	1	1	1	4	25	9410	25	9410	0.003	0	0.003	0.003	376.4	100.891	157	627	
3.25	3.5	1	2	10	3	25	10032	25	10032	0.003	0	0.003	0.003	401.28	101.7	157	470	
3.25	3.5	1	3	15	3	25	9721	25	9721	0.003	0	0.003	0.003	388.84	91.5131	157	470	
3.25	3.5	1	4	9	3	25	9095	25	9095	0.003	0	0.003	0.003	363.8	140.861	157	627	
3.25	3.5	1	5	11	3	25	9250	25	9563	0.003	0	0.003	0.003	382.52	128.381	157	627	
3.25	3.5	1	6	3	3	25	9566	25	9566	0.003	0	0.003	0.003	382.64	101.692	157	627	
3.25	3.5	1	7	12	3	25	10035	25	9722	0.003	0	0.003	0.003	388.88	120.489	157	627	
3.25	3.5	1	8	2	3	25	10190	25	10190	0.003	0	0.003	0.003	407.6	119.475	157	627	
3.25	3.5	1	9	4	3	25	9255	25	9255	0.003	0	0.003	0.003	370.2	126.808	157	627	
3.25	3.5	1	10	16	3	25	10191	25	10191	0.003	0	0.003	0.003	407.64	90.1678	314	627	
3.5	3.75	1	1	1	4	25	8939	25	8939	0.003	0	0.003	0.003	357.56	106.041	157	470	
3.5	3.75	1	2	10	3	25	9719	25	9719	0.003	0	0.003	0.003	388.76	128.702	157	627	
3.5	3.75	1	3	15	3	25	9724	25	9724	0.003	0	0.003	0.003	388.96	120.491	157	627	
3.5	3.75	1	4	9	3	25	9567	25	9567	0.003	0	0.003	0.003	382.68	111.309	157	627	
3.5	3.75	1	5	11	3	25	9723	25	9410	0.003	0	0.003	0.003	376.4	100.891	157	627	
3.5	3.75	1	6	3	3	25	10190	25	10190	0.003	0	0.003	0.003	407.6	100.891	157	627	
3.5	3.75	1	7	12	3	25	9722	25	9722	0.003	0	0.003	0.003	388.88	102.09	157	627	
3.5	3.75	1	8	2	3	25	9876	25	9876	0.003	0	0.003	0.003	395.04	120.491	157	627	
3.5	3.75	1	9	4	3	25	10034	25	10034	0.003	0	0.003	0.003	401.36	79.0332	314	470	
3.5	3.75	1	10	16	3	25	9721	25	9721	0.003	0	0.003	0.003	388.84	91.5131	157	470	
3.75	4	1	1	1	4	25	9096	25	9096	0.003	0	0.003	0.003	363.84	117.054	157	627	
3.75	4	1	2	10	3	25	10192	25	10192	0.003	0	0.003	0.003	407.68	100.879	314	627	
3.75	4	1	3	15	3	25	9251	25	9251	0.003	0	0.003	0.003	370.04	109.443	157	470	
3.75	4	1	4	9	3	25	9878	25	9878	0.003	0	0.003	0.003	395.12	102.09	157	627	
3.75	4	1	5	11	3	25	10033	25	10033	0.003	0	0.003	0.003	401.32	91.0745	157	470	
3.75	4	1	6	3	3	25	10035	25	10035	0.003	0	0.003	0.003	401.4	111.302	157	627	
3.75	4	1	7	12	3	25	10190	25	10346	0.003	0	0.003	0.003	413.84	76.4241	314	470	
3.75	4	1	8	2	3	25	9721	25	9721	0.003	0	0.003	0.003	388.84	91.5131	157	470	
3.75	4	1	9	4	3	25	9098	25	9098	0.003	0	0.003	0.003	363.92	117.074	157	627	
3.75	4	1	10	16	3	25	8939	25	8939	0.003	0	0.003	0.003	357.56	106.041	157	470	
4	4.25	1	1	1	4	25	9723	25	9723	0.003	0	0.003	0.003	388.92	111.67	157	627	
4	4.25	1	2	10	3	25	10036	25	10036	0.003	0	0.003	0.003	401.44	120.145	157	627	
4	4.25	1	3	15	3	25	9410	25	9410	0.003	0	0.003	0.003	376.4	119.475	157	627	
4	4.25	1	4	9	3	25	9252	25	9252	0.003	0	0.003	0.003	370.08	99.6598	157	470	
4	4.25	1	5	11	3	25	9564	25	9564	0.003	0	0.003	0.003	382.56	101.685	157	470	
4	4.25	1	6	3	3	25	10349	25	10349	0.003	0	0.003	0.003	413.96	126.779	157	627	
4	4.25	1	7	12	3	25	10033	25	9877	0.003	0	0.003	0.003	395.08	111.67	157	627	
4	4.25	1	8	2	3	25	8942	25	8942	0.003	0	0.003	0.003	357.68	95.946	157	627	
4	4.25	1	9	4	3	25	9097	25	9097	0.003	0	0.003	0.003	363.88	86.9561	157	470	
4	4.25	1	10	16	3	25	9876	25	9876	0.003	0	0.003	0.003	395.04	102.093	157	470	
4.25	4.5	1	1	1	4	25	9095	25	9095	0.003	0	0.003	0.003	363.8	107.943	157	470	
4.25	4.5	1	2	10	3	25	9879	25	9879	0.003	0	0.003	0.003	395.16	91.5131	314	627	
4.25	4.5	1	3	15	3	25	10657	25	10657	0.003	0	0.003	0.003	426.28	106.095	157	627	
4.25	4.5	1	4	9	3	25	10347	25	10347	0.003	0	0.003	0.003	413.88	88.8052	314	627	
4.25	4.5	1	5	11	3	25	8940	25	8940	0.003	0	0.003	0.003	357.6	115.304	157	627	
4.25	4.5	1	6	3	3	25	10035	25	10035	0.003	0	0.003	0.003	401.4	111.302	157	627	
4.25	4.5	1	7	12	3	25	9565	25	9565	0.003	0	0.003	0.003	382.6	111.302	157	627	
4.25	4.5	1	8	2	3	25	9565	25	9565	0.003	0	0.003	0.003	382.6	128.387	157	627	
4.25	4.5	1	9	4	3	25	10190	25	10190	0.003	0	0.003	0.003	407.6	100.891	157	627	
4.25	4.5	1	10	16	3	25	8785	25	8785	0.003	0	0.003	0.003	351.4	81.6578	157	470	
4.5	4.75	1	1	1	4	25	10034	25	10034	0.003	0	0.003	0.003	401.36	101.692	157	627	
4.5	4.75	1	2	10	3	25	10504	25	10504	0.003	0	0.003	0.003	420.16	98.013	314	627	
4.5	4.75	1	3	15	3	25	9722	25	9722	0.003	0	0.003	0.003	388.88	120.489	157	627	
4.5	4.75	1	4	9	3	25	9880	25	9880	0.003	0	0.003	0.003	395.2	120.487	157	627	
4.5	4.75	1	5	11	3	25	9876	25	9876	0.003	0	0.003	0.003	395.04	102.093	157	470	
4.5	4.75	1	6	3	3	25	9879	25	9879	0.003	0	0.003	0.003	395.16	111.668	157	627	
4.5	4.75	1	7	12	3	25	10033	25	10033	0.003	0	0.003	0.003	401.32	111.309	157	627	
4.5	4.75	1	8	2	3	25	10504	25	10504	0.003	0	0.003	0.003	420.16	98.013	314	627	
4.5	4.75	1	9	4	3	25	10972	25	10972	0.003	0	0.003	0.003	438.88	90.2401	314	627	
4.5	4.75	1	10	16	3	25	9878	25	9878	0.003	0	0.003	0.003	395.12	102.09	157	627	
4.75	5	1	1	1	4	25	9876	25	9876	0.003	0	0.003	0.003	395.04	102.093	157	470	
4.75	5	1	2	10	3	25	10346	25	10346	0.003	0	0.003	0.003	413.84	76.4241	314	470	
4.75	5	1	3	15	3	25	10034	25	10034	0.003	0	0.003	0.003	401.36	79.0332	314	470	
4.75	5	1	4	9	3	25	10349	25	10349	0.003	0	0.003	0.003	413.96	126.779	157	627	
4.75	5	1	5	11	3	25	9097	25	9097	0.003	0	0.003	0.003	363.88	86.9561	157	470	
4.75	5	1	6	3	3	25	10034	25	10034	0.003	0	0.003	0.003	401.36	120.152	157	627	
4.75	5	1	7	12	3	25	10503	25	10659	0.003	0	0.003	0.003	426.36	84.5887	314	627	
4.75	5	1	8	2	3	25	9719	25	9719	0.003	0	0.003	0.003	388.76	128.702	157	627	
4.75	5	1	9	4	3	25	9878	25	9878	0.003	0	0.003	0.003	395.12	120.489	157	627	
4.75	5	1	10	16	3	25	9565	25	9565	0.003	0	0.003	0.003	382.6	91.0659	157	470	
5	5.25	1	1	1	4	25	9722	25	9722	0.003	0	0.003	0.003	388.88	120.489	157	627	
5	5.25	1	2	10	3	25	10347	25	10347	0.003	0	0.003	0.003	413.88	109.46	157	627	
5	5.25	1	3	15	3	25	10659	25	10659	0.003	0	0.003	0.003	426.36	106.068	157	627	
5	5.25	1	4	9	3	25	10191	25	10191	0.003	0	0.003	0.003	407.64	90.1678	314	627	
5	5.25	1	5	11	3	25	9722	25	9722	0.003	0	0.003	0.003	388.88	79.5447	314	470	
5	5.25	1	6	3	3	25	9720	25	9720	0.003	0	0.003	0.003	388.8	120.487	157	627	
5	5.25	1	7	12	3	25	9879	25	9723	0.003	0	0.003	0.003	388.92	111.67	157	627	
5	5.25	1	8	2	3	25	9254	25	9254	0.003	0	0.003	0.003	370.16	76.4241	314	470	
5	5.25	1	9	4	3	25	10192	25	10192	0.003	0	0.003	0.003	407.68	119.464	157	627	
5	5.25	1	10	16	3	25	9722	25	9722	0.003	0	0.003	0.003	388.88	79.5447	314	470	
5.25	5.5	1	1	1	4	25	9877	25	9877	0.003	0	0.003	0.003	395.08	91.5159	157	470	
5.25	5.5	1	2	10	3	25	10034	25	10034	0.003	0	0.003	0.003	401.36	79.0332	314	470	
5.25	5.5	1	3	15	3	25	9878	25	9878	0.003	0	0.003	0.003	395.12	120.489	157	627	
5.25	5.5	1	4	9	3	25	9252	25	9252	0.003	0	0.003	0.003	370.08	99.6598	157	470	
5.25	5.5	1	5	11	3	25	9565	25	9721	0.003	0	0.003	0.003	388.84	91.5131	157	470	
5.25	5.5	1	6	3	3	25	9722	25	9722	0.003	0	0.003	0.003	388.88	102.09	157	627	
5.25	5.5	1	7	12	3	25	9723	25	9723	0.003	0	0.003	0.003	388.92	111.67	157	627	
5.25	5.5	1	8	2	3	25	9877	25	9877	0.003	0	0.003	0.003	395.08	128.706	157	627	
5.25	5.5	1	9	4	3	25	9566	25	9566	0.003	0	0.003	0.003	382.64	120.152	157	627	
5.25	5.5	1	10	16	3	25	10034	25	10034	0.003	0	0.003	0.003	401.36	136.13	157	627	
5.5	5.75	1	1	1	4	25	8471	25	8471	0.003	0	0.003	0.003	338.84	116.754	157	627	
5.5	5.75	1	2	10	3	25	10500	25	10500	0.003	0	0.003	0.003	420	98.0608	157	470	
5.5	5.75	1	3	15	3	25	9563	25	9563	0.003	0	0.003	0.003	382.52	111.295	157	470	
5.5	5.75	1	4	9	3	25	8939	25	8939	0.003	0	0.003	0.003	357.56	106.041	157	470	
5.5	5.75	1	5	11	3	25	9879	25	9879	0.003	0	0.003	0.003	395.16	91.5131	314	627	
5.5	5.75	1	6	3	3	25	9565	25	9565	0.003	0	0.003	0.003	382.6	91.0659	157	470	
5.5	5.75	1	7	12	3	25	9095	25	9095	0.003	0	0.003	0.003	363.8	107.943	157	470	
5.5	5.75	1	8	2	3	25	10349	25	10349	0.003	0	0.003	0.003	413.96	126.779	157	627	
5.5	5.75	1	9	4	3	25	10033	25	10033	0.003	0	0.003	0.003	401.32	111.309	157	627	
5.5	5.75	1	10	16	3	25	9253	25	9253	0.003	0	0.003	0.003	370.12	88.8052	157	470	
5.75	6	1	1	1	4	25	9877	25	9877	0.003	0	0.003	0.003	395.08	91.5159	157	470	
5.75	6	1	2	10	3	25	8470	25	8470	0.003	0	0.003	0.003	338.8	125.198	157	627	
5.75	6	1	3	15	3	25	10034	25	10034	0.003	0	0.003	0.003	401.36	120.152	157	627	
5.75	6	1	4	9	3	25	10190	25	10190	0.003	0	0.003	0.003	407.6	100.891	157	627	
5.75	6	1	5	11	3	25	10348	25	10348	0.003	0	0.003	0.003	413.92	99.6598	314	627	
5.75	6	1	6	3	3	25	9724	25	9724	0.003	0	0.003	0.003	388.96	102.093	314	627	
5.75	6	1	7	12	3	25	9878	25	10034	0.003	0	0.003	0.003	401.36	101.692	157	627	
5.75	6	1	8	2	3	25	9564	25	9564	0.003	0	0.003	0.003	382.56	101.685	157	470	
5.75	6	1	9	4	3	25	9409	25	9409	0.003	0	0.003	0.003	376.36	90.1678	157	470	
5.75	6	1	10	16	3	25	9565	25	9565	0.003	0	0.003	0.003	382.6	111.302	157	627	
