% time	cellId	IMSI	RNTI	sinrLinear	componentCarrierId
0.041	1	2	1	58009.9	0
0.042	1	5	2	405.794	0
0.043	1	1	3	4496.59	0
0.044	1	4	4	1896.49	0
0.046	1	3	6	5324.57	0
0.081	1	2	1	58009.9	0
0.082	1	5	2	405.794	0
0.083	1	1	3	4496.59	0
0.084	1	4	4	1896.49	0
0.086	1	3	6	5324.57	0
0.121	1	2	1	58009.9	0
0.122	1	5	2	405.794	0
0.123	1	1	3	4496.59	0
0.124	1	4	4	1896.49	0
0.126	1	3	6	5324.57	0
0.161	1	2	1	58009.9	0
0.162	1	5	2	405.794	0
0.163	1	1	3	4496.59	0
0.164	1	4	4	1896.49	0
0.166	1	3	6	5324.57	0
0.201	1	2	1	58009.9	0
0.202	1	5	2	405.794	0
0.203	1	1	3	4496.59	0
0.204	1	4	4	1896.49	0
0.206	1	3	6	5324.57	0
0.241	1	2	1	58009.9	0
0.242	1	5	2	405.794	0
0.243	1	1	3	4496.59	0
0.244	1	4	4	1896.49	0
0.246	1	3	6	5324.57	0
0.281	1	2	1	58009.9	0
0.282	1	5	2	405.794	0
0.283	1	1	3	4496.59	0
0.284	1	4	4	1896.49	0
0.286	1	3	6	5324.57	0
0.321	1	2	1	58009.9	0
0.322	1	5	2	405.794	0
0.323	1	1	3	4496.59	0
0.324	1	4	4	1896.49	0
0.326	1	3	6	5324.57	0
0.361	1	2	1	58009.9	0
0.362	1	5	2	405.794	0
0.363	1	1	3	4496.59	0
0.364	1	4	4	1896.49	0
0.366	1	3	6	5324.57	0
0.401	1	2	1	58009.9	0
0.402	1	5	2	405.794	0
0.403	1	1	3	4496.59	0
0.404	1	4	4	1896.49	0
0.406	1	3	6	5324.57	0
0.441	1	2	1	58009.9	0
0.442	1	5	2	405.794	0
0.443	1	1	3	4496.59	0
0.444	1	4	4	1896.49	0
0.446	1	3	6	5324.57	0
0.481	1	2	1	58009.9	0
0.482	1	5	2	405.794	0
0.483	1	1	3	4496.59	0
0.484	1	4	4	1896.49	0
0.486	1	3	6	5324.57	0
0.521	1	2	1	58009.9	0
0.522	1	5	2	405.794	0
0.523	1	1	3	4496.59	0
0.524	1	4	4	1896.49	0
0.526	1	3	6	5324.57	0
0.561	1	2	1	58009.9	0
0.562	1	5	2	405.794	0
0.563	1	1	3	4496.59	0
0.564	1	4	4	1896.49	0
0.566	1	3	6	5324.57	0
0.601	1	2	1	58009.9	0
0.602	1	5	2	405.794	0
0.603	1	1	3	4496.59	0
0.604	1	4	4	1896.49	0
0.606	1	3	6	5324.57	0
0.641	1	2	1	58009.9	0
0.642	1	5	2	405.794	0
0.643	1	1	3	4496.59	0
0.644	1	4	4	1896.49	0
0.646	1	3	6	5324.57	0
0.681	1	2	1	58009.9	0
0.682	1	5	2	405.794	0
0.683	1	1	3	4496.59	0
0.684	1	4	4	1896.49	0
0.686	1	3	6	5324.57	0
0.721	1	2	1	58009.9	0
0.722	1	5	2	405.794	0
0.723	1	1	3	4496.59	0
0.724	1	4	4	1896.49	0
0.726	1	3	6	5324.57	0
0.761	1	2	1	58009.9	0
0.762	1	5	2	405.794	0
0.763	1	1	3	4496.59	0
0.764	1	4	4	1896.49	0
0.766	1	3	6	5324.57	0
0.801	1	2	1	58009.9	0
0.802	1	5	2	405.794	0
0.803	1	1	3	4496.59	0
0.804	1	4	4	1896.49	0
0.806	1	3	6	5324.57	0
0.841	1	2	1	58009.9	0
0.842	1	5	2	405.794	0
0.843	1	1	3	4496.59	0
0.844	1	4	4	1896.49	0
0.846	1	3	6	5324.57	0
0.881	1	2	1	58009.9	0
0.882	1	5	2	405.794	0
0.883	1	1	3	4496.59	0
0.884	1	4	4	1896.49	0
0.886	1	3	6	5324.57	0
0.921	1	2	1	58009.9	0
0.922	1	5	2	405.794	0
0.923	1	1	3	4496.59	0
0.924	1	4	4	1896.49	0
0.926	1	3	6	5324.57	0
0.961	1	2	1	58009.9	0
0.962	1	5	2	405.794	0
0.963	1	1	3	4496.59	0
0.964	1	4	4	1896.49	0
0.966	1	3	6	5324.57	0
1.001	1	2	1	58009.9	0
1.002	1	5	2	405.794	0
1.003	1	1	3	4496.59	0
1.004	1	4	4	1896.49	0
1.006	1	3	6	5324.57	0
1.041	1	2	1	58009.9	0
1.042	1	5	2	405.794	0
1.043	1	1	3	4496.59	0
1.044	1	4	4	1896.49	0
1.046	1	3	6	5324.57	0
1.081	1	2	1	58009.9	0
1.082	1	5	2	405.794	0
1.083	1	1	3	4496.59	0
1.084	1	4	4	1896.49	0
1.086	1	3	6	5324.57	0
1.121	1	2	1	58009.9	0
1.122	1	5	2	405.794	0
1.123	1	1	3	4496.59	0
1.124	1	4	4	1896.49	0
1.126	1	3	6	5324.57	0
1.161	1	2	1	58009.9	0
1.162	1	5	2	405.794	0
1.163	1	1	3	4496.59	0
1.164	1	4	4	1896.49	0
1.166	1	3	6	5324.57	0
1.201	1	2	1	58009.9	0
1.202	1	5	2	405.794	0
1.203	1	1	3	4496.59	0
1.204	1	4	4	1896.49	0
1.206	1	3	6	5324.57	0
1.241	1	2	1	58009.9	0
1.242	1	5	2	405.794	0
1.243	1	1	3	4496.59	0
1.244	1	4	4	1896.49	0
1.246	1	3	6	5324.57	0
1.281	1	2	1	58009.9	0
1.282	1	5	2	405.794	0
1.283	1	1	3	4496.59	0
1.284	1	4	4	1896.49	0
1.286	1	3	6	5324.57	0
1.321	1	2	1	58009.9	0
1.322	1	5	2	405.794	0
1.323	1	1	3	4496.59	0
1.324	1	4	4	1896.49	0
1.326	1	3	6	5324.57	0
1.361	1	2	1	58009.9	0
1.362	1	5	2	405.794	0
1.363	1	1	3	4496.59	0
1.364	1	4	4	1896.49	0
1.366	1	3	6	5324.57	0
1.401	1	2	1	58009.9	0
1.402	1	5	2	405.794	0
1.403	1	1	3	4496.59	0
1.404	1	4	4	1896.49	0
1.406	1	3	6	5324.57	0
1.441	1	2	1	58009.9	0
1.442	1	5	2	405.794	0
1.443	1	1	3	4496.59	0
1.444	1	4	4	1896.49	0
1.446	1	3	6	5324.57	0
1.481	1	2	1	58009.9	0
1.482	1	5	2	405.794	0
1.483	1	1	3	4496.59	0
1.484	1	4	4	1896.49	0
1.486	1	3	6	5324.57	0
1.521	1	2	1	58009.9	0
1.522	1	5	2	405.794	0
1.523	1	1	3	4496.59	0
1.524	1	4	4	1896.49	0
1.526	1	3	6	5324.57	0
1.561	1	2	1	58009.9	0
1.562	1	5	2	405.794	0
1.563	1	1	3	4496.59	0
1.564	1	4	4	1896.49	0
1.566	1	3	6	5324.57	0
1.601	1	2	1	58009.9	0
1.602	1	5	2	405.794	0
1.603	1	1	3	4496.59	0
1.604	1	4	4	1896.49	0
1.606	1	3	6	5324.57	0
1.641	1	2	1	58009.9	0
1.642	1	5	2	405.794	0
1.643	1	1	3	4496.59	0
1.644	1	4	4	1896.49	0
1.646	1	3	6	5324.57	0
1.681	1	2	1	58009.9	0
1.682	1	5	2	405.794	0
1.683	1	1	3	4496.59	0
1.684	1	4	4	1896.49	0
1.686	1	3	6	5324.57	0
1.721	1	2	1	58009.9	0
1.722	1	5	2	405.794	0
1.723	1	1	3	4496.59	0
1.724	1	4	4	1896.49	0
1.726	1	3	6	5324.57	0
1.761	1	2	1	58009.9	0
1.762	1	5	2	405.794	0
1.763	1	1	3	4496.59	0
1.764	1	4	4	1896.49	0
1.766	1	3	6	5324.57	0
1.801	1	2	1	58009.9	0
1.802	1	5	2	405.794	0
1.803	1	1	3	4496.59	0
1.804	1	4	4	1896.49	0
1.806	1	3	6	5324.57	0
1.841	1	2	1	58009.9	0
1.842	1	5	2	405.794	0
1.843	1	1	3	4496.59	0
1.844	1	4	4	1896.49	0
1.846	1	3	6	5324.57	0
1.881	1	2	1	58009.9	0
1.882	1	5	2	405.794	0
1.883	1	1	3	4496.59	0
1.884	1	4	4	1896.49	0
1.886	1	3	6	5324.57	0
1.921	1	2	1	58009.9	0
1.922	1	5	2	405.794	0
1.923	1	1	3	4496.59	0
1.924	1	4	4	1896.49	0
1.926	1	3	6	5324.57	0
1.961	1	2	1	58009.9	0
1.962	1	5	2	405.794	0
1.963	1	1	3	4496.59	0
1.964	1	4	4	1896.49	0
1.966	1	3	6	5324.57	0
2.001	1	2	1	58009.9	0
2.002	1	5	2	405.794	0
2.003	1	1	3	4496.59	0
2.004	1	4	4	1896.49	0
2.006	1	3	6	5324.57	0
2.041	1	2	1	58009.9	0
2.042	1	5	2	405.794	0
2.043	1	1	3	4496.59	0
2.044	1	4	4	1896.49	0
2.046	1	3	6	5324.57	0
2.081	1	2	1	58009.9	0
2.082	1	5	2	405.794	0
2.083	1	1	3	4496.59	0
2.084	1	4	4	1896.49	0
2.086	1	3	6	5324.57	0
2.121	1	2	1	58009.9	0
2.122	1	5	2	405.794	0
2.123	1	1	3	4496.59	0
2.124	1	4	4	1896.49	0
2.126	1	3	6	5324.57	0
2.161	1	2	1	58009.9	0
2.162	1	5	2	405.794	0
2.163	1	1	3	4496.59	0
2.164	1	4	4	1896.49	0
2.166	1	3	6	5324.57	0
2.201	1	2	1	58009.9	0
2.202	1	5	2	405.794	0
2.203	1	1	3	4496.59	0
2.204	1	4	4	1896.49	0
2.206	1	3	6	5324.57	0
2.241	1	2	1	58009.9	0
2.242	1	5	2	405.794	0
2.243	1	1	3	4496.59	0
2.244	1	4	4	1896.49	0
2.246	1	3	6	5324.57	0
2.281	1	2	1	58009.9	0
2.282	1	5	2	405.794	0
2.283	1	1	3	4496.59	0
2.284	1	4	4	1896.49	0
2.286	1	3	6	5324.57	0
2.321	1	2	1	58009.9	0
2.322	1	5	2	405.794	0
2.323	1	1	3	4496.59	0
2.324	1	4	4	1896.49	0
2.326	1	3	6	5324.57	0
2.361	1	2	1	58009.9	0
2.362	1	5	2	405.794	0
2.363	1	1	3	4496.59	0
2.364	1	4	4	1896.49	0
2.366	1	3	6	5324.57	0
2.401	1	2	1	58009.9	0
2.402	1	5	2	405.794	0
2.403	1	1	3	4496.59	0
2.404	1	4	4	1896.49	0
2.406	1	3	6	5324.57	0
2.441	1	2	1	58009.9	0
2.442	1	5	2	405.794	0
2.443	1	1	3	4496.59	0
2.444	1	4	4	1896.49	0
2.446	1	3	6	5324.57	0
2.481	1	2	1	58009.9	0
2.482	1	5	2	405.794	0
2.483	1	1	3	4496.59	0
2.484	1	4	4	1896.49	0
2.486	1	3	6	5324.57	0
2.521	1	2	1	58009.9	0
2.522	1	5	2	405.794	0
2.523	1	1	3	4496.59	0
2.524	1	4	4	1896.49	0
2.526	1	3	6	5324.57	0
2.561	1	2	1	58009.9	0
2.562	1	5	2	405.794	0
2.563	1	1	3	4496.59	0
2.564	1	4	4	1896.49	0
2.566	1	3	6	5324.57	0
2.601	1	2	1	58009.9	0
2.602	1	5	2	405.794	0
2.603	1	1	3	4496.59	0
2.604	1	4	4	1896.49	0
2.606	1	3	6	5324.57	0
2.641	1	2	1	58009.9	0
2.642	1	5	2	405.794	0
2.643	1	1	3	4496.59	0
2.644	1	4	4	1896.49	0
2.646	1	3	6	5324.57	0
2.681	1	2	1	58009.9	0
2.682	1	5	2	405.794	0
2.683	1	1	3	4496.59	0
2.684	1	4	4	1896.49	0
2.686	1	3	6	5324.57	0
2.721	1	2	1	58009.9	0
2.722	1	5	2	405.794	0
2.723	1	1	3	4496.59	0
2.724	1	4	4	1896.49	0
2.726	1	3	6	5324.57	0
2.761	1	2	1	58009.9	0
2.762	1	5	2	405.794	0
2.763	1	1	3	4496.59	0
2.764	1	4	4	1896.49	0
2.766	1	3	6	5324.57	0
2.801	1	2	1	58009.9	0
2.802	1	5	2	405.794	0
2.803	1	1	3	4496.59	0
2.804	1	4	4	1896.49	0
2.806	1	3	6	5324.57	0
2.841	1	2	1	58009.9	0
2.842	1	5	2	405.794	0
2.843	1	1	3	4496.59	0
2.844	1	4	4	1896.49	0
2.846	1	3	6	5324.57	0
2.881	1	2	1	58009.9	0
2.882	1	5	2	405.794	0
2.883	1	1	3	4496.59	0
2.884	1	4	4	1896.49	0
2.886	1	3	6	5324.57	0
2.921	1	2	1	58009.9	0
2.922	1	5	2	405.794	0
2.923	1	1	3	4496.59	0
2.924	1	4	4	1896.49	0
2.926	1	3	6	5324.57	0
2.961	1	2	1	58009.9	0
2.962	1	5	2	405.794	0
2.963	1	1	3	4496.59	0
2.964	1	4	4	1896.49	0
2.966	1	3	6	5324.57	0
3.001	1	2	1	58009.9	0
3.002	1	5	2	405.794	0
3.003	1	1	3	4496.59	0
3.004	1	4	4	1896.49	0
3.006	1	3	6	5324.57	0
3.041	1	2	1	58009.9	0
3.042	1	5	2	405.794	0
3.043	1	1	3	4496.59	0
3.044	1	4	4	1896.49	0
3.046	1	3	6	5324.57	0
3.081	1	2	1	58009.9	0
3.082	1	5	2	405.794	0
3.083	1	1	3	4496.59	0
3.084	1	4	4	1896.49	0
3.086	1	3	6	5324.57	0
3.121	1	2	1	58009.9	0
3.122	1	5	2	405.794	0
3.123	1	1	3	4496.59	0
3.124	1	4	4	1896.49	0
3.126	1	3	6	5324.57	0
3.161	1	2	1	58009.9	0
3.162	1	5	2	405.794	0
3.163	1	1	3	4496.59	0
3.164	1	4	4	1896.49	0
3.166	1	3	6	5324.57	0
3.201	1	2	1	58009.9	0
3.202	1	5	2	405.794	0
3.203	1	1	3	4496.59	0
3.204	1	4	4	1896.49	0
3.206	1	3	6	5324.57	0
3.241	1	2	1	58009.9	0
3.242	1	5	2	405.794	0
3.243	1	1	3	4496.59	0
3.244	1	4	4	1896.49	0
3.246	1	3	6	5324.57	0
3.281	1	2	1	58009.9	0
3.282	1	5	2	405.794	0
3.283	1	1	3	4496.59	0
3.284	1	4	4	1896.49	0
3.286	1	3	6	5324.57	0
3.321	1	2	1	58009.9	0
3.322	1	5	2	405.794	0
3.323	1	1	3	4496.59	0
3.324	1	4	4	1896.49	0
3.326	1	3	6	5324.57	0
3.361	1	2	1	58009.9	0
3.362	1	5	2	405.794	0
3.363	1	1	3	4496.59	0
3.364	1	4	4	1896.49	0
3.366	1	3	6	5324.57	0
3.401	1	2	1	58009.9	0
3.402	1	5	2	405.794	0
3.403	1	1	3	4496.59	0
3.404	1	4	4	1896.49	0
3.406	1	3	6	5324.57	0
3.441	1	2	1	58009.9	0
3.442	1	5	2	405.794	0
3.443	1	1	3	4496.59	0
3.444	1	4	4	1896.49	0
3.446	1	3	6	5324.57	0
3.481	1	2	1	58009.9	0
3.482	1	5	2	405.794	0
3.483	1	1	3	4496.59	0
3.484	1	4	4	1896.49	0
3.486	1	3	6	5324.57	0
3.521	1	2	1	58009.9	0
3.522	1	5	2	405.794	0
3.523	1	1	3	4496.59	0
3.524	1	4	4	1896.49	0
3.526	1	3	6	5324.57	0
3.561	1	2	1	58009.9	0
3.562	1	5	2	405.794	0
3.563	1	1	3	4496.59	0
3.564	1	4	4	1896.49	0
3.566	1	3	6	5324.57	0
3.601	1	2	1	58009.9	0
3.602	1	5	2	405.794	0
3.603	1	1	3	4496.59	0
3.604	1	4	4	1896.49	0
3.606	1	3	6	5324.57	0
3.641	1	2	1	58009.9	0
3.642	1	5	2	405.794	0
3.643	1	1	3	4496.59	0
3.644	1	4	4	1896.49	0
3.646	1	3	6	5324.57	0
3.681	1	2	1	58009.9	0
3.682	1	5	2	405.794	0
3.683	1	1	3	4496.59	0
3.684	1	4	4	1896.49	0
3.686	1	3	6	5324.57	0
3.721	1	2	1	58009.9	0
3.722	1	5	2	405.794	0
3.723	1	1	3	4496.59	0
3.724	1	4	4	1896.49	0
3.726	1	3	6	5324.57	0
3.761	1	2	1	58009.9	0
3.762	1	5	2	405.794	0
3.763	1	1	3	4496.59	0
3.764	1	4	4	1896.49	0
3.766	1	3	6	5324.57	0
3.801	1	2	1	58009.9	0
3.802	1	5	2	405.794	0
3.803	1	1	3	4496.59	0
3.804	1	4	4	1896.49	0
3.806	1	3	6	5324.57	0
3.841	1	2	1	58009.9	0
3.842	1	5	2	405.794	0
3.843	1	1	3	4496.59	0
3.844	1	4	4	1896.49	0
3.846	1	3	6	5324.57	0
3.881	1	2	1	58009.9	0
3.882	1	5	2	405.794	0
3.883	1	1	3	4496.59	0
3.884	1	4	4	1896.49	0
3.886	1	3	6	5324.57	0
3.921	1	2	1	58009.9	0
3.922	1	5	2	405.794	0
3.923	1	1	3	4496.59	0
3.924	1	4	4	1896.49	0
3.926	1	3	6	5324.57	0
3.961	1	2	1	58009.9	0
3.962	1	5	2	405.794	0
3.963	1	1	3	4496.59	0
3.964	1	4	4	1896.49	0
3.966	1	3	6	5324.57	0
4.001	1	2	1	58009.9	0
4.002	1	5	2	405.794	0
4.003	1	1	3	4496.59	0
4.004	1	4	4	1896.49	0
4.006	1	3	6	5324.57	0
4.041	1	2	1	58009.9	0
4.042	1	5	2	405.794	0
4.043	1	1	3	4496.59	0
4.044	1	4	4	1896.49	0
4.046	1	3	6	5324.57	0
4.081	1	2	1	58009.9	0
4.082	1	5	2	405.794	0
4.083	1	1	3	4496.59	0
4.084	1	4	4	1896.49	0
4.086	1	3	6	5324.57	0
4.121	1	2	1	58009.9	0
4.122	1	5	2	405.794	0
4.123	1	1	3	4496.59	0
4.124	1	4	4	1896.49	0
4.126	1	3	6	5324.57	0
4.161	1	2	1	58009.9	0
4.162	1	5	2	405.794	0
4.163	1	1	3	4496.59	0
4.164	1	4	4	1896.49	0
4.166	1	3	6	5324.57	0
4.201	1	2	1	58009.9	0
4.202	1	5	2	405.794	0
4.203	1	1	3	4496.59	0
4.204	1	4	4	1896.49	0
4.206	1	3	6	5324.57	0
4.241	1	2	1	58009.9	0
4.242	1	5	2	405.794	0
4.243	1	1	3	4496.59	0
4.244	1	4	4	1896.49	0
4.246	1	3	6	5324.57	0
4.281	1	2	1	58009.9	0
4.282	1	5	2	405.794	0
4.283	1	1	3	4496.59	0
4.284	1	4	4	1896.49	0
4.286	1	3	6	5324.57	0
4.321	1	2	1	58009.9	0
4.322	1	5	2	405.794	0
4.323	1	1	3	4496.59	0
4.324	1	4	4	1896.49	0
4.326	1	3	6	5324.57	0
4.361	1	2	1	58009.9	0
4.362	1	5	2	405.794	0
4.363	1	1	3	4496.59	0
4.364	1	4	4	1896.49	0
4.366	1	3	6	5324.57	0
4.401	1	2	1	58009.9	0
4.402	1	5	2	405.794	0
4.403	1	1	3	4496.59	0
4.404	1	4	4	1896.49	0
4.406	1	3	6	5324.57	0
4.441	1	2	1	58009.9	0
4.442	1	5	2	405.794	0
4.443	1	1	3	4496.59	0
4.444	1	4	4	1896.49	0
4.446	1	3	6	5324.57	0
4.481	1	2	1	58009.9	0
4.482	1	5	2	405.794	0
4.483	1	1	3	4496.59	0
4.484	1	4	4	1896.49	0
4.486	1	3	6	5324.57	0
4.521	1	2	1	58009.9	0
4.522	1	5	2	405.794	0
4.523	1	1	3	4496.59	0
4.524	1	4	4	1896.49	0
4.526	1	3	6	5324.57	0
4.561	1	2	1	58009.9	0
4.562	1	5	2	405.794	0
4.563	1	1	3	4496.59	0
4.564	1	4	4	1896.49	0
4.566	1	3	6	5324.57	0
4.601	1	2	1	58009.9	0
4.602	1	5	2	405.794	0
4.603	1	1	3	4496.59	0
4.604	1	4	4	1896.49	0
4.606	1	3	6	5324.57	0
4.641	1	2	1	58009.9	0
4.642	1	5	2	405.794	0
4.643	1	1	3	4496.59	0
4.644	1	4	4	1896.49	0
4.646	1	3	6	5324.57	0
4.681	1	2	1	58009.9	0
4.682	1	5	2	405.794	0
4.683	1	1	3	4496.59	0
4.684	1	4	4	1896.49	0
4.686	1	3	6	5324.57	0
4.721	1	2	1	58009.9	0
4.722	1	5	2	405.794	0
4.723	1	1	3	4496.59	0
4.724	1	4	4	1896.49	0
4.726	1	3	6	5324.57	0
4.761	1	2	1	58009.9	0
4.762	1	5	2	405.794	0
4.763	1	1	3	4496.59	0
4.764	1	4	4	1896.49	0
4.766	1	3	6	5324.57	0
4.801	1	2	1	58009.9	0
4.802	1	5	2	405.794	0
4.803	1	1	3	4496.59	0
4.804	1	4	4	1896.49	0
4.806	1	3	6	5324.57	0
4.841	1	2	1	58009.9	0
4.842	1	5	2	405.794	0
4.843	1	1	3	4496.59	0
4.844	1	4	4	1896.49	0
4.846	1	3	6	5324.57	0
4.881	1	2	1	58009.9	0
4.882	1	5	2	405.794	0
4.883	1	1	3	4496.59	0
4.884	1	4	4	1896.49	0
4.886	1	3	6	5324.57	0
4.921	1	2	1	58009.9	0
4.922	1	5	2	405.794	0
4.923	1	1	3	4496.59	0
4.924	1	4	4	1896.49	0
4.926	1	3	6	5324.57	0
4.961	1	2	1	58009.9	0
4.962	1	5	2	405.794	0
4.963	1	1	3	4496.59	0
4.964	1	4	4	1896.49	0
4.966	1	3	6	5324.57	0
5.001	1	2	1	58009.9	0
5.002	1	5	2	405.794	0
5.003	1	1	3	4496.59	0
5.004	1	4	4	1896.49	0
5.006	1	3	6	5324.57	0
5.041	1	2	1	58009.9	0
5.042	1	5	2	405.794	0
5.043	1	1	3	4496.59	0
5.044	1	4	4	1896.49	0
5.046	1	3	6	5324.57	0
5.081	1	2	1	58009.9	0
5.082	1	5	2	405.794	0
5.083	1	1	3	4496.59	0
5.084	1	4	4	1896.49	0
5.086	1	3	6	5324.57	0
5.121	1	2	1	58009.9	0
5.122	1	5	2	405.794	0
5.123	1	1	3	4496.59	0
5.124	1	4	4	1896.49	0
5.126	1	3	6	5324.57	0
5.161	1	2	1	58009.9	0
5.162	1	5	2	405.794	0
5.163	1	1	3	4496.59	0
5.164	1	4	4	1896.49	0
5.166	1	3	6	5324.57	0
5.201	1	2	1	58009.9	0
5.202	1	5	2	405.794	0
5.203	1	1	3	4496.59	0
5.204	1	4	4	1896.49	0
5.206	1	3	6	5324.57	0
5.241	1	2	1	58009.9	0
5.242	1	5	2	405.794	0
5.243	1	1	3	4496.59	0
5.244	1	4	4	1896.49	0
5.246	1	3	6	5324.57	0
5.281	1	2	1	58009.9	0
5.282	1	5	2	405.794	0
5.283	1	1	3	4496.59	0
5.284	1	4	4	1896.49	0
5.286	1	3	6	5324.57	0
5.321	1	2	1	58009.9	0
5.322	1	5	2	405.794	0
5.323	1	1	3	4496.59	0
5.324	1	4	4	1896.49	0
5.326	1	3	6	5324.57	0
5.361	1	2	1	58009.9	0
5.362	1	5	2	405.794	0
5.363	1	1	3	4496.59	0
5.364	1	4	4	1896.49	0
5.366	1	3	6	5324.57	0
5.401	1	2	1	58009.9	0
5.402	1	5	2	405.794	0
5.403	1	1	3	4496.59	0
5.404	1	4	4	1896.49	0
5.406	1	3	6	5324.57	0
5.441	1	2	1	58009.9	0
5.442	1	5	2	405.794	0
5.443	1	1	3	4496.59	0
5.444	1	4	4	1896.49	0
5.446	1	3	6	5324.57	0
5.481	1	2	1	58009.9	0
5.482	1	5	2	405.794	0
5.483	1	1	3	4496.59	0
5.484	1	4	4	1896.49	0
5.486	1	3	6	5324.57	0
5.521	1	2	1	58009.9	0
5.522	1	5	2	405.794	0
5.523	1	1	3	4496.59	0
5.524	1	4	4	1896.49	0
5.526	1	3	6	5324.57	0
5.561	1	2	1	58009.9	0
5.562	1	5	2	405.794	0
5.563	1	1	3	4496.59	0
5.564	1	4	4	1896.49	0
5.566	1	3	6	5324.57	0
5.601	1	2	1	58009.9	0
5.602	1	5	2	405.794	0
5.603	1	1	3	4496.59	0
5.604	1	4	4	1896.49	0
5.606	1	3	6	5324.57	0
5.641	1	2	1	58009.9	0
5.642	1	5	2	405.794	0
5.643	1	1	3	4496.59	0
5.644	1	4	4	1896.49	0
5.646	1	3	6	5324.57	0
5.681	1	2	1	58009.9	0
5.682	1	5	2	405.794	0
5.683	1	1	3	4496.59	0
5.684	1	4	4	1896.49	0
5.686	1	3	6	5324.57	0
5.721	1	2	1	58009.9	0
5.722	1	5	2	405.794	0
5.723	1	1	3	4496.59	0
5.724	1	4	4	1896.49	0
5.726	1	3	6	5324.57	0
5.761	1	2	1	58009.9	0
5.762	1	5	2	405.794	0
5.763	1	1	3	4496.59	0
5.764	1	4	4	1896.49	0
5.766	1	3	6	5324.57	0
5.801	1	2	1	58009.9	0
5.802	1	5	2	405.794	0
5.803	1	1	3	4496.59	0
5.804	1	4	4	1896.49	0
5.806	1	3	6	5324.57	0
5.841	1	2	1	58009.9	0
5.842	1	5	2	405.794	0
5.843	1	1	3	4496.59	0
5.844	1	4	4	1896.49	0
5.846	1	3	6	5324.57	0
5.881	1	2	1	58009.9	0
5.882	1	5	2	405.794	0
5.883	1	1	3	4496.59	0
5.884	1	4	4	1896.49	0
5.886	1	3	6	5324.57	0
5.921	1	2	1	58009.9	0
5.922	1	5	2	405.794	0
5.923	1	1	3	4496.59	0
5.924	1	4	4	1896.49	0
5.926	1	3	6	5324.57	0
5.961	1	2	1	58009.9	0
5.962	1	5	2	405.794	0
5.963	1	1	3	4496.59	0
5.964	1	4	4	1896.49	0
5.966	1	3	6	5324.57	0
6.001	1	2	1	58009.9	0
6.002	1	5	2	405.794	0
6.003	1	1	3	4496.59	0
6.004	1	4	4	1896.49	0
6.006	1	3	6	5324.57	0
6.041	1	2	1	58009.9	0
6.042	1	5	2	405.794	0
6.043	1	1	3	4496.59	0
6.044	1	4	4	1896.49	0
6.046	1	3	6	5324.57	0
6.081	1	2	1	58009.9	0
6.082	1	5	2	405.794	0
6.083	1	1	3	4496.59	0
6.084	1	4	4	1896.49	0
6.086	1	3	6	5324.57	0
6.121	1	2	1	58009.9	0
6.122	1	5	2	405.794	0
6.123	1	1	3	4496.59	0
6.124	1	4	4	1896.49	0
6.126	1	3	6	5324.57	0
6.161	1	2	1	58009.9	0
6.162	1	5	2	405.794	0
6.163	1	1	3	4496.59	0
6.164	1	4	4	1896.49	0
6.166	1	3	6	5324.57	0
6.201	1	2	1	58009.9	0
6.202	1	5	2	405.794	0
6.203	1	1	3	4496.59	0
6.204	1	4	4	1896.49	0
6.206	1	3	6	5324.57	0
6.241	1	2	1	58009.9	0
6.242	1	5	2	405.794	0
6.243	1	1	3	4496.59	0
6.244	1	4	4	1896.49	0
6.246	1	3	6	5324.57	0
6.281	1	2	1	58009.9	0
6.282	1	5	2	405.794	0
6.283	1	1	3	4496.59	0
6.284	1	4	4	1896.49	0
6.286	1	3	6	5324.57	0
6.321	1	2	1	58009.9	0
6.322	1	5	2	405.794	0
6.323	1	1	3	4496.59	0
6.324	1	4	4	1896.49	0
6.326	1	3	6	5324.57	0
6.361	1	2	1	58009.9	0
6.362	1	5	2	405.794	0
6.363	1	1	3	4496.59	0
6.364	1	4	4	1896.49	0
6.366	1	3	6	5324.57	0
6.401	1	2	1	58009.9	0
6.402	1	5	2	405.794	0
6.403	1	1	3	4496.59	0
6.404	1	4	4	1896.49	0
6.406	1	3	6	5324.57	0
6.441	1	2	1	58009.9	0
6.442	1	5	2	405.794	0
6.443	1	1	3	4496.59	0
6.444	1	4	4	1896.49	0
6.446	1	3	6	5324.57	0
6.481	1	2	1	58009.9	0
6.482	1	5	2	405.794	0
6.483	1	1	3	4496.59	0
6.484	1	4	4	1896.49	0
6.486	1	3	6	5324.57	0
6.521	1	2	1	58009.9	0
6.522	1	5	2	405.794	0
6.523	1	1	3	4496.59	0
6.524	1	4	4	1896.49	0
6.526	1	3	6	5324.57	0
6.561	1	2	1	58009.9	0
6.562	1	5	2	405.794	0
6.563	1	1	3	4496.59	0
6.564	1	4	4	1896.49	0
6.566	1	3	6	5324.57	0
6.601	1	2	1	58009.9	0
6.602	1	5	2	405.794	0
6.603	1	1	3	4496.59	0
6.604	1	4	4	1896.49	0
6.606	1	3	6	5324.57	0
6.641	1	2	1	58009.9	0
6.642	1	5	2	405.794	0
6.643	1	1	3	4496.59	0
6.644	1	4	4	1896.49	0
6.646	1	3	6	5324.57	0
6.681	1	2	1	58009.9	0
6.682	1	5	2	405.794	0
6.683	1	1	3	4496.59	0
6.684	1	4	4	1896.49	0
6.686	1	3	6	5324.57	0
6.721	1	2	1	58009.9	0
6.722	1	5	2	405.794	0
6.723	1	1	3	4496.59	0
6.724	1	4	4	1896.49	0
6.726	1	3	6	5324.57	0
6.761	1	2	1	58009.9	0
6.762	1	5	2	405.794	0
6.763	1	1	3	4496.59	0
6.764	1	4	4	1896.49	0
6.766	1	3	6	5324.57	0
6.801	1	2	1	58009.9	0
6.802	1	5	2	405.794	0
6.803	1	1	3	4496.59	0
6.804	1	4	4	1896.49	0
6.806	1	3	6	5324.57	0
6.841	1	2	1	58009.9	0
6.842	1	5	2	405.794	0
6.843	1	1	3	4496.59	0
6.844	1	4	4	1896.49	0
6.846	1	3	6	5324.57	0
6.881	1	2	1	58009.9	0
6.882	1	5	2	405.794	0
6.883	1	1	3	4496.59	0
6.884	1	4	4	1896.49	0
6.886	1	3	6	5324.57	0
6.921	1	2	1	58009.9	0
6.922	1	5	2	405.794	0
6.923	1	1	3	4496.59	0
6.924	1	4	4	1896.49	0
6.926	1	3	6	5324.57	0
6.961	1	2	1	58009.9	0
6.962	1	5	2	405.794	0
6.963	1	1	3	4496.59	0
6.964	1	4	4	1896.49	0
6.966	1	3	6	5324.57	0
7.001	1	2	1	58009.9	0
7.002	1	5	2	405.794	0
7.003	1	1	3	4496.59	0
7.004	1	4	4	1896.49	0
7.006	1	3	6	5324.57	0
7.041	1	2	1	58009.9	0
7.042	1	5	2	405.794	0
7.043	1	1	3	4496.59	0
7.044	1	4	4	1896.49	0
7.046	1	3	6	5324.57	0
7.081	1	2	1	58009.9	0
7.082	1	5	2	405.794	0
7.083	1	1	3	4496.59	0
7.084	1	4	4	1896.49	0
7.086	1	3	6	5324.57	0
7.121	1	2	1	58009.9	0
7.122	1	5	2	405.794	0
7.123	1	1	3	4496.59	0
7.124	1	4	4	1896.49	0
7.126	1	3	6	5324.57	0
7.161	1	2	1	58009.9	0
7.162	1	5	2	405.794	0
7.163	1	1	3	4496.59	0
7.164	1	4	4	1896.49	0
7.166	1	3	6	5324.57	0
7.201	1	2	1	58009.9	0
7.202	1	5	2	405.794	0
7.203	1	1	3	4496.59	0
7.204	1	4	4	1896.49	0
7.206	1	3	6	5324.57	0
7.241	1	2	1	58009.9	0
7.242	1	5	2	405.794	0
7.243	1	1	3	4496.59	0
7.244	1	4	4	1896.49	0
7.246	1	3	6	5324.57	0
7.281	1	2	1	58009.9	0
7.282	1	5	2	405.794	0
7.283	1	1	3	4496.59	0
7.284	1	4	4	1896.49	0
7.286	1	3	6	5324.57	0
7.321	1	2	1	58009.9	0
7.322	1	5	2	405.794	0
7.323	1	1	3	4496.59	0
7.324	1	4	4	1896.49	0
7.326	1	3	6	5324.57	0
7.361	1	2	1	58009.9	0
7.362	1	5	2	405.794	0
7.363	1	1	3	4496.59	0
7.364	1	4	4	1896.49	0
7.366	1	3	6	5324.57	0
7.401	1	2	1	58009.9	0
7.402	1	5	2	405.794	0
7.403	1	1	3	4496.59	0
7.404	1	4	4	1896.49	0
7.406	1	3	6	5324.57	0
7.441	1	2	1	58009.9	0
7.442	1	5	2	405.794	0
7.443	1	1	3	4496.59	0
7.444	1	4	4	1896.49	0
7.446	1	3	6	5324.57	0
7.481	1	2	1	58009.9	0
7.482	1	5	2	405.794	0
7.483	1	1	3	4496.59	0
7.484	1	4	4	1896.49	0
7.486	1	3	6	5324.57	0
7.521	1	2	1	58009.9	0
7.522	1	5	2	405.794	0
7.523	1	1	3	4496.59	0
7.524	1	4	4	1896.49	0
7.526	1	3	6	5324.57	0
7.561	1	2	1	58009.9	0
7.562	1	5	2	405.794	0
7.563	1	1	3	4496.59	0
7.564	1	4	4	1896.49	0
7.566	1	3	6	5324.57	0
7.601	1	2	1	58009.9	0
7.602	1	5	2	405.794	0
7.603	1	1	3	4496.59	0
7.604	1	4	4	1896.49	0
7.606	1	3	6	5324.57	0
7.641	1	2	1	58009.9	0
7.642	1	5	2	405.794	0
7.643	1	1	3	4496.59	0
7.644	1	4	4	1896.49	0
7.646	1	3	6	5324.57	0
7.681	1	2	1	58009.9	0
7.682	1	5	2	405.794	0
7.683	1	1	3	4496.59	0
7.684	1	4	4	1896.49	0
7.686	1	3	6	5324.57	0
7.721	1	2	1	58009.9	0
7.722	1	5	2	405.794	0
7.723	1	1	3	4496.59	0
7.724	1	4	4	1896.49	0
7.726	1	3	6	5324.57	0
7.761	1	2	1	58009.9	0
7.762	1	5	2	405.794	0
7.763	1	1	3	4496.59	0
7.764	1	4	4	1896.49	0
7.766	1	3	6	5324.57	0
7.801	1	2	1	58009.9	0
7.802	1	5	2	405.794	0
7.803	1	1	3	4496.59	0
7.804	1	4	4	1896.49	0
7.806	1	3	6	5324.57	0
7.841	1	2	1	58009.9	0
7.842	1	5	2	405.794	0
7.843	1	1	3	4496.59	0
7.844	1	4	4	1896.49	0
7.846	1	3	6	5324.57	0
7.881	1	2	1	58009.9	0
7.882	1	5	2	405.794	0
7.883	1	1	3	4496.59	0
7.884	1	4	4	1896.49	0
7.886	1	3	6	5324.57	0
7.921	1	2	1	58009.9	0
7.922	1	5	2	405.794	0
7.923	1	1	3	4496.59	0
7.924	1	4	4	1896.49	0
7.926	1	3	6	5324.57	0
7.961	1	2	1	58009.9	0
7.962	1	5	2	405.794	0
7.963	1	1	3	4496.59	0
7.964	1	4	4	1896.49	0
7.966	1	3	6	5324.57	0
8.001	1	2	1	58009.9	0
8.002	1	5	2	405.794	0
8.003	1	1	3	4496.59	0
8.004	1	4	4	1896.49	0
8.006	1	3	6	5324.57	0
8.041	1	2	1	58009.9	0
8.042	1	5	2	405.794	0
8.043	1	1	3	4496.59	0
8.044	1	4	4	1896.49	0
8.046	1	3	6	5324.57	0
8.081	1	2	1	58009.9	0
8.082	1	5	2	405.794	0
8.083	1	1	3	4496.59	0
8.084	1	4	4	1896.49	0
8.086	1	3	6	5324.57	0
8.121	1	2	1	58009.9	0
8.122	1	5	2	405.794	0
8.123	1	1	3	4496.59	0
8.124	1	4	4	1896.49	0
8.126	1	3	6	5324.57	0
8.161	1	2	1	58009.9	0
8.162	1	5	2	405.794	0
8.163	1	1	3	4496.59	0
8.164	1	4	4	1896.49	0
8.166	1	3	6	5324.57	0
8.201	1	2	1	58009.9	0
8.202	1	5	2	405.794	0
8.203	1	1	3	4496.59	0
8.204	1	4	4	1896.49	0
8.206	1	3	6	5324.57	0
8.241	1	2	1	58009.9	0
8.242	1	5	2	405.794	0
8.243	1	1	3	4496.59	0
8.244	1	4	4	1896.49	0
8.246	1	3	6	5324.57	0
8.281	1	2	1	58009.9	0
8.282	1	5	2	405.794	0
8.283	1	1	3	4496.59	0
8.284	1	4	4	1896.49	0
8.286	1	3	6	5324.57	0
8.321	1	2	1	58009.9	0
8.322	1	5	2	405.794	0
8.323	1	1	3	4496.59	0
8.324	1	4	4	1896.49	0
8.326	1	3	6	5324.57	0
8.361	1	2	1	58009.9	0
8.362	1	5	2	405.794	0
8.363	1	1	3	4496.59	0
8.364	1	4	4	1896.49	0
8.366	1	3	6	5324.57	0
8.401	1	2	1	58009.9	0
8.402	1	5	2	405.794	0
8.403	1	1	3	4496.59	0
8.404	1	4	4	1896.49	0
8.406	1	3	6	5324.57	0
8.441	1	2	1	58009.9	0
8.442	1	5	2	405.794	0
8.443	1	1	3	4496.59	0
8.444	1	4	4	1896.49	0
8.446	1	3	6	5324.57	0
8.481	1	2	1	58009.9	0
8.482	1	5	2	405.794	0
8.483	1	1	3	4496.59	0
8.484	1	4	4	1896.49	0
8.486	1	3	6	5324.57	0
8.521	1	2	1	58009.9	0
8.522	1	5	2	405.794	0
8.523	1	1	3	4496.59	0
8.524	1	4	4	1896.49	0
8.526	1	3	6	5324.57	0
8.561	1	2	1	58009.9	0
8.562	1	5	2	405.794	0
8.563	1	1	3	4496.59	0
8.564	1	4	4	1896.49	0
8.566	1	3	6	5324.57	0
8.601	1	2	1	58009.9	0
8.602	1	5	2	405.794	0
8.603	1	1	3	4496.59	0
8.604	1	4	4	1896.49	0
8.606	1	3	6	5324.57	0
8.641	1	2	1	58009.9	0
8.642	1	5	2	405.794	0
8.643	1	1	3	4496.59	0
8.644	1	4	4	1896.49	0
8.646	1	3	6	5324.57	0
8.681	1	2	1	58009.9	0
8.682	1	5	2	405.794	0
8.683	1	1	3	4496.59	0
8.684	1	4	4	1896.49	0
8.686	1	3	6	5324.57	0
8.721	1	2	1	58009.9	0
8.722	1	5	2	405.794	0
8.723	1	1	3	4496.59	0
8.724	1	4	4	1896.49	0
8.726	1	3	6	5324.57	0
8.761	1	2	1	58009.9	0
8.762	1	5	2	405.794	0
8.763	1	1	3	4496.59	0
8.764	1	4	4	1896.49	0
8.766	1	3	6	5324.57	0
8.801	1	2	1	58009.9	0
8.802	1	5	2	405.794	0
8.803	1	1	3	4496.59	0
8.804	1	4	4	1896.49	0
8.806	1	3	6	5324.57	0
8.841	1	2	1	58009.9	0
8.842	1	5	2	405.794	0
8.843	1	1	3	4496.59	0
8.844	1	4	4	1896.49	0
8.846	1	3	6	5324.57	0
8.881	1	2	1	58009.9	0
8.882	1	5	2	405.794	0
8.883	1	1	3	4496.59	0
8.884	1	4	4	1896.49	0
8.886	1	3	6	5324.57	0
8.921	1	2	1	58009.9	0
8.922	1	5	2	405.794	0
8.923	1	1	3	4496.59	0
8.924	1	4	4	1896.49	0
8.926	1	3	6	5324.57	0
8.961	1	2	1	58009.9	0
8.962	1	5	2	405.794	0
8.963	1	1	3	4496.59	0
8.964	1	4	4	1896.49	0
8.966	1	3	6	5324.57	0
9.001	1	2	1	58009.9	0
9.002	1	5	2	405.794	0
9.003	1	1	3	4496.59	0
9.004	1	4	4	1896.49	0
9.006	1	3	6	5324.57	0
9.041	1	2	1	58009.9	0
9.042	1	5	2	405.794	0
9.043	1	1	3	4496.59	0
9.044	1	4	4	1896.49	0
9.046	1	3	6	5324.57	0
9.081	1	2	1	58009.9	0
9.082	1	5	2	405.794	0
9.083	1	1	3	4496.59	0
9.084	1	4	4	1896.49	0
9.086	1	3	6	5324.57	0
9.121	1	2	1	58009.9	0
9.122	1	5	2	405.794	0
9.123	1	1	3	4496.59	0
9.124	1	4	4	1896.49	0
9.126	1	3	6	5324.57	0
9.161	1	2	1	58009.9	0
9.162	1	5	2	405.794	0
9.163	1	1	3	4496.59	0
9.164	1	4	4	1896.49	0
9.166	1	3	6	5324.57	0
9.201	1	2	1	58009.9	0
9.202	1	5	2	405.794	0
9.203	1	1	3	4496.59	0
9.204	1	4	4	1896.49	0
9.206	1	3	6	5324.57	0
9.241	1	2	1	58009.9	0
9.242	1	5	2	405.794	0
9.243	1	1	3	4496.59	0
9.244	1	4	4	1896.49	0
9.246	1	3	6	5324.57	0
9.281	1	2	1	58009.9	0
9.282	1	5	2	405.794	0
9.283	1	1	3	4496.59	0
9.284	1	4	4	1896.49	0
9.286	1	3	6	5324.57	0
9.321	1	2	1	58009.9	0
9.322	1	5	2	405.794	0
9.323	1	1	3	4496.59	0
9.324	1	4	4	1896.49	0
9.326	1	3	6	5324.57	0
9.361	1	2	1	58009.9	0
9.362	1	5	2	405.794	0
9.363	1	1	3	4496.59	0
9.364	1	4	4	1896.49	0
9.366	1	3	6	5324.57	0
9.401	1	2	1	58009.9	0
9.402	1	5	2	405.794	0
9.403	1	1	3	4496.59	0
9.404	1	4	4	1896.49	0
9.406	1	3	6	5324.57	0
9.441	1	2	1	58009.9	0
9.442	1	5	2	405.794	0
9.443	1	1	3	4496.59	0
9.444	1	4	4	1896.49	0
9.446	1	3	6	5324.57	0
9.481	1	2	1	58009.9	0
9.482	1	5	2	405.794	0
9.483	1	1	3	4496.59	0
9.484	1	4	4	1896.49	0
9.486	1	3	6	5324.57	0
9.521	1	2	1	58009.9	0
9.522	1	5	2	405.794	0
9.523	1	1	3	4496.59	0
9.524	1	4	4	1896.49	0
9.526	1	3	6	5324.57	0
9.561	1	2	1	58009.9	0
9.562	1	5	2	405.794	0
9.563	1	1	3	4496.59	0
9.564	1	4	4	1896.49	0
9.566	1	3	6	5324.57	0
9.601	1	2	1	58009.9	0
9.602	1	5	2	405.794	0
9.603	1	1	3	4496.59	0
9.604	1	4	4	1896.49	0
9.606	1	3	6	5324.57	0
9.641	1	2	1	58009.9	0
9.642	1	5	2	405.794	0
9.643	1	1	3	4496.59	0
9.644	1	4	4	1896.49	0
9.646	1	3	6	5324.57	0
9.681	1	2	1	58009.9	0
9.682	1	5	2	405.794	0
9.683	1	1	3	4496.59	0
9.684	1	4	4	1896.49	0
9.686	1	3	6	5324.57	0
9.721	1	2	1	58009.9	0
9.722	1	5	2	405.794	0
9.723	1	1	3	4496.59	0
9.724	1	4	4	1896.49	0
9.726	1	3	6	5324.57	0
9.761	1	2	1	58009.9	0
9.762	1	5	2	405.794	0
9.763	1	1	3	4496.59	0
9.764	1	4	4	1896.49	0
9.766	1	3	6	5324.57	0
9.801	1	2	1	58009.9	0
9.802	1	5	2	405.794	0
9.803	1	1	3	4496.59	0
9.804	1	4	4	1896.49	0
9.806	1	3	6	5324.57	0
9.841	1	2	1	58009.9	0
9.842	1	5	2	405.794	0
9.843	1	1	3	4496.59	0
9.844	1	4	4	1896.49	0
9.846	1	3	6	5324.57	0
9.881	1	2	1	58009.9	0
9.882	1	5	2	405.794	0
9.883	1	1	3	4496.59	0
9.884	1	4	4	1896.49	0
9.886	1	3	6	5324.57	0
9.921	1	2	1	58009.9	0
9.922	1	5	2	405.794	0
9.923	1	1	3	4496.59	0
9.924	1	4	4	1896.49	0
9.926	1	3	6	5324.57	0
9.961	1	2	1	58009.9	0
9.962	1	5	2	405.794	0
9.963	1	1	3	4496.59	0
9.964	1	4	4	1896.49	0
9.966	1	3	6	5324.57	0
10.001	1	2	1	58009.9	0
10.002	1	5	2	405.794	0
10.003	1	1	3	4496.59	0
10.004	1	4	4	1896.49	0
10.006	1	3	6	5324.57	0
10.041	1	2	1	58009.9	0
10.042	1	5	2	405.794	0
10.043	1	1	3	4496.59	0
10.044	1	4	4	1896.49	0
10.046	1	3	6	5324.57	0
10.081	1	2	1	58009.9	0
10.082	1	5	2	405.794	0
10.083	1	1	3	4496.59	0
10.084	1	4	4	1896.49	0
10.086	1	3	6	5324.57	0
10.121	1	2	1	58009.9	0
10.122	1	5	2	405.794	0
10.123	1	1	3	4496.59	0
10.124	1	4	4	1896.49	0
10.126	1	3	6	5324.57	0
10.161	1	2	1	58009.9	0
10.162	1	5	2	405.794	0
10.163	1	1	3	4496.59	0
10.164	1	4	4	1896.49	0
10.166	1	3	6	5324.57	0
10.201	1	2	1	58009.9	0
10.202	1	5	2	405.794	0
10.203	1	1	3	4496.59	0
10.204	1	4	4	1896.49	0
10.206	1	3	6	5324.57	0
10.241	1	2	1	58009.9	0
10.242	1	5	2	405.794	0
10.243	1	1	3	4496.59	0
10.244	1	4	4	1896.49	0
10.246	1	3	6	5324.57	0
10.281	1	2	1	58009.9	0
10.282	1	5	2	405.794	0
10.283	1	1	3	4496.59	0
10.284	1	4	4	1896.49	0
10.286	1	3	6	5324.57	0
10.321	1	2	1	58009.9	0
10.322	1	5	2	405.794	0
10.323	1	1	3	4496.59	0
10.324	1	4	4	1896.49	0
10.326	1	3	6	5324.57	0
10.361	1	2	1	58009.9	0
10.362	1	5	2	405.794	0
10.363	1	1	3	4496.59	0
10.364	1	4	4	1896.49	0
10.366	1	3	6	5324.57	0
10.401	1	2	1	58009.9	0
10.402	1	5	2	405.794	0
10.403	1	1	3	4496.59	0
10.404	1	4	4	1896.49	0
10.406	1	3	6	5324.57	0
10.441	1	2	1	58009.9	0
10.442	1	5	2	405.794	0
10.443	1	1	3	4496.59	0
10.444	1	4	4	1896.49	0
10.446	1	3	6	5324.57	0
10.481	1	2	1	58009.9	0
10.482	1	5	2	405.794	0
10.483	1	1	3	4496.59	0
10.484	1	4	4	1896.49	0
10.486	1	3	6	5324.57	0
10.521	1	2	1	58009.9	0
10.522	1	5	2	405.794	0
10.523	1	1	3	4496.59	0
10.524	1	4	4	1896.49	0
10.526	1	3	6	5324.57	0
10.561	1	2	1	58009.9	0
10.562	1	5	2	405.794	0
10.563	1	1	3	4496.59	0
10.564	1	4	4	1896.49	0
10.566	1	3	6	5324.57	0
10.601	1	2	1	58009.9	0
10.602	1	5	2	405.794	0
10.603	1	1	3	4496.59	0
10.604	1	4	4	1896.49	0
10.606	1	3	6	5324.57	0
10.641	1	2	1	58009.9	0
10.642	1	5	2	405.794	0
10.643	1	1	3	4496.59	0
10.644	1	4	4	1896.49	0
10.646	1	3	6	5324.57	0
10.681	1	2	1	58009.9	0
10.682	1	5	2	405.794	0
10.683	1	1	3	4496.59	0
10.684	1	4	4	1896.49	0
10.686	1	3	6	5324.57	0
10.721	1	2	1	58009.9	0
10.722	1	5	2	405.794	0
10.723	1	1	3	4496.59	0
10.724	1	4	4	1896.49	0
10.726	1	3	6	5324.57	0
10.761	1	2	1	58009.9	0
10.762	1	5	2	405.794	0
10.763	1	1	3	4496.59	0
10.764	1	4	4	1896.49	0
10.766	1	3	6	5324.57	0
10.801	1	2	1	58009.9	0
10.802	1	5	2	405.794	0
10.803	1	1	3	4496.59	0
10.804	1	4	4	1896.49	0
10.806	1	3	6	5324.57	0
10.841	1	2	1	58009.9	0
10.842	1	5	2	405.794	0
10.843	1	1	3	4496.59	0
10.844	1	4	4	1896.49	0
10.846	1	3	6	5324.57	0
10.881	1	2	1	58009.9	0
10.882	1	5	2	405.794	0
10.883	1	1	3	4496.59	0
10.884	1	4	4	1896.49	0
10.886	1	3	6	5324.57	0
10.921	1	2	1	58009.9	0
10.922	1	5	2	405.794	0
10.923	1	1	3	4496.59	0
10.924	1	4	4	1896.49	0
10.926	1	3	6	5324.57	0
10.961	1	2	1	58009.9	0
10.962	1	5	2	405.794	0
10.963	1	1	3	4496.59	0
10.964	1	4	4	1896.49	0
10.966	1	3	6	5324.57	0
11.001	1	2	1	58009.9	0
11.002	1	5	2	405.794	0
11.003	1	1	3	4496.59	0
11.004	1	4	4	1896.49	0
11.006	1	3	6	5324.57	0
11.041	1	2	1	58009.9	0
11.042	1	5	2	405.794	0
11.043	1	1	3	4496.59	0
11.044	1	4	4	1896.49	0
11.046	1	3	6	5324.57	0
11.081	1	2	1	58009.9	0
11.082	1	5	2	405.794	0
11.083	1	1	3	4496.59	0
11.084	1	4	4	1896.49	0
11.086	1	3	6	5324.57	0
11.121	1	2	1	58009.9	0
11.122	1	5	2	405.794	0
11.123	1	1	3	4496.59	0
11.124	1	4	4	1896.49	0
11.126	1	3	6	5324.57	0
11.161	1	2	1	58009.9	0
11.162	1	5	2	405.794	0
11.163	1	1	3	4496.59	0
11.164	1	4	4	1896.49	0
11.166	1	3	6	5324.57	0
11.201	1	2	1	58009.9	0
11.202	1	5	2	405.794	0
11.203	1	1	3	4496.59	0
11.204	1	4	4	1896.49	0
11.206	1	3	6	5324.57	0
11.241	1	2	1	58009.9	0
11.242	1	5	2	405.794	0
11.243	1	1	3	4496.59	0
11.244	1	4	4	1896.49	0
11.246	1	3	6	5324.57	0
