% start	end	CellId	IMSI	RNTI	LCID	nTxPDUs	TxBytes	nRxPDUs	RxBytes	delay	stdDev	min	max	PduSize	stdDev	min	max
0	0.25	1	1	9	4	11	1705	11	1705	0.00410161	0.000975068	0.00315433	0.00623415	155	0	155	155	
0	0.25	1	2	13	3	10	1550	10	1550	0.00375333	0.000448956	0.00306607	0.00468993	155	0	155	155	
0	0.25	1	3	8	3	9	1395	9	1395	0.00358161	0.000577569	0.00300654	0.00491863	155	0	155	155	
0	0.25	1	4	4	3	11	1705	11	1705	0.00364545	0.000544522	0.00309337	0.00491942	155	0	155	155	
0	0.25	1	5	7	3	10	1550	9	1395	0.00383903	0.000669808	0.00316634	0.00544278	155	0	155	155	
0	0.25	1	6	1	3	11	1705	11	1705	0.00383162	0.00114042	0.00300864	0.00716109	155	0	155	155	
0	0.25	1	7	10	3	10	1550	10	1550	0.00344045	0.000411529	0.00301944	0.0041015	155	0	155	155	
0	0.25	1	8	2	3	12	1860	12	1860	0.00414962	0.000740948	0.00302511	0.00533221	155	0	155	155	
0	0.25	1	9	14	3	7	1085	7	1085	0.00349794	0.000615062	0.00302418	0.00466556	155	0	155	155	
0	0.25	1	10	3	3	9	1395	9	1395	0.00358493	0.000295318	0.00316946	0.00408423	155	0	155	155	
0.25	0.5	1	1	9	4	11	1705	11	1705	0.00368717	0.000442368	0.00301088	0.00461195	155	0	155	155	
0.25	0.5	1	2	13	3	12	1860	12	1860	0.00411868	0.000982938	0.00302111	0.00590588	155	0	155	155	
0.25	0.5	1	3	8	3	12	1860	12	1860	0.00399051	0.00113119	0.00302648	0.00650079	155	0	155	155	
0.25	0.5	1	4	4	3	13	2015	12	1860	0.00376096	0.000560387	0.00317292	0.00492281	155	0	155	155	
0.25	0.5	1	5	7	3	10	1550	11	1705	0.00353521	0.000258625	0.00304779	0.00387129	155	0	155	155	
0.25	0.5	1	6	1	3	13	2015	13	2015	0.00388187	0.000812478	0.00322766	0.00642787	155	0	155	155	
0.25	0.5	1	7	10	3	10	1550	10	1550	0.00421034	0.000928806	0.00307146	0.00581049	155	0	155	155	
0.25	0.5	1	8	2	3	18	2790	17	2635	0.00425728	0.00145592	0.00307906	0.00885882	155	0	155	155	
0.25	0.5	1	9	14	3	11	1705	11	1705	0.00360677	0.000443322	0.00302954	0.00441301	155	0	155	155	
0.25	0.5	1	10	3	3	9	1395	9	1395	0.0034877	0.000321446	0.00314012	0.00397738	155	0	155	155	
0.5	0.75	1	1	9	4	13	2015	13	2015	0.00400973	0.0017234	0.00303342	0.00962935	155	0	155	155	
0.5	0.75	1	2	13	3	13	2015	13	2015	0.00437879	0.00159343	0.00309176	0.00814652	155	0	155	155	
0.5	0.75	1	3	8	3	9	1395	8	1240	0.00349388	0.000267817	0.00301354	0.00375949	155	0	155	155	
0.5	0.75	1	4	4	3	10	1550	10	1550	0.00342823	0.000239464	0.00307014	0.0039083	155	0	155	155	
0.5	0.75	1	5	7	3	13	2015	13	2015	0.00413576	0.0016404	0.00300801	0.00935273	155	0	155	155	
0.5	0.75	1	6	1	3	10	1550	10	1550	0.00342465	0.000313781	0.0030115	0.00375263	155	0	155	155	
0.5	0.75	1	7	10	3	11	1705	11	1705	0.00337475	0.000205288	0.00318272	0.00373033	155	0	155	155	
0.5	0.75	1	8	2	3	10	1550	10	1550	0.00369911	0.000717911	0.00323403	0.0053966	155	0	155	155	
0.5	0.75	1	9	14	3	11	1705	11	1705	0.00393971	0.000779852	0.00308672	0.00572673	155	0	155	155	
0.5	0.75	1	10	3	3	11	1705	11	1705	0.0039798	0.00112644	0.00312665	0.00718289	155	0	155	155	
0.75	1	1	1	9	4	14	2170	14	2170	0.00397266	0.000911979	0.00300179	0.00572437	155	0	155	155	
0.75	1	1	2	13	3	15	2325	15	2325	0.00416932	0.00118879	0.00321105	0.007524	155	0	155	155	
0.75	1	1	3	8	3	9	1395	10	1550	0.00357536	0.000241156	0.0031642	0.00392501	155	0	155	155	
0.75	1	1	4	4	3	13	2015	14	2170	0.00386337	0.00053916	0.00314424	0.00489986	155	0	155	155	
0.75	1	1	5	7	3	15	2325	14	2170	0.00359782	0.00058839	0.00304785	0.00492753	155	0	155	155	
0.75	1	1	6	1	3	7	1085	7	1085	0.00331408	0.000238299	0.00303335	0.00358377	155	0	155	155	
0.75	1	1	7	10	3	13	2015	13	2015	0.00400129	0.000832271	0.00305879	0.00564169	155	0	155	155	
0.75	1	1	8	2	3	9	1395	10	1550	0.0036334	0.0007155	0.00302518	0.00521098	155	0	155	155	
0.75	1	1	9	14	3	13	2015	13	2015	0.0039143	0.000637547	0.00309834	0.00525655	155	0	155	155	
0.75	1	1	10	3	3	10	1550	10	1550	0.00331084	0.000319126	0.00302086	0.00389928	155	0	155	155	
1	1.25	1	1	9	4	11	1705	11	1705	0.00392057	0.000837541	0.00309639	0.00592669	155	0	155	155	
1	1.25	1	2	13	3	12	1860	12	1860	0.00384423	0.000640795	0.00316356	0.00521273	155	0	155	155	
1	1.25	1	3	8	3	9	1395	9	1395	0.00343187	0.00026859	0.00311782	0.00395134	155	0	155	155	
1	1.25	1	4	4	3	17	2635	16	2480	0.00399762	0.000860481	0.00300477	0.00593618	155	0	155	155	
1	1.25	1	5	7	3	15	2325	16	2480	0.00412706	0.000977217	0.00303176	0.00643987	155	0	155	155	
1	1.25	1	6	1	3	13	2015	13	2015	0.00380709	0.000770418	0.00309619	0.00570429	155	0	155	155	
1	1.25	1	7	10	3	14	2170	14	2170	0.00354797	0.000346403	0.00306613	0.00395562	155	0	155	155	
1	1.25	1	8	2	3	10	1550	10	1550	0.00335398	0.000192434	0.00304309	0.00367232	155	0	155	155	
1	1.25	1	9	14	3	17	2635	17	2635	0.00392643	0.000871788	0.00301573	0.00617531	155	0	155	155	
1	1.25	1	10	3	3	10	1550	10	1550	0.00379925	0.000658179	0.00306537	0.00491776	155	0	155	155	
1.25	1.5	1	1	9	4	12	1860	12	1860	0.0035602	0.000480989	0.00303333	0.00476166	155	0	155	155	
1.25	1.5	1	2	13	3	13	2015	13	2015	0.00371494	0.00071821	0.00300373	0.00574474	155	0	155	155	
1.25	1.5	1	3	8	3	16	2480	16	2480	0.00399158	0.00091632	0.00306177	0.00633553	155	0	155	155	
1.25	1.5	1	4	4	3	10	1550	11	1705	0.0040564	0.000881295	0.0030284	0.00588797	155	0	155	155	
1.25	1.5	1	5	7	3	12	1860	12	1860	0.00430004	0.00105217	0.00300845	0.00672491	155	0	155	155	
1.25	1.5	1	6	1	3	12	1860	12	1860	0.00341191	0.000266875	0.00304393	0.00397805	155	0	155	155	
1.25	1.5	1	7	10	3	12	1860	11	1705	0.00355095	0.000470154	0.00305091	0.00454034	155	0	155	155	
1.25	1.5	1	8	2	3	14	2170	14	2170	0.0038993	0.000714696	0.00300352	0.00551033	155	0	155	155	
1.25	1.5	1	9	14	3	10	1550	9	1395	0.00386206	0.00073375	0.00312343	0.00528748	155	0	155	155	
1.25	1.5	1	10	3	3	13	2015	13	2015	0.00381563	0.000625485	0.00300295	0.00515182	155	0	155	155	
1.5	1.75	1	1	9	4	14	2170	14	2170	0.00418605	0.00127937	0.00304587	0.00772469	155	0	155	155	
1.5	1.75	1	2	13	3	11	1705	10	1550	0.00348894	0.000544699	0.0030515	0.00458242	155	0	155	155	
1.5	1.75	1	3	8	3	13	2015	12	1860	0.00360022	0.000690083	0.0030096	0.0055897	155	0	155	155	
1.5	1.75	1	4	4	3	10	1550	10	1550	0.0034675	0.000315526	0.00302537	0.00393561	155	0	155	155	
1.5	1.75	1	5	7	3	10	1550	10	1550	0.00370186	0.000482188	0.00302528	0.00478129	155	0	155	155	
1.5	1.75	1	6	1	3	13	2015	12	1860	0.00381871	0.00084123	0.0030457	0.00570907	155	0	155	155	
1.5	1.75	1	7	10	3	14	2170	15	2325	0.0040584	0.00144818	0.0030528	0.00814655	155	0	155	155	
1.5	1.75	1	8	2	3	14	2170	14	2170	0.00411106	0.0011041	0.00308042	0.00730306	155	0	155	155	
1.5	1.75	1	9	14	3	14	2170	14	2170	0.00386869	0.000538561	0.00307482	0.00499726	155	0	155	155	
1.5	1.75	1	10	3	3	15	2325	15	2325	0.00407842	0.000842453	0.00301826	0.00647854	155	0	155	155	
1.75	2	1	1	9	4	9	1395	9	1395	0.00362812	0.000420822	0.00311933	0.00450262	155	0	155	155	
1.75	2	1	2	13	3	13	2015	13	2015	0.00404836	0.000749553	0.00304427	0.00562953	155	0	155	155	
1.75	2	1	3	8	3	11	1705	12	1860	0.0037192	0.000665713	0.00301508	0.0050911	155	0	155	155	
1.75	2	1	4	4	3	10	1550	10	1550	0.00371243	0.000400966	0.00316269	0.00422713	155	0	155	155	
1.75	2	1	5	7	3	11	1705	11	1705	0.00357016	0.000467964	0.00301748	0.00457701	155	0	155	155	
1.75	2	1	6	1	3	9	1395	10	1550	0.00406634	0.000771482	0.00326136	0.00590663	155	0	155	155	
1.75	2	1	7	10	3	10	1550	10	1550	0.00425543	0.00225597	0.00302387	0.0106136	155	0	155	155	
1.75	2	1	8	2	3	10	1550	10	1550	0.00354973	0.000283644	0.00308954	0.00396321	155	0	155	155	
1.75	2	1	9	14	3	13	2015	14	2170	0.00426504	0.00149931	0.00309426	0.00823145	155	0	155	155	
1.75	2	1	10	3	3	14	2170	13	2015	0.00406208	0.000846606	0.00301618	0.00571063	155	0	155	155	
2	2.25	1	1	9	4	9	1395	9	1395	0.00346499	0.000360509	0.0031419	0.00433325	155	0	155	155	
2	2.25	1	2	13	3	15	2325	16	2480	0.00345752	0.000242103	0.00312015	0.0038916	155	0	155	155	
2	2.25	1	3	8	3	12	1860	12	1860	0.00361837	0.00039095	0.00311721	0.0045751	155	0	155	155	
2	2.25	1	4	4	3	10	1550	10	1550	0.00394252	0.000962241	0.00316409	0.0057778	155	0	155	155	
2	2.25	1	5	7	3	14	2170	13	2015	0.00446782	0.00113858	0.00315792	0.0065997	155	0	155	155	
2	2.25	1	6	1	3	14	2170	14	2170	0.00380208	0.000849809	0.00303831	0.00577325	155	0	155	155	
2	2.25	1	7	10	3	9	1395	9	1395	0.00353592	0.000410339	0.00305491	0.00432074	155	0	155	155	
2	2.25	1	8	2	3	8	1240	8	1240	0.00334197	0.000205087	0.00308072	0.00357782	155	0	155	155	
2	2.25	1	9	14	3	9	1395	9	1395	0.00445084	0.00189976	0.00302612	0.0086372	155	0	155	155	
2	2.25	1	10	3	3	10	1550	11	1705	0.00402043	0.00123456	0.0030426	0.00681624	155	0	155	155	
2.25	2.5	1	1	9	4	8	1240	8	1240	0.00357768	0.000288301	0.00304687	0.00395235	155	0	155	155	
2.25	2.5	1	2	13	3	10	1550	10	1550	0.00380096	0.000447924	0.00312704	0.00465199	155	0	155	155	
2.25	2.5	1	3	8	3	7	1085	7	1085	0.00356634	0.000277325	0.00303129	0.00381531	155	0	155	155	
2.25	2.5	1	4	4	3	8	1240	8	1240	0.00359705	0.000574058	0.00319475	0.0048439	155	0	155	155	
2.25	2.5	1	5	7	3	10	1550	11	1705	0.00377588	0.00049737	0.00301544	0.00461032	155	0	155	155	
2.25	2.5	1	6	1	3	16	2480	15	2325	0.00408055	0.000687973	0.00314649	0.00562671	155	0	155	155	
2.25	2.5	1	7	10	3	10	1550	9	1395	0.00360359	0.000260903	0.00331021	0.00417252	155	0	155	155	
2.25	2.5	1	8	2	3	12	1860	12	1860	0.00391357	0.000591914	0.0032296	0.00531161	155	0	155	155	
2.25	2.5	1	9	14	3	12	1860	12	1860	0.00365269	0.000368009	0.00319716	0.00442939	155	0	155	155	
2.25	2.5	1	10	3	3	13	2015	13	2015	0.00401938	0.00141715	0.00304588	0.00817934	155	0	155	155	
2.5	2.75	1	1	9	4	8	1240	8	1240	0.00350874	0.000344456	0.00303541	0.0039721	155	0	155	155	
2.5	2.75	1	2	13	3	11	1705	11	1705	0.00357477	0.0004173	0.0030609	0.00443574	155	0	155	155	
2.5	2.75	1	3	8	3	8	1240	7	1085	0.00355281	0.000161349	0.00330493	0.00378279	155	0	155	155	
2.5	2.75	1	4	4	3	9	1395	9	1395	0.00351104	0.00032424	0.00311412	0.00398296	155	0	155	155	
2.5	2.75	1	5	7	3	16	2480	16	2480	0.004153	0.00118282	0.00311637	0.00709564	155	0	155	155	
2.5	2.75	1	6	1	3	12	1860	13	2015	0.00353906	0.000384025	0.00303117	0.00448133	155	0	155	155	
2.5	2.75	1	7	10	3	9	1395	10	1550	0.00371334	0.000779735	0.00303338	0.00568352	155	0	155	155	
2.5	2.75	1	8	2	3	12	1860	11	1705	0.00383515	0.000508692	0.00300032	0.00480603	155	0	155	155	
2.5	2.75	1	9	14	3	8	1240	8	1240	0.0037553	0.000606401	0.00315721	0.00492167	155	0	155	155	
2.5	2.75	1	10	3	3	9	1395	9	1395	0.00395496	0.000730535	0.00315082	0.00524814	155	0	155	155	
2.75	3	1	1	9	4	13	2015	13	2015	0.00360868	0.000570812	0.00318455	0.0053597	155	0	155	155	
2.75	3	1	2	13	3	12	1860	12	1860	0.00375643	0.000716344	0.00300519	0.00531445	155	0	155	155	
2.75	3	1	3	8	3	4	620	5	775	0.00354326	0.000441363	0.00305412	0.00418616	155	0	155	155	
2.75	3	1	4	4	3	12	1860	11	1705	0.00354091	0.000387053	0.00307512	0.00439537	155	0	155	155	
2.75	3	1	5	7	3	9	1395	9	1395	0.00439584	0.00152339	0.00306636	0.00758262	155	0	155	155	
2.75	3	1	6	1	3	9	1395	9	1395	0.00363679	0.000496175	0.00308072	0.0046571	155	0	155	155	
2.75	3	1	7	10	3	11	1705	11	1705	0.00385185	0.000568542	0.00337161	0.0049678	155	0	155	155	
2.75	3	1	8	2	3	8	1240	9	1395	0.00375929	0.000482817	0.00322124	0.00485178	155	0	155	155	
2.75	3	1	9	14	3	11	1705	11	1705	0.00356614	0.000357265	0.00301129	0.00412898	155	0	155	155	
2.75	3	1	10	3	3	14	2170	14	2170	0.00412509	0.00100865	0.0032283	0.00669218	155	0	155	155	
3	3.25	1	1	9	4	11	1705	11	1705	0.00353297	0.000418522	0.00304202	0.00451396	155	0	155	155	
3	3.25	1	2	13	3	16	2480	16	2480	0.00415691	0.000827301	0.00310903	0.00593375	155	0	155	155	
3	3.25	1	3	8	3	16	2480	16	2480	0.00384302	0.000853263	0.0030106	0.00647992	155	0	155	155	
3	3.25	1	4	4	3	9	1395	10	1550	0.00385732	0.000904922	0.00309329	0.00593767	155	0	155	155	
3	3.25	1	5	7	3	14	2170	14	2170	0.00385646	0.000721782	0.00302661	0.00558953	155	0	155	155	
3	3.25	1	6	1	3	7	1085	7	1085	0.00347689	0.000557982	0.00300746	0.00461373	155	0	155	155	
3	3.25	1	7	10	3	11	1705	11	1705	0.0035478	0.000281285	0.00314039	0.00385749	155	0	155	155	
3	3.25	1	8	2	3	11	1705	11	1705	0.00385313	0.000601326	0.00312154	0.00483391	155	0	155	155	
3	3.25	1	9	14	3	11	1705	11	1705	0.00395141	0.000732488	0.00319804	0.00565389	155	0	155	155	
3	3.25	1	10	3	3	11	1705	11	1705	0.00361651	0.000512052	0.00318894	0.00499039	155	0	155	155	
3.25	3.5	1	1	9	4	13	2015	13	2015	0.00376468	0.000449907	0.00337942	0.00505326	155	0	155	155	
3.25	3.5	1	2	13	3	12	1860	12	1860	0.00385607	0.000718599	0.00303829	0.00499706	155	0	155	155	
3.25	3.5	1	3	8	3	11	1705	11	1705	0.00487011	0.00104961	0.00348962	0.00664498	155	0	155	155	
3.25	3.5	1	4	4	3	14	2170	14	2170	0.00375836	0.000721075	0.00300003	0.00513621	155	0	155	155	
3.25	3.5	1	5	7	3	14	2170	13	2015	0.00362942	0.000389353	0.00300842	0.00421869	155	0	155	155	
3.25	3.5	1	6	1	3	12	1860	12	1860	0.00346045	0.000248685	0.00302568	0.00387952	155	0	155	155	
3.25	3.5	1	7	10	3	9	1395	8	1240	0.00368665	0.000413249	0.0031365	0.00449702	155	0	155	155	
3.25	3.5	1	8	2	3	14	2170	13	2015	0.0034448	0.000267662	0.00312499	0.00389691	155	0	155	155	
3.25	3.5	1	9	14	3	10	1550	10	1550	0.00349434	0.000274906	0.00309039	0.00398033	155	0	155	155	
3.25	3.5	1	10	3	3	11	1705	11	1705	0.00386031	0.000972877	0.00300972	0.00633951	155	0	155	155	
3.5	3.75	1	1	9	4	13	2015	13	2015	0.00433645	0.00132885	0.00301505	0.00719823	155	0	155	155	
3.5	3.75	1	2	13	3	12	1860	12	1860	0.00388565	0.000716143	0.00315735	0.00574781	155	0	155	155	
3.5	3.75	1	3	8	3	13	2015	12	1860	0.00341866	0.000360335	0.00300025	0.00397658	155	0	155	155	
3.5	3.75	1	4	4	3	11	1705	10	1550	0.00431099	0.00160308	0.00306224	0.00826987	155	0	155	155	
3.5	3.75	1	5	7	3	11	1705	12	1860	0.00398247	0.000741547	0.00326815	0.00590342	155	0	155	155	
3.5	3.75	1	6	1	3	13	2015	13	2015	0.00363996	0.000406663	0.00301891	0.00416705	155	0	155	155	
3.5	3.75	1	7	10	3	10	1550	11	1705	0.00382354	0.000589879	0.0031267	0.00511203	155	0	155	155	
3.5	3.75	1	8	2	3	13	2015	14	2170	0.00403005	0.00098193	0.00304928	0.00604751	155	0	155	155	
3.5	3.75	1	9	14	3	10	1550	10	1550	0.00361808	0.000250889	0.00322971	0.00391216	155	0	155	155	
3.5	3.75	1	10	3	3	12	1860	12	1860	0.00402324	0.00124284	0.00313543	0.00732681	155	0	155	155	
3.75	4	1	1	9	4	11	1705	11	1705	0.00348164	0.000438917	0.0030184	0.00444895	155	0	155	155	
3.75	4	1	2	13	3	11	1705	11	1705	0.003676	0.000732367	0.00303768	0.00528948	155	0	155	155	
3.75	4	1	3	8	3	8	1240	9	1395	0.00364325	0.000317617	0.0030091	0.00399386	155	0	155	155	
3.75	4	1	4	4	3	8	1240	9	1395	0.00356712	0.000329262	0.00315615	0.00398681	155	0	155	155	
3.75	4	1	5	7	3	10	1550	10	1550	0.00350303	0.000325698	0.00303475	0.00394056	155	0	155	155	
3.75	4	1	6	1	3	14	2170	14	2170	0.0043146	0.00146621	0.00316065	0.00836808	155	0	155	155	
3.75	4	1	7	10	3	11	1705	11	1705	0.00350819	0.000273605	0.00309526	0.00395281	155	0	155	155	
3.75	4	1	8	2	3	13	2015	12	1860	0.00406492	0.000993789	0.00317861	0.00681903	155	0	155	155	
3.75	4	1	9	14	3	12	1860	12	1860	0.00406467	0.00111208	0.00307081	0.0069318	155	0	155	155	
3.75	4	1	10	3	3	13	2015	13	2015	0.00368218	0.000418575	0.00306578	0.00429491	155	0	155	155	
4	4.25	1	1	9	4	10	1550	10	1550	0.0039092	0.000666794	0.00336973	0.00540509	155	0	155	155	
4	4.25	1	2	13	3	11	1705	11	1705	0.00366193	0.000458888	0.0030076	0.00488286	155	0	155	155	
4	4.25	1	3	8	3	13	2015	13	2015	0.00364011	0.000505018	0.00300492	0.00461847	155	0	155	155	
4	4.25	1	4	4	3	11	1705	11	1705	0.00362097	0.000316115	0.00303699	0.00417442	155	0	155	155	
4	4.25	1	5	7	3	16	2480	16	2480	0.00396776	0.000816069	0.00300304	0.00611677	155	0	155	155	
4	4.25	1	6	1	3	13	2015	13	2015	0.00412428	0.00135909	0.00303955	0.00752974	155	0	155	155	
4	4.25	1	7	10	3	9	1395	9	1395	0.00342341	0.000336688	0.00307484	0.00397771	155	0	155	155	
4	4.25	1	8	2	3	11	1705	12	1860	0.00384027	0.000895592	0.00320937	0.00653638	155	0	155	155	
4	4.25	1	9	14	3	8	1240	8	1240	0.00353518	0.00035309	0.00302932	0.00387486	155	0	155	155	
4	4.25	1	10	3	3	15	2325	15	2325	0.00401098	0.000785866	0.00310015	0.00543701	155	0	155	155	
4.25	4.5	1	1	9	4	9	1395	9	1395	0.00360647	0.00051156	0.0030795	0.00465789	155	0	155	155	
4.25	4.5	1	2	13	3	10	1550	10	1550	0.00367675	0.000382159	0.0031636	0.00450343	155	0	155	155	
4.25	4.5	1	3	8	3	13	2015	13	2015	0.00368926	0.000639984	0.00321487	0.00564301	155	0	155	155	
4.25	4.5	1	4	4	3	13	2015	13	2015	0.00432332	0.00128599	0.00304031	0.00673919	155	0	155	155	
4.25	4.5	1	5	7	3	11	1705	11	1705	0.00378927	0.000371548	0.00321736	0.00430591	155	0	155	155	
4.25	4.5	1	6	1	3	10	1550	10	1550	0.00386681	0.000652911	0.00308272	0.00557314	155	0	155	155	
4.25	4.5	1	7	10	3	14	2170	14	2170	0.00376458	0.000658452	0.00302775	0.00485065	155	0	155	155	
4.25	4.5	1	8	2	3	10	1550	10	1550	0.00336959	0.000305886	0.00302476	0.00391186	155	0	155	155	
4.25	4.5	1	9	14	3	12	1860	12	1860	0.00378843	0.000514009	0.00307572	0.00462207	155	0	155	155	
4.25	4.5	1	10	3	3	12	1860	12	1860	0.00405117	0.000881373	0.00305955	0.00584348	155	0	155	155	
4.5	4.75	1	1	9	4	12	1860	12	1860	0.00361051	0.000707059	0.00300517	0.00560427	155	0	155	155	
4.5	4.75	1	2	13	3	15	2325	15	2325	0.00372884	0.000530207	0.00311357	0.00493075	155	0	155	155	
4.5	4.75	1	3	8	3	11	1705	11	1705	0.00378466	0.000725566	0.0031225	0.00582291	155	0	155	155	
4.5	4.75	1	4	4	3	15	2325	15	2325	0.00462875	0.00118617	0.00303993	0.00735963	155	0	155	155	
4.5	4.75	1	5	7	3	9	1395	9	1395	0.00384217	0.000420261	0.00326022	0.0048321	155	0	155	155	
4.5	4.75	1	6	1	3	9	1395	9	1395	0.00351096	0.000299312	0.00307987	0.00389045	155	0	155	155	
4.5	4.75	1	7	10	3	13	2015	13	2015	0.0040867	0.0010371	0.00309275	0.00668927	155	0	155	155	
4.5	4.75	1	8	2	3	12	1860	12	1860	0.00367513	0.000677736	0.00300436	0.00545757	155	0	155	155	
4.5	4.75	1	9	14	3	11	1705	11	1705	0.0039693	0.000777393	0.00313322	0.00558499	155	0	155	155	
4.5	4.75	1	10	3	3	11	1705	11	1705	0.00353581	0.000316976	0.00311139	0.00403566	155	0	155	155	
