% time	cellId	IMSI	RNTI	layer	mcs	size	rv	ndi	ccId
31	1	8	2	0	28	2196	0	1	0
33	1	1	9	0	28	2196	0	1	0
38	1	6	1	0	28	2196	0	1	0
43	1	1	9	0	28	2196	0	1	0
45	1	3	8	0	28	2196	0	1	0
46	1	9	14	0	28	2196	0	1	0
47	1	4	4	0	28	2196	0	1	0
52	1	7	10	0	28	2196	0	1	0
53	1	5	7	0	28	2196	0	1	0
54	1	8	2	0	28	2196	0	1	0
58	1	10	3	0	28	2196	0	1	0
59	1	2	13	0	28	2196	0	1	0
60	1	5	7	0	28	2196	0	1	0
62	1	2	13	0	28	2196	0	1	0
63	1	8	2	0	28	2196	0	1	0
67	1	9	14	0	28	2196	0	1	0
68	1	7	10	0	28	2196	0	1	0
69	1	4	4	0	28	2196	0	1	0
70	1	6	1	0	28	2196	0	1	0
71	1	2	13	0	28	2196	0	1	0
78	1	7	10	0	28	2196	0	1	0
79	1	1	9	0	28	2196	0	1	0
82	1	4	4	0	28	2196	0	1	0
83	1	2	13	0	28	2196	0	1	0
85	1	4	4	0	28	2196	0	1	0
87	1	10	3	0	28	2196	0	1	0
93	1	6	1	0	28	2196	0	1	0
99	1	5	7	0	28	2196	0	1	0
102	1	8	2	0	28	2196	0	1	0
103	1	3	8	0	28	2196	0	1	0
104	1	1	9	0	28	2196	0	1	0
105	1	7	10	0	28	2196	0	1	0
106	1	9	14	0	28	2196	0	1	0
109	1	2	13	0	28	2196	0	1	0
110	1	10	3	0	28	2196	0	1	0
111	1	6	1	0	28	2196	0	1	0
113	1	1	9	0	28	2196	0	1	0
114	1	7	10	0	28	2196	0	1	0
115	1	2	13	0	28	2196	0	1	0
123	1	10	3	0	28	2196	0	1	0
124	1	5	7	0	28	2196	0	1	0
125	1	3	8	0	28	2196	0	1	0
126	1	8	2	0	28	2196	0	1	0
129	1	4	4	0	28	2196	0	1	0
132	1	10	3	0	28	2196	0	1	0
133	1	4	4	0	28	2196	0	1	0
135	1	8	2	0	28	2196	0	1	0
136	1	5	7	0	28	2196	0	1	0
137	1	1	9	0	28	2196	0	1	0
138	1	2	13	0	28	2196	0	1	0
142	1	10	3	0	28	2196	0	1	0
145	1	1	9	0	28	2196	0	1	0
146	1	8	2	0	28	2196	0	1	0
147	1	3	8	0	28	2196	0	1	0
148	1	5	7	0	28	2196	0	1	0
155	1	4	4	0	28	2196	0	1	0
156	1	9	14	0	28	2196	0	1	0
157	1	8	2	0	28	2196	0	1	0
158	1	7	10	0	28	2196	0	1	0
159	1	3	8	0	28	2196	0	1	0
161	1	4	4	0	28	2196	0	1	0
167	1	7	10	0	28	2196	0	1	0
168	1	9	14	0	28	2196	0	1	0
170	1	6	1	0	28	2196	0	1	0
172	1	3	8	0	28	2196	0	1	0
173	1	10	3	0	28	2196	0	1	0
174	1	1	9	0	28	2196	0	1	0
179	1	5	7	0	28	2196	0	1	0
180	1	4	4	0	28	2196	0	1	0
181	1	6	1	0	28	2196	0	1	0
184	1	7	10	0	28	2196	0	1	0
185	1	8	2	0	28	2196	0	1	0
191	1	9	14	0	28	2196	0	1	0
193	1	8	2	0	28	2196	0	1	0
197	1	2	13	0	28	2196	0	1	0
198	1	7	10	0	28	2196	0	1	0
199	1	10	3	0	28	2196	0	1	0
202	1	3	8	0	28	2196	0	1	0
206	1	3	8	0	28	2196	0	1	0
207	1	5	7	0	28	2196	0	1	0
208	1	6	1	0	28	2196	0	1	0
209	1	9	14	0	28	2196	0	1	0
210	1	1	9	0	28	2196	0	1	0
212	1	6	1	0	28	2196	0	1	0
214	1	5	7	0	28	2196	0	1	0
222	1	6	1	0	28	2196	0	1	0
223	1	1	9	0	28	2196	0	1	0
226	1	7	10	0	28	2196	0	1	0
227	1	2	13	0	28	2196	0	1	0
228	1	4	4	0	28	2196	0	1	0
229	1	8	2	0	28	2196	0	1	0
230	1	6	1	0	28	2196	0	1	0
235	1	10	3	0	28	2196	0	1	0
238	1	3	8	0	28	2196	0	1	0
241	1	8	2	0	28	2196	0	1	0
242	1	4	4	0	28	2196	0	1	0
243	1	6	1	0	28	2196	0	1	0
245	1	1	9	0	28	2196	0	1	0
247	1	2	13	0	28	2196	0	1	0
252	1	5	7	0	28	2196	0	1	0
254	1	3	8	0	28	2196	0	1	0
255	1	10	3	0	28	2196	0	1	0
256	1	2	13	0	28	2196	0	1	0
257	1	8	2	0	28	2196	0	1	0
259	1	7	10	0	28	2196	0	1	0
261	1	6	1	0	28	2196	0	1	0
265	1	9	14	0	28	2196	0	1	0
266	1	2	13	0	28	2196	0	1	0
274	1	9	14	0	28	2196	0	1	0
275	1	3	8	0	28	2196	0	1	0
276	1	10	3	0	28	2196	0	1	0
277	1	1	9	0	28	2196	0	1	0
278	1	7	10	0	28	2196	0	1	0
279	1	8	2	0	28	2196	0	1	0
282	1	9	14	0	28	2196	0	1	0
283	1	5	7	0	28	2196	0	1	0
284	1	2	13	0	28	2196	0	1	0
286	1	1	9	0	28	2196	0	1	0
287	1	8	2	0	28	2196	0	1	0
291	1	8	2	0	28	2196	0	1	0
293	1	4	4	0	28	2196	0	1	0
294	1	7	10	0	28	2196	0	1	0
295	1	3	8	0	28	2196	0	1	0
296	1	2	13	0	28	2196	0	1	0
297	1	10	3	0	28	2196	0	1	0
301	1	5	7	0	28	2196	0	1	0
302	1	9	14	0	28	2196	0	1	0
303	1	1	9	0	28	2196	0	1	0
304	1	3	8	0	28	2196	0	1	0
305	1	4	4	0	28	2196	0	1	0
306	1	6	1	0	28	2196	0	1	0
307	1	2	13	0	28	2196	0	1	0
308	1	8	2	0	28	2196	0	1	0
311	1	5	7	0	28	2196	0	1	0
312	1	7	10	0	28	2196	0	1	0
313	1	8	2	0	28	2196	0	1	0
314	1	9	14	0	28	2196	0	1	0
317	1	10	3	0	28	2196	0	1	0
318	1	3	8	0	28	2196	0	1	0
324	1	7	10	0	28	2196	0	1	0
328	1	6	1	0	28	2196	0	1	0
332	1	3	8	0	28	2196	0	1	0
333	1	4	4	0	28	2196	0	1	0
334	1	9	14	0	28	2196	0	1	0
336	1	1	9	0	28	2196	0	1	0
337	1	8	2	0	28	2196	0	1	0
338	1	6	1	0	28	2196	0	1	0
340	1	2	13	0	28	2196	0	1	0
344	1	3	8	0	28	2196	0	1	0
345	1	5	7	0	28	2196	0	1	0
347	1	4	4	0	28	2196	0	1	0
348	1	1	9	0	28	2196	0	1	0
349	1	7	10	0	28	2196	0	1	0
350	1	6	1	0	28	2196	0	1	0
354	1	3	8	0	28	2196	0	1	0
360	1	6	1	0	28	2196	0	1	0
361	1	5	7	0	28	2196	0	1	0
362	1	9	14	0	28	2196	0	1	0
363	1	3	8	0	28	2196	0	1	0
366	1	8	2	0	28	2196	0	1	0
367	1	4	4	0	28	2196	0	1	0
368	1	10	3	0	28	2196	0	1	0
369	1	6	1	0	28	2196	0	1	0
370	1	9	14	0	28	2196	0	1	0
373	1	6	1	0	28	2196	0	1	0
374	1	8	2	0	28	2196	0	1	0
376	1	7	10	0	28	2196	0	1	0
380	1	4	4	0	28	2196	0	1	0
381	1	6	1	0	28	2196	0	1	0
382	1	1	9	0	28	2196	0	1	0
384	1	5	7	0	28	2196	0	1	0
388	1	8	2	0	28	2196	0	1	0
392	1	10	3	0	28	2196	0	1	0
395	1	2	13	0	28	2196	0	1	0
397	1	5	7	0	28	2196	0	1	0
399	1	4	4	0	28	2196	0	1	0
402	1	2	13	0	28	2196	0	1	0
403	1	7	10	0	28	2196	0	1	0
404	1	9	14	0	28	2196	0	1	0
408	1	3	8	0	28	2196	0	1	0
409	1	1	9	0	28	2196	0	1	0
410	1	6	1	0	28	2196	0	1	0
412	1	1	9	0	28	2196	0	1	0
413	1	8	2	0	28	2196	0	1	0
416	1	4	4	0	28	2196	0	1	0
419	1	8	2	0	28	2196	0	1	0
420	1	2	13	0	28	2196	0	1	0
421	1	7	10	0	28	2196	0	1	0
424	1	1	9	0	28	2196	0	1	0
425	1	4	4	0	28	2196	0	1	0
427	1	9	14	0	28	2196	0	1	0
428	1	5	7	0	28	2196	0	1	0
435	1	4	4	0	28	2196	0	1	0
438	1	8	2	0	28	2196	0	1	0
440	1	9	14	0	28	2196	0	1	0
443	1	8	2	0	28	2196	0	1	0
444	1	6	1	0	28	2196	0	1	0
450	1	8	2	0	28	2196	0	1	0
453	1	3	8	0	28	2196	0	1	0
454	1	2	13	0	28	2196	0	1	0
458	1	1	9	0	28	2196	0	1	0
459	1	4	4	0	28	2196	0	1	0
461	1	2	13	0	28	2196	0	1	0
462	1	8	2	0	28	2196	0	1	0
465	1	5	7	0	28	2196	0	1	0
466	1	6	1	0	28	2196	0	1	0
468	1	10	3	0	28	2196	0	1	0
470	1	7	10	0	28	2196	0	1	0
474	1	3	8	0	28	2196	0	1	0
479	1	10	3	0	28	2196	0	1	0
483	1	2	13	0	28	2196	0	1	0
484	1	4	4	0	28	2196	0	1	0
489	1	6	1	0	28	2196	0	1	0
490	1	5	7	0	28	2196	0	1	0
492	1	1	9	0	28	2196	0	1	0
493	1	8	2	0	28	2196	0	1	0
496	1	10	3	0	28	2196	0	1	0
501	1	8	2	0	28	2196	0	1	0
502	1	4	4	0	28	2196	0	1	0
506	1	6	1	0	28	2196	0	1	0
512	1	9	14	0	28	2196	0	1	0
517	1	6	1	0	28	2196	0	1	0
521	1	3	8	0	28	2196	0	1	0
522	1	2	13	0	28	2196	0	1	0
523	1	5	7	0	28	2196	0	1	0
525	1	1	9	0	28	2196	0	1	0
527	1	5	7	0	28	2196	0	1	0
530	1	4	4	0	28	2196	0	1	0
531	1	7	10	0	28	2196	0	1	0
532	1	8	2	0	28	2196	0	1	0
533	1	2	13	0	28	2196	0	1	0
537	1	8	2	0	28	2196	0	1	0
538	1	10	3	0	28	2196	0	1	0
539	1	1	9	0	28	2196	0	1	0
540	1	6	1	0	28	2196	0	1	0
543	1	4	4	0	28	2196	0	1	0
547	1	1	9	0	28	2196	0	1	0
556	1	2	13	0	28	2196	0	1	0
558	1	9	14	0	28	2196	0	1	0
559	1	6	1	0	28	2196	0	1	0
562	1	7	10	0	28	2196	0	1	0
563	1	10	3	0	28	2196	0	1	0
564	1	4	4	0	28	2196	0	1	0
567	1	1	9	0	28	2196	0	1	0
569	1	5	7	0	28	2196	0	1	0
571	1	8	2	0	28	2196	0	1	0
575	1	9	14	0	28	2196	0	1	0
579	1	4	4	0	28	2196	0	1	0
580	1	2	13	0	28	2196	0	1	0
583	1	9	14	0	28	2196	0	1	0
584	1	1	9	0	28	2196	0	1	0
585	1	7	10	0	28	2196	0	1	0
586	1	10	3	0	28	2196	0	1	0
589	1	7	10	0	28	2196	0	1	0
590	1	9	14	0	28	2196	0	1	0
591	1	1	9	0	28	2196	0	1	0
592	1	6	1	0	28	2196	0	1	0
593	1	2	13	0	28	2196	0	1	0
603	1	6	1	0	28	2196	0	1	0
607	1	5	7	0	28	2196	0	1	0
609	1	7	10	0	28	2196	0	1	0
613	1	2	13	0	28	2196	0	1	0
615	1	8	2	0	28	2196	0	1	0
618	1	10	3	0	28	2196	0	1	0
619	1	5	7	0	28	2196	0	1	0
620	1	1	9	0	28	2196	0	1	0
624	1	7	10	0	28	2196	0	1	0
626	1	9	14	0	28	2196	0	1	0
627	1	10	3	0	28	2196	0	1	0
628	1	3	8	0	28	2196	0	1	0
629	1	5	7	0	28	2196	0	1	0
630	1	4	4	0	28	2196	0	1	0
631	1	9	14	0	28	2196	0	1	0
636	1	2	13	0	28	2196	0	1	0
637	1	3	8	0	28	2196	0	1	0
639	1	8	2	0	28	2196	0	1	0
643	1	10	3	0	28	2196	0	1	0
649	1	3	8	0	28	2196	0	1	0
650	1	6	1	0	28	2196	0	1	0
653	1	7	10	0	28	2196	0	1	0
654	1	10	3	0	28	2196	0	1	0
655	1	9	14	0	28	2196	0	1	0
656	1	2	13	0	28	2196	0	1	0
657	1	8	2	0	28	2196	0	1	0
665	1	5	7	0	28	2196	0	1	0
669	1	4	4	0	28	2196	0	1	0
670	1	8	2	0	28	2196	0	1	0
671	1	1	9	0	28	2196	0	1	0
672	1	7	10	0	28	2196	0	1	0
673	1	9	14	0	28	2196	0	1	0
674	1	10	3	0	28	2196	0	1	0
675	1	2	13	0	28	2196	0	1	0
676	1	6	1	0	28	2196	0	1	0
678	1	3	8	0	28	2196	0	1	0
679	1	1	9	0	28	2196	0	1	0
683	1	9	14	0	28	2196	0	1	0
684	1	5	7	0	28	2196	0	1	0
687	1	2	13	0	28	2196	0	1	0
692	1	4	4	0	28	2196	0	1	0
695	1	5	7	0	28	2196	0	1	0
698	1	7	10	0	28	2196	0	1	0
700	1	1	9	0	28	2196	0	1	0
705	1	4	4	0	28	2196	0	1	0
707	1	6	1	0	28	2196	0	1	0
710	1	1	9	0	28	2196	0	1	0
712	1	8	2	0	28	2196	0	1	0
714	1	2	13	0	28	2196	0	1	0
715	1	4	4	0	28	2196	0	1	0
719	1	10	3	0	28	2196	0	1	0
721	1	3	8	0	28	2196	0	1	0
722	1	5	7	0	28	2196	0	1	0
724	1	7	10	0	28	2196	0	1	0
726	1	1	9	0	28	2196	0	1	0
730	1	10	3	0	28	2196	0	1	0
731	1	3	8	0	28	2196	0	1	0
732	1	6	1	0	28	2196	0	1	0
733	1	9	14	0	28	2196	0	1	0
734	1	7	10	0	28	2196	0	1	0
735	1	2	13	0	28	2196	0	1	0
736	1	5	7	0	28	2196	0	1	0
737	1	1	9	0	28	2196	0	1	0
738	1	5	7	0	28	2196	0	1	0
743	1	3	8	0	28	2196	0	1	0
744	1	2	13	0	28	2196	0	1	0
745	1	8	2	0	28	2196	0	1	0
746	1	10	3	0	28	2196	0	1	0
747	1	5	7	0	28	2196	0	1	0
750	1	3	8	0	28	2196	0	1	0
752	1	4	4	0	28	2196	0	1	0
753	1	8	2	0	28	2196	0	1	0
754	1	2	13	0	28	2196	0	1	0
756	1	7	10	0	28	2196	0	1	0
757	1	1	9	0	28	2196	0	1	0
765	1	10	3	0	28	2196	0	1	0
766	1	9	14	0	28	2196	0	1	0
767	1	8	2	0	28	2196	0	1	0
768	1	5	7	0	28	2196	0	1	0
769	1	2	13	0	28	2196	0	1	0
770	1	7	10	0	28	2196	0	1	0
773	1	2	13	0	28	2196	0	1	0
774	1	5	7	0	28	2196	0	1	0
776	1	4	4	0	28	2196	0	1	0
780	1	5	7	0	28	2196	0	1	0
782	1	6	1	0	28	2196	0	1	0
783	1	8	2	0	28	2196	0	1	0
784	1	7	10	0	28	2196	0	1	0
787	1	9	14	0	28	2196	0	1	0
788	1	10	3	0	28	2196	0	1	0
789	1	4	4	0	28	2196	0	1	0
790	1	1	9	0	28	2196	0	1	0
794	1	10	3	0	28	2196	0	1	0
796	1	5	7	0	28	2196	0	1	0
797	1	4	4	0	28	2196	0	1	0
798	1	6	1	0	28	2196	0	1	0
799	1	7	10	0	28	2196	0	1	0
800	1	3	8	0	28	2196	0	1	0
801	1	8	2	0	28	2196	0	1	0
802	1	1	9	0	28	2196	0	1	0
803	1	2	13	0	28	2196	0	1	0
804	1	4	4	0	28	2196	0	1	0
807	1	7	10	0	28	2196	0	1	0
812	1	10	3	0	28	2196	0	1	0
813	1	4	4	0	28	2196	0	1	0
814	1	7	10	0	28	2196	0	1	0
817	1	1	9	0	28	2196	0	1	0
818	1	4	4	0	28	2196	0	1	0
820	1	5	7	0	28	2196	0	1	0
823	1	10	3	0	28	2196	0	1	0
826	1	9	14	0	28	2196	0	1	0
830	1	2	13	0	28	2196	0	1	0
831	1	1	9	0	28	2196	0	1	0
833	1	5	7	0	28	2196	0	1	0
840	1	3	8	0	28	2196	0	1	0
841	1	8	2	0	28	2196	0	1	0
842	1	1	9	0	28	2196	0	1	0
843	1	4	4	0	28	2196	0	1	0
846	1	9	14	0	28	2196	0	1	0
847	1	2	13	0	28	2196	0	1	0
848	1	7	10	0	28	2196	0	1	0
849	1	10	3	0	28	2196	0	1	0
850	1	9	14	0	28	2196	0	1	0
851	1	4	4	0	28	2196	0	1	0
852	1	2	13	0	28	2196	0	1	0
855	1	4	4	0	28	2196	0	1	0
856	1	6	1	0	28	2196	0	1	0
859	1	3	8	0	28	2196	0	1	0
860	1	9	14	0	28	2196	0	1	0
863	1	8	2	0	28	2196	0	1	0
865	1	9	14	0	28	2196	0	1	0
870	1	10	3	0	28	2196	0	1	0
872	1	9	14	0	28	2196	0	1	0
875	1	6	1	0	28	2196	0	1	0
876	1	5	7	0	28	2196	0	1	0
877	1	1	9	0	28	2196	0	1	0
880	1	7	10	0	28	2196	0	1	0
881	1	2	13	0	28	2196	0	1	0
883	1	8	2	0	28	2196	0	1	0
884	1	9	14	0	28	2196	0	1	0
888	1	10	3	0	28	2196	0	1	0
890	1	3	8	0	28	2196	0	1	0
895	1	1	9	0	28	2196	0	1	0
897	1	7	10	0	28	2196	0	1	0
898	1	2	13	0	28	2196	0	1	0
899	1	5	7	0	28	2196	0	1	0
906	1	3	8	0	28	2196	0	1	0
910	1	8	2	0	28	2196	0	1	0
913	1	2	13	0	28	2196	0	1	0
916	1	9	14	0	28	2196	0	1	0
917	1	10	3	0	28	2196	0	1	0
919	1	3	8	0	28	2196	0	1	0
924	1	7	10	0	28	2196	0	1	0
926	1	8	2	0	28	2196	0	1	0
927	1	5	7	0	28	2196	0	1	0
929	1	2	13	0	28	2196	0	1	0
938	1	5	7	0	28	2196	0	1	0
940	1	7	10	0	28	2196	0	1	0
942	1	1	9	0	28	2196	0	1	0
943	1	2	13	0	28	2196	0	1	0
944	1	4	4	0	28	2196	0	1	0
945	1	9	14	0	28	2196	0	1	0
946	1	1	9	0	28	2196	0	1	0
947	1	2	13	0	28	2196	0	1	0
953	1	9	14	0	28	2196	0	1	0
955	1	3	8	0	28	2196	0	1	0
957	1	6	1	0	28	2196	0	1	0
959	1	1	9	0	28	2196	0	1	0
960	1	4	4	0	28	2196	0	1	0
961	1	10	3	0	28	2196	0	1	0
962	1	9	14	0	28	2196	0	1	0
968	1	5	7	0	28	2196	0	1	0
969	1	7	10	0	28	2196	0	1	0
970	1	1	9	0	28	2196	0	1	0
977	1	8	2	0	28	2196	0	1	0
978	1	4	4	0	28	2196	0	1	0
979	1	5	7	0	28	2196	0	1	0
980	1	7	10	0	28	2196	0	1	0
981	1	2	13	0	28	2196	0	1	0
982	1	1	9	0	28	2196	0	1	0
986	1	5	7	0	28	2196	0	1	0
987	1	2	13	0	28	2196	0	1	0
990	1	3	8	0	28	2196	0	1	0
991	1	6	1	0	28	2196	0	1	0
992	1	4	4	0	28	2196	0	1	0
993	1	5	7	0	28	2196	0	1	0
995	1	3	8	0	28	2196	0	1	0
996	1	1	9	0	28	2196	0	1	0
999	1	6	1	0	28	2196	0	1	0
1001	1	5	7	0	28	2196	0	1	0
1004	1	9	14	0	28	2196	0	1	0
1006	1	4	4	0	28	2196	0	1	0
1012	1	2	13	0	28	2196	0	1	0
1015	1	8	2	0	28	2196	0	1	0
1018	1	7	10	0	28	2196	0	1	0
1019	1	4	4	0	28	2196	0	1	0
1023	1	10	3	0	28	2196	0	1	0
1024	1	6	1	0	28	2196	0	1	0
1025	1	2	13	0	28	2196	0	1	0
1028	1	1	9	0	28	2196	0	1	0
1029	1	9	14	0	28	2196	0	1	0
1030	1	2	13	0	28	2196	0	1	0
1032	1	6	1	0	28	2196	0	1	0
1035	1	7	10	0	28	2196	0	1	0
1039	1	8	2	0	28	2196	0	1	0
1043	1	9	14	0	28	2196	0	1	0
1045	1	10	3	0	28	2196	0	1	0
1046	1	6	1	0	28	2196	0	1	0
1047	1	4	4	0	28	2196	0	1	0
1048	1	1	9	0	28	2196	0	1	0
1052	1	7	10	0	28	2196	0	1	0
1053	1	10	3	0	28	2196	0	1	0
1054	1	4	4	0	28	2196	0	1	0
1056	1	9	14	0	28	2196	0	1	0
1058	1	5	7	0	28	2196	0	1	0
1059	1	3	8	0	28	2196	0	1	0
1060	1	1	9	0	28	2196	0	1	0
1062	1	9	14	0	28	2196	0	1	0
1063	1	7	10	0	28	2196	0	1	0
1065	1	8	2	0	28	2196	0	1	0
1067	1	3	8	0	28	2196	0	1	0
1071	1	5	7	0	28	2196	0	1	0
1074	1	6	1	0	28	2196	0	1	0
1075	1	3	8	0	28	2196	0	1	0
1076	1	1	9	0	28	2196	0	1	0
1077	1	9	14	0	28	2196	0	1	0
1081	1	7	10	0	28	2196	0	1	0
1083	1	8	2	0	28	2196	0	1	0
1084	1	2	13	0	28	2196	0	1	0
1085	1	6	1	0	28	2196	0	1	0
1086	1	4	4	0	28	2196	0	1	0
1087	1	5	7	0	28	2196	0	1	0
1088	1	9	14	0	28	2196	0	1	0
1090	1	5	7	0	28	2196	0	1	0
1091	1	2	13	0	28	2196	0	1	0
1092	1	6	1	0	28	2196	0	1	0
1097	1	9	14	0	28	2196	0	1	0
1098	1	3	8	0	28	2196	0	1	0
1100	1	8	2	0	28	2196	0	1	0
1101	1	1	9	0	28	2196	0	1	0
1102	1	5	7	0	28	2196	0	1	0
1106	1	7	10	0	28	2196	0	1	0
1108	1	9	14	0	28	2196	0	1	0
1111	1	10	3	0	28	2196	0	1	0
1113	1	2	13	0	28	2196	0	1	0
1114	1	6	1	0	28	2196	0	1	0
1115	1	9	14	0	28	2196	0	1	0
1116	1	4	4	0	28	2196	0	1	0
1118	1	9	14	0	28	2196	0	1	0
1120	1	7	10	0	28	2196	0	1	0
1122	1	3	8	0	28	2196	0	1	0
1123	1	4	4	0	28	2196	0	1	0
1124	1	5	7	0	28	2196	0	1	0
1125	1	1	9	0	28	2196	0	1	0
1126	1	10	3	0	28	2196	0	1	0
1127	1	6	1	0	28	2196	0	1	0
1128	1	8	2	0	28	2196	0	1	0
1130	1	5	7	0	28	2196	0	1	0
1132	1	9	14	0	28	2196	0	1	0
1137	1	7	10	0	28	2196	0	1	0
1138	1	2	13	0	28	2196	0	1	0
1139	1	4	4	0	28	2196	0	1	0
1141	1	9	14	0	28	2196	0	1	0
1142	1	6	1	0	28	2196	0	1	0
1148	1	3	8	0	28	2196	0	1	0
1149	1	7	10	0	28	2196	0	1	0
1153	1	5	7	0	28	2196	0	1	0
1156	1	1	9	0	28	2196	0	1	0
1157	1	5	7	0	28	2196	0	1	0
1159	1	2	13	0	28	2196	0	1	0
1162	1	4	4	0	28	2196	0	1	0
1164	1	10	3	0	28	2196	0	1	0
1165	1	1	9	0	28	2196	0	1	0
1167	1	4	4	0	28	2196	0	1	0
1169	1	9	14	0	28	2196	0	1	0
1170	1	6	1	0	28	2196	0	1	0
1172	1	2	13	0	28	2196	0	1	0
1174	1	3	8	0	28	2196	0	1	0
1180	1	7	10	0	28	2196	0	1	0
1181	1	10	3	0	28	2196	0	1	0
1182	1	2	13	0	28	2196	0	1	0
1183	1	5	7	0	28	2196	0	1	0
1186	1	9	14	0	28	2196	0	1	0
1188	1	2	13	0	28	2196	0	1	0
1189	1	8	2	0	28	2196	0	1	0
1190	1	10	3	0	28	2196	0	1	0
1193	1	4	4	0	28	2196	0	1	0
1195	1	5	7	0	28	2196	0	1	0
1198	1	7	10	0	28	2196	0	1	0
1199	1	4	4	0	28	2196	0	1	0
1201	1	6	1	0	28	2196	0	1	0
1204	1	5	7	0	28	2196	0	1	0
1209	1	1	9	0	28	2196	0	1	0
1210	1	10	3	0	28	2196	0	1	0
1211	1	4	4	0	28	2196	0	1	0
1212	1	7	10	0	28	2196	0	1	0
1213	1	9	14	0	28	2196	0	1	0
1214	1	8	2	0	28	2196	0	1	0
1217	1	7	10	0	28	2196	0	1	0
1218	1	1	9	0	28	2196	0	1	0
1219	1	6	1	0	28	2196	0	1	0
1220	1	10	3	0	28	2196	0	1	0
1221	1	5	7	0	28	2196	0	1	0
1222	1	4	4	0	28	2196	0	1	0
1224	1	9	14	0	28	2196	0	1	0
1225	1	5	7	0	28	2196	0	1	0
1227	1	7	10	0	28	2196	0	1	0
1231	1	2	13	0	28	2196	0	1	0
1232	1	4	4	0	28	2196	0	1	0
1235	1	8	2	0	28	2196	0	1	0
1238	1	4	4	0	28	2196	0	1	0
1241	1	3	8	0	28	2196	0	1	0
1242	1	6	1	0	28	2196	0	1	0
1244	1	8	2	0	28	2196	0	1	0
1245	1	5	7	0	28	2196	0	1	0
1248	1	3	8	0	28	2196	0	1	0
1249	1	1	9	0	28	2196	0	1	0
1250	1	4	4	0	28	2196	0	1	0
1258	1	5	7	0	28	2196	0	1	0
1259	1	2	13	0	28	2196	0	1	0
1260	1	6	1	0	28	2196	0	1	0
1261	1	3	8	0	28	2196	0	1	0
1264	1	8	2	0	28	2196	0	1	0
1265	1	9	14	0	28	2196	0	1	0
1266	1	10	3	0	28	2196	0	1	0
1267	1	2	13	0	28	2196	0	1	0
1269	1	4	4	0	28	2196	0	1	0
1270	1	3	8	0	28	2196	0	1	0
1274	1	1	9	0	28	2196	0	1	0
1276	1	7	10	0	28	2196	0	1	0
1279	1	10	3	0	28	2196	0	1	0
1280	1	3	8	0	28	2196	0	1	0
1281	1	2	13	0	28	2196	0	1	0
1284	1	8	2	0	28	2196	0	1	0
1285	1	1	9	0	28	2196	0	1	0
1286	1	3	8	0	28	2196	0	1	0
1290	1	6	1	0	28	2196	0	1	0
1292	1	5	7	0	28	2196	0	1	0
1293	1	3	8	0	28	2196	0	1	0
1294	1	5	7	0	28	2196	0	1	0
1295	1	10	3	0	28	2196	0	1	0
1297	1	9	14	0	28	2196	0	1	0
1298	1	8	2	0	28	2196	0	1	0
1300	1	7	10	0	28	2196	0	1	0
1301	1	10	3	0	28	2196	0	1	0
1302	1	4	4	0	28	2196	0	1	0
1306	1	2	13	0	28	2196	0	1	0
1307	1	8	2	0	28	2196	0	1	0
1308	1	3	8	0	28	2196	0	1	0
1310	1	9	14	0	28	2196	0	1	0
1314	1	6	1	0	28	2196	0	1	0
1315	1	1	9	0	28	2196	0	1	0
1316	1	10	3	0	28	2196	0	1	0
1317	1	2	13	0	28	2196	0	1	0
1318	1	9	14	0	28	2196	0	1	0
1322	1	4	4	0	28	2196	0	1	0
1323	1	8	2	0	28	2196	0	1	0
1324	1	5	7	0	28	2196	0	1	0
1329	1	1	9	0	28	2196	0	1	0
1330	1	5	7	0	28	2196	0	1	0
1331	1	6	1	0	28	2196	0	1	0
1332	1	7	10	0	28	2196	0	1	0
1333	1	9	14	0	28	2196	0	1	0
1334	1	3	8	0	28	2196	0	1	0
1335	1	8	2	0	28	2196	0	1	0
1336	1	4	4	0	28	2196	0	1	0
1338	1	3	8	0	28	2196	0	1	0
1339	1	2	13	0	28	2196	0	1	0
1340	1	1	9	0	28	2196	0	1	0
1341	1	5	7	0	28	2196	0	1	0
1343	1	7	10	0	28	2196	0	1	0
1344	1	10	3	0	28	2196	0	1	0
1349	1	9	14	0	28	2196	0	1	0
1353	1	3	8	0	28	2196	0	1	0
1354	1	2	13	0	28	2196	0	1	0
1355	1	6	1	0	28	2196	0	1	0
1356	1	4	4	0	28	2196	0	1	0
1359	1	10	3	0	28	2196	0	1	0
1361	1	1	9	0	28	2196	0	1	0
1362	1	8	2	0	28	2196	0	1	0
1370	1	7	10	0	28	2196	0	1	0
1371	1	9	14	0	28	2196	0	1	0
1372	1	2	13	0	28	2196	0	1	0
1373	1	8	2	0	28	2196	0	1	0
1374	1	5	7	0	28	2196	0	1	0
1376	1	4	4	0	28	2196	0	1	0
1377	1	10	3	0	28	2196	0	1	0
1382	1	7	10	0	28	2196	0	1	0
1383	1	8	2	0	28	2196	0	1	0
1387	1	3	8	0	28	2196	0	1	0
1392	1	1	9	0	28	2196	0	1	0
1393	1	10	3	0	28	2196	0	1	0
1394	1	4	4	0	28	2196	0	1	0
1396	1	2	13	0	28	2196	0	1	0
1397	1	1	9	0	28	2196	0	1	0
1398	1	5	7	0	28	2196	0	1	0
1399	1	3	8	0	28	2196	0	1	0
1400	1	8	2	0	28	2196	0	1	0
1403	1	7	10	0	28	2196	0	1	0
1404	1	4	4	0	28	2196	0	1	0
1406	1	1	9	0	28	2196	0	1	0
1407	1	6	1	0	28	2196	0	1	0
1409	1	9	14	0	28	2196	0	1	0
1411	1	6	1	0	28	2196	0	1	0
1412	1	8	2	0	28	2196	0	1	0
1417	1	3	8	0	28	2196	0	1	0
1424	1	2	13	0	28	2196	0	1	0
1425	1	5	7	0	28	2196	0	1	0
1426	1	6	1	0	28	2196	0	1	0
1433	1	9	14	0	28	2196	0	1	0
1434	1	2	13	0	28	2196	0	1	0
1435	1	3	8	0	28	2196	0	1	0
1436	1	8	2	0	28	2196	0	1	0
1437	1	6	1	0	28	2196	0	1	0
1439	1	7	10	0	28	2196	0	1	0
1440	1	10	3	0	28	2196	0	1	0
1442	1	1	9	0	28	2196	0	1	0
1443	1	4	4	0	28	2196	0	1	0
1445	1	8	2	0	28	2196	0	1	0
1450	1	6	1	0	28	2196	0	1	0
1451	1	3	8	0	28	2196	0	1	0
1454	1	5	7	0	28	2196	0	1	0
1459	1	7	10	0	28	2196	0	1	0
1460	1	3	8	0	28	2196	0	1	0
1462	1	2	13	0	28	2196	0	1	0
1467	1	8	2	0	28	2196	0	1	0
1468	1	1	9	0	28	2196	0	1	0
1469	1	6	1	0	28	2196	0	1	0
1470	1	10	3	0	28	2196	0	1	0
1477	1	5	7	0	28	2196	0	1	0
1478	1	7	10	0	28	2196	0	1	0
1479	1	10	3	0	28	2196	0	1	0
1483	1	6	1	0	28	2196	0	1	0
1484	1	3	8	0	28	2196	0	1	0
1486	1	4	4	0	28	2196	0	1	0
1487	1	1	9	0	28	2196	0	1	0
1488	1	7	10	0	28	2196	0	1	0
1496	1	10	3	0	28	2196	0	1	0
1498	1	5	7	0	28	2196	0	1	0
1499	1	2	13	0	28	2196	0	1	0
1500	1	9	14	0	28	2196	0	1	0
1502	1	7	10	0	28	2196	0	1	0
1505	1	4	4	0	28	2196	0	1	0
1508	1	8	2	0	28	2196	0	1	0
1509	1	10	3	0	28	2196	0	1	0
1514	1	10	3	0	28	2196	0	1	0
1515	1	8	2	0	28	2196	0	1	0
1518	1	1	9	0	28	2196	0	1	0
1519	1	2	13	0	28	2196	0	1	0
1520	1	5	7	0	28	2196	0	1	0
1521	1	6	1	0	28	2196	0	1	0
1522	1	7	10	0	28	2196	0	1	0
1523	1	4	4	0	28	2196	0	1	0
1524	1	8	2	0	28	2196	0	1	0
1526	1	6	1	0	28	2196	0	1	0
1527	1	10	3	0	28	2196	0	1	0
1529	1	3	8	0	28	2196	0	1	0
1530	1	2	13	0	28	2196	0	1	0
1531	1	8	2	0	28	2196	0	1	0
1532	1	10	3	0	28	2196	0	1	0
1534	1	1	9	0	28	2196	0	1	0
1535	1	6	1	0	28	2196	0	1	0
1536	1	9	14	0	28	2196	0	1	0
1542	1	9	14	0	28	2196	0	1	0
1543	1	2	13	0	28	2196	0	1	0
1544	1	8	2	0	28	2196	0	1	0
1547	1	5	7	0	28	2196	0	1	0
1549	1	7	10	0	28	2196	0	1	0
1552	1	3	8	0	28	2196	0	1	0
1553	1	1	9	0	28	2196	0	1	0
1558	1	3	8	0	28	2196	0	1	0
1560	1	10	3	0	28	2196	0	1	0
1563	1	4	4	0	28	2196	0	1	0
1564	1	8	2	0	28	2196	0	1	0
1568	1	9	14	0	28	2196	0	1	0
1570	1	3	8	0	28	2196	0	1	0
1571	1	10	3	0	28	2196	0	1	0
1572	1	6	1	0	28	2196	0	1	0
1573	1	7	10	0	28	2196	0	1	0
1574	1	1	9	0	28	2196	0	1	0
1576	1	2	13	0	28	2196	0	1	0
1577	1	1	9	0	28	2196	0	1	0
1582	1	7	10	0	28	2196	0	1	0
1583	1	5	7	0	28	2196	0	1	0
1584	1	9	14	0	28	2196	0	1	0
1585	1	8	2	0	28	2196	0	1	0
1586	1	3	8	0	28	2196	0	1	0
1588	1	6	1	0	28	2196	0	1	0
1589	1	9	14	0	28	2196	0	1	0
1590	1	7	10	0	28	2196	0	1	0
1592	1	10	3	0	28	2196	0	1	0
1594	1	5	7	0	28	2196	0	1	0
1595	1	8	2	0	28	2196	0	1	0
1599	1	6	1	0	28	2196	0	1	0
1601	1	7	10	0	28	2196	0	1	0
1604	1	1	9	0	28	2196	0	1	0
1605	1	4	4	0	28	2196	0	1	0
1606	1	3	8	0	28	2196	0	1	0
1607	1	10	3	0	28	2196	0	1	0
1609	1	8	2	0	28	2196	0	1	0
1610	1	7	10	0	28	2196	0	1	0
1613	1	1	9	0	28	2196	0	1	0
1614	1	9	14	0	28	2196	0	1	0
1615	1	2	13	0	28	2196	0	1	0
1617	1	5	7	0	28	2196	0	1	0
1618	1	10	3	0	28	2196	0	1	0
1626	1	8	2	0	28	2196	0	1	0
1627	1	6	1	0	28	2196	0	1	0
1628	1	3	8	0	28	2196	0	1	0
1631	1	3	8	0	28	2196	0	1	0
1632	1	2	13	0	28	2196	0	1	0
1633	1	5	7	0	28	2196	0	1	0
1634	1	9	14	0	28	2196	0	1	0
1635	1	1	9	0	28	2196	0	1	0
1636	1	7	10	0	28	2196	0	1	0
1638	1	5	7	0	28	2196	0	1	0
1641	1	10	3	0	28	2196	0	1	0
1643	1	6	1	0	28	2196	0	1	0
1648	1	2	13	0	28	2196	0	1	0
1649	1	9	14	0	28	2196	0	1	0
1650	1	1	9	0	28	2196	0	1	0
1651	1	4	4	0	28	2196	0	1	0
1652	1	9	14	0	28	2196	0	1	0
1653	1	7	10	0	28	2196	0	1	0
1654	1	10	3	0	28	2196	0	1	0
1655	1	1	9	0	28	2196	0	1	0
1658	1	3	8	0	28	2196	0	1	0
1659	1	9	14	0	28	2196	0	1	0
1660	1	5	7	0	28	2196	0	1	0
1661	1	6	1	0	28	2196	0	1	0
1662	1	7	10	0	28	2196	0	1	0
1663	1	1	9	0	28	2196	0	1	0
1666	1	3	8	0	28	2196	0	1	0
1673	1	4	4	0	28	2196	0	1	0
1677	1	2	13	0	28	2196	0	1	0
1678	1	10	3	0	28	2196	0	1	0
1686	1	8	2	0	28	2196	0	1	0
1687	1	6	1	0	28	2196	0	1	0
1691	1	1	9	0	28	2196	0	1	0
1693	1	9	14	0	28	2196	0	1	0
1694	1	8	2	0	28	2196	0	1	0
1695	1	2	13	0	28	2196	0	1	0
1696	1	10	3	0	28	2196	0	1	0
1697	1	6	1	0	28	2196	0	1	0
1699	1	4	4	0	28	2196	0	1	0
1700	1	5	7	0	28	2196	0	1	0
1701	1	7	10	0	28	2196	0	1	0
1707	1	3	8	0	28	2196	0	1	0
1708	1	1	9	0	28	2196	0	1	0
1711	1	4	4	0	28	2196	0	1	0
1712	1	9	14	0	28	2196	0	1	0
1715	1	4	4	0	28	2196	0	1	0
1718	1	10	3	0	28	2196	0	1	0
1724	1	5	7	0	28	2196	0	1	0
1725	1	7	10	0	28	2196	0	1	0
1726	1	3	8	0	28	2196	0	1	0
1730	1	9	14	0	28	2196	0	1	0
1731	1	7	10	0	28	2196	0	1	0
1732	1	8	2	0	28	2196	0	1	0
1736	1	4	4	0	28	2196	0	1	0
1738	1	7	10	0	28	2196	0	1	0
1741	1	2	13	0	28	2196	0	1	0
1742	1	8	2	0	28	2196	0	1	0
1744	1	6	1	0	28	2196	0	1	0
1746	1	1	9	0	28	2196	0	1	0
1747	1	10	3	0	28	2196	0	1	0
1750	1	9	14	0	28	2196	0	1	0
1752	1	2	13	0	28	2196	0	1	0
1753	1	3	8	0	28	2196	0	1	0
1754	1	6	1	0	28	2196	0	1	0
1755	1	1	9	0	28	2196	0	1	0
1756	1	2	13	0	28	2196	0	1	0
1757	1	10	3	0	28	2196	0	1	0
1758	1	5	7	0	28	2196	0	1	0
1759	1	6	1	0	28	2196	0	1	0
1760	1	8	2	0	28	2196	0	1	0
1761	1	3	8	0	28	2196	0	1	0
1762	1	9	14	0	28	2196	0	1	0
1763	1	7	10	0	28	2196	0	1	0
1766	1	4	4	0	28	2196	0	1	0
1767	1	1	9	0	28	2196	0	1	0
1768	1	2	13	0	28	2196	0	1	0
1769	1	10	3	0	28	2196	0	1	0
1770	1	9	14	0	28	2196	0	1	0
1780	1	5	7	0	28	2196	0	1	0
1781	1	9	14	0	28	2196	0	1	0
1783	1	1	9	0	28	2196	0	1	0
1787	1	3	8	0	28	2196	0	1	0
1789	1	7	10	0	28	2196	0	1	0
1791	1	4	4	0	28	2196	0	1	0
1795	1	10	3	0	28	2196	0	1	0
1797	1	8	2	0	28	2196	0	1	0
1798	1	3	8	0	28	2196	0	1	0
1799	1	2	13	0	28	2196	0	1	0
1805	1	9	14	0	28	2196	0	1	0
1807	1	10	3	0	28	2196	0	1	0
1810	1	7	10	0	28	2196	0	1	0
1811	1	2	13	0	28	2196	0	1	0
1815	1	10	3	0	28	2196	0	1	0
1816	1	4	4	0	28	2196	0	1	0
1819	1	5	7	0	28	2196	0	1	0
1820	1	2	13	0	28	2196	0	1	0
1821	1	6	1	0	28	2196	0	1	0
1824	1	3	8	0	28	2196	0	1	0
1831	1	1	9	0	28	2196	0	1	0
1832	1	10	3	0	28	2196	0	1	0
1837	1	9	14	0	28	2196	0	1	0
1838	1	2	13	0	28	2196	0	1	0
1839	1	6	1	0	28	2196	0	1	0
1840	1	3	8	0	28	2196	0	1	0
1845	1	7	10	0	28	2196	0	1	0
1848	1	3	8	0	28	2196	0	1	0
1849	1	8	2	0	28	2196	0	1	0
1850	1	4	4	0	28	2196	0	1	0
1851	1	9	14	0	28	2196	0	1	0
1852	1	2	13	0	28	2196	0	1	0
1853	1	10	3	0	28	2196	0	1	0
1856	1	8	2	0	28	2196	0	1	0
1857	1	6	1	0	28	2196	0	1	0
1858	1	4	4	0	28	2196	0	1	0
1860	1	9	14	0	28	2196	0	1	0
1863	1	3	8	0	28	2196	0	1	0
1864	1	2	13	0	28	2196	0	1	0
1865	1	7	10	0	28	2196	0	1	0
1866	1	4	4	0	28	2196	0	1	0
1872	1	6	1	0	28	2196	0	1	0
1873	1	9	14	0	28	2196	0	1	0
1874	1	2	13	0	28	2196	0	1	0
1876	1	10	3	0	28	2196	0	1	0
1883	1	1	9	0	28	2196	0	1	0
1884	1	3	8	0	28	2196	0	1	0
1885	1	5	7	0	28	2196	0	1	0
1886	1	9	14	0	28	2196	0	1	0
1890	1	8	2	0	28	2196	0	1	0
1891	1	7	10	0	28	2196	0	1	0
1893	1	1	9	0	28	2196	0	1	0
1894	1	6	1	0	28	2196	0	1	0
1895	1	10	3	0	28	2196	0	1	0
1901	1	5	7	0	28	2196	0	1	0
1904	1	4	4	0	28	2196	0	1	0
1909	1	6	1	0	28	2196	0	1	0
1910	1	5	7	0	28	2196	0	1	0
1912	1	7	10	0	28	2196	0	1	0
1913	1	3	8	0	28	2196	0	1	0
1915	1	10	3	0	28	2196	0	1	0
1916	1	1	9	0	28	2196	0	1	0
1917	1	8	2	0	28	2196	0	1	0
1924	1	2	13	0	28	2196	0	1	0
1928	1	9	14	0	28	2196	0	1	0
1931	1	5	7	0	28	2196	0	1	0
1934	1	4	4	0	28	2196	0	1	0
1937	1	8	2	0	28	2196	0	1	0
1938	1	6	1	0	28	2196	0	1	0
1939	1	3	8	0	28	2196	0	1	0
1940	1	9	14	0	28	2196	0	1	0
1942	1	7	10	0	28	2196	0	1	0
1943	1	1	9	0	28	2196	0	1	0
1944	1	10	3	0	28	2196	0	1	0
1952	1	8	2	0	28	2196	0	1	0
1954	1	2	13	0	28	2196	0	1	0
1956	1	6	1	0	28	2196	0	1	0
1957	1	5	7	0	28	2196	0	1	0
1958	1	4	4	0	28	2196	0	1	0
1959	1	10	3	0	28	2196	0	1	0
1964	1	9	14	0	28	2196	0	1	0
1967	1	7	10	0	28	2196	0	1	0
1969	1	2	13	0	28	2196	0	1	0
1971	1	5	7	0	28	2196	0	1	0
1973	1	10	3	0	28	2196	0	1	0
1975	1	8	2	0	28	2196	0	1	0
1976	1	4	4	0	28	2196	0	1	0
1979	1	5	7	0	28	2196	0	1	0
1984	1	9	14	0	28	2196	0	1	0
1987	1	8	2	0	28	2196	0	1	0
1992	1	3	8	0	28	2196	0	1	0
1993	1	5	7	0	28	2196	0	1	0
1996	1	1	9	0	28	2196	0	1	0
2000	1	2	13	0	28	2196	0	1	0
2001	1	10	3	0	28	2196	0	1	0
2005	1	8	2	0	28	2196	0	1	0
2006	1	7	10	0	28	2196	0	1	0
2007	1	3	8	0	28	2196	0	1	0
2008	1	4	4	0	28	2196	0	1	0
2009	1	6	1	0	28	2196	0	1	0
2010	1	9	14	0	28	2196	0	1	0
2011	1	5	7	0	28	2196	0	1	0
2015	1	8	2	0	28	2196	0	1	0
2019	1	2	13	0	28	2196	0	1	0
2023	1	3	8	0	28	2196	0	1	0
2024	1	6	1	0	28	2196	0	1	0
2025	1	5	7	0	28	2196	0	1	0
2035	1	1	9	0	28	2196	0	1	0
2036	1	10	3	0	28	2196	0	1	0
2039	1	2	13	0	28	2196	0	1	0
2042	1	5	7	0	28	2196	0	1	0
2043	1	3	8	0	28	2196	0	1	0
2046	1	1	9	0	28	2196	0	1	0
2047	1	6	1	0	28	2196	0	1	0
2049	1	2	13	0	28	2196	0	1	0
2051	1	9	14	0	28	2196	0	1	0
2055	1	6	1	0	28	2196	0	1	0
2060	1	3	8	0	28	2196	0	1	0
2061	1	5	7	0	28	2196	0	1	0
2066	1	4	4	0	28	2196	0	1	0
2067	1	7	10	0	28	2196	0	1	0
2068	1	6	1	0	28	2196	0	1	0
2069	1	2	13	0	28	2196	0	1	0
2071	1	1	9	0	28	2196	0	1	0
2072	1	3	8	0	28	2196	0	1	0
2073	1	5	7	0	28	2196	0	1	0
2074	1	10	3	0	28	2196	0	1	0
2077	1	8	2	0	28	2196	0	1	0
2078	1	3	8	0	28	2196	0	1	0
2083	1	6	1	0	28	2196	0	1	0
2085	1	2	13	0	28	2196	0	1	0
2086	1	9	14	0	28	2196	0	1	0
2087	1	7	10	0	28	2196	0	1	0
2090	1	6	1	0	28	2196	0	1	0
2092	1	9	14	0	28	2196	0	1	0
2095	1	2	13	0	28	2196	0	1	0
2096	1	1	9	0	28	2196	0	1	0
2097	1	9	14	0	28	2196	0	1	0
2098	1	5	7	0	28	2196	0	1	0
2104	1	10	3	0	28	2196	0	1	0
2106	1	9	14	0	28	2196	0	1	0
2111	1	2	13	0	28	2196	0	1	0
2112	1	3	8	0	28	2196	0	1	0
2114	1	1	9	0	28	2196	0	1	0
2115	1	5	7	0	28	2196	0	1	0
2116	1	6	1	0	28	2196	0	1	0
2120	1	8	2	0	28	2196	0	1	0
2121	1	2	13	0	28	2196	0	1	0
2122	1	3	8	0	28	2196	0	1	0
2128	1	5	7	0	28	2196	0	1	0
2130	1	10	3	0	28	2196	0	1	0
2135	1	4	4	0	28	2196	0	1	0
2139	1	7	10	0	28	2196	0	1	0
2146	1	10	3	0	28	2196	0	1	0
2148	1	4	4	0	28	2196	0	1	0
2150	1	2	13	0	28	2196	0	1	0
2151	1	5	7	0	28	2196	0	1	0
2157	1	4	4	0	28	2196	0	1	0
2158	1	2	13	0	28	2196	0	1	0
2159	1	3	8	0	28	2196	0	1	0
2162	1	7	10	0	28	2196	0	1	0
2163	1	1	9	0	28	2196	0	1	0
2164	1	8	2	0	28	2196	0	1	0
2165	1	9	14	0	28	2196	0	1	0
2166	1	6	1	0	28	2196	0	1	0
2167	1	5	7	0	28	2196	0	1	0
2173	1	1	9	0	28	2196	0	1	0
2176	1	6	1	0	28	2196	0	1	0
2177	1	2	13	0	28	2196	0	1	0
2179	1	7	10	0	28	2196	0	1	0
2180	1	10	3	0	28	2196	0	1	0
2181	1	8	2	0	28	2196	0	1	0
2182	1	3	8	0	28	2196	0	1	0
2183	1	5	7	0	28	2196	0	1	0
2184	1	4	4	0	28	2196	0	1	0
2191	1	6	1	0	28	2196	0	1	0
2195	1	9	14	0	28	2196	0	1	0
2198	1	2	13	0	28	2196	0	1	0
2199	1	6	1	0	28	2196	0	1	0
2202	1	4	4	0	28	2196	0	1	0
2204	1	3	8	0	28	2196	0	1	0
2209	1	5	7	0	28	2196	0	1	0
2210	1	2	13	0	28	2196	0	1	0
2213	1	4	4	0	28	2196	0	1	0
2215	1	7	10	0	28	2196	0	1	0
2216	1	1	9	0	28	2196	0	1	0
2217	1	10	3	0	28	2196	0	1	0
2219	1	2	13	0	28	2196	0	1	0
2220	1	4	4	0	28	2196	0	1	0
2222	1	7	10	0	28	2196	0	1	0
2223	1	3	8	0	28	2196	0	1	0
2226	1	8	2	0	28	2196	0	1	0
2227	1	10	3	0	28	2196	0	1	0
2232	1	1	9	0	28	2196	0	1	0
2234	1	5	7	0	28	2196	0	1	0
2236	1	10	3	0	28	2196	0	1	0
2238	1	9	14	0	28	2196	0	1	0
2239	1	6	1	0	28	2196	0	1	0
2240	1	2	13	0	28	2196	0	1	0
2241	1	8	2	0	28	2196	0	1	0
2242	1	7	10	0	28	2196	0	1	0
2243	1	4	4	0	28	2196	0	1	0
2244	1	10	3	0	28	2196	0	1	0
2246	1	6	1	0	28	2196	0	1	0
2252	1	5	7	0	28	2196	0	1	0
2253	1	9	14	0	28	2196	0	1	0
2257	1	8	2	0	28	2196	0	1	0
2258	1	2	13	0	28	2196	0	1	0
2264	1	2	13	0	28	2196	0	1	0
2266	1	6	1	0	28	2196	0	1	0
2268	1	9	14	0	28	2196	0	1	0
2271	1	8	2	0	28	2196	0	1	0
2272	1	6	1	0	28	2196	0	1	0
2279	1	7	10	0	28	2196	0	1	0
2281	1	5	7	0	28	2196	0	1	0
2282	1	10	3	0	28	2196	0	1	0
2283	1	2	13	0	28	2196	0	1	0
2285	1	9	14	0	28	2196	0	1	0
2286	1	5	7	0	28	2196	0	1	0
2287	1	1	9	0	28	2196	0	1	0
2288	1	2	13	0	28	2196	0	1	0
2290	1	4	4	0	28	2196	0	1	0
2296	1	8	2	0	28	2196	0	1	0
2297	1	6	1	0	28	2196	0	1	0
2299	1	3	8	0	28	2196	0	1	0
2300	1	9	14	0	28	2196	0	1	0
2304	1	10	3	0	28	2196	0	1	0
2305	1	8	2	0	28	2196	0	1	0
2307	1	6	1	0	28	2196	0	1	0
2308	1	10	3	0	28	2196	0	1	0
2312	1	9	14	0	28	2196	0	1	0
2315	1	8	2	0	28	2196	0	1	0
2316	1	6	1	0	28	2196	0	1	0
2317	1	2	13	0	28	2196	0	1	0
2320	1	6	1	0	28	2196	0	1	0
2324	1	4	4	0	28	2196	0	1	0
2327	1	7	10	0	28	2196	0	1	0
2328	1	9	14	0	28	2196	0	1	0
2329	1	10	3	0	28	2196	0	1	0
2332	1	1	9	0	28	2196	0	1	0
2334	1	5	7	0	28	2196	0	1	0
2335	1	2	13	0	28	2196	0	1	0
2336	1	4	4	0	28	2196	0	1	0
2339	1	6	1	0	28	2196	0	1	0
2340	1	3	8	0	28	2196	0	1	0
2346	1	9	14	0	28	2196	0	1	0
2351	1	6	1	0	28	2196	0	1	0
2352	1	3	8	0	28	2196	0	1	0
2353	1	7	10	0	28	2196	0	1	0
2354	1	5	7	0	28	2196	0	1	0
2355	1	1	9	0	28	2196	0	1	0
2356	1	4	4	0	28	2196	0	1	0
2357	1	10	3	0	28	2196	0	1	0
2370	1	2	13	0	28	2196	0	1	0
2373	1	9	14	0	28	2196	0	1	0
2375	1	7	10	0	28	2196	0	1	0
2376	1	8	2	0	28	2196	0	1	0
2377	1	4	4	0	28	2196	0	1	0
2378	1	10	3	0	28	2196	0	1	0
2380	1	5	7	0	28	2196	0	1	0
2381	1	6	1	0	28	2196	0	1	0
2384	1	1	9	0	28	2196	0	1	0
2391	1	10	3	0	28	2196	0	1	0
2392	1	8	2	0	28	2196	0	1	0
2393	1	4	4	0	28	2196	0	1	0
2394	1	1	9	0	28	2196	0	1	0
2395	1	6	1	0	28	2196	0	1	0
2398	1	5	7	0	28	2196	0	1	0
2399	1	7	10	0	28	2196	0	1	0
2400	1	1	9	0	28	2196	0	1	0
2401	1	8	2	0	28	2196	0	1	0
2402	1	10	3	0	28	2196	0	1	0
2406	1	3	8	0	28	2196	0	1	0
2408	1	2	13	0	28	2196	0	1	0
2414	1	5	7	0	28	2196	0	1	0
2415	1	2	13	0	28	2196	0	1	0
2416	1	6	1	0	28	2196	0	1	0
2418	1	8	2	0	28	2196	0	1	0
2422	1	7	10	0	28	2196	0	1	0
2423	1	4	4	0	28	2196	0	1	0
2424	1	5	7	0	28	2196	0	1	0
2425	1	6	1	0	28	2196	0	1	0
2429	1	10	3	0	28	2196	0	1	0
2430	1	3	8	0	28	2196	0	1	0
2433	1	10	3	0	28	2196	0	1	0
2434	1	8	2	0	28	2196	0	1	0
2436	1	7	10	0	28	2196	0	1	0
2440	1	9	14	0	28	2196	0	1	0
2441	1	2	13	0	28	2196	0	1	0
2442	1	10	3	0	28	2196	0	1	0
2450	1	8	2	0	28	2196	0	1	0
2452	1	6	1	0	28	2196	0	1	0
2458	1	5	7	0	28	2196	0	1	0
2459	1	9	14	0	28	2196	0	1	0
2460	1	7	10	0	28	2196	0	1	0
2461	1	1	9	0	28	2196	0	1	0
2465	1	10	3	0	28	2196	0	1	0
2468	1	3	8	0	28	2196	0	1	0
2475	1	10	3	0	28	2196	0	1	0
2479	1	3	8	0	28	2196	0	1	0
2481	1	9	14	0	28	2196	0	1	0
2482	1	1	9	0	28	2196	0	1	0
2483	1	7	10	0	28	2196	0	1	0
2485	1	5	7	0	28	2196	0	1	0
2488	1	8	2	0	28	2196	0	1	0
2489	1	6	1	0	28	2196	0	1	0
2494	1	6	1	0	28	2196	0	1	0
2495	1	4	4	0	28	2196	0	1	0
2497	1	9	14	0	28	2196	0	1	0
2501	1	6	1	0	28	2196	0	1	0
2502	1	7	10	0	28	2196	0	1	0
2504	1	6	1	0	28	2196	0	1	0
2505	1	3	8	0	28	2196	0	1	0
2506	1	10	3	0	28	2196	0	1	0
2509	1	2	13	0	28	2196	0	1	0
2510	1	7	10	0	28	2196	0	1	0
2511	1	4	4	0	28	2196	0	1	0
2512	1	5	7	0	28	2196	0	1	0
2517	1	9	14	0	28	2196	0	1	0
2518	1	8	2	0	28	2196	0	1	0
2519	1	7	10	0	28	2196	0	1	0
2530	1	2	13	0	28	2196	0	1	0
2532	1	8	2	0	28	2196	0	1	0
2534	1	4	4	0	28	2196	0	1	0
2535	1	5	7	0	28	2196	0	1	0
2536	1	10	3	0	28	2196	0	1	0
2540	1	10	3	0	28	2196	0	1	0
2541	1	2	13	0	28	2196	0	1	0
2542	1	8	2	0	28	2196	0	1	0
2549	1	6	1	0	28	2196	0	1	0
2551	1	1	9	0	28	2196	0	1	0
2555	1	9	14	0	28	2196	0	1	0
2558	1	1	9	0	28	2196	0	1	0
2559	1	6	1	0	28	2196	0	1	0
2561	1	7	10	0	28	2196	0	1	0
2565	1	10	3	0	28	2196	0	1	0
2567	1	4	4	0	28	2196	0	1	0
2568	1	2	13	0	28	2196	0	1	0
2572	1	2	13	0	28	2196	0	1	0
2575	1	1	9	0	28	2196	0	1	0
2577	1	6	1	0	28	2196	0	1	0
2582	1	5	7	0	28	2196	0	1	0
2586	1	2	13	0	28	2196	0	1	0
2588	1	8	2	0	28	2196	0	1	0
2591	1	2	13	0	28	2196	0	1	0
2592	1	5	7	0	28	2196	0	1	0
2593	1	1	9	0	28	2196	0	1	0
2594	1	3	8	0	28	2196	0	1	0
2595	1	7	10	0	28	2196	0	1	0
2596	1	8	2	0	28	2196	0	1	0
2600	1	3	8	0	28	2196	0	1	0
2601	1	9	14	0	28	2196	0	1	0
2602	1	10	3	0	28	2196	0	1	0
2603	1	5	7	0	28	2196	0	1	0
2608	1	5	7	0	28	2196	0	1	0
2610	1	10	3	0	28	2196	0	1	0
2612	1	6	1	0	28	2196	0	1	0
2613	1	2	13	0	28	2196	0	1	0
2615	1	10	3	0	28	2196	0	1	0
2616	1	5	7	0	28	2196	0	1	0
2625	1	3	8	0	28	2196	0	1	0
2626	1	8	2	0	28	2196	0	1	0
2632	1	7	10	0	28	2196	0	1	0
2636	1	6	1	0	28	2196	0	1	0
2638	1	4	4	0	28	2196	0	1	0
2639	1	2	13	0	28	2196	0	1	0
2640	1	5	7	0	28	2196	0	1	0
2641	1	8	2	0	28	2196	0	1	0
2642	1	10	3	0	28	2196	0	1	0
2644	1	1	9	0	28	2196	0	1	0
2650	1	6	1	0	28	2196	0	1	0
2651	1	4	4	0	28	2196	0	1	0
2652	1	8	2	0	28	2196	0	1	0
2653	1	1	9	0	28	2196	0	1	0
2654	1	5	7	0	28	2196	0	1	0
2655	1	7	10	0	28	2196	0	1	0
2657	1	9	14	0	28	2196	0	1	0
2658	1	5	7	0	28	2196	0	1	0
2659	1	8	2	0	28	2196	0	1	0
2666	1	3	8	0	28	2196	0	1	0
2667	1	9	14	0	28	2196	0	1	0
2668	1	6	1	0	28	2196	0	1	0
2670	1	5	7	0	28	2196	0	1	0
2671	1	4	4	0	28	2196	0	1	0
2673	1	7	10	0	28	2196	0	1	0
2677	1	2	13	0	28	2196	0	1	0
2681	1	9	14	0	28	2196	0	1	0
2684	1	8	2	0	28	2196	0	1	0
2685	1	4	4	0	28	2196	0	1	0
2688	1	9	14	0	28	2196	0	1	0
2690	1	5	7	0	28	2196	0	1	0
2691	1	6	1	0	28	2196	0	1	0
2694	1	10	3	0	28	2196	0	1	0
2695	1	3	8	0	28	2196	0	1	0
2698	1	7	10	0	28	2196	0	1	0
2699	1	6	1	0	28	2196	0	1	0
2702	1	5	7	0	28	2196	0	1	0
2704	1	4	4	0	28	2196	0	1	0
2708	1	7	10	0	28	2196	0	1	0
2710	1	8	2	0	28	2196	0	1	0
2714	1	6	1	0	28	2196	0	1	0
2718	1	5	7	0	28	2196	0	1	0
2720	1	1	9	0	28	2196	0	1	0
2725	1	5	7	0	28	2196	0	1	0
2728	1	3	8	0	28	2196	0	1	0
2734	1	4	4	0	28	2196	0	1	0
2735	1	9	14	0	28	2196	0	1	0
2738	1	6	1	0	28	2196	0	1	0
2745	1	5	7	0	28	2196	0	1	0
2748	1	2	13	0	28	2196	0	1	0
2749	1	1	9	0	28	2196	0	1	0
2750	1	3	8	0	28	2196	0	1	0
2751	1	8	2	0	28	2196	0	1	0
2753	1	10	3	0	28	2196	0	1	0
2754	1	2	13	0	28	2196	0	1	0
2756	1	7	10	0	28	2196	0	1	0
2757	1	4	4	0	28	2196	0	1	0
2758	1	6	1	0	28	2196	0	1	0
2760	1	10	3	0	28	2196	0	1	0
2761	1	7	10	0	28	2196	0	1	0
2771	1	10	3	0	28	2196	0	1	0
2772	1	6	1	0	28	2196	0	1	0
2774	1	4	4	0	28	2196	0	1	0
2775	1	10	3	0	28	2196	0	1	0
2776	1	9	14	0	28	2196	0	1	0
2777	1	7	10	0	28	2196	0	1	0
2778	1	5	7	0	28	2196	0	1	0
2779	1	1	9	0	28	2196	0	1	0
2785	1	6	1	0	28	2196	0	1	0
2794	1	9	14	0	28	2196	0	1	0
2795	1	2	13	0	28	2196	0	1	0
2801	1	2	13	0	28	2196	0	1	0
2802	1	5	7	0	28	2196	0	1	0
2803	1	8	2	0	28	2196	0	1	0
2811	1	10	3	0	28	2196	0	1	0
2812	1	3	8	0	28	2196	0	1	0
2813	1	4	4	0	28	2196	0	1	0
2814	1	1	9	0	28	2196	0	1	0
2815	1	7	10	0	28	2196	0	1	0
2816	1	2	13	0	28	2196	0	1	0
2818	1	1	9	0	28	2196	0	1	0
2823	1	9	14	0	28	2196	0	1	0
2828	1	10	3	0	28	2196	0	1	0
2829	1	4	4	0	28	2196	0	1	0
2830	1	8	2	0	28	2196	0	1	0
2831	1	5	7	0	28	2196	0	1	0
2832	1	10	3	0	28	2196	0	1	0
2833	1	8	2	0	28	2196	0	1	0
2835	1	2	13	0	28	2196	0	1	0
2839	1	7	10	0	28	2196	0	1	0
2842	1	1	9	0	28	2196	0	1	0
2843	1	2	13	0	28	2196	0	1	0
2844	1	10	3	0	28	2196	0	1	0
2851	1	6	1	0	28	2196	0	1	0
2852	1	7	10	0	28	2196	0	1	0
2856	1	9	14	0	28	2196	0	1	0
2858	1	1	9	0	28	2196	0	1	0
2860	1	5	7	0	28	2196	0	1	0
2862	1	9	14	0	28	2196	0	1	0
2863	1	8	2	0	28	2196	0	1	0
2867	1	7	10	0	28	2196	0	1	0
2868	1	9	14	0	28	2196	0	1	0
2869	1	10	3	0	28	2196	0	1	0
2871	1	8	2	0	28	2196	0	1	0
2872	1	4	4	0	28	2196	0	1	0
2876	1	6	1	0	28	2196	0	1	0
2877	1	3	8	0	28	2196	0	1	0
2878	1	9	14	0	28	2196	0	1	0
2880	1	1	9	0	28	2196	0	1	0
2891	1	2	13	0	28	2196	0	1	0
2897	1	1	9	0	28	2196	0	1	0
2898	1	9	14	0	28	2196	0	1	0
2900	1	4	4	0	28	2196	0	1	0
2901	1	5	7	0	28	2196	0	1	0
2902	1	2	13	0	28	2196	0	1	0
2903	1	9	14	0	28	2196	0	1	0
2905	1	7	10	0	28	2196	0	1	0
2906	1	10	3	0	28	2196	0	1	0
2915	1	1	9	0	28	2196	0	1	0
2918	1	6	1	0	28	2196	0	1	0
2923	1	6	1	0	28	2196	0	1	0
2928	1	5	7	0	28	2196	0	1	0
2929	1	8	2	0	28	2196	0	1	0
2930	1	2	13	0	28	2196	0	1	0
2932	1	1	9	0	28	2196	0	1	0
2933	1	4	4	0	28	2196	0	1	0
2937	1	3	8	0	28	2196	0	1	0
2938	1	4	4	0	28	2196	0	1	0
2943	1	1	9	0	28	2196	0	1	0
2946	1	7	10	0	28	2196	0	1	0
2947	1	1	9	0	28	2196	0	1	0
2948	1	2	13	0	28	2196	0	1	0
2950	1	4	4	0	28	2196	0	1	0
2955	1	9	14	0	28	2196	0	1	0
2957	1	10	3	0	28	2196	0	1	0
2958	1	2	13	0	28	2196	0	1	0
2959	1	5	7	0	28	2196	0	1	0
2960	1	1	9	0	28	2196	0	1	0
2966	1	9	14	0	28	2196	0	1	0
2968	1	8	2	0	28	2196	0	1	0
2969	1	6	1	0	28	2196	0	1	0
2975	1	2	13	0	28	2196	0	1	0
2976	1	4	4	0	28	2196	0	1	0
2983	1	7	10	0	28	2196	0	1	0
2984	1	10	3	0	28	2196	0	1	0
2985	1	8	2	0	28	2196	0	1	0
2986	1	5	7	0	28	2196	0	1	0
2991	1	3	8	0	28	2196	0	1	0
2992	1	6	1	0	28	2196	0	1	0
2993	1	7	10	0	28	2196	0	1	0
2994	1	10	3	0	28	2196	0	1	0
2995	1	5	7	0	28	2196	0	1	0
2996	1	4	4	0	28	2196	0	1	0
2997	1	1	9	0	28	2196	0	1	0
3001	1	4	4	0	28	2196	0	1	0
3003	1	9	14	0	28	2196	0	1	0
3006	1	7	10	0	28	2196	0	1	0
3009	1	3	8	0	28	2196	0	1	0
3010	1	2	13	0	28	2196	0	1	0
3014	1	10	3	0	28	2196	0	1	0
3016	1	8	2	0	28	2196	0	1	0
3017	1	6	1	0	28	2196	0	1	0
3018	1	1	9	0	28	2196	0	1	0
3019	1	5	7	0	28	2196	0	1	0
3020	1	2	13	0	28	2196	0	1	0
3021	1	4	4	0	28	2196	0	1	0
3023	1	3	8	0	28	2196	0	1	0
3028	1	2	13	0	28	2196	0	1	0
3030	1	9	14	0	28	2196	0	1	0
3033	1	7	10	0	28	2196	0	1	0
3034	1	10	3	0	28	2196	0	1	0
3038	1	3	8	0	28	2196	0	1	0
3039	1	2	13	0	28	2196	0	1	0
3041	1	6	1	0	28	2196	0	1	0
3042	1	9	14	0	28	2196	0	1	0
3045	1	1	9	0	28	2196	0	1	0
3046	1	8	2	0	28	2196	0	1	0
3047	1	3	8	0	28	2196	0	1	0
3048	1	10	3	0	28	2196	0	1	0
3050	1	9	14	0	28	2196	0	1	0
3056	1	2	13	0	28	2196	0	1	0
3064	1	9	14	0	28	2196	0	1	0
3065	1	6	1	0	28	2196	0	1	0
3067	1	2	13	0	28	2196	0	1	0
3070	1	3	8	0	28	2196	0	1	0
3073	1	1	9	0	28	2196	0	1	0
3076	1	5	7	0	28	2196	0	1	0
3077	1	3	8	0	28	2196	0	1	0
3078	1	9	14	0	28	2196	0	1	0
3079	1	9	14	0	28	2196	0	1	0
3081	1	8	2	0	28	2196	0	1	0
3082	1	7	10	0	28	2196	0	1	0
3083	1	9	14	0	28	2196	0	1	0
3086	1	5	7	0	28	2196	0	1	0
3088	1	2	13	0	28	2196	0	1	0
3090	1	5	7	0	28	2196	0	1	0
3092	1	9	14	0	28	2196	0	1	0
3093	1	4	4	0	28	2196	0	1	0
3094	1	3	8	0	28	2196	0	1	0
3095	1	2	13	0	28	2196	0	1	0
3097	1	5	7	0	28	2196	0	1	0
3098	1	3	8	0	28	2196	0	1	0
3100	1	7	10	0	28	2196	0	1	0
3105	1	6	1	0	28	2196	0	1	0
3107	1	4	4	0	28	2196	0	1	0
3110	1	10	3	0	28	2196	0	1	0
3112	1	1	9	0	28	2196	0	1	0
3113	1	4	4	0	28	2196	0	1	0
3114	1	2	13	0	28	2196	0	1	0
3116	1	7	10	0	28	2196	0	1	0
3120	1	8	2	0	28	2196	0	1	0
3121	1	5	7	0	28	2196	0	1	0
3123	1	4	4	0	28	2196	0	1	0
3124	1	3	8	0	28	2196	0	1	0
3125	1	8	2	0	28	2196	0	1	0
3126	1	10	3	0	28	2196	0	1	0
3127	1	2	13	0	28	2196	0	1	0
3128	1	6	1	0	28	2196	0	1	0
3129	1	1	9	0	28	2196	0	1	0
3135	1	5	7	0	28	2196	0	1	0
3137	1	1	9	0	28	2196	0	1	0
3138	1	10	3	0	28	2196	0	1	0
3139	1	7	10	0	28	2196	0	1	0
3140	1	8	2	0	28	2196	0	1	0
3141	1	3	8	0	28	2196	0	1	0
3147	1	5	7	0	28	2196	0	1	0
3153	1	3	8	0	28	2196	0	1	0
3156	1	7	10	0	28	2196	0	1	0
3157	1	2	13	0	28	2196	0	1	0
3158	1	1	9	0	28	2196	0	1	0
3161	1	4	4	0	28	2196	0	1	0
3162	1	8	2	0	28	2196	0	1	0
3165	1	9	14	0	28	2196	0	1	0
3166	1	3	8	0	28	2196	0	1	0
3169	1	10	3	0	28	2196	0	1	0
3170	1	5	7	0	28	2196	0	1	0
3172	1	1	9	0	28	2196	0	1	0
3174	1	4	4	0	28	2196	0	1	0
3175	1	8	2	0	28	2196	0	1	0
3176	1	10	3	0	28	2196	0	1	0
3177	1	2	13	0	28	2196	0	1	0
3182	1	7	10	0	28	2196	0	1	0
3183	1	6	1	0	28	2196	0	1	0
3184	1	5	7	0	28	2196	0	1	0
3189	1	1	9	0	28	2196	0	1	0
3190	1	3	8	0	28	2196	0	1	0
3191	1	2	13	0	28	2196	0	1	0
3195	1	7	10	0	28	2196	0	1	0
3197	1	1	9	0	28	2196	0	1	0
3198	1	3	8	0	28	2196	0	1	0
3200	1	7	10	0	28	2196	0	1	0
3201	1	5	7	0	28	2196	0	1	0
3203	1	8	2	0	28	2196	0	1	0
3206	1	10	3	0	28	2196	0	1	0
3209	1	2	13	0	28	2196	0	1	0
3210	1	5	7	0	28	2196	0	1	0
3213	1	1	9	0	28	2196	0	1	0
3218	1	5	7	0	28	2196	0	1	0
3219	1	6	1	0	28	2196	0	1	0
3220	1	9	14	0	28	2196	0	1	0
3224	1	2	13	0	28	2196	0	1	0
3225	1	3	8	0	28	2196	0	1	0
3227	1	7	10	0	28	2196	0	1	0
3228	1	10	3	0	28	2196	0	1	0
3230	1	4	4	0	28	2196	0	1	0
3231	1	8	2	0	28	2196	0	1	0
3232	1	10	3	0	28	2196	0	1	0
3235	1	5	7	0	28	2196	0	1	0
3238	1	2	13	0	28	2196	0	1	0
3239	1	3	8	0	28	2196	0	1	0
3244	1	4	4	0	28	2196	0	1	0
3246	1	8	2	0	28	2196	0	1	0
3253	1	1	9	0	28	2196	0	1	0
3255	1	2	13	0	28	2196	0	1	0
3256	1	6	1	0	28	2196	0	1	0
3257	1	10	3	0	28	2196	0	1	0
3258	1	8	2	0	28	2196	0	1	0
3260	1	9	14	0	28	2196	0	1	0
3264	1	2	13	0	28	2196	0	1	0
3266	1	1	9	0	28	2196	0	1	0
3267	1	5	7	0	28	2196	0	1	0
3269	1	9	14	0	28	2196	0	1	0
3270	1	7	10	0	28	2196	0	1	0
3271	1	3	8	0	28	2196	0	1	0
3272	1	8	2	0	28	2196	0	1	0
3276	1	6	1	0	28	2196	0	1	0
3278	1	4	4	0	28	2196	0	1	0
3279	1	9	14	0	28	2196	0	1	0
3283	1	1	9	0	28	2196	0	1	0
3286	1	10	3	0	28	2196	0	1	0
3287	1	5	7	0	28	2196	0	1	0
3290	1	8	2	0	28	2196	0	1	0
3291	1	2	13	0	28	2196	0	1	0
3296	1	4	4	0	28	2196	0	1	0
3298	1	6	1	0	28	2196	0	1	0
3299	1	7	10	0	28	2196	0	1	0
3300	1	5	7	0	28	2196	0	1	0
3302	1	3	8	0	28	2196	0	1	0
3306	1	5	7	0	28	2196	0	1	0
3307	1	6	1	0	28	2196	0	1	0
3309	1	2	13	0	28	2196	0	1	0
3313	1	3	8	0	28	2196	0	1	0
3317	1	4	4	0	28	2196	0	1	0
3321	1	6	1	0	28	2196	0	1	0
3322	1	1	9	0	28	2196	0	1	0
3324	1	2	13	0	28	2196	0	1	0
3326	1	5	7	0	28	2196	0	1	0
3329	1	10	3	0	28	2196	0	1	0
3330	1	3	8	0	28	2196	0	1	0
3333	1	4	4	0	28	2196	0	1	0
3339	1	4	4	0	28	2196	0	1	0
3340	1	3	8	0	28	2196	0	1	0
3341	1	9	14	0	28	2196	0	1	0
3343	1	10	3	0	28	2196	0	1	0
3345	1	5	7	0	28	2196	0	1	0
3347	1	6	1	0	28	2196	0	1	0
3351	1	10	3	0	28	2196	0	1	0
3353	1	7	10	0	28	2196	0	1	0
3354	1	2	13	0	28	2196	0	1	0
3355	1	3	8	0	28	2196	0	1	0
3356	1	8	2	0	28	2196	0	1	0
3358	1	9	14	0	28	2196	0	1	0
3361	1	5	7	0	28	2196	0	1	0
3364	1	2	13	0	28	2196	0	1	0
3366	1	7	10	0	28	2196	0	1	0
3370	1	6	1	0	28	2196	0	1	0
3371	1	4	4	0	28	2196	0	1	0
3373	1	8	2	0	28	2196	0	1	0
3374	1	9	14	0	28	2196	0	1	0
3376	1	10	3	0	28	2196	0	1	0
3377	1	8	2	0	28	2196	0	1	0
3378	1	4	4	0	28	2196	0	1	0
3379	1	3	8	0	28	2196	0	1	0
3381	1	7	10	0	28	2196	0	1	0
3382	1	8	2	0	28	2196	0	1	0
3383	1	1	9	0	28	2196	0	1	0
3384	1	2	13	0	28	2196	0	1	0
3385	1	3	8	0	28	2196	0	1	0
3386	1	1	9	0	28	2196	0	1	0
3388	1	5	7	0	28	2196	0	1	0
3392	1	10	3	0	28	2196	0	1	0
3393	1	1	9	0	28	2196	0	1	0
3394	1	2	13	0	28	2196	0	1	0
3396	1	8	2	0	28	2196	0	1	0
3398	1	6	1	0	28	2196	0	1	0
3399	1	4	4	0	28	2196	0	1	0
3400	1	10	3	0	28	2196	0	1	0
3401	1	3	8	0	28	2196	0	1	0
3404	1	10	3	0	28	2196	0	1	0
3407	1	1	9	0	28	2196	0	1	0
3410	1	5	7	0	28	2196	0	1	0
3411	1	8	2	0	28	2196	0	1	0
3412	1	6	1	0	28	2196	0	1	0
3413	1	9	14	0	28	2196	0	1	0
3414	1	10	3	0	28	2196	0	1	0
3418	1	5	7	0	28	2196	0	1	0
3421	1	6	1	0	28	2196	0	1	0
3428	1	8	2	0	28	2196	0	1	0
3429	1	1	9	0	28	2196	0	1	0
3433	1	9	14	0	28	2196	0	1	0
3434	1	2	13	0	28	2196	0	1	0
3437	1	4	4	0	28	2196	0	1	0
3438	1	3	8	0	28	2196	0	1	0
3441	1	1	9	0	28	2196	0	1	0
3443	1	4	4	0	28	2196	0	1	0
3447	1	7	10	0	28	2196	0	1	0
3448	1	10	3	0	28	2196	0	1	0
3451	1	8	2	0	28	2196	0	1	0
3452	1	4	4	0	28	2196	0	1	0
3453	1	5	7	0	28	2196	0	1	0
3454	1	1	9	0	28	2196	0	1	0
3456	1	9	14	0	28	2196	0	1	0
3457	1	6	1	0	28	2196	0	1	0
3458	1	2	13	0	28	2196	0	1	0
3463	1	5	7	0	28	2196	0	1	0
3466	1	2	13	0	28	2196	0	1	0
3469	1	8	2	0	28	2196	0	1	0
3473	1	4	4	0	28	2196	0	1	0
3476	1	6	1	0	28	2196	0	1	0
3477	1	1	9	0	28	2196	0	1	0
3478	1	5	7	0	28	2196	0	1	0
3482	1	4	4	0	28	2196	0	1	0
3483	1	8	2	0	28	2196	0	1	0
3486	1	7	10	0	28	2196	0	1	0
3492	1	7	10	0	28	2196	0	1	0
3493	1	3	8	0	28	2196	0	1	0
3494	1	4	4	0	28	2196	0	1	0
3496	1	1	9	0	28	2196	0	1	0
3499	1	9	14	0	28	2196	0	1	0
3500	1	7	10	0	28	2196	0	1	0
3501	1	5	7	0	28	2196	0	1	0
3502	1	8	2	0	28	2196	0	1	0
3506	1	1	9	0	28	2196	0	1	0
3507	1	5	7	0	28	2196	0	1	0
3511	1	6	1	0	28	2196	0	1	0
3512	1	10	3	0	28	2196	0	1	0
3513	1	2	13	0	28	2196	0	1	0
3514	1	7	10	0	28	2196	0	1	0
3520	1	9	14	0	28	2196	0	1	0
3521	1	6	1	0	28	2196	0	1	0
3522	1	4	4	0	28	2196	0	1	0
3525	1	10	3	0	28	2196	0	1	0
3526	1	6	1	0	28	2196	0	1	0
3527	1	7	10	0	28	2196	0	1	0
3528	1	1	9	0	28	2196	0	1	0
3529	1	5	7	0	28	2196	0	1	0
3533	1	8	2	0	28	2196	0	1	0
3537	1	1	9	0	28	2196	0	1	0
3538	1	9	14	0	28	2196	0	1	0
3541	1	3	8	0	28	2196	0	1	0
3542	1	1	9	0	28	2196	0	1	0
3551	1	6	1	0	28	2196	0	1	0
3552	1	2	13	0	28	2196	0	1	0
3553	1	3	8	0	28	2196	0	1	0
3554	1	7	10	0	28	2196	0	1	0
3555	1	1	9	0	28	2196	0	1	0
3559	1	7	10	0	28	2196	0	1	0
3565	1	8	2	0	28	2196	0	1	0
3567	1	10	3	0	28	2196	0	1	0
3568	1	2	13	0	28	2196	0	1	0
3572	1	4	4	0	28	2196	0	1	0
3574	1	3	8	0	28	2196	0	1	0
3580	1	5	7	0	28	2196	0	1	0
3582	1	9	14	0	28	2196	0	1	0
3583	1	4	4	0	28	2196	0	1	0
3584	1	3	8	0	28	2196	0	1	0
3585	1	1	9	0	28	2196	0	1	0
3586	1	6	1	0	28	2196	0	1	0
3587	1	8	2	0	28	2196	0	1	0
3588	1	3	8	0	28	2196	0	1	0
3589	1	7	10	0	28	2196	0	1	0
3590	1	2	13	0	28	2196	0	1	0
3591	1	4	4	0	28	2196	0	1	0
3592	1	10	3	0	28	2196	0	1	0
3594	1	1	9	0	28	2196	0	1	0
3595	1	6	1	0	28	2196	0	1	0
3598	1	9	14	0	28	2196	0	1	0
3599	1	2	13	0	28	2196	0	1	0
3602	1	7	10	0	28	2196	0	1	0
3604	1	10	3	0	28	2196	0	1	0
3605	1	3	8	0	28	2196	0	1	0
3607	1	8	2	0	28	2196	0	1	0
3609	1	5	7	0	28	2196	0	1	0
3611	1	2	13	0	28	2196	0	1	0
3612	1	6	1	0	28	2196	0	1	0
3613	1	8	2	0	28	2196	0	1	0
3615	1	9	14	0	28	2196	0	1	0
3617	1	4	4	0	28	2196	0	1	0
3622	1	4	4	0	28	2196	0	1	0
3623	1	10	3	0	28	2196	0	1	0
3624	1	1	9	0	28	2196	0	1	0
3630	1	10	3	0	28	2196	0	1	0
3631	1	1	9	0	28	2196	0	1	0
3635	1	5	7	0	28	2196	0	1	0
3641	1	8	2	0	28	2196	0	1	0
3642	1	6	1	0	28	2196	0	1	0
3643	1	9	14	0	28	2196	0	1	0
3644	1	2	13	0	28	2196	0	1	0
3645	1	5	7	0	28	2196	0	1	0
3646	1	8	2	0	28	2196	0	1	0
3650	1	3	8	0	28	2196	0	1	0
3656	1	8	2	0	28	2196	0	1	0
3657	1	4	4	0	28	2196	0	1	0
3658	1	7	10	0	28	2196	0	1	0
3659	1	5	7	0	28	2196	0	1	0
3660	1	9	14	0	28	2196	0	1	0
3661	1	10	3	0	28	2196	0	1	0
3662	1	1	9	0	28	2196	0	1	0
3663	1	3	8	0	28	2196	0	1	0
3664	1	8	2	0	28	2196	0	1	0
3667	1	6	1	0	28	2196	0	1	0
3672	1	9	14	0	28	2196	0	1	0
3674	1	8	2	0	28	2196	0	1	0
3675	1	10	3	0	28	2196	0	1	0
3678	1	1	9	0	28	2196	0	1	0
3680	1	7	10	0	28	2196	0	1	0
3682	1	3	8	0	28	2196	0	1	0
3683	1	4	4	0	28	2196	0	1	0
3684	1	10	3	0	28	2196	0	1	0
3685	1	2	13	0	28	2196	0	1	0
3686	1	5	7	0	28	2196	0	1	0
3689	1	8	2	0	28	2196	0	1	0
3693	1	7	10	0	28	2196	0	1	0
3694	1	6	1	0	28	2196	0	1	0
3699	1	2	13	0	28	2196	0	1	0
3705	1	6	1	0	28	2196	0	1	0
3706	1	1	9	0	28	2196	0	1	0
3707	1	3	8	0	28	2196	0	1	0
3708	1	4	4	0	28	2196	0	1	0
3709	1	10	3	0	28	2196	0	1	0
3713	1	9	14	0	28	2196	0	1	0
3717	1	3	8	0	28	2196	0	1	0
3720	1	5	7	0	28	2196	0	1	0
3721	1	6	1	0	28	2196	0	1	0
3723	1	7	10	0	28	2196	0	1	0
3724	1	2	13	0	28	2196	0	1	0
3725	1	4	4	0	28	2196	0	1	0
3726	1	3	8	0	28	2196	0	1	0
3729	1	8	2	0	28	2196	0	1	0
3730	1	5	7	0	28	2196	0	1	0
3731	1	1	9	0	28	2196	0	1	0
3733	1	2	13	0	28	2196	0	1	0
3735	1	5	7	0	28	2196	0	1	0
3739	1	6	1	0	28	2196	0	1	0
3743	1	2	13	0	28	2196	0	1	0
3744	1	10	3	0	28	2196	0	1	0
3745	1	8	2	0	28	2196	0	1	0
3747	1	9	14	0	28	2196	0	1	0
3750	1	4	4	0	28	2196	0	1	0
3751	1	3	8	0	28	2196	0	1	0
3753	1	1	9	0	28	2196	0	1	0
3756	1	10	3	0	28	2196	0	1	0
3758	1	7	10	0	28	2196	0	1	0
3759	1	6	1	0	28	2196	0	1	0
3760	1	2	13	0	28	2196	0	1	0
3761	1	5	7	0	28	2196	0	1	0
3766	1	5	7	0	28	2196	0	1	0
3769	1	8	2	0	28	2196	0	1	0
3770	1	4	4	0	28	2196	0	1	0
3771	1	3	8	0	28	2196	0	1	0
3772	1	1	9	0	28	2196	0	1	0
3774	1	2	13	0	28	2196	0	1	0
3775	1	10	3	0	28	2196	0	1	0
3777	1	8	2	0	28	2196	0	1	0
3781	1	9	14	0	28	2196	0	1	0
3784	1	10	3	0	28	2196	0	1	0
3787	1	7	10	0	28	2196	0	1	0
3788	1	2	13	0	28	2196	0	1	0
3792	1	9	14	0	28	2196	0	1	0
3793	1	8	2	0	28	2196	0	1	0
3794	1	10	3	0	28	2196	0	1	0
3797	1	3	8	0	28	2196	0	1	0
3800	1	6	1	0	28	2196	0	1	0
3801	1	1	9	0	28	2196	0	1	0
3807	1	9	14	0	28	2196	0	1	0
3808	1	5	7	0	28	2196	0	1	0
3810	1	7	10	0	28	2196	0	1	0
3816	1	7	10	0	28	2196	0	1	0
3817	1	8	2	0	28	2196	0	1	0
3820	1	2	13	0	28	2196	0	1	0
3823	1	5	7	0	28	2196	0	1	0
3826	1	9	14	0	28	2196	0	1	0
3827	1	10	3	0	28	2196	0	1	0
3828	1	8	2	0	28	2196	0	1	0
3834	1	4	4	0	28	2196	0	1	0
3835	1	9	14	0	28	2196	0	1	0
3836	1	7	10	0	28	2196	0	1	0
3841	1	2	13	0	28	2196	0	1	0
3846	1	2	13	0	28	2196	0	1	0
3847	1	6	1	0	28	2196	0	1	0
3853	1	8	2	0	28	2196	0	1	0
3854	1	10	3	0	28	2196	0	1	0
3855	1	3	8	0	28	2196	0	1	0
3856	1	1	9	0	28	2196	0	1	0
3857	1	6	1	0	28	2196	0	1	0
3869	1	7	10	0	28	2196	0	1	0
3870	1	4	4	0	28	2196	0	1	0
3874	1	1	9	0	28	2196	0	1	0
3875	1	6	1	0	28	2196	0	1	0
3878	1	9	14	0	28	2196	0	1	0
3882	1	2	13	0	28	2196	0	1	0
3883	1	1	9	0	28	2196	0	1	0
3885	1	10	3	0	28	2196	0	1	0
3888	1	9	14	0	28	2196	0	1	0
3894	1	8	2	0	28	2196	0	1	0
3895	1	2	13	0	28	2196	0	1	0
3896	1	6	1	0	28	2196	0	1	0
3897	1	5	7	0	28	2196	0	1	0
3899	1	1	9	0	28	2196	0	1	0
3901	1	10	3	0	28	2196	0	1	0
3902	1	3	8	0	28	2196	0	1	0
3905	1	6	1	0	28	2196	0	1	0
3907	1	4	4	0	28	2196	0	1	0
3908	1	8	2	0	28	2196	0	1	0
3909	1	5	7	0	28	2196	0	1	0
3913	1	3	8	0	28	2196	0	1	0
3914	1	9	14	0	28	2196	0	1	0
3915	1	8	2	0	28	2196	0	1	0
3916	1	4	4	0	28	2196	0	1	0
3917	1	7	10	0	28	2196	0	1	0
3922	1	2	13	0	28	2196	0	1	0
3925	1	5	7	0	28	2196	0	1	0
3926	1	1	9	0	28	2196	0	1	0
3927	1	6	1	0	28	2196	0	1	0
3928	1	2	13	0	28	2196	0	1	0
3935	1	5	7	0	28	2196	0	1	0
3938	1	2	13	0	28	2196	0	1	0
3940	1	7	10	0	28	2196	0	1	0
3942	1	10	3	0	28	2196	0	1	0
3943	1	4	4	0	28	2196	0	1	0
3944	1	3	8	0	28	2196	0	1	0
3945	1	9	14	0	28	2196	0	1	0
3946	1	8	2	0	28	2196	0	1	0
3947	1	6	1	0	28	2196	0	1	0
3949	1	5	7	0	28	2196	0	1	0
3950	1	9	14	0	28	2196	0	1	0
3951	1	6	1	0	28	2196	0	1	0
3953	1	7	10	0	28	2196	0	1	0
3957	1	4	4	0	28	2196	0	1	0
3958	1	10	3	0	28	2196	0	1	0
3959	1	9	14	0	28	2196	0	1	0
3962	1	1	9	0	28	2196	0	1	0
3964	1	6	1	0	28	2196	0	1	0
3972	1	3	8	0	28	2196	0	1	0
3973	1	9	14	0	28	2196	0	1	0
3974	1	5	7	0	28	2196	0	1	0
3975	1	6	1	0	28	2196	0	1	0
3977	1	3	8	0	28	2196	0	1	0
3978	1	10	3	0	28	2196	0	1	0
3979	1	8	2	0	28	2196	0	1	0
3982	1	7	10	0	28	2196	0	1	0
3983	1	10	3	0	28	2196	0	1	0
3986	1	6	1	0	28	2196	0	1	0
3987	1	10	3	0	28	2196	0	1	0
3988	1	8	2	0	28	2196	0	1	0
3990	1	4	4	0	28	2196	0	1	0
3993	1	1	9	0	28	2196	0	1	0
3996	1	7	10	0	28	2196	0	1	0
3999	1	1	9	0	28	2196	0	1	0
4000	1	8	2	0	28	2196	0	1	0
4005	1	6	1	0	28	2196	0	1	0
4007	1	5	7	0	28	2196	0	1	0
4008	1	1	9	0	28	2196	0	1	0
4013	1	10	3	0	28	2196	0	1	0
4016	1	3	8	0	28	2196	0	1	0
4017	1	4	4	0	28	2196	0	1	0
4020	1	10	3	0	28	2196	0	1	0
4030	1	10	3	0	28	2196	0	1	0
4031	1	2	13	0	28	2196	0	1	0
4032	1	6	1	0	28	2196	0	1	0
4033	1	5	7	0	28	2196	0	1	0
4034	1	3	8	0	28	2196	0	1	0
4036	1	7	10	0	28	2196	0	1	0
4037	1	10	3	0	28	2196	0	1	0
4039	1	1	9	0	28	2196	0	1	0
4040	1	3	8	0	28	2196	0	1	0
4043	1	8	2	0	28	2196	0	1	0
4050	1	1	9	0	28	2196	0	1	0
4051	1	5	7	0	28	2196	0	1	0
4052	1	10	3	0	28	2196	0	1	0
4054	1	6	1	0	28	2196	0	1	0
4055	1	7	10	0	28	2196	0	1	0
4056	1	10	3	0	28	2196	0	1	0
4063	1	9	14	0	28	2196	0	1	0
4065	1	5	7	0	28	2196	0	1	0
4066	1	1	9	0	28	2196	0	1	0
4067	1	4	4	0	28	2196	0	1	0
4068	1	3	8	0	28	2196	0	1	0
4072	1	10	3	0	28	2196	0	1	0
4075	1	5	7	0	28	2196	0	1	0
4076	1	1	9	0	28	2196	0	1	0
4077	1	2	13	0	28	2196	0	1	0
4083	1	8	2	0	28	2196	0	1	0
4084	1	6	1	0	28	2196	0	1	0
4085	1	9	14	0	28	2196	0	1	0
4086	1	10	3	0	28	2196	0	1	0
4088	1	7	10	0	28	2196	0	1	0
4089	1	5	7	0	28	2196	0	1	0
4090	1	2	13	0	28	2196	0	1	0
4092	1	9	14	0	28	2196	0	1	0
4093	1	8	2	0	28	2196	0	1	0
4094	1	3	8	0	28	2196	0	1	0
4095	1	6	1	0	28	2196	0	1	0
4096	1	10	3	0	28	2196	0	1	0
4098	1	4	4	0	28	2196	0	1	0
4106	1	7	10	0	28	2196	0	1	0
4107	1	5	7	0	28	2196	0	1	0
4111	1	4	4	0	28	2196	0	1	0
4113	1	3	8	0	28	2196	0	1	0
4114	1	9	14	0	28	2196	0	1	0
4115	1	8	2	0	28	2196	0	1	0
4116	1	5	7	0	28	2196	0	1	0
4117	1	10	3	0	28	2196	0	1	0
4120	1	8	2	0	28	2196	0	1	0
4122	1	6	1	0	28	2196	0	1	0
4124	1	3	8	0	28	2196	0	1	0
4125	1	10	3	0	28	2196	0	1	0
4126	1	2	13	0	28	2196	0	1	0
4127	1	7	10	0	28	2196	0	1	0
4128	1	1	9	0	28	2196	0	1	0
4129	1	8	2	0	28	2196	0	1	0
4130	1	3	8	0	28	2196	0	1	0
4133	1	2	13	0	28	2196	0	1	0
4137	1	3	8	0	28	2196	0	1	0
4139	1	7	10	0	28	2196	0	1	0
4140	1	6	1	0	28	2196	0	1	0
4146	1	1	9	0	28	2196	0	1	0
4149	1	9	14	0	28	2196	0	1	0
4150	1	2	13	0	28	2196	0	1	0
4151	1	5	7	0	28	2196	0	1	0
4152	1	8	2	0	28	2196	0	1	0
4153	1	6	1	0	28	2196	0	1	0
4159	1	5	7	0	28	2196	0	1	0
4160	1	1	9	0	28	2196	0	1	0
4163	1	3	8	0	28	2196	0	1	0
4168	1	4	4	0	28	2196	0	1	0
4169	1	8	2	0	28	2196	0	1	0
4170	1	5	7	0	28	2196	0	1	0
4172	1	9	14	0	28	2196	0	1	0
4174	1	10	3	0	28	2196	0	1	0
4177	1	5	7	0	28	2196	0	1	0
4184	1	2	13	0	28	2196	0	1	0
4186	1	6	1	0	28	2196	0	1	0
4189	1	7	10	0	28	2196	0	1	0
4190	1	4	4	0	28	2196	0	1	0
4192	1	3	8	0	28	2196	0	1	0
4193	1	2	13	0	28	2196	0	1	0
4194	1	10	3	0	28	2196	0	1	0
4197	1	6	1	0	28	2196	0	1	0
4198	1	2	13	0	28	2196	0	1	0
4200	1	4	4	0	28	2196	0	1	0
4201	1	8	2	0	28	2196	0	1	0
4203	1	7	10	0	28	2196	0	1	0
4205	1	5	7	0	28	2196	0	1	0
4208	1	3	8	0	28	2196	0	1	0
4209	1	10	3	0	28	2196	0	1	0
4210	1	2	13	0	28	2196	0	1	0
4211	1	6	1	0	28	2196	0	1	0
4212	1	5	7	0	28	2196	0	1	0
4214	1	4	4	0	28	2196	0	1	0
4216	1	6	1	0	28	2196	0	1	0
4217	1	9	14	0	28	2196	0	1	0
4218	1	4	4	0	28	2196	0	1	0
4220	1	1	9	0	28	2196	0	1	0
4221	1	5	7	0	28	2196	0	1	0
4224	1	3	8	0	28	2196	0	1	0
4226	1	6	1	0	28	2196	0	1	0
4228	1	5	7	0	28	2196	0	1	0
4231	1	4	4	0	28	2196	0	1	0
4235	1	1	9	0	28	2196	0	1	0
4238	1	7	10	0	28	2196	0	1	0
4239	1	2	13	0	28	2196	0	1	0
4240	1	4	4	0	28	2196	0	1	0
4243	1	8	2	0	28	2196	0	1	0
4244	1	10	3	0	28	2196	0	1	0
4248	1	9	14	0	28	2196	0	1	0
4249	1	8	2	0	28	2196	0	1	0
4254	1	2	13	0	28	2196	0	1	0
4257	1	9	14	0	28	2196	0	1	0
4260	1	10	3	0	28	2196	0	1	0
4264	1	6	1	0	28	2196	0	1	0
4265	1	8	2	0	28	2196	0	1	0
4266	1	4	4	0	28	2196	0	1	0
4267	1	9	14	0	28	2196	0	1	0
4269	1	6	1	0	28	2196	0	1	0
4270	1	2	13	0	28	2196	0	1	0
4271	1	7	10	0	28	2196	0	1	0
4273	1	10	3	0	28	2196	0	1	0
4274	1	6	1	0	28	2196	0	1	0
4275	1	5	7	0	28	2196	0	1	0
4280	1	1	9	0	28	2196	0	1	0
4281	1	9	14	0	28	2196	0	1	0
4282	1	2	13	0	28	2196	0	1	0
4283	1	10	3	0	28	2196	0	1	0
4284	1	3	8	0	28	2196	0	1	0
4287	1	7	10	0	28	2196	0	1	0
4289	1	8	2	0	28	2196	0	1	0
4290	1	5	7	0	28	2196	0	1	0
4291	1	7	10	0	28	2196	0	1	0
4298	1	2	13	0	28	2196	0	1	0
4299	1	4	4	0	28	2196	0	1	0
4300	1	3	8	0	28	2196	0	1	0
4301	1	10	3	0	28	2196	0	1	0
4302	1	6	1	0	28	2196	0	1	0
4304	1	1	9	0	28	2196	0	1	0
4306	1	5	7	0	28	2196	0	1	0
4307	1	4	4	0	28	2196	0	1	0
4312	1	3	8	0	28	2196	0	1	0
4314	1	9	14	0	28	2196	0	1	0
4315	1	7	10	0	28	2196	0	1	0
4316	1	4	4	0	28	2196	0	1	0
4317	1	5	7	0	28	2196	0	1	0
4322	1	2	13	0	28	2196	0	1	0
4324	1	7	10	0	28	2196	0	1	0
4325	1	1	9	0	28	2196	0	1	0
4326	1	10	3	0	28	2196	0	1	0
4327	1	6	1	0	28	2196	0	1	0
4328	1	4	4	0	28	2196	0	1	0
4330	1	3	8	0	28	2196	0	1	0
4335	1	7	10	0	28	2196	0	1	0
4344	1	8	2	0	28	2196	0	1	0
4345	1	9	14	0	28	2196	0	1	0
4346	1	7	10	0	28	2196	0	1	0
4347	1	1	9	0	28	2196	0	1	0
4348	1	9	14	0	28	2196	0	1	0
4353	1	5	7	0	28	2196	0	1	0
4355	1	4	4	0	28	2196	0	1	0
4357	1	10	3	0	28	2196	0	1	0
4358	1	3	8	0	28	2196	0	1	0
4362	1	5	7	0	28	2196	0	1	0
4363	1	9	14	0	28	2196	0	1	0
4365	1	7	10	0	28	2196	0	1	0
4367	1	8	2	0	28	2196	0	1	0
4368	1	3	8	0	28	2196	0	1	0
4369	1	6	1	0	28	2196	0	1	0
4370	1	4	4	0	28	2196	0	1	0
4376	1	10	3	0	28	2196	0	1	0
4378	1	3	8	0	28	2196	0	1	0
4379	1	5	7	0	28	2196	0	1	0
4381	1	4	4	0	28	2196	0	1	0
4386	1	8	2	0	28	2196	0	1	0
4387	1	10	3	0	28	2196	0	1	0
4394	1	1	9	0	28	2196	0	1	0
4395	1	7	10	0	28	2196	0	1	0
4397	1	6	1	0	28	2196	0	1	0
4398	1	2	13	0	28	2196	0	1	0
4399	1	9	14	0	28	2196	0	1	0
4405	1	8	2	0	28	2196	0	1	0
4406	1	2	13	0	28	2196	0	1	0
4408	1	4	4	0	28	2196	0	1	0
4411	1	5	7	0	28	2196	0	1	0
4412	1	10	3	0	28	2196	0	1	0
4413	1	7	10	0	28	2196	0	1	0
4417	1	2	13	0	28	2196	0	1	0
4418	1	5	7	0	28	2196	0	1	0
4420	1	8	2	0	28	2196	0	1	0
4421	1	4	4	0	28	2196	0	1	0
4429	1	3	8	0	28	2196	0	1	0
4430	1	7	10	0	28	2196	0	1	0
4431	1	1	9	0	28	2196	0	1	0
4437	1	4	4	0	28	2196	0	1	0
4438	1	7	10	0	28	2196	0	1	0
4439	1	6	1	0	28	2196	0	1	0
4442	1	10	3	0	28	2196	0	1	0
4446	1	3	8	0	28	2196	0	1	0
4447	1	9	14	0	28	2196	0	1	0
4449	1	4	4	0	28	2196	0	1	0
4455	1	6	1	0	28	2196	0	1	0
4457	1	10	3	0	28	2196	0	1	0
4459	1	1	9	0	28	2196	0	1	0
4463	1	3	8	0	28	2196	0	1	0
4464	1	1	9	0	28	2196	0	1	0
4466	1	8	2	0	28	2196	0	1	0
4467	1	9	14	0	28	2196	0	1	0
4468	1	10	3	0	28	2196	0	1	0
4469	1	4	4	0	28	2196	0	1	0
4471	1	3	8	0	28	2196	0	1	0
4477	1	2	13	0	28	2196	0	1	0
4478	1	1	9	0	28	2196	0	1	0
4479	1	7	10	0	28	2196	0	1	0
4480	1	5	7	0	28	2196	0	1	0
4481	1	9	14	0	28	2196	0	1	0
4482	1	8	2	0	28	2196	0	1	0
4483	1	3	8	0	28	2196	0	1	0
4485	1	9	14	0	28	2196	0	1	0
4486	1	7	10	0	28	2196	0	1	0
4490	1	3	8	0	28	2196	0	1	0
4492	1	8	2	0	28	2196	0	1	0
4496	1	6	1	0	28	2196	0	1	0
4497	1	2	13	0	28	2196	0	1	0
4498	1	5	7	0	28	2196	0	1	0
4504	1	8	2	0	28	2196	0	1	0
4505	1	9	14	0	28	2196	0	1	0
4507	1	10	3	0	28	2196	0	1	0
4508	1	2	13	0	28	2196	0	1	0
4509	1	4	4	0	28	2196	0	1	0
4510	1	1	9	0	28	2196	0	1	0
4511	1	3	8	0	28	2196	0	1	0
4512	1	2	13	0	28	2196	0	1	0
4514	1	9	14	0	28	2196	0	1	0
4515	1	10	3	0	28	2196	0	1	0
4516	1	8	2	0	28	2196	0	1	0
4519	1	1	9	0	28	2196	0	1	0
4520	1	7	10	0	28	2196	0	1	0
4521	1	4	4	0	28	2196	0	1	0
4524	1	2	13	0	28	2196	0	1	0
4531	1	9	14	0	28	2196	0	1	0
4532	1	7	10	0	28	2196	0	1	0
4534	1	3	8	0	28	2196	0	1	0
4536	1	2	13	0	28	2196	0	1	0
4537	1	7	10	0	28	2196	0	1	0
4538	1	9	14	0	28	2196	0	1	0
4541	1	1	9	0	28	2196	0	1	0
4543	1	5	7	0	28	2196	0	1	0
4547	1	4	4	0	28	2196	0	1	0
4550	1	7	10	0	28	2196	0	1	0
4551	1	2	13	0	28	2196	0	1	0
4552	1	1	9	0	28	2196	0	1	0
4555	1	4	4	0	28	2196	0	1	0
4556	1	6	1	0	28	2196	0	1	0
4557	1	10	3	0	28	2196	0	1	0
4558	1	7	10	0	28	2196	0	1	0
4560	1	5	7	0	28	2196	0	1	0
4562	1	1	9	0	28	2196	0	1	0
4565	1	8	2	0	28	2196	0	1	0
4566	1	9	14	0	28	2196	0	1	0
4568	1	4	4	0	28	2196	0	1	0
4570	1	7	10	0	28	2196	0	1	0
4574	1	3	8	0	28	2196	0	1	0
4579	1	8	2	0	28	2196	0	1	0
4580	1	9	14	0	28	2196	0	1	0
4581	1	5	7	0	28	2196	0	1	0
4587	1	2	13	0	28	2196	0	1	0
4588	1	6	1	0	28	2196	0	1	0
4589	1	1	9	0	28	2196	0	1	0
4590	1	4	4	0	28	2196	0	1	0
4591	1	7	10	0	28	2196	0	1	0
4594	1	2	13	0	28	2196	0	1	0
4596	1	3	8	0	28	2196	0	1	0
4601	1	10	3	0	28	2196	0	1	0
4602	1	5	7	0	28	2196	0	1	0
4603	1	4	4	0	28	2196	0	1	0
4605	1	1	9	0	28	2196	0	1	0
4608	1	5	7	0	28	2196	0	1	0
4609	1	9	14	0	28	2196	0	1	0
4610	1	7	10	0	28	2196	0	1	0
4611	1	10	3	0	28	2196	0	1	0
4612	1	6	1	0	28	2196	0	1	0
4614	1	8	2	0	28	2196	0	1	0
4615	1	2	13	0	28	2196	0	1	0
4619	1	9	14	0	28	2196	0	1	0
4621	1	7	10	0	28	2196	0	1	0
4625	1	10	3	0	28	2196	0	1	0
4627	1	3	8	0	28	2196	0	1	0
4629	1	4	4	0	28	2196	0	1	0
4630	1	2	13	0	28	2196	0	1	0
4633	1	6	1	0	28	2196	0	1	0
4634	1	8	2	0	28	2196	0	1	0
4635	1	9	14	0	28	2196	0	1	0
4636	1	4	4	0	28	2196	0	1	0
4637	1	2	13	0	28	2196	0	1	0
4645	1	2	13	0	28	2196	0	1	0
4648	1	1	9	0	28	2196	0	1	0
4655	1	3	8	0	28	2196	0	1	0
4656	1	2	13	0	28	2196	0	1	0
4659	1	1	9	0	28	2196	0	1	0
4661	1	7	10	0	28	2196	0	1	0
4665	1	1	9	0	28	2196	0	1	0
4670	1	5	7	0	28	2196	0	1	0
4672	1	6	1	0	28	2196	0	1	0
4673	1	8	2	0	28	2196	0	1	0
4674	1	4	4	0	28	2196	0	1	0
4676	1	3	8	0	28	2196	0	1	0
4677	1	6	1	0	28	2196	0	1	0
4680	1	9	14	0	28	2196	0	1	0
4682	1	10	3	0	28	2196	0	1	0
4683	1	8	2	0	28	2196	0	1	0
4687	1	4	4	0	28	2196	0	1	0
4688	1	2	13	0	28	2196	0	1	0
4689	1	7	10	0	28	2196	0	1	0
4694	1	10	3	0	28	2196	0	1	0
4695	1	6	1	0	28	2196	0	1	0
4696	1	8	2	0	28	2196	0	1	0
4698	1	9	14	0	28	2196	0	1	0
4699	1	7	10	0	28	2196	0	1	0
4700	1	4	4	0	28	2196	0	1	0
4701	1	3	8	0	28	2196	0	1	0
4702	1	1	9	0	28	2196	0	1	0
4703	1	10	3	0	28	2196	0	1	0
4708	1	2	13	0	28	2196	0	1	0
4709	1	8	2	0	28	2196	0	1	0
4716	1	3	8	0	28	2196	0	1	0
4717	1	7	10	0	28	2196	0	1	0
4718	1	4	4	0	28	2196	0	1	0
4719	1	8	2	0	28	2196	0	1	0
4720	1	6	1	0	28	2196	0	1	0
4721	1	5	7	0	28	2196	0	1	0
4723	1	2	13	0	28	2196	0	1	0
4726	1	1	9	0	28	2196	0	1	0
4732	1	10	3	0	28	2196	0	1	0
4733	1	5	7	0	28	2196	0	1	0
4734	1	4	4	0	28	2196	0	1	0
4736	1	3	8	0	28	2196	0	1	0
4741	1	5	7	0	28	2196	0	1	0
4745	1	6	1	0	28	2196	0	1	0
4746	1	3	8	0	28	2196	0	1	0
4747	1	8	2	0	28	2196	0	1	0
4748	1	10	3	0	28	2196	0	1	0
4749	1	4	4	0	28	2196	0	1	0
4753	1	1	9	0	28	2196	0	1	0
4757	1	5	7	0	28	2196	0	1	0
4758	1	9	14	0	28	2196	0	1	0
4761	1	4	4	0	28	2196	0	1	0
4766	1	9	14	0	28	2196	0	1	0
4769	1	6	1	0	28	2196	0	1	0
4770	1	5	7	0	28	2196	0	1	0
4773	1	10	3	0	28	2196	0	1	0
4774	1	8	2	0	28	2196	0	1	0
4777	1	3	8	0	28	2196	0	1	0
4779	1	7	10	0	28	2196	0	1	0
4782	1	2	13	0	28	2196	0	1	0
4783	1	4	4	0	28	2196	0	1	0
4788	1	1	9	0	28	2196	0	1	0
4790	1	7	10	0	28	2196	0	1	0
4793	1	10	3	0	28	2196	0	1	0
4794	1	3	8	0	28	2196	0	1	0
4795	1	5	7	0	28	2196	0	1	0
4798	1	3	8	0	28	2196	0	1	0
4800	1	9	14	0	28	2196	0	1	0
4801	1	6	1	0	28	2196	0	1	0
4802	1	8	2	0	28	2196	0	1	0
4806	1	1	9	0	28	2196	0	1	0
4810	1	2	13	0	28	2196	0	1	0
4811	1	4	4	0	28	2196	0	1	0
4812	1	6	1	0	28	2196	0	1	0
4813	1	8	2	0	28	2196	0	1	0
4814	1	3	8	0	28	2196	0	1	0
4815	1	1	9	0	28	2196	0	1	0
4816	1	10	3	0	28	2196	0	1	0
4817	1	7	10	0	28	2196	0	1	0
4818	1	2	13	0	28	2196	0	1	0
4819	1	5	7	0	28	2196	0	1	0
4820	1	6	1	0	28	2196	0	1	0
4821	1	10	3	0	28	2196	0	1	0
4822	1	4	4	0	28	2196	0	1	0
4823	1	3	8	0	28	2196	0	1	0
4825	1	6	1	0	28	2196	0	1	0
4826	1	1	9	0	28	2196	0	1	0
4831	1	10	3	0	28	2196	0	1	0
4834	1	1	9	0	28	2196	0	1	0
4838	1	5	7	0	28	2196	0	1	0
4843	1	8	2	0	28	2196	0	1	0
4844	1	1	9	0	28	2196	0	1	0
4846	1	9	14	0	28	2196	0	1	0
4847	1	2	13	0	28	2196	0	1	0
4848	1	6	1	0	28	2196	0	1	0
4853	1	10	3	0	28	2196	0	1	0
4856	1	3	8	0	28	2196	0	1	0
4857	1	4	4	0	28	2196	0	1	0
4858	1	7	10	0	28	2196	0	1	0
4859	1	6	1	0	28	2196	0	1	0
4861	1	8	2	0	28	2196	0	1	0
4868	1	5	7	0	28	2196	0	1	0
4877	1	1	9	0	28	2196	0	1	0
4878	1	2	13	0	28	2196	0	1	0
4879	1	8	2	0	28	2196	0	1	0
4880	1	9	14	0	28	2196	0	1	0
4881	1	10	3	0	28	2196	0	1	0
4886	1	3	8	0	28	2196	0	1	0
4890	1	4	4	0	28	2196	0	1	0
4891	1	6	1	0	28	2196	0	1	0
4895	1	10	3	0	28	2196	0	1	0
4896	1	1	9	0	28	2196	0	1	0
4897	1	7	10	0	28	2196	0	1	0
4898	1	9	14	0	28	2196	0	1	0
4899	1	3	8	0	28	2196	0	1	0
4900	1	10	3	0	28	2196	0	1	0
4901	1	1	9	0	28	2196	0	1	0
4909	1	6	1	0	28	2196	0	1	0
4912	1	3	8	0	28	2196	0	1	0
4914	1	2	13	0	28	2196	0	1	0
4916	1	7	10	0	28	2196	0	1	0
4917	1	1	9	0	28	2196	0	1	0
4920	1	10	3	0	28	2196	0	1	0
4924	1	8	2	0	28	2196	0	1	0
4925	1	3	8	0	28	2196	0	1	0
4927	1	6	1	0	28	2196	0	1	0
4933	1	3	8	0	28	2196	0	1	0
4938	1	3	8	0	28	2196	0	1	0
4939	1	4	4	0	28	2196	0	1	0
4942	1	7	10	0	28	2196	0	1	0
4944	1	5	7	0	28	2196	0	1	0
4945	1	8	2	0	28	2196	0	1	0
4947	1	10	3	0	28	2196	0	1	0
4948	1	8	2	0	28	2196	0	1	0
4950	1	1	9	0	28	2196	0	1	0
4952	1	6	1	0	28	2196	0	1	0
4953	1	3	8	0	28	2196	0	1	0
4956	1	4	4	0	28	2196	0	1	0
4957	1	2	13	0	28	2196	0	1	0
4958	1	9	14	0	28	2196	0	1	0
4959	1	8	2	0	28	2196	0	1	0
4960	1	5	7	0	28	2196	0	1	0
