% time	cellId	IMSI	RNTI	sinrLinear	componentCarrierId
0.041	1	5	1	15666.3	0
0.042	1	8	2	95823.9	0
0.043	1	1	3	3444.2	0
0.044	1	10	4	33247.9	0
0.049	1	9	9	2930.43	0
0.05	1	7	10	7953.11	0
0.051	1	4	11	10404.5	0
0.052	1	6	12	240.185	0
0.055	1	2	15	19470	0
0.056	1	3	16	4534.38	0
0.081	1	5	1	57037.8	0
0.082	1	8	2	37886.9	0
0.083	1	1	3	3284.79	0
0.084	1	10	4	15502.5	0
0.089	1	9	9	1487.06	0
0.09	1	7	10	6663.49	0
0.091	1	4	11	13447.8	0
0.092	1	6	12	1315.46	0
0.095	1	2	15	1931.08	0
0.096	1	3	16	3731.88	0
0.121	1	5	1	54581.3	0
0.122	1	8	2	126924	0
0.123	1	1	3	3841.44	0
0.124	1	10	4	172776	0
0.129	1	9	9	246.5	0
0.13	1	7	10	8929.35	0
0.131	1	4	11	10909.2	0
0.132	1	6	12	304.752	0
0.135	1	2	15	3933.75	0
0.136	1	3	16	1436.4	0
0.161	1	5	1	75991.6	0
0.162	1	8	2	121644	0
0.163	1	1	3	3735.23	0
0.164	1	10	4	27044.2	0
0.169	1	9	9	977.884	0
0.17	1	7	10	6293.94	0
0.171	1	4	11	3632.27	0
0.172	1	6	12	259.946	0
0.175	1	2	15	4463.85	0
0.176	1	3	16	2031.84	0
0.201	1	5	1	83656.5	0
0.202	1	8	2	45400.9	0
0.203	1	1	3	6796.76	0
0.204	1	10	4	34747.3	0
0.209	1	9	9	325.065	0
0.21	1	7	10	2210.79	0
0.211	1	4	11	5300.46	0
0.212	1	6	12	424.877	0
0.215	1	2	15	1705.68	0
0.216	1	3	16	825.337	0
0.241	1	5	1	43898.8	0
0.242	1	8	2	84585.2	0
0.243	1	1	3	2889.25	0
0.244	1	10	4	374313	0
0.249	1	9	9	316.365	0
0.25	1	7	10	3621.03	0
0.251	1	4	11	6057.06	0
0.252	1	6	12	513.272	0
0.255	1	2	15	3714.64	0
0.256	1	3	16	1339.07	0
0.281	1	5	1	20178.4	0
0.282	1	8	2	40736.4	0
0.283	1	1	3	2796.69	0
0.284	1	10	4	105997	0
0.289	1	9	9	587.528	0
0.29	1	7	10	3825.08	0
0.291	1	4	11	5229.25	0
0.292	1	6	12	774.582	0
0.295	1	2	15	3280.02	0
0.296	1	3	16	3881.25	0
0.321	1	5	1	76792	0
0.322	1	8	2	29036.1	0
0.323	1	1	3	2000.95	0
0.324	1	10	4	83573.4	0
0.329	1	9	9	658.934	0
0.33	1	7	10	3331.19	0
0.331	1	4	11	4860.54	0
0.332	1	6	12	432.899	0
0.335	1	2	15	4141.17	0
0.336	1	3	16	2648.73	0
0.361	1	5	1	64077.4	0
0.362	1	8	2	32360.4	0
0.363	1	1	3	2367.77	0
0.364	1	10	4	78439.5	0
0.369	1	9	9	839.275	0
0.37	1	7	10	3087.74	0
0.371	1	4	11	3950.96	0
0.372	1	6	12	491.957	0
0.375	1	2	15	1740.76	0
0.376	1	3	16	2622.39	0
0.401	1	5	1	19919.8	0
0.402	1	8	2	24138.3	0
0.403	1	1	3	3416.8	0
0.404	1	10	4	70477.4	0
0.409	1	9	9	486.5	0
0.41	1	7	10	2444.72	0
0.411	1	4	11	3895.42	0
0.412	1	6	12	858.375	0
0.415	1	2	15	4270.1	0
0.416	1	3	16	3094.79	0
0.441	1	5	1	50446	0
0.442	1	8	2	42184.6	0
0.443	1	1	3	1216.73	0
0.444	1	10	4	70148.7	0
0.449	1	9	9	473.264	0
0.45	1	7	10	2714.17	0
0.451	1	4	11	7743.43	0
0.452	1	6	12	1097.95	0
0.455	1	2	15	9360.58	0
0.456	1	3	16	1773.91	0
0.481	1	5	1	93456.3	0
0.482	1	8	2	41580.1	0
0.483	1	1	3	1509.99	0
0.484	1	10	4	35047.1	0
0.489	1	9	9	385.393	0
0.49	1	7	10	5231.54	0
0.491	1	4	11	7296.33	0
0.492	1	6	12	1188.87	0
0.495	1	2	15	10963	0
0.496	1	3	16	1441.1	0
0.521	1	5	1	92211.9	0
0.522	1	8	2	27194.8	0
0.523	1	1	3	23712.8	0
0.524	1	10	4	45798.6	0
0.529	1	9	9	324.283	0
0.53	1	7	10	1052.28	0
0.531	1	4	11	12906.4	0
0.532	1	6	12	759.898	0
0.535	1	2	15	1782.22	0
0.536	1	3	16	1370.15	0
0.561	1	5	1	163164	0
0.562	1	8	2	71559.8	0
0.563	1	1	3	8402.57	0
0.564	1	10	4	41995	0
0.569	1	9	9	284.233	0
0.57	1	7	10	3393.24	0
0.571	1	4	11	7919.58	0
0.572	1	6	12	547.464	0
0.575	1	2	15	6436.97	0
0.576	1	3	16	1051.77	0
0.601	1	5	1	97492.8	0
0.602	1	8	2	163642	0
0.603	1	1	3	12408.5	0
0.604	1	10	4	27813.6	0
0.609	1	9	9	328.513	0
0.61	1	7	10	11769.1	0
0.611	1	4	11	5854.36	0
0.612	1	6	12	269.913	0
0.615	1	2	15	7384.76	0
0.616	1	3	16	1750.41	0
0.641	1	5	1	92844.2	0
0.642	1	8	2	102635	0
0.643	1	1	3	10836.8	0
0.644	1	10	4	38086	0
0.649	1	9	9	351.103	0
0.65	1	7	10	14497.6	0
0.651	1	4	11	2963.92	0
0.652	1	6	12	467.756	0
0.655	1	2	15	3199	0
0.656	1	3	16	1952.79	0
0.681	1	5	1	142918	0
0.682	1	8	2	81004.4	0
0.683	1	1	3	7531.25	0
0.684	1	10	4	314600	0
0.689	1	9	9	691.273	0
0.69	1	7	10	7262.98	0
0.691	1	4	11	7306.2	0
0.692	1	6	12	1223.98	0
0.695	1	2	15	3035.59	0
0.696	1	3	16	2084.76	0
0.721	1	5	1	74176.6	0
0.722	1	8	2	93628	0
0.723	1	1	3	6847.9	0
0.724	1	10	4	66377.6	0
0.729	1	9	9	635.505	0
0.73	1	7	10	11151.3	0
0.731	1	4	11	4729.63	0
0.732	1	6	12	725.792	0
0.735	1	2	15	5887.42	0
0.736	1	3	16	1078.7	0
0.761	1	5	1	71185.3	0
0.762	1	8	2	70229.9	0
0.763	1	1	3	2940.76	0
0.764	1	10	4	37160.8	0
0.769	1	9	9	409.289	0
0.77	1	7	10	12018.9	0
0.771	1	4	11	7145.09	0
0.772	1	6	12	144.238	0
0.775	1	2	15	10111.5	0
0.776	1	3	16	2652.87	0
0.801	1	5	1	80011.9	0
0.802	1	8	2	57440.9	0
0.803	1	1	3	3955.33	0
0.804	1	10	4	171263	0
0.809	1	9	9	340.217	0
0.81	1	7	10	5684.04	0
0.811	1	4	11	9546.78	0
0.812	1	6	12	183.283	0
0.815	1	2	15	6430	0
0.816	1	3	16	3215.37	0
0.841	1	5	1	75819.9	0
0.842	1	8	2	24059.7	0
0.843	1	1	3	3288.79	0
0.844	1	10	4	31862.2	0
0.849	1	9	9	137.261	0
0.85	1	7	10	7634.2	0
0.851	1	4	11	8370.45	0
0.852	1	6	12	249.113	0
0.855	1	2	15	10793.7	0
0.856	1	3	16	1241.54	0
0.881	1	5	1	95431.2	0
0.882	1	8	2	52170.5	0
0.883	1	1	3	6497.36	0
0.884	1	10	4	42558.4	0
0.889	1	9	9	122.894	0
0.89	1	7	10	6906	0
0.891	1	4	11	17019.3	0
0.892	1	6	12	276.773	0
0.895	1	2	15	11732.6	0
0.896	1	3	16	1636.58	0
0.921	1	5	1	43507.2	0
0.922	1	8	2	49058.2	0
0.923	1	1	3	7465.8	0
0.924	1	10	4	98743.9	0
0.929	1	9	9	164.842	0
0.93	1	7	10	8157.02	0
0.931	1	4	11	8656.55	0
0.932	1	6	12	863.023	0
0.935	1	2	15	4972.45	0
0.936	1	3	16	1066.82	0
0.961	1	5	1	26076.7	0
0.962	1	8	2	28312.9	0
0.963	1	1	3	8615.39	0
0.964	1	10	4	87426.9	0
0.969	1	9	9	756.723	0
0.97	1	7	10	7932	0
0.971	1	4	11	15835.8	0
0.972	1	6	12	397.441	0
0.975	1	2	15	2363.64	0
0.976	1	3	16	1347.17	0
1.001	1	5	1	136848	0
1.002	1	8	2	27414.1	0
1.003	1	1	3	4838.68	0
1.004	1	10	4	67815.7	0
1.009	1	9	9	486.954	0
1.01	1	7	10	8714.07	0
1.011	1	4	11	7355.5	0
1.012	1	6	12	190.045	0
1.015	1	2	15	17857.9	0
1.016	1	3	16	1730.93	0
1.041	1	5	1	36179.1	0
1.042	1	8	2	122967	0
1.043	1	1	3	3960.13	0
1.044	1	10	4	111250	0
1.049	1	9	9	499.443	0
1.05	1	7	10	9869.73	0
1.051	1	4	11	15014.4	0
1.052	1	6	12	291.715	0
1.055	1	2	15	2350.68	0
1.056	1	3	16	1217.32	0
1.081	1	5	1	22405.9	0
1.082	1	8	2	113351	0
1.083	1	1	3	11911.2	0
1.084	1	10	4	29019.7	0
1.089	1	9	9	349.59	0
1.09	1	7	10	5621.54	0
1.091	1	4	11	15438.8	0
1.092	1	6	12	147.241	0
1.095	1	2	15	6813.63	0
1.096	1	3	16	1309.56	0
1.121	1	5	1	99360.2	0
1.122	1	8	2	36844.3	0
1.123	1	1	3	5055.39	0
1.124	1	10	4	56663.3	0
1.129	1	9	9	463.811	0
1.13	1	7	10	4595.79	0
1.131	1	4	11	5489.06	0
1.132	1	6	12	312.719	0
1.135	1	2	15	2378.71	0
1.136	1	3	16	605.156	0
1.161	1	5	1	76660.2	0
1.162	1	8	2	39934	0
1.163	1	1	3	7222.72	0
1.164	1	10	4	49789.8	0
1.169	1	9	9	786.323	0
1.17	1	7	10	1960.48	0
1.171	1	4	11	9264.67	0
1.172	1	6	12	959.255	0
1.175	1	2	15	1830.86	0
1.176	1	3	16	638.447	0
1.201	1	5	1	12284.6	0
1.202	1	8	2	15454.2	0
1.203	1	1	3	24896.2	0
1.204	1	10	4	59024.8	0
1.209	1	9	9	480.115	0
1.21	1	7	10	3806.8	0
1.211	1	4	11	10359.2	0
1.212	1	6	12	1579.92	0
1.215	1	2	15	6720.36	0
1.216	1	3	16	851.476	0
1.241	1	5	1	12597.7	0
1.242	1	8	2	72506.9	0
1.243	1	1	3	6634.09	0
1.244	1	10	4	52264.5	0
1.249	1	9	9	318.229	0
1.25	1	7	10	4030.49	0
1.251	1	4	11	6974.87	0
1.252	1	6	12	953.607	0
1.255	1	2	15	2643.35	0
1.256	1	3	16	1045.1	0
1.281	1	5	1	17986.2	0
1.282	1	8	2	31666.5	0
1.283	1	1	3	5657.98	0
1.284	1	10	4	54819.9	0
1.289	1	9	9	329.346	0
1.29	1	7	10	3204.9	0
1.291	1	4	11	11344.4	0
1.292	1	6	12	1276.79	0
1.295	1	2	15	3746.5	0
1.296	1	3	16	1800.84	0
1.321	1	5	1	13170	0
1.322	1	8	2	46597.3	0
1.323	1	1	3	2022.95	0
1.324	1	10	4	169113	0
1.329	1	9	9	140.328	0
1.33	1	7	10	6551.04	0
1.331	1	4	11	7484.72	0
1.332	1	6	12	1864.84	0
1.335	1	2	15	5566.71	0
1.336	1	3	16	2292.81	0
1.361	1	5	1	17598.8	0
1.362	1	8	2	100676	0
1.363	1	1	3	8827.59	0
1.364	1	10	4	35978.2	0
1.369	1	9	9	203.857	0
1.37	1	7	10	4685.54	0
1.371	1	4	11	11913.4	0
1.372	1	6	12	288.201	0
1.375	1	2	15	3468.1	0
1.376	1	3	16	2907.43	0
1.401	1	5	1	23252.9	0
1.402	1	8	2	65870.4	0
1.403	1	1	3	29376	0
1.404	1	10	4	71447.2	0
1.409	1	9	9	900.598	0
1.41	1	7	10	9520.67	0
1.411	1	4	11	16101.4	0
1.412	1	6	12	734.934	0
1.415	1	2	15	5684.52	0
1.416	1	3	16	3739.82	0
1.441	1	5	1	40376.1	0
1.442	1	8	2	282560	0
1.443	1	1	3	4574.62	0
1.444	1	10	4	219796	0
1.449	1	9	9	1682.83	0
1.45	1	7	10	8308.88	0
1.451	1	4	11	8906.42	0
1.452	1	6	12	574.011	0
1.455	1	2	15	1356.33	0
1.456	1	3	16	1840.11	0
1.481	1	5	1	48144.4	0
1.482	1	8	2	223320	0
1.483	1	1	3	3245.92	0
1.484	1	10	4	58581.4	0
1.489	1	9	9	1051.32	0
1.49	1	7	10	5907.44	0
1.491	1	4	11	7071.46	0
1.492	1	6	12	170.768	0
1.495	1	2	15	989.419	0
1.496	1	3	16	605.705	0
1.521	1	5	1	59088.7	0
1.522	1	8	2	49902.3	0
1.523	1	1	3	20009.2	0
1.524	1	10	4	55967.4	0
1.529	1	9	9	510.04	0
1.53	1	7	10	11548.5	0
1.531	1	4	11	2625.67	0
1.532	1	6	12	644.371	0
1.535	1	2	15	6132.64	0
1.536	1	3	16	1197.91	0
1.561	1	5	1	25957.1	0
1.562	1	8	2	57292.8	0
1.563	1	1	3	7171.81	0
1.564	1	10	4	17937	0
1.569	1	9	9	491.293	0
1.57	1	7	10	7056.19	0
1.571	1	4	11	6217.52	0
1.572	1	6	12	262.061	0
1.575	1	2	15	3569.84	0
1.576	1	3	16	849.465	0
1.601	1	5	1	23108.6	0
1.602	1	8	2	141724	0
1.603	1	1	3	8988.57	0
1.604	1	10	4	99305.1	0
1.609	1	9	9	90.7933	0
1.61	1	7	10	4055.68	0
1.611	1	4	11	8131.59	0
1.612	1	6	12	508.233	0
1.615	1	2	15	11879.4	0
1.616	1	3	16	1457.04	0
1.641	1	5	1	13360	0
1.642	1	8	2	32208	0
1.643	1	1	3	19179.9	0
1.644	1	10	4	125042	0
1.649	1	9	9	961.307	0
1.65	1	7	10	6514.69	0
1.651	1	4	11	10444.7	0
1.652	1	6	12	231.617	0
1.655	1	2	15	14639.4	0
1.656	1	3	16	821.809	0
1.681	1	5	1	2807.86	0
1.682	1	8	2	69350.6	0
1.683	1	1	3	4500.15	0
1.684	1	10	4	179631	0
1.689	1	9	9	1477.94	0
1.69	1	7	10	2638.73	0
1.691	1	4	11	11004.8	0
1.692	1	6	12	1732.88	0
1.695	1	2	15	8070.74	0
1.696	1	3	16	911.135	0
1.721	1	5	1	17786.3	0
1.722	1	8	2	239562	0
1.723	1	1	3	15126.6	0
1.724	1	10	4	70563.4	0
1.729	1	9	9	178.086	0
1.73	1	7	10	2767.38	0
1.731	1	4	11	6154.31	0
1.732	1	6	12	3717.63	0
1.735	1	2	15	6883.3	0
1.736	1	3	16	1305.12	0
1.761	1	5	1	151498	0
1.762	1	8	2	50476.1	0
1.763	1	1	3	14480.9	0
1.764	1	10	4	31229.1	0
1.769	1	9	9	710.74	0
1.77	1	7	10	2110.47	0
1.771	1	4	11	6967.23	0
1.772	1	6	12	1135.79	0
1.775	1	2	15	3030.26	0
1.776	1	3	16	492.149	0
1.801	1	5	1	81305.8	0
1.802	1	8	2	52650.4	0
1.803	1	1	3	3874.58	0
1.804	1	10	4	44695.1	0
1.809	1	9	9	1244.58	0
1.81	1	7	10	3137.46	0
1.811	1	4	11	4424.06	0
1.812	1	6	12	835.59	0
1.815	1	2	15	1795.35	0
1.816	1	3	16	1469.23	0
1.841	1	5	1	74964.4	0
1.842	1	8	2	71445.7	0
1.843	1	1	3	6034.57	0
1.844	1	10	4	16781.3	0
1.849	1	9	9	455.52	0
1.85	1	7	10	4652.8	0
1.851	1	4	11	2624.17	0
1.852	1	6	12	455.638	0
1.855	1	2	15	17031.4	0
1.856	1	3	16	1529.97	0
1.881	1	5	1	138944	0
1.882	1	8	2	55059.7	0
1.883	1	1	3	2724.07	0
1.884	1	10	4	25301.9	0
1.889	1	9	9	356.39	0
1.89	1	7	10	6271.66	0
1.891	1	4	11	4087.1	0
1.892	1	6	12	731.118	0
1.895	1	2	15	15423.6	0
1.896	1	3	16	969.622	0
1.921	1	5	1	100403	0
1.922	1	8	2	54794.4	0
1.923	1	1	3	17214.8	0
1.924	1	10	4	17600	0
1.929	1	9	9	362.215	0
1.93	1	7	10	12112.3	0
1.931	1	4	11	4560.42	0
1.932	1	6	12	431.163	0
1.935	1	2	15	22873.1	0
1.936	1	3	16	1696.38	0
1.961	1	5	1	57468.3	0
1.962	1	8	2	10448.7	0
1.963	1	1	3	27128.3	0
1.964	1	10	4	11078.1	0
1.969	1	9	9	165.264	0
1.97	1	7	10	7043.99	0
1.971	1	4	11	7380.76	0
1.972	1	6	12	119.314	0
1.975	1	2	15	30465	0
1.976	1	3	16	1894.26	0
2.001	1	5	1	137942	0
2.002	1	8	2	82871.5	0
2.003	1	1	3	13816.2	0
2.004	1	10	4	47916.2	0
2.009	1	9	9	811.891	0
2.01	1	7	10	5324.7	0
2.011	1	4	11	10259.5	0
2.012	1	6	12	211.059	0
2.015	1	2	15	2552.08	0
2.016	1	3	16	2623.69	0
2.041	1	5	1	57358.3	0
2.042	1	8	2	56450.8	0
2.043	1	1	3	26499.7	0
2.044	1	10	4	39816.4	0
2.049	1	9	9	304.377	0
2.05	1	7	10	7044.73	0
2.051	1	4	11	4973.42	0
2.052	1	6	12	189.647	0
2.055	1	2	15	870.366	0
2.056	1	3	16	1754.17	0
2.081	1	5	1	65963.8	0
2.082	1	8	2	131826	0
2.083	1	1	3	8804.32	0
2.084	1	10	4	40924.1	0
2.089	1	9	9	232.308	0
2.09	1	7	10	4589.09	0
2.091	1	4	11	3938.34	0
2.092	1	6	12	237.594	0
2.095	1	2	15	1866.05	0
2.096	1	3	16	676.542	0
2.121	1	5	1	122346	0
2.122	1	8	2	105605	0
2.123	1	1	3	12693.9	0
2.124	1	10	4	49509.8	0
2.129	1	9	9	357.256	0
2.13	1	7	10	9494.39	0
2.131	1	4	11	4650.18	0
2.132	1	6	12	734.592	0
2.135	1	2	15	8227.68	0
2.136	1	3	16	1158.82	0
2.161	1	5	1	57280.4	0
2.162	1	8	2	46587.7	0
2.163	1	1	3	3640.01	0
2.164	1	10	4	28400.3	0
2.169	1	9	9	516.243	0
2.17	1	7	10	9072.27	0
2.171	1	4	11	4610.72	0
2.172	1	6	12	185.724	0
2.175	1	2	15	4177.7	0
2.176	1	3	16	1160.25	0
2.201	1	5	1	30200.4	0
2.202	1	8	2	32913.6	0
2.203	1	1	3	2680.14	0
2.204	1	10	4	10568.9	0
2.209	1	9	9	325.659	0
2.21	1	7	10	5165.14	0
2.211	1	4	11	8944.14	0
2.212	1	6	12	343.902	0
2.215	1	2	15	7058.99	0
2.216	1	3	16	1019.9	0
2.241	1	5	1	64260.6	0
2.242	1	8	2	37211.1	0
2.243	1	1	3	5026.45	0
2.244	1	10	4	32742.3	0
2.249	1	9	9	457.785	0
2.25	1	7	10	3667.94	0
2.251	1	4	11	9760.33	0
2.252	1	6	12	1293.16	0
2.255	1	2	15	4050.62	0
2.256	1	3	16	940.484	0
2.281	1	5	1	62429.2	0
2.282	1	8	2	36840.9	0
2.283	1	1	3	4383.27	0
2.284	1	10	4	37233.5	0
2.289	1	9	9	969.528	0
2.29	1	7	10	1076.33	0
2.291	1	4	11	5950.84	0
2.292	1	6	12	433.494	0
2.295	1	2	15	3008.66	0
2.296	1	3	16	731.503	0
2.321	1	5	1	92219.5	0
2.322	1	8	2	60183.1	0
2.323	1	1	3	7544.64	0
2.324	1	10	4	23435.7	0
2.329	1	9	9	1167.86	0
2.33	1	7	10	7229.34	0
2.331	1	4	11	5266.76	0
2.332	1	6	12	302.386	0
2.335	1	2	15	9060.39	0
2.336	1	3	16	900.149	0
2.361	1	5	1	56619.3	0
2.362	1	8	2	70458.7	0
2.363	1	1	3	4030.93	0
2.364	1	10	4	45493.3	0
2.369	1	9	9	1044.41	0
2.37	1	7	10	5285.67	0
2.371	1	4	11	2193.26	0
2.372	1	6	12	205.051	0
2.375	1	2	15	5287.08	0
2.376	1	3	16	1658.46	0
2.401	1	5	1	33151	0
2.402	1	8	2	55149	0
2.403	1	1	3	2616.4	0
2.404	1	10	4	17071.2	0
2.409	1	9	9	528.687	0
2.41	1	7	10	4373.07	0
2.411	1	4	11	1868.91	0
2.412	1	6	12	204.713	0
2.415	1	2	15	4230.79	0
2.416	1	3	16	1274.46	0
2.441	1	5	1	90732.6	0
2.442	1	8	2	47044.8	0
2.443	1	1	3	2698.49	0
2.444	1	10	4	18480	0
2.449	1	9	9	271.094	0
2.45	1	7	10	8908.41	0
2.451	1	4	11	1615.69	0
2.452	1	6	12	599.013	0
2.455	1	2	15	6781.64	0
2.456	1	3	16	1025.87	0
2.481	1	5	1	97851.9	0
2.482	1	8	2	19008.7	0
2.483	1	1	3	1048.33	0
2.484	1	10	4	71298	0
2.489	1	9	9	502.029	0
2.49	1	7	10	5394.96	0
2.491	1	4	11	9441.74	0
2.492	1	6	12	576.652	0
2.495	1	2	15	5364.67	0
2.496	1	3	16	1143.81	0
2.521	1	5	1	41861.2	0
2.522	1	8	2	24268	0
2.523	1	1	3	5860.7	0
2.524	1	10	4	48702.2	0
2.529	1	9	9	551.911	0
2.53	1	7	10	26351.9	0
2.531	1	4	11	11506.1	0
2.532	1	6	12	798.698	0
2.535	1	2	15	2574.9	0
2.536	1	3	16	3784.42	0
2.561	1	5	1	26203.9	0
2.562	1	8	2	82724.9	0
2.563	1	1	3	7442.41	0
2.564	1	10	4	31597	0
2.569	1	9	9	785.558	0
2.57	1	7	10	14713.5	0
2.571	1	4	11	6322.08	0
2.572	1	6	12	197.387	0
2.575	1	2	15	974.588	0
2.576	1	3	16	2827.62	0
2.601	1	5	1	58948.6	0
2.602	1	8	2	102089	0
2.603	1	1	3	1869.69	0
2.604	1	10	4	30929.9	0
2.609	1	9	9	930.199	0
2.61	1	7	10	2072.16	0
2.611	1	4	11	10460.6	0
2.612	1	6	12	107.656	0
2.615	1	2	15	2850.31	0
2.616	1	3	16	2496.99	0
2.641	1	5	1	168325	0
2.642	1	8	2	60135.1	0
2.643	1	1	3	10632.6	0
2.644	1	10	4	22868.4	0
2.649	1	9	9	1308.65	0
2.65	1	7	10	8833.69	0
2.651	1	4	11	13933.8	0
2.652	1	6	12	277.311	0
2.655	1	2	15	1514.21	0
2.656	1	3	16	3175.08	0
2.681	1	5	1	90892.6	0
2.682	1	8	2	70008	0
2.683	1	1	3	3301.03	0
2.684	1	10	4	28289.8	0
2.689	1	9	9	945.98	0
2.69	1	7	10	3308.16	0
2.691	1	4	11	9764.72	0
2.692	1	6	12	254.574	0
2.695	1	2	15	2008.05	0
2.696	1	3	16	1868.19	0
2.721	1	5	1	41756.9	0
2.722	1	8	2	44148.3	0
2.723	1	1	3	1097.18	0
2.724	1	10	4	43045.4	0
2.729	1	9	9	194.836	0
2.73	1	7	10	2654.92	0
2.731	1	4	11	15872.6	0
2.732	1	6	12	184.043	0
2.735	1	2	15	5603.31	0
2.736	1	3	16	1479.23	0
2.761	1	5	1	40015	0
2.762	1	8	2	29968.7	0
2.763	1	1	3	6539.65	0
2.764	1	10	4	63214	0
2.769	1	9	9	634.475	0
2.77	1	7	10	5362.26	0
2.771	1	4	11	6550.19	0
2.772	1	6	12	271.876	0
2.775	1	2	15	2213.77	0
2.776	1	3	16	695.735	0
2.801	1	5	1	15883.8	0
2.802	1	8	2	25295.1	0
2.803	1	1	3	2276.03	0
2.804	1	10	4	218453	0
2.809	1	9	9	803.167	0
2.81	1	7	10	5871.46	0
2.811	1	4	11	16714	0
2.812	1	6	12	615.556	0
2.815	1	2	15	10540.5	0
2.816	1	3	16	1010.46	0
2.841	1	5	1	84165.8	0
2.842	1	8	2	18671.2	0
2.843	1	1	3	2319.17	0
2.844	1	10	4	31367.8	0
2.849	1	9	9	267.68	0
2.85	1	7	10	7702.37	0
2.851	1	4	11	18643.1	0
2.852	1	6	12	571.837	0
2.855	1	2	15	961.089	0
2.856	1	3	16	1364.87	0
2.881	1	5	1	130527	0
2.882	1	8	2	20012	0
2.883	1	1	3	1984.59	0
2.884	1	10	4	45917.1	0
2.889	1	9	9	370.538	0
2.89	1	7	10	4567.56	0
2.891	1	4	11	3748.71	0
2.892	1	6	12	271.737	0
2.895	1	2	15	1575.89	0
2.896	1	3	16	874.86	0
2.921	1	5	1	77401.8	0
2.922	1	8	2	15082.9	0
2.923	1	1	3	9325.05	0
2.924	1	10	4	28459.9	0
2.929	1	9	9	900.874	0
2.93	1	7	10	4257.48	0
2.931	1	4	11	15950.9	0
2.932	1	6	12	488.28	0
2.935	1	2	15	10404.3	0
2.936	1	3	16	1969.86	0
2.961	1	5	1	92266.2	0
2.962	1	8	2	22794.7	0
2.963	1	1	3	62338.7	0
2.964	1	10	4	52878.9	0
2.969	1	9	9	831.049	0
2.97	1	7	10	3635.02	0
2.971	1	4	11	10148.5	0
2.972	1	6	12	305.23	0
2.975	1	2	15	8858.97	0
2.976	1	3	16	1488.94	0
3.001	1	5	1	52680.5	0
3.002	1	8	2	59902.2	0
3.003	1	1	3	8099.35	0
3.004	1	10	4	36776.5	0
3.009	1	9	9	1263.43	0
3.01	1	7	10	2632.89	0
3.011	1	4	11	4941.07	0
3.012	1	6	12	522.265	0
3.015	1	2	15	16640.5	0
3.016	1	3	16	5785.86	0
3.041	1	5	1	59738.3	0
3.042	1	8	2	66572.4	0
3.043	1	1	3	5662.63	0
3.044	1	10	4	22423.2	0
3.049	1	9	9	608.048	0
3.05	1	7	10	5734.41	0
3.051	1	4	11	6154.31	0
3.052	1	6	12	239.781	0
3.055	1	2	15	3126.24	0
3.056	1	3	16	628.941	0
3.081	1	5	1	67792.7	0
3.082	1	8	2	55160.6	0
3.083	1	1	3	2274.62	0
3.084	1	10	4	131609	0
3.089	1	9	9	496.957	0
3.09	1	7	10	9774.39	0
3.091	1	4	11	21077	0
3.092	1	6	12	1271.52	0
3.095	1	2	15	3303.31	0
3.096	1	3	16	2521.71	0
3.121	1	5	1	51565.6	0
3.122	1	8	2	32286.8	0
3.123	1	1	3	872.548	0
3.124	1	10	4	103419	0
3.129	1	9	9	510.24	0
3.13	1	7	10	10630	0
3.131	1	4	11	20941.3	0
3.132	1	6	12	533.759	0
3.135	1	2	15	5250.45	0
3.136	1	3	16	1446.05	0
3.161	1	5	1	108144	0
3.162	1	8	2	78552.8	0
3.163	1	1	3	6448	0
3.164	1	10	4	58309.6	0
3.169	1	9	9	317.36	0
3.17	1	7	10	8262.22	0
3.171	1	4	11	7822.42	0
3.172	1	6	12	529.027	0
3.175	1	2	15	2792.85	0
3.176	1	3	16	598.213	0
3.201	1	5	1	87665	0
3.202	1	8	2	36540.6	0
3.203	1	1	3	3929.16	0
3.204	1	10	4	62634.5	0
3.209	1	9	9	993.946	0
3.21	1	7	10	3390.88	0
3.211	1	4	11	9890.02	0
3.212	1	6	12	1799.68	0
3.215	1	2	15	3370.79	0
3.216	1	3	16	1641.04	0
3.241	1	5	1	53700.4	0
3.242	1	8	2	8993.84	0
3.243	1	1	3	2731.31	0
3.244	1	10	4	58080.6	0
3.249	1	9	9	1077.05	0
3.25	1	7	10	3021.06	0
3.251	1	4	11	5550.18	0
3.252	1	6	12	302.478	0
3.255	1	2	15	3368.86	0
3.256	1	3	16	1694.3	0
3.281	1	5	1	32537.3	0
3.282	1	8	2	18764	0
3.283	1	1	3	11242.4	0
3.284	1	10	4	75277.1	0
3.289	1	9	9	696.337	0
3.29	1	7	10	4694.94	0
3.291	1	4	11	4806.13	0
3.292	1	6	12	626.003	0
3.295	1	2	15	1075.39	0
3.296	1	3	16	2392.84	0
3.321	1	5	1	16486.9	0
3.322	1	8	2	25952.6	0
3.323	1	1	3	4173.32	0
3.324	1	10	4	33185.3	0
3.329	1	9	9	1198.11	0
3.33	1	7	10	2376.14	0
3.331	1	4	11	18709.9	0
3.332	1	6	12	362.135	0
3.335	1	2	15	1891.63	0
3.336	1	3	16	1585.59	0
3.361	1	5	1	83632.2	0
3.362	1	8	2	14708.4	0
3.363	1	1	3	2075.29	0
3.364	1	10	4	8594.82	0
3.369	1	9	9	1511.45	0
3.37	1	7	10	3320.25	0
3.371	1	4	11	14718.3	0
3.372	1	6	12	1249.47	0
3.375	1	2	15	3053.4	0
3.376	1	3	16	1253.48	0
3.401	1	5	1	45998.6	0
3.402	1	8	2	19086.9	0
3.403	1	1	3	3980.44	0
3.404	1	10	4	14722.8	0
3.409	1	9	9	651.636	0
3.41	1	7	10	3938.28	0
3.411	1	4	11	12282	0
3.412	1	6	12	2165.21	0
3.415	1	2	15	1706.99	0
3.416	1	3	16	1242.28	0
3.441	1	5	1	57532.2	0
3.442	1	8	2	31231.8	0
3.443	1	1	3	2423.02	0
3.444	1	10	4	65008.5	0
3.449	1	9	9	623.367	0
3.45	1	7	10	1620.69	0
3.451	1	4	11	16133	0
3.452	1	6	12	975.61	0
3.455	1	2	15	2653.29	0
3.456	1	3	16	552.134	0
3.481	1	5	1	89153.6	0
3.482	1	8	2	31845	0
3.483	1	1	3	2843.49	0
3.484	1	10	4	24125.5	0
3.489	1	9	9	1265.26	0
3.49	1	7	10	5235.65	0
3.491	1	4	11	9679.92	0
3.492	1	6	12	958.411	0
3.495	1	2	15	6015.97	0
3.496	1	3	16	682.772	0
3.521	1	5	1	144200	0
3.522	1	8	2	5424.64	0
3.523	1	1	3	2159.37	0
3.524	1	10	4	46826.3	0
3.529	1	9	9	478.601	0
3.53	1	7	10	12783.7	0
3.531	1	4	11	10870.7	0
3.532	1	6	12	2023.75	0
3.535	1	2	15	7344.45	0
3.536	1	3	16	1092.89	0
3.561	1	5	1	143271	0
3.562	1	8	2	26501.1	0
3.563	1	1	3	1805.08	0
3.564	1	10	4	66025.5	0
3.569	1	9	9	371.225	0
3.57	1	7	10	1197.81	0
3.571	1	4	11	38428.7	0
3.572	1	6	12	885.78	0
3.575	1	2	15	3041.27	0
3.576	1	3	16	1429.7	0
3.601	1	5	1	53517.7	0
3.602	1	8	2	64824.5	0
3.603	1	1	3	6765.08	0
3.604	1	10	4	252119	0
3.609	1	9	9	179.178	0
3.61	1	7	10	7321.39	0
3.611	1	4	11	28265.4	0
3.612	1	6	12	559.332	0
3.615	1	2	15	1461.16	0
3.616	1	3	16	845.181	0
3.641	1	5	1	67663.4	0
3.642	1	8	2	45150.9	0
3.643	1	1	3	3126.91	0
3.644	1	10	4	109188	0
3.649	1	9	9	273.376	0
3.65	1	7	10	10972	0
3.651	1	4	11	3081.85	0
3.652	1	6	12	1315.04	0
3.655	1	2	15	3265.58	0
3.656	1	3	16	1498.78	0
3.681	1	5	1	37972	0
3.682	1	8	2	58074.8	0
3.683	1	1	3	1137.88	0
3.684	1	10	4	139512	0
3.689	1	9	9	311.475	0
3.69	1	7	10	3769.67	0
3.691	1	4	11	12905.7	0
3.692	1	6	12	431.219	0
3.695	1	2	15	727.612	0
3.696	1	3	16	2872.97	0
3.721	1	5	1	12964.9	0
3.722	1	8	2	38064.1	0
3.723	1	1	3	1823.15	0
3.724	1	10	4	129078	0
3.729	1	9	9	463.896	0
3.73	1	7	10	3364.34	0
3.731	1	4	11	6954.77	0
3.732	1	6	12	80.2278	0
3.735	1	2	15	644.362	0
3.736	1	3	16	3289.97	0
3.761	1	5	1	51390.7	0
3.762	1	8	2	102099	0
3.763	1	1	3	5869.22	0
3.764	1	10	4	134707	0
3.769	1	9	9	737.981	0
3.77	1	7	10	3158.04	0
3.771	1	4	11	3155.56	0
3.772	1	6	12	729.74	0
3.775	1	2	15	4105.32	0
3.776	1	3	16	2773.01	0
3.801	1	5	1	76944.2	0
3.802	1	8	2	97942.5	0
3.803	1	1	3	7841.27	0
3.804	1	10	4	43299.5	0
3.809	1	9	9	862.623	0
3.81	1	7	10	1443.93	0
3.811	1	4	11	8285.55	0
3.812	1	6	12	1036.5	0
3.815	1	2	15	1456.21	0
3.816	1	3	16	1265.26	0
3.841	1	5	1	35662	0
3.842	1	8	2	33198	0
3.843	1	1	3	4014.54	0
3.844	1	10	4	37352.1	0
3.849	1	9	9	1207.73	0
3.85	1	7	10	1421.74	0
3.851	1	4	11	8602.93	0
3.852	1	6	12	632.996	0
3.855	1	2	15	3119.44	0
3.856	1	3	16	821.818	0
3.881	1	5	1	55345.9	0
3.882	1	8	2	182055	0
3.883	1	1	3	2824.73	0
3.884	1	10	4	143084	0
3.889	1	9	9	1182.66	0
3.89	1	7	10	2367.12	0
3.891	1	4	11	12058.8	0
3.892	1	6	12	1941.16	0
3.895	1	2	15	16103.6	0
3.896	1	3	16	1452.19	0
3.921	1	5	1	62907.5	0
3.922	1	8	2	58778.5	0
3.923	1	1	3	6366.9	0
3.924	1	10	4	20517.1	0
3.929	1	9	9	318.967	0
3.93	1	7	10	5504.54	0
3.931	1	4	11	7844.52	0
3.932	1	6	12	633.821	0
3.935	1	2	15	2830.33	0
3.936	1	3	16	862.32	0
3.961	1	5	1	34392.5	0
3.962	1	8	2	45058.7	0
3.963	1	1	3	4859.27	0
3.964	1	10	4	11303.3	0
3.969	1	9	9	424.848	0
3.97	1	7	10	6074.98	0
3.971	1	4	11	6354.2	0
3.972	1	6	12	382.904	0
3.975	1	2	15	3331.57	0
3.976	1	3	16	867.96	0
4.001	1	5	1	29756.9	0
4.002	1	8	2	25929.8	0
4.003	1	1	3	6386.87	0
4.004	1	10	4	40529.8	0
4.009	1	9	9	626.768	0
4.01	1	7	10	2633.87	0
4.011	1	4	11	9556.54	0
4.012	1	6	12	246.878	0
4.015	1	2	15	6509.84	0
4.016	1	3	16	788.55	0
4.041	1	5	1	68739.8	0
4.042	1	8	2	29606.7	0
4.043	1	1	3	6204.8	0
4.044	1	10	4	13868.4	0
4.049	1	9	9	811.793	0
4.05	1	7	10	6621.66	0
4.051	1	4	11	4864.43	0
4.052	1	6	12	800.752	0
4.055	1	2	15	7265.77	0
4.056	1	3	16	1189.15	0
4.081	1	5	1	43217.4	0
4.082	1	8	2	115007	0
4.083	1	1	3	2929.27	0
4.084	1	10	4	26247.8	0
4.089	1	9	9	1015.13	0
4.09	1	7	10	10757.2	0
4.091	1	4	11	13682.2	0
4.092	1	6	12	2016.99	0
4.095	1	2	15	10160.7	0
4.096	1	3	16	1294.57	0
4.121	1	5	1	14883.2	0
4.122	1	8	2	82216.3	0
4.123	1	1	3	2549.17	0
4.124	1	10	4	13922.7	0
4.129	1	9	9	1334.82	0
4.13	1	7	10	6963.99	0
4.131	1	4	11	17048.7	0
4.132	1	6	12	887.406	0
4.135	1	2	15	7060.1	0
4.136	1	3	16	627.124	0
4.161	1	5	1	20824.8	0
4.162	1	8	2	18710	0
4.163	1	1	3	2946.95	0
4.164	1	10	4	15793	0
4.169	1	9	9	704.014	0
4.17	1	7	10	8512.02	0
4.171	1	4	11	11484.1	0
4.172	1	6	12	963.332	0
4.175	1	2	15	3826.44	0
4.176	1	3	16	1287.9	0
4.201	1	5	1	32488.1	0
4.202	1	8	2	36779.6	0
4.203	1	1	3	1049.56	0
4.204	1	10	4	121608	0
4.209	1	9	9	202.38	0
4.21	1	7	10	14146.3	0
4.211	1	4	11	4305.38	0
4.212	1	6	12	651.594	0
4.215	1	2	15	3366.02	0
4.216	1	3	16	888.479	0
4.241	1	5	1	16509.5	0
4.242	1	8	2	30056.5	0
4.243	1	1	3	1975.86	0
4.244	1	10	4	40072.6	0
4.249	1	9	9	781.716	0
4.25	1	7	10	8998.36	0
4.251	1	4	11	3285.97	0
4.252	1	6	12	1132.25	0
4.255	1	2	15	11943.4	0
4.256	1	3	16	724.732	0
4.281	1	5	1	10987.1	0
4.282	1	8	2	29691.2	0
4.283	1	1	3	1549.84	0
4.284	1	10	4	82244.1	0
4.289	1	9	9	676.682	0
4.29	1	7	10	4012.26	0
4.291	1	4	11	5053.36	0
4.292	1	6	12	709.693	0
4.295	1	2	15	4585.16	0
4.296	1	3	16	1819.26	0
4.321	1	5	1	39199.5	0
4.322	1	8	2	73648.9	0
4.323	1	1	3	5084.52	0
4.324	1	10	4	125308	0
4.329	1	9	9	208.572	0
4.33	1	7	10	10398.2	0
4.331	1	4	11	7302.2	0
4.332	1	6	12	105.56	0
4.335	1	2	15	1752.68	0
4.336	1	3	16	1078.51	0
4.361	1	5	1	39943.2	0
4.362	1	8	2	105606	0
4.363	1	1	3	7680.98	0
4.364	1	10	4	110850	0
4.369	1	9	9	506.539	0
4.37	1	7	10	8831.4	0
4.371	1	4	11	4606.42	0
4.372	1	6	12	416.859	0
4.375	1	2	15	7008.19	0
4.376	1	3	16	1295.6	0
4.401	1	5	1	22413.8	0
4.402	1	8	2	99544.1	0
4.403	1	1	3	8369.83	0
4.404	1	10	4	23181.1	0
4.409	1	9	9	962.986	0
4.41	1	7	10	2585.42	0
4.411	1	4	11	6475.32	0
4.412	1	6	12	595.581	0
4.415	1	2	15	5540.07	0
4.416	1	3	16	1801.67	0
4.441	1	5	1	35226.2	0
4.442	1	8	2	71300.3	0
4.443	1	1	3	11855.8	0
4.444	1	10	4	20341.7	0
4.449	1	9	9	720.707	0
4.45	1	7	10	5605.83	0
4.451	1	4	11	13713.9	0
4.452	1	6	12	893.09	0
4.455	1	2	15	6846.88	0
4.456	1	3	16	2095.92	0
4.481	1	5	1	40409	0
4.482	1	8	2	40465.1	0
4.483	1	1	3	7293.72	0
4.484	1	10	4	35095.8	0
4.489	1	9	9	510.547	0
4.49	1	7	10	7735.08	0
4.491	1	4	11	16519.3	0
4.492	1	6	12	543.081	0
4.495	1	2	15	5928.82	0
4.496	1	3	16	1783.45	0
4.521	1	5	1	49711.6	0
4.522	1	8	2	40908.3	0
4.523	1	1	3	5239.87	0
4.524	1	10	4	99956	0
4.529	1	9	9	627.432	0
4.53	1	7	10	1843.77	0
4.531	1	4	11	3614.64	0
4.532	1	6	12	801.556	0
4.535	1	2	15	2795.72	0
4.536	1	3	16	1451.97	0
4.561	1	5	1	21903.7	0
4.562	1	8	2	20195.9	0
4.563	1	1	3	4245.32	0
4.564	1	10	4	124340	0
4.569	1	9	9	1606.37	0
4.57	1	7	10	5555.63	0
4.571	1	4	11	5271.17	0
4.572	1	6	12	575.528	0
4.575	1	2	15	6656.53	0
4.576	1	3	16	2837.37	0
4.601	1	5	1	26654.5	0
4.602	1	8	2	42184	0
4.603	1	1	3	12198.5	0
4.604	1	10	4	165938	0
4.609	1	9	9	404.536	0
4.61	1	7	10	8860.88	0
4.611	1	4	11	6011.8	0
4.612	1	6	12	256.735	0
4.615	1	2	15	15526.5	0
4.616	1	3	16	2684.98	0
4.641	1	5	1	44899.4	0
4.642	1	8	2	14277.2	0
4.643	1	1	3	4307.63	0
4.644	1	10	4	216645	0
4.649	1	9	9	434.589	0
4.65	1	7	10	5877.77	0
4.651	1	4	11	2551.64	0
4.652	1	6	12	684.41	0
4.655	1	2	15	12844.4	0
4.656	1	3	16	1697.4	0
4.681	1	5	1	43481.7	0
4.682	1	8	2	15111.7	0
4.683	1	1	3	3318.15	0
4.684	1	10	4	151866	0
4.689	1	9	9	1298.01	0
4.69	1	7	10	4848.09	0
4.691	1	4	11	8264.06	0
4.692	1	6	12	124.91	0
4.695	1	2	15	11720.1	0
4.696	1	3	16	5631.82	0
4.721	1	5	1	15170.8	0
4.722	1	8	2	15529.7	0
4.723	1	1	3	22312.1	0
4.724	1	10	4	15967.7	0
4.729	1	9	9	616.655	0
4.73	1	7	10	4950.28	0
4.731	1	4	11	6899.08	0
4.732	1	6	12	285.745	0
4.735	1	2	15	7920.83	0
4.736	1	3	16	3701.43	0
4.761	1	5	1	24551.1	0
4.762	1	8	2	34993.1	0
4.763	1	1	3	6928.14	0
4.764	1	10	4	25883.7	0
4.769	1	9	9	319.008	0
4.77	1	7	10	2340.76	0
4.771	1	4	11	5295.96	0
4.772	1	6	12	1253.41	0
4.775	1	2	15	4294.35	0
4.776	1	3	16	1732.65	0
4.801	1	5	1	70055.5	0
4.802	1	8	2	36630.9	0
4.803	1	1	3	5432.8	0
4.804	1	10	4	38847.5	0
4.809	1	9	9	398.743	0
4.81	1	7	10	5349.11	0
4.811	1	4	11	8813.84	0
4.812	1	6	12	575.561	0
4.815	1	2	15	4199.39	0
4.816	1	3	16	4205.26	0
4.841	1	5	1	60100.7	0
4.842	1	8	2	39257.6	0
4.843	1	1	3	6063.68	0
4.844	1	10	4	27763.2	0
4.849	1	9	9	194.569	0
4.85	1	7	10	5682.01	0
4.851	1	4	11	9832.87	0
4.852	1	6	12	1181.31	0
4.855	1	2	15	5937.47	0
4.856	1	3	16	2109.32	0
4.881	1	5	1	32171	0
4.882	1	8	2	42676.6	0
4.883	1	1	3	9102.19	0
4.884	1	10	4	65456.9	0
4.889	1	9	9	148.092	0
4.89	1	7	10	2541.05	0
4.891	1	4	11	10497.4	0
4.892	1	6	12	1194.47	0
4.895	1	2	15	3193.77	0
4.896	1	3	16	1357.59	0
4.921	1	5	1	25794.6	0
4.922	1	8	2	28350	0
4.923	1	1	3	16737.1	0
4.924	1	10	4	50188.7	0
4.929	1	9	9	204.203	0
4.93	1	7	10	3174.99	0
4.931	1	4	11	5431.55	0
4.932	1	6	12	387.775	0
4.935	1	2	15	5242.09	0
4.936	1	3	16	625.653	0
4.961	1	5	1	27108.7	0
4.962	1	8	2	125575	0
4.963	1	1	3	14837.1	0
4.964	1	10	4	100287	0
4.969	1	9	9	493.727	0
4.97	1	7	10	3636.58	0
4.971	1	4	11	13357.9	0
4.972	1	6	12	222.44	0
4.975	1	2	15	8485.29	0
4.976	1	3	16	1292.07	0
5.001	1	5	1	38789.3	0
5.002	1	8	2	10164.8	0
5.003	1	1	3	22045.5	0
5.004	1	10	4	248896	0
5.009	1	9	9	1279.29	0
5.01	1	7	10	5058.53	0
5.011	1	4	11	7571.97	0
5.012	1	6	12	181.974	0
5.015	1	2	15	8855.86	0
5.016	1	3	16	1372.86	0
5.041	1	5	1	38645.5	0
5.042	1	8	2	54699.7	0
5.043	1	1	3	12572.6	0
5.044	1	10	4	105716	0
5.049	1	9	9	1217.3	0
5.05	1	7	10	1857.1	0
5.051	1	4	11	28133.6	0
5.052	1	6	12	209.254	0
5.055	1	2	15	3643.16	0
5.056	1	3	16	1854.5	0
5.081	1	5	1	38312.7	0
5.082	1	8	2	69067.8	0
5.083	1	1	3	1924.51	0
5.084	1	10	4	44452.6	0
5.089	1	9	9	87.4562	0
5.09	1	7	10	5692.02	0
5.091	1	4	11	17156	0
5.092	1	6	12	80.0274	0
5.095	1	2	15	6383.79	0
5.096	1	3	16	3647.31	0
5.121	1	5	1	110006	0
5.122	1	8	2	29591.7	0
5.123	1	1	3	8391.44	0
5.124	1	10	4	37695.6	0
5.129	1	9	9	978.05	0
5.13	1	7	10	8853.18	0
5.131	1	4	11	8718.05	0
5.132	1	6	12	308.612	0
5.135	1	2	15	6863.82	0
5.136	1	3	16	1472.93	0
5.161	1	5	1	57118.7	0
5.162	1	8	2	83241.7	0
5.163	1	1	3	7493.56	0
5.164	1	10	4	41142.7	0
5.169	1	9	9	1102.34	0
5.17	1	7	10	5785.88	0
5.171	1	4	11	6865.6	0
5.172	1	6	12	167.637	0
5.175	1	2	15	5065.9	0
5.176	1	3	16	1622.08	0
5.201	1	5	1	31347.4	0
5.202	1	8	2	94916.2	0
5.203	1	1	3	6146.59	0
5.204	1	10	4	107178	0
5.209	1	9	9	350.495	0
5.21	1	7	10	4883.45	0
5.211	1	4	11	8316.66	0
5.212	1	6	12	165.957	0
5.215	1	2	15	3184.59	0
5.216	1	3	16	1729	0
5.241	1	5	1	98939.3	0
5.242	1	8	2	42467.8	0
5.243	1	1	3	5844.19	0
5.244	1	10	4	26462.2	0
5.249	1	9	9	392.658	0
5.25	1	7	10	4885.09	0
5.251	1	4	11	17309.6	0
5.252	1	6	12	967.122	0
5.255	1	2	15	2897.2	0
5.256	1	3	16	663.771	0
5.281	1	5	1	68469.8	0
5.282	1	8	2	58135.3	0
5.283	1	1	3	5790.04	0
5.284	1	10	4	11717.2	0
5.289	1	9	9	312.384	0
5.29	1	7	10	2338.28	0
5.291	1	4	11	7696.72	0
5.292	1	6	12	260.176	0
5.295	1	2	15	4151.61	0
5.296	1	3	16	898.48	0
5.321	1	5	1	29258.9	0
5.322	1	8	2	53280.4	0
5.323	1	1	3	7295.18	0
5.324	1	10	4	49709.2	0
5.329	1	9	9	149.36	0
5.33	1	7	10	5443.81	0
5.331	1	4	11	5850.98	0
5.332	1	6	12	276.311	0
5.335	1	2	15	6449	0
5.336	1	3	16	584.011	0
5.361	1	5	1	82341	0
5.362	1	8	2	143924	0
5.363	1	1	3	3850.47	0
5.364	1	10	4	126660	0
5.369	1	9	9	161.255	0
5.37	1	7	10	5600.21	0
5.371	1	4	11	14781.3	0
5.372	1	6	12	1365.14	0
5.375	1	2	15	5831.72	0
5.376	1	3	16	1231.56	0
5.401	1	5	1	117673	0
5.402	1	8	2	99040.3	0
5.403	1	1	3	4452.15	0
5.404	1	10	4	94270.1	0
5.409	1	9	9	299.12	0
5.41	1	7	10	2513.67	0
5.411	1	4	11	16736.5	0
5.412	1	6	12	909.639	0
5.415	1	2	15	8570.95	0
5.416	1	3	16	1400.61	0
5.441	1	5	1	42640.7	0
5.442	1	8	2	37525.8	0
5.443	1	1	3	4929.23	0
5.444	1	10	4	230900	0
5.449	1	9	9	650.502	0
5.45	1	7	10	3203.19	0
5.451	1	4	11	10179.8	0
5.452	1	6	12	2409.79	0
5.455	1	2	15	4898.79	0
5.456	1	3	16	2540.31	0
5.481	1	5	1	40540.2	0
5.482	1	8	2	57203.6	0
5.483	1	1	3	6164.75	0
5.484	1	10	4	19482.7	0
5.489	1	9	9	624.57	0
5.49	1	7	10	3638.87	0
5.491	1	4	11	3792.54	0
5.492	1	6	12	374.935	0
5.495	1	2	15	3121.49	0
5.496	1	3	16	3663.18	0
5.521	1	5	1	26497.1	0
5.522	1	8	2	35450.1	0
5.523	1	1	3	12441.8	0
5.524	1	10	4	130743	0
5.529	1	9	9	565.024	0
5.53	1	7	10	7093.29	0
5.531	1	4	11	7303.73	0
5.532	1	6	12	229.217	0
5.535	1	2	15	1648.73	0
5.536	1	3	16	721.296	0
5.561	1	5	1	50224	0
5.562	1	8	2	19989.7	0
5.563	1	1	3	4367.05	0
5.564	1	10	4	30518.2	0
5.569	1	9	9	400.371	0
5.57	1	7	10	3847.11	0
5.571	1	4	11	16713.1	0
5.572	1	6	12	659.943	0
5.575	1	2	15	10502.8	0
5.576	1	3	16	1201.13	0
5.601	1	5	1	28960.5	0
5.602	1	8	2	23042.8	0
5.603	1	1	3	4579.46	0
5.604	1	10	4	16333.2	0
5.609	1	9	9	1033	0
5.61	1	7	10	3007.55	0
5.611	1	4	11	6723.59	0
5.612	1	6	12	444.354	0
5.615	1	2	15	9350.57	0
5.616	1	3	16	1364.16	0
5.641	1	5	1	66868	0
5.642	1	8	2	26888.2	0
5.643	1	1	3	5529.1	0
5.644	1	10	4	157908	0
5.649	1	9	9	1188.01	0
5.65	1	7	10	2777.06	0
5.651	1	4	11	10258.6	0
5.652	1	6	12	285.708	0
5.655	1	2	15	6629.77	0
5.656	1	3	16	812.123	0
5.681	1	5	1	50793.3	0
5.682	1	8	2	45420.2	0
5.683	1	1	3	3247.12	0
5.684	1	10	4	57757.9	0
5.689	1	9	9	734.991	0
5.69	1	7	10	1135.87	0
5.691	1	4	11	3256.85	0
5.692	1	6	12	845.878	0
5.695	1	2	15	17099	0
5.696	1	3	16	1768.8	0
5.721	1	5	1	14502.6	0
5.722	1	8	2	33957.7	0
5.723	1	1	3	3956.34	0
5.724	1	10	4	25771.9	0
5.729	1	9	9	273.428	0
5.73	1	7	10	2354.11	0
5.731	1	4	11	14479.6	0
5.732	1	6	12	290.128	0
5.735	1	2	15	8693.86	0
5.736	1	3	16	3014.94	0
5.761	1	5	1	130272	0
5.762	1	8	2	44831.5	0
5.763	1	1	3	2055.85	0
5.764	1	10	4	47634	0
5.769	1	9	9	240.108	0
5.77	1	7	10	9642.77	0
5.771	1	4	11	28200.7	0
5.772	1	6	12	191.248	0
5.775	1	2	15	7542.89	0
5.776	1	3	16	2150.7	0
5.801	1	5	1	93820	0
5.802	1	8	2	56226.4	0
5.803	1	1	3	1640.86	0
5.804	1	10	4	83440.1	0
5.809	1	9	9	383.765	0
5.81	1	7	10	15283	0
5.811	1	4	11	12330.4	0
5.812	1	6	12	521.232	0
5.815	1	2	15	5172.19	0
5.816	1	3	16	2548.51	0
5.841	1	5	1	26059.1	0
5.842	1	8	2	59130.7	0
5.843	1	1	3	9580.41	0
5.844	1	10	4	68018.1	0
5.849	1	9	9	510.806	0
5.85	1	7	10	8444.07	0
5.851	1	4	11	8888.95	0
5.852	1	6	12	454.936	0
5.855	1	2	15	2347.77	0
5.856	1	3	16	1045.93	0
5.881	1	5	1	118480	0
5.882	1	8	2	47934.6	0
5.883	1	1	3	1403.85	0
5.884	1	10	4	74747.2	0
5.889	1	9	9	304.19	0
5.89	1	7	10	9453.4	0
5.891	1	4	11	5624.63	0
5.892	1	6	12	437.788	0
5.895	1	2	15	4330.59	0
5.896	1	3	16	931.856	0
5.921	1	5	1	115476	0
5.922	1	8	2	42194.3	0
5.923	1	1	3	1959.72	0
5.924	1	10	4	139387	0
5.929	1	9	9	520.303	0
5.93	1	7	10	13177.8	0
5.931	1	4	11	11878.3	0
5.932	1	6	12	671.492	0
5.935	1	2	15	5706.41	0
5.936	1	3	16	1448.17	0
5.961	1	5	1	43915.3	0
5.962	1	8	2	80767.6	0
5.963	1	1	3	21555.6	0
5.964	1	10	4	86055.9	0
5.969	1	9	9	1014.53	0
5.97	1	7	10	6439.6	0
5.971	1	4	11	16042	0
5.972	1	6	12	606.149	0
5.975	1	2	15	4242.69	0
5.976	1	3	16	732.927	0
6.001	1	5	1	5974.21	0
6.002	1	8	2	51253	0
6.003	1	1	3	5855.46	0
6.004	1	10	4	102018	0
6.009	1	9	9	676.867	0
6.01	1	7	10	6348.1	0
6.011	1	4	11	7017.83	0
6.012	1	6	12	906.41	0
6.015	1	2	15	1677.51	0
6.016	1	3	16	855.042	0
6.041	1	5	1	82235.5	0
6.042	1	8	2	23699.4	0
6.043	1	1	3	2966.88	0
6.044	1	10	4	295953	0
6.049	1	9	9	522.085	0
6.05	1	7	10	7759.2	0
6.051	1	4	11	5721.27	0
6.052	1	6	12	1430.53	0
6.055	1	2	15	2479.36	0
6.056	1	3	16	652.589	0
6.081	1	5	1	98736.3	0
6.082	1	8	2	22804	0
6.083	1	1	3	13921	0
6.084	1	10	4	30634.2	0
6.089	1	9	9	265.91	0
6.09	1	7	10	7565.39	0
6.091	1	4	11	3332.32	0
6.092	1	6	12	415.055	0
6.095	1	2	15	703.837	0
6.096	1	3	16	1003.59	0
6.121	1	5	1	14952.1	0
6.122	1	8	2	29983	0
6.123	1	1	3	2678.93	0
6.124	1	10	4	90227.6	0
6.129	1	9	9	374.387	0
6.13	1	7	10	25371.5	0
6.131	1	4	11	1862.35	0
6.132	1	6	12	385.916	0
6.135	1	2	15	1885.62	0
6.136	1	3	16	1450.21	0
6.161	1	5	1	26094.3	0
6.162	1	8	2	10563.8	0
6.163	1	1	3	4328.88	0
6.164	1	10	4	75779	0
6.169	1	9	9	402.235	0
6.17	1	7	10	17052.6	0
6.171	1	4	11	1267.19	0
6.172	1	6	12	569.905	0
6.175	1	2	15	2511.11	0
6.176	1	3	16	914.828	0
6.201	1	5	1	27911.8	0
6.202	1	8	2	46107.3	0
6.203	1	1	3	6217.66	0
6.204	1	10	4	24679.3	0
6.209	1	9	9	385.312	0
6.21	1	7	10	1936.9	0
6.211	1	4	11	5618.72	0
6.212	1	6	12	369.04	0
6.215	1	2	15	2574.74	0
6.216	1	3	16	1285.99	0
6.241	1	5	1	11286.9	0
6.242	1	8	2	39076.8	0
6.243	1	1	3	2010.56	0
6.244	1	10	4	70995.9	0
6.249	1	9	9	288.876	0
6.25	1	7	10	8531.94	0
6.251	1	4	11	11422.9	0
6.252	1	6	12	462.285	0
6.255	1	2	15	4135.44	0
6.256	1	3	16	2723.55	0
6.281	1	5	1	16021.7	0
6.282	1	8	2	92554	0
6.283	1	1	3	4055.89	0
6.284	1	10	4	9826.63	0
6.289	1	9	9	386.347	0
6.29	1	7	10	4071.15	0
6.291	1	4	11	5494.52	0
6.292	1	6	12	377.023	0
6.295	1	2	15	2790.39	0
6.296	1	3	16	3280.7	0
6.321	1	5	1	31873.3	0
6.322	1	8	2	65300.7	0
6.323	1	1	3	2907.01	0
6.324	1	10	4	50697.2	0
6.329	1	9	9	480.355	0
6.33	1	7	10	2226.78	0
6.331	1	4	11	12816.5	0
6.332	1	6	12	163.84	0
6.335	1	2	15	6727.2	0
6.336	1	3	16	2933.91	0
6.361	1	5	1	65368.7	0
6.362	1	8	2	18955.4	0
6.363	1	1	3	1007.45	0
6.364	1	10	4	163070	0
6.369	1	9	9	504.538	0
6.37	1	7	10	5356.13	0
6.371	1	4	11	12250.1	0
6.372	1	6	12	624.649	0
6.375	1	2	15	10630	0
6.376	1	3	16	1485.16	0
6.401	1	5	1	57206.2	0
6.402	1	8	2	57640.7	0
6.403	1	1	3	1881.36	0
6.404	1	10	4	30627.4	0
6.409	1	9	9	403.997	0
6.41	1	7	10	5639.21	0
6.411	1	4	11	11235.5	0
6.412	1	6	12	597.397	0
6.415	1	2	15	13312.8	0
6.416	1	3	16	761.546	0
6.441	1	5	1	26793	0
6.442	1	8	2	128232	0
6.443	1	1	3	2028.35	0
6.444	1	10	4	28390	0
6.449	1	9	9	365.777	0
6.45	1	7	10	7763.13	0
6.451	1	4	11	14818.3	0
6.452	1	6	12	239.338	0
6.455	1	2	15	21929.9	0
6.456	1	3	16	1410.28	0
6.481	1	5	1	31066.1	0
6.482	1	8	2	107299	0
6.483	1	1	3	2545	0
6.484	1	10	4	54085.4	0
6.489	1	9	9	741.815	0
6.49	1	7	10	4878.68	0
6.491	1	4	11	6043.93	0
6.492	1	6	12	423.5	0
6.495	1	2	15	9093.7	0
6.496	1	3	16	994.057	0
6.521	1	5	1	20001	0
6.522	1	8	2	53109.2	0
6.523	1	1	3	13152.8	0
6.524	1	10	4	34872.3	0
6.529	1	9	9	677.526	0
6.53	1	7	10	4766.83	0
6.531	1	4	11	4233.46	0
6.532	1	6	12	339.073	0
6.535	1	2	15	6164.92	0
6.536	1	3	16	891.515	0
6.561	1	5	1	22632.2	0
6.562	1	8	2	31202.9	0
6.563	1	1	3	9105.66	0
6.564	1	10	4	41897.6	0
6.569	1	9	9	767.5	0
6.57	1	7	10	2197.6	0
6.571	1	4	11	6220.9	0
6.572	1	6	12	920.084	0
6.575	1	2	15	3008.34	0
6.576	1	3	16	2792.15	0
6.601	1	5	1	17513.4	0
6.602	1	8	2	43132.7	0
6.603	1	1	3	6963.9	0
6.604	1	10	4	76924.3	0
6.609	1	9	9	402.723	0
6.61	1	7	10	3364.69	0
6.611	1	4	11	6914.27	0
6.612	1	6	12	684.606	0
6.615	1	2	15	1736.59	0
6.616	1	3	16	3025.6	0
6.641	1	5	1	29587.2	0
6.642	1	8	2	47041.3	0
6.643	1	1	3	14467.9	0
6.644	1	10	4	40482.2	0
6.649	1	9	9	833.029	0
6.65	1	7	10	4367.03	0
6.651	1	4	11	7000.47	0
6.652	1	6	12	1535.7	0
6.655	1	2	15	3151.63	0
6.656	1	3	16	1956.12	0
6.681	1	5	1	41780.9	0
6.682	1	8	2	45855.8	0
6.683	1	1	3	23748.3	0
6.684	1	10	4	112625	0
6.689	1	9	9	1211.23	0
6.69	1	7	10	2883.99	0
6.691	1	4	11	4794.91	0
6.692	1	6	12	1635.3	0
6.695	1	2	15	2919.36	0
6.696	1	3	16	3365.69	0
6.721	1	5	1	33414.4	0
6.722	1	8	2	34204.4	0
6.723	1	1	3	19092.4	0
6.724	1	10	4	122632	0
6.729	1	9	9	489.762	0
6.73	1	7	10	6429.36	0
6.731	1	4	11	6994.02	0
6.732	1	6	12	762.857	0
6.735	1	2	15	5180.07	0
6.736	1	3	16	4245.89	0
6.761	1	5	1	26408.4	0
6.762	1	8	2	29514.5	0
6.763	1	1	3	26824.3	0
6.764	1	10	4	43172	0
6.769	1	9	9	554.913	0
6.77	1	7	10	4788.59	0
6.771	1	4	11	11102.9	0
6.772	1	6	12	333.563	0
6.775	1	2	15	12305.9	0
6.776	1	3	16	1830.55	0
6.801	1	5	1	12693	0
6.802	1	8	2	51561.7	0
6.803	1	1	3	8423.22	0
6.804	1	10	4	38294	0
6.809	1	9	9	430.001	0
6.81	1	7	10	8689.06	0
6.811	1	4	11	6368.34	0
6.812	1	6	12	422.281	0
6.815	1	2	15	7350.2	0
6.816	1	3	16	1751.13	0
6.841	1	5	1	89264.9	0
6.842	1	8	2	25342.6	0
6.843	1	1	3	5175.08	0
6.844	1	10	4	41561.3	0
6.849	1	9	9	403.421	0
6.85	1	7	10	9267.73	0
6.851	1	4	11	4580.21	0
6.852	1	6	12	588.653	0
6.855	1	2	15	13856.2	0
6.856	1	3	16	3554.31	0
6.881	1	5	1	168325	0
6.882	1	8	2	29573.6	0
6.883	1	1	3	9429.38	0
6.884	1	10	4	26943.8	0
6.889	1	9	9	1106.35	0
6.89	1	7	10	5015.08	0
6.891	1	4	11	4498.59	0
6.892	1	6	12	201.65	0
6.895	1	2	15	10571	0
6.896	1	3	16	1843.62	0
6.921	1	5	1	65619.9	0
6.922	1	8	2	25017.9	0
6.923	1	1	3	1349.56	0
6.924	1	10	4	91709.6	0
6.929	1	9	9	979.304	0
6.93	1	7	10	17571.9	0
6.931	1	4	11	1861.72	0
6.932	1	6	12	225.089	0
6.935	1	2	15	3473.33	0
6.936	1	3	16	869.134	0
6.961	1	5	1	52178.2	0
6.962	1	8	2	19260.8	0
6.963	1	1	3	1867.04	0
6.964	1	10	4	35576.1	0
6.969	1	9	9	718.988	0
6.97	1	7	10	13153.5	0
6.971	1	4	11	3241.76	0
6.972	1	6	12	698.52	0
6.975	1	2	15	3832.26	0
6.976	1	3	16	2155.11	0
7.001	1	5	1	54262.9	0
7.002	1	8	2	27124.3	0
7.003	1	1	3	887.051	0
7.004	1	10	4	119217	0
7.009	1	9	9	941.93	0
7.01	1	7	10	4453.58	0
7.011	1	4	11	15610.8	0
7.012	1	6	12	497.456	0
7.015	1	2	15	2284.31	0
7.016	1	3	16	896.111	0
7.041	1	5	1	84458.3	0
7.042	1	8	2	33858.9	0
7.043	1	1	3	7690.79	0
7.044	1	10	4	63691.7	0
7.049	1	9	9	643.091	0
7.05	1	7	10	3047.47	0
7.051	1	4	11	14135.2	0
7.052	1	6	12	699.768	0
7.055	1	2	15	13875.6	0
7.056	1	3	16	812.711	0
7.081	1	5	1	70876.6	0
7.082	1	8	2	48827.5	0
7.083	1	1	3	14285	0
7.084	1	10	4	20638.2	0
7.089	1	9	9	764.415	0
7.09	1	7	10	1653.16	0
7.091	1	4	11	5793.04	0
7.092	1	6	12	651.984	0
7.095	1	2	15	7300.56	0
7.096	1	3	16	1295.92	0
7.121	1	5	1	30413.2	0
7.122	1	8	2	37927.2	0
7.123	1	1	3	2897.05	0
7.124	1	10	4	78098.6	0
7.129	1	9	9	364.892	0
7.13	1	7	10	2584.43	0
7.131	1	4	11	8538.27	0
7.132	1	6	12	2639.97	0
7.135	1	2	15	3263.56	0
7.136	1	3	16	1389.84	0
7.161	1	5	1	25594.5	0
7.162	1	8	2	27813.4	0
7.163	1	1	3	2418.12	0
7.164	1	10	4	121883	0
7.169	1	9	9	1182.64	0
7.17	1	7	10	2892.06	0
7.171	1	4	11	4441.13	0
7.172	1	6	12	1447.06	0
7.175	1	2	15	10621.3	0
7.176	1	3	16	1326.62	0
7.201	1	5	1	21731.7	0
7.202	1	8	2	137098	0
7.203	1	1	3	2068.29	0
7.204	1	10	4	68452.4	0
7.209	1	9	9	919.918	0
7.21	1	7	10	4548.39	0
7.211	1	4	11	8863.71	0
7.212	1	6	12	367.828	0
7.215	1	2	15	6967	0
7.216	1	3	16	903.156	0
7.241	1	5	1	38860.3	0
7.242	1	8	2	62608.8	0
7.243	1	1	3	1831.27	0
7.244	1	10	4	242560	0
7.249	1	9	9	402	0
7.25	1	7	10	6927.71	0
7.251	1	4	11	16784.9	0
7.252	1	6	12	397.149	0
7.255	1	2	15	7714.91	0
7.256	1	3	16	1664.98	0
7.281	1	5	1	40482.6	0
7.282	1	8	2	70429.6	0
7.283	1	1	3	747.496	0
7.284	1	10	4	189492	0
7.289	1	9	9	729.766	0
7.29	1	7	10	8071.19	0
7.291	1	4	11	11539.1	0
7.292	1	6	12	580.59	0
7.295	1	2	15	5691.29	0
7.296	1	3	16	2113.48	0
7.321	1	5	1	17292.6	0
7.322	1	8	2	245173	0
7.323	1	1	3	1045.51	0
7.324	1	10	4	50943.1	0
7.329	1	9	9	344.025	0
7.33	1	7	10	11440.2	0
7.331	1	4	11	12097.2	0
7.332	1	6	12	1831.17	0
7.335	1	2	15	3145.79	0
7.336	1	3	16	1053.74	0
7.361	1	5	1	26349.6	0
7.362	1	8	2	62106	0
7.363	1	1	3	6224.89	0
7.364	1	10	4	114261	0
7.369	1	9	9	283.865	0
7.37	1	7	10	9967.18	0
7.371	1	4	11	21512.6	0
7.372	1	6	12	1402.34	0
7.375	1	2	15	2729.85	0
7.376	1	3	16	963.738	0
7.401	1	5	1	25769.1	0
7.402	1	8	2	92847.7	0
7.403	1	1	3	5101.39	0
7.404	1	10	4	236824	0
7.409	1	9	9	255.188	0
7.41	1	7	10	2279.11	0
7.411	1	4	11	15781	0
7.412	1	6	12	866.745	0
7.415	1	2	15	2634.28	0
7.416	1	3	16	773.542	0
7.441	1	5	1	18178.7	0
7.442	1	8	2	98511.4	0
7.443	1	1	3	3787.29	0
7.444	1	10	4	90234.6	0
7.449	1	9	9	297.188	0
7.45	1	7	10	4666.68	0
7.451	1	4	11	5983.58	0
7.452	1	6	12	1725.1	0
7.455	1	2	15	14346.7	0
7.456	1	3	16	327.438	0
7.481	1	5	1	26906.9	0
7.482	1	8	2	26903.5	0
7.483	1	1	3	2919.85	0
7.484	1	10	4	46579.1	0
7.489	1	9	9	514.68	0
7.49	1	7	10	7830.19	0
7.491	1	4	11	14950.9	0
7.492	1	6	12	648.083	0
7.495	1	2	15	2201.28	0
7.496	1	3	16	927.062	0
7.521	1	5	1	16074.4	0
7.522	1	8	2	58434.1	0
7.523	1	1	3	7141.14	0
7.524	1	10	4	134886	0
7.529	1	9	9	956.224	0
7.53	1	7	10	6210	0
7.531	1	4	11	13244.3	0
7.532	1	6	12	570.565	0
7.535	1	2	15	3641.36	0
7.536	1	3	16	1324.56	0
7.561	1	5	1	29300.8	0
7.562	1	8	2	27000.1	0
7.563	1	1	3	4003.63	0
7.564	1	10	4	274018	0
7.569	1	9	9	404.047	0
7.57	1	7	10	5734.61	0
7.571	1	4	11	11337.5	0
7.572	1	6	12	2672.52	0
7.575	1	2	15	5157.57	0
7.576	1	3	16	3059.36	0
7.601	1	5	1	21937.4	0
7.602	1	8	2	39864.8	0
7.603	1	1	3	6818.6	0
7.604	1	10	4	274449	0
7.609	1	9	9	267.435	0
7.61	1	7	10	4476.07	0
7.611	1	4	11	3765.48	0
7.612	1	6	12	613.626	0
7.615	1	2	15	3981.42	0
7.616	1	3	16	3259.65	0
7.641	1	5	1	11612.6	0
7.642	1	8	2	58367.1	0
7.643	1	1	3	6074.71	0
7.644	1	10	4	278480	0
7.649	1	9	9	589.06	0
7.65	1	7	10	9713.54	0
7.651	1	4	11	5156.99	0
7.652	1	6	12	196.623	0
7.655	1	2	15	2194.6	0
7.656	1	3	16	1849.21	0
7.681	1	5	1	45674.1	0
7.682	1	8	2	35492.5	0
7.683	1	1	3	11224.7	0
7.684	1	10	4	120057	0
7.689	1	9	9	631.454	0
7.69	1	7	10	6135.7	0
7.691	1	4	11	6097.74	0
7.692	1	6	12	142.051	0
7.695	1	2	15	3676.3	0
7.696	1	3	16	703.661	0
7.721	1	5	1	138628	0
7.722	1	8	2	50065.1	0
7.723	1	1	3	10596	0
7.724	1	10	4	126910	0
7.729	1	9	9	850.153	0
7.73	1	7	10	9549.53	0
7.731	1	4	11	5254.7	0
7.732	1	6	12	197.488	0
7.735	1	2	15	3588.73	0
7.736	1	3	16	702.119	0
7.761	1	5	1	126936	0
7.762	1	8	2	17705.7	0
7.763	1	1	3	2575.69	0
7.764	1	10	4	126321	0
7.769	1	9	9	517.932	0
7.77	1	7	10	6496.62	0
7.771	1	4	11	4883.3	0
7.772	1	6	12	180.748	0
7.775	1	2	15	5078.5	0
7.776	1	3	16	1154.83	0
7.801	1	5	1	64108.4	0
7.802	1	8	2	47014.4	0
7.803	1	1	3	3449.37	0
7.804	1	10	4	50461.8	0
7.809	1	9	9	461.425	0
7.81	1	7	10	6551.28	0
7.811	1	4	11	4014.34	0
7.812	1	6	12	183.053	0
7.815	1	2	15	2634.34	0
7.816	1	3	16	1397.43	0
7.841	1	5	1	129357	0
7.842	1	8	2	118054	0
7.843	1	1	3	6632.61	0
7.844	1	10	4	146337	0
7.849	1	9	9	412.325	0
7.85	1	7	10	14667.4	0
7.851	1	4	11	3792.33	0
7.852	1	6	12	475.821	0
7.855	1	2	15	975.601	0
7.856	1	3	16	819.072	0
7.881	1	5	1	116326	0
7.882	1	8	2	40819	0
7.883	1	1	3	4451.1	0
7.884	1	10	4	102300	0
7.889	1	9	9	184.59	0
7.89	1	7	10	3857.49	0
7.891	1	4	11	7564.28	0
7.892	1	6	12	537.821	0
7.895	1	2	15	2113.62	0
7.896	1	3	16	1651.63	0
7.921	1	5	1	58937	0
7.922	1	8	2	215332	0
7.923	1	1	3	3928.61	0
7.924	1	10	4	77589.2	0
7.929	1	9	9	257.808	0
7.93	1	7	10	7275.84	0
7.931	1	4	11	7480.27	0
7.932	1	6	12	312.515	0
7.935	1	2	15	6430.24	0
7.936	1	3	16	2957.89	0
7.961	1	5	1	83688.2	0
7.962	1	8	2	122440	0
7.963	1	1	3	4093.39	0
7.964	1	10	4	69847.1	0
7.969	1	9	9	307.262	0
7.97	1	7	10	9377.29	0
7.971	1	4	11	4859.92	0
7.972	1	6	12	760.884	0
7.975	1	2	15	7318.55	0
7.976	1	3	16	3286.99	0
8.001	1	5	1	134918	0
8.002	1	8	2	150174	0
8.003	1	1	3	12117.3	0
8.004	1	10	4	124914	0
8.009	1	9	9	446.951	0
8.01	1	7	10	9239.57	0
8.011	1	4	11	18318	0
8.012	1	6	12	537.268	0
8.015	1	2	15	4861.36	0
8.016	1	3	16	2185.81	0
8.041	1	5	1	37137.5	0
8.042	1	8	2	30092.9	0
8.043	1	1	3	14373.9	0
8.044	1	10	4	67324.4	0
8.049	1	9	9	739.529	0
8.05	1	7	10	10665.2	0
8.051	1	4	11	8158.09	0
8.052	1	6	12	806.878	0
8.055	1	2	15	4217.57	0
8.056	1	3	16	1461.83	0
8.081	1	5	1	77457.3	0
8.082	1	8	2	39706.9	0
8.083	1	1	3	9544.03	0
8.084	1	10	4	93068.5	0
8.089	1	9	9	985.078	0
8.09	1	7	10	9082.99	0
8.091	1	4	11	4616.6	0
8.092	1	6	12	358.292	0
8.095	1	2	15	6754.78	0
8.096	1	3	16	1583.69	0
8.121	1	5	1	91239.1	0
8.122	1	8	2	44626.2	0
8.123	1	1	3	7277.11	0
8.124	1	10	4	52018	0
8.129	1	9	9	690.335	0
8.13	1	7	10	4216.02	0
8.131	1	4	11	5547.77	0
8.132	1	6	12	816.393	0
8.135	1	2	15	7876.91	0
8.136	1	3	16	3540.26	0
8.161	1	5	1	34128	0
8.162	1	8	2	17059	0
8.163	1	1	3	6674.29	0
8.164	1	10	4	87199.5	0
8.169	1	9	9	1122.14	0
8.17	1	7	10	2622.82	0
8.171	1	4	11	2643.02	0
8.172	1	6	12	242.746	0
8.175	1	2	15	19754	0
8.176	1	3	16	1973.89	0
8.201	1	5	1	21795.5	0
8.202	1	8	2	12521.4	0
8.203	1	1	3	1468.63	0
8.204	1	10	4	158957	0
8.209	1	9	9	463.078	0
8.21	1	7	10	4696.84	0
8.211	1	4	11	2111.16	0
8.212	1	6	12	199.158	0
8.215	1	2	15	15559.1	0
8.216	1	3	16	1293.69	0
8.241	1	5	1	30283.2	0
8.242	1	8	2	15310.9	0
8.243	1	1	3	1606.51	0
8.244	1	10	4	40003.5	0
8.249	1	9	9	1181.63	0
8.25	1	7	10	2862.9	0
8.251	1	4	11	2991.94	0
8.252	1	6	12	137.57	0
8.255	1	2	15	4785.63	0
8.256	1	3	16	1550.4	0
8.281	1	5	1	30514.4	0
8.282	1	8	2	63533.1	0
8.283	1	1	3	1788.65	0
8.284	1	10	4	32454.1	0
8.289	1	9	9	1318.01	0
8.29	1	7	10	2746.88	0
8.291	1	4	11	7257.36	0
8.292	1	6	12	219.515	0
8.295	1	2	15	3481.85	0
8.296	1	3	16	812.664	0
8.321	1	5	1	28824.4	0
8.322	1	8	2	82226.5	0
8.323	1	1	3	676.219	0
8.324	1	10	4	66961.5	0
8.329	1	9	9	265.022	0
8.33	1	7	10	4355.79	0
8.331	1	4	11	10048.6	0
8.332	1	6	12	481.682	0
8.335	1	2	15	3929.11	0
8.336	1	3	16	2543.64	0
8.361	1	5	1	55332.7	0
8.362	1	8	2	44311.1	0
8.363	1	1	3	2700.82	0
8.364	1	10	4	54427.9	0
8.369	1	9	9	1127.68	0
8.37	1	7	10	1650.03	0
8.371	1	4	11	5708.26	0
8.372	1	6	12	215.508	0
8.375	1	2	15	3066.38	0
8.376	1	3	16	3165.6	0
8.401	1	5	1	47342.1	0
8.402	1	8	2	33046.4	0
8.403	1	1	3	4031.37	0
8.404	1	10	4	71423.1	0
8.409	1	9	9	717.47	0
8.41	1	7	10	4440.02	0
8.411	1	4	11	3866.39	0
8.412	1	6	12	210.344	0
8.415	1	2	15	1320.3	0
8.416	1	3	16	1982.85	0
8.441	1	5	1	38249.2	0
8.442	1	8	2	49424.5	0
8.443	1	1	3	1322.76	0
8.444	1	10	4	22748	0
8.449	1	9	9	593.058	0
8.45	1	7	10	5199.63	0
8.451	1	4	11	5884.86	0
8.452	1	6	12	128.169	0
8.455	1	2	15	3757.82	0
8.456	1	3	16	3092.12	0
8.481	1	5	1	22188.2	0
8.482	1	8	2	53091	0
8.483	1	1	3	2933.3	0
8.484	1	10	4	15066	0
8.489	1	9	9	498.092	0
8.49	1	7	10	3062.45	0
8.491	1	4	11	6325.62	0
8.492	1	6	12	92.8979	0
8.495	1	2	15	2589.68	0
8.496	1	3	16	4353.06	0
8.521	1	5	1	22605.7	0
8.522	1	8	2	35349.1	0
8.523	1	1	3	1204.14	0
8.524	1	10	4	94033.2	0
8.529	1	9	9	1450.57	0
8.53	1	7	10	8549.4	0
8.531	1	4	11	5560.66	0
8.532	1	6	12	307.893	0
8.535	1	2	15	12354.2	0
8.536	1	3	16	1931.27	0
8.561	1	5	1	67557.1	0
8.562	1	8	2	67456	0
8.563	1	1	3	3023.71	0
8.564	1	10	4	36863.5	0
8.569	1	9	9	1488.76	0
8.57	1	7	10	11013.8	0
8.571	1	4	11	10821.2	0
8.572	1	6	12	680.158	0
8.575	1	2	15	3666.58	0
8.576	1	3	16	533.178	0
8.601	1	5	1	37257.8	0
8.602	1	8	2	74126.2	0
8.603	1	1	3	8069.91	0
8.604	1	10	4	44113.6	0
8.609	1	9	9	1943.06	0
8.61	1	7	10	7667.57	0
8.611	1	4	11	8015.07	0
8.612	1	6	12	1223.04	0
8.615	1	2	15	8066.45	0
8.616	1	3	16	4229.91	0
8.641	1	5	1	80025.4	0
8.642	1	8	2	35205.5	0
8.643	1	1	3	9131.13	0
8.644	1	10	4	83372.3	0
8.649	1	9	9	971.163	0
8.65	1	7	10	2907.19	0
8.651	1	4	11	4388.04	0
8.652	1	6	12	891.712	0
8.655	1	2	15	26765.2	0
8.656	1	3	16	4964.67	0
8.681	1	5	1	287281	0
8.682	1	8	2	45730.5	0
8.683	1	1	3	15600	0
8.684	1	10	4	25845.6	0
8.689	1	9	9	632.105	0
8.69	1	7	10	2091.35	0
8.691	1	4	11	4962.16	0
8.692	1	6	12	585.352	0
8.695	1	2	15	17433.8	0
8.696	1	3	16	1925.68	0
8.721	1	5	1	107294	0
8.722	1	8	2	62874.5	0
8.723	1	1	3	999.215	0
8.724	1	10	4	22062.3	0
8.729	1	9	9	776.718	0
8.73	1	7	10	3162.33	0
8.731	1	4	11	2420.83	0
8.732	1	6	12	267.479	0
8.735	1	2	15	8239.54	0
8.736	1	3	16	1708.59	0
8.761	1	5	1	14150.6	0
8.762	1	8	2	34947.9	0
8.763	1	1	3	922.22	0
8.764	1	10	4	33465.3	0
8.769	1	9	9	358.918	0
8.77	1	7	10	4700.06	0
8.771	1	4	11	2177	0
8.772	1	6	12	340.141	0
8.775	1	2	15	1992.54	0
8.776	1	3	16	1096.62	0
8.801	1	5	1	64723.3	0
8.802	1	8	2	74890.9	0
8.803	1	1	3	2359.15	0
8.804	1	10	4	90977.9	0
8.809	1	9	9	1164.55	0
8.81	1	7	10	3062.16	0
8.811	1	4	11	9929.37	0
8.812	1	6	12	231.223	0
8.815	1	2	15	1495.58	0
8.816	1	3	16	2990.26	0
8.841	1	5	1	24980.6	0
8.842	1	8	2	93321.2	0
8.843	1	1	3	1941.04	0
8.844	1	10	4	169851	0
8.849	1	9	9	944.04	0
8.85	1	7	10	3959.06	0
8.851	1	4	11	22948.2	0
8.852	1	6	12	494.903	0
8.855	1	2	15	2124.67	0
8.856	1	3	16	2611.34	0
8.881	1	5	1	25979	0
8.882	1	8	2	82057.9	0
8.883	1	1	3	1600.27	0
8.884	1	10	4	59439	0
8.889	1	9	9	397.274	0
8.89	1	7	10	8648.79	0
8.891	1	4	11	17547.5	0
8.892	1	6	12	837.885	0
8.895	1	2	15	1669.73	0
8.896	1	3	16	812.872	0
8.921	1	5	1	55322.4	0
8.922	1	8	2	64775.2	0
8.923	1	1	3	4926.38	0
8.924	1	10	4	26134	0
8.929	1	9	9	729.81	0
8.93	1	7	10	10614.3	0
8.931	1	4	11	11433.9	0
8.932	1	6	12	1293.77	0
8.935	1	2	15	1313.82	0
8.936	1	3	16	2233.86	0
8.961	1	5	1	65199.4	0
8.962	1	8	2	153042	0
8.963	1	1	3	13496.6	0
8.964	1	10	4	63743.1	0
8.969	1	9	9	354.511	0
8.97	1	7	10	9661.28	0
8.971	1	4	11	20795.8	0
8.972	1	6	12	2735.82	0
8.975	1	2	15	14027.7	0
8.976	1	3	16	3391.35	0
9.001	1	5	1	27645	0
9.002	1	8	2	18178.2	0
9.003	1	1	3	13451.5	0
9.004	1	10	4	334247	0
9.009	1	9	9	953.199	0
9.01	1	7	10	9291.96	0
9.011	1	4	11	10044.9	0
9.012	1	6	12	101.853	0
9.015	1	2	15	3883.36	0
9.016	1	3	16	4557.48	0
9.041	1	5	1	30867.1	0
9.042	1	8	2	19121.1	0
9.043	1	1	3	23263.3	0
9.044	1	10	4	1.33542e+06	0
9.049	1	9	9	732.253	0
9.05	1	7	10	2942.63	0
9.051	1	4	11	5671.92	0
9.052	1	6	12	841.445	0
9.055	1	2	15	3689.53	0
9.056	1	3	16	3484.91	0
9.081	1	5	1	49059.1	0
9.082	1	8	2	30194.9	0
9.083	1	1	3	13540	0
9.084	1	10	4	158929	0
9.089	1	9	9	1379.78	0
9.09	1	7	10	3680.98	0
9.091	1	4	11	17601	0
9.092	1	6	12	501.765	0
9.095	1	2	15	10864.2	0
9.096	1	3	16	2270.76	0
9.121	1	5	1	73985.5	0
9.122	1	8	2	59934	0
9.123	1	1	3	3045.89	0
9.124	1	10	4	26804.2	0
9.129	1	9	9	1363.71	0
9.13	1	7	10	2626.75	0
9.131	1	4	11	11639.3	0
9.132	1	6	12	1114.91	0
9.135	1	2	15	8453.13	0
9.136	1	3	16	4130	0
9.161	1	5	1	86307.7	0
9.162	1	8	2	47807.6	0
9.163	1	1	3	6117.15	0
9.164	1	10	4	31052.9	0
9.169	1	9	9	485.942	0
9.17	1	7	10	1329.93	0
9.171	1	4	11	6057.79	0
9.172	1	6	12	1821.69	0
9.175	1	2	15	6520.49	0
9.176	1	3	16	2696.95	0
9.201	1	5	1	122402	0
9.202	1	8	2	22319.5	0
9.203	1	1	3	2299.48	0
9.204	1	10	4	10467.2	0
9.209	1	9	9	829.323	0
9.21	1	7	10	1507.78	0
9.211	1	4	11	10228.3	0
9.212	1	6	12	916.667	0
9.215	1	2	15	4661.69	0
9.216	1	3	16	1830.55	0
9.241	1	5	1	104014	0
9.242	1	8	2	12604	0
9.243	1	1	3	1871.25	0
9.244	1	10	4	26009.3	0
9.249	1	9	9	1225.47	0
9.25	1	7	10	2999.56	0
9.251	1	4	11	4327.25	0
9.252	1	6	12	2871.68	0
9.255	1	2	15	10078.6	0
9.256	1	3	16	2435.41	0
9.281	1	5	1	23164.4	0
9.282	1	8	2	13978.1	0
9.283	1	1	3	5865.27	0
9.284	1	10	4	23202.9	0
9.289	1	9	9	457.421	0
9.29	1	7	10	6151.77	0
9.291	1	4	11	4211.6	0
9.292	1	6	12	1596.77	0
9.295	1	2	15	26282.8	0
9.296	1	3	16	2078.13	0
9.321	1	5	1	45422.8	0
9.322	1	8	2	17966	0
9.323	1	1	3	4487.55	0
9.324	1	10	4	63939.8	0
9.329	1	9	9	406.914	0
9.33	1	7	10	5383.61	0
9.331	1	4	11	3381.99	0
9.332	1	6	12	155.242	0
9.335	1	2	15	8791.1	0
9.336	1	3	16	2803.15	0
9.361	1	5	1	67758.6	0
9.362	1	8	2	45059.2	0
9.363	1	1	3	7282.82	0
9.364	1	10	4	56155	0
9.369	1	9	9	828.813	0
9.37	1	7	10	2521.46	0
9.371	1	4	11	4643.83	0
9.372	1	6	12	340.72	0
9.375	1	2	15	5003.09	0
9.376	1	3	16	1707.79	0
9.401	1	5	1	31846.5	0
9.402	1	8	2	43891.9	0
9.403	1	1	3	3894.43	0
9.404	1	10	4	31204.7	0
9.409	1	9	9	830.84	0
9.41	1	7	10	3186.27	0
9.411	1	4	11	7256.01	0
9.412	1	6	12	209.127	0
9.415	1	2	15	7683.95	0
9.416	1	3	16	678.366	0
9.441	1	5	1	29328.7	0
9.442	1	8	2	67048	0
9.443	1	1	3	6873.09	0
9.444	1	10	4	34741.5	0
9.449	1	9	9	983.03	0
9.45	1	7	10	3958.81	0
9.451	1	4	11	9326.82	0
9.452	1	6	12	120.051	0
9.455	1	2	15	6683.97	0
9.456	1	3	16	1168.04	0
9.481	1	5	1	81331	0
9.482	1	8	2	105773	0
9.483	1	1	3	6815.27	0
9.484	1	10	4	17808.1	0
9.489	1	9	9	874.699	0
9.49	1	7	10	4709.44	0
9.491	1	4	11	18650.3	0
9.492	1	6	12	1116.01	0
9.495	1	2	15	3449.71	0
9.496	1	3	16	1155.31	0
9.521	1	5	1	53773.6	0
9.522	1	8	2	112785	0
9.523	1	1	3	16947.1	0
9.524	1	10	4	91397.2	0
9.529	1	9	9	590.871	0
9.53	1	7	10	7735.08	0
9.531	1	4	11	4248.29	0
9.532	1	6	12	860.488	0
9.535	1	2	15	1053.55	0
9.536	1	3	16	721.296	0
9.561	1	5	1	69780	0
9.562	1	8	2	78008.8	0
9.563	1	1	3	4283.12	0
9.564	1	10	4	15364	0
9.569	1	9	9	361.163	0
9.57	1	7	10	7923.53	0
9.571	1	4	11	9175.47	0
9.572	1	6	12	2606.72	0
9.575	1	2	15	10605.6	0
9.576	1	3	16	1201.13	0
9.601	1	5	1	37027.5	0
9.602	1	8	2	60869.8	0
9.603	1	1	3	3404.88	0
9.604	1	10	4	152376	0
9.609	1	9	9	513.891	0
9.61	1	7	10	9147.22	0
9.611	1	4	11	5081.92	0
9.612	1	6	12	724.058	0
9.615	1	2	15	6317.33	0
9.616	1	3	16	1364.16	0
9.641	1	5	1	97534.6	0
9.642	1	8	2	16447.2	0
9.643	1	1	3	8214.19	0
9.644	1	10	4	89261.2	0
9.649	1	9	9	1166.56	0
9.65	1	7	10	6809.71	0
9.651	1	4	11	6968.81	0
9.652	1	6	12	1365.81	0
9.655	1	2	15	3487.35	0
9.656	1	3	16	812.123	0
9.681	1	5	1	105960	0
9.682	1	8	2	57161.1	0
9.683	1	1	3	3075.65	0
9.684	1	10	4	25073	0
9.689	1	9	9	888.201	0
9.69	1	7	10	7155.87	0
9.691	1	4	11	9116.95	0
9.692	1	6	12	1383.55	0
9.695	1	2	15	42534.5	0
9.696	1	3	16	1768.8	0
9.721	1	5	1	40973	0
9.722	1	8	2	98121.2	0
9.723	1	1	3	6596.39	0
9.724	1	10	4	35186.4	0
9.729	1	9	9	778.186	0
9.73	1	7	10	9621.21	0
9.731	1	4	11	10768.8	0
9.732	1	6	12	1171.98	0
9.735	1	2	15	9003.13	0
9.736	1	3	16	3014.94	0
9.761	1	5	1	57541.6	0
9.762	1	8	2	22476.8	0
9.763	1	1	3	3469.61	0
9.764	1	10	4	40362	0
9.769	1	9	9	1454.4	0
9.77	1	7	10	7373.76	0
9.771	1	4	11	8340.44	0
9.772	1	6	12	1475.65	0
9.775	1	2	15	7706.09	0
9.776	1	3	16	3278.87	0
9.801	1	5	1	34076.7	0
9.802	1	8	2	108367	0
9.803	1	1	3	4199.19	0
9.804	1	10	4	7666.45	0
9.809	1	9	9	1258.87	0
9.81	1	7	10	4412.43	0
9.811	1	4	11	6677.01	0
9.812	1	6	12	411.641	0
9.815	1	2	15	6263.21	0
9.816	1	3	16	2548.51	0
9.841	1	5	1	51475.9	0
9.842	1	8	2	52079.5	0
9.843	1	1	3	8313.51	0
9.844	1	10	4	9811.04	0
9.849	1	9	9	440.333	0
9.85	1	7	10	6785.33	0
9.851	1	4	11	17221	0
9.852	1	6	12	415.225	0
9.855	1	2	15	3664	0
9.856	1	3	16	1045.93	0
9.881	1	5	1	113391	0
9.882	1	8	2	79141.7	0
9.883	1	1	3	1734.04	0
9.884	1	10	4	49077.6	0
9.889	1	9	9	936.791	0
9.89	1	7	10	11278.1	0
9.891	1	4	11	11727	0
9.892	1	6	12	1147.73	0
9.895	1	2	15	3307.84	0
9.896	1	3	16	931.856	0
9.921	1	5	1	84731.8	0
9.922	1	8	2	247312	0
9.923	1	1	3	8659.01	0
9.924	1	10	4	66284	0
9.929	1	9	9	1167.79	0
9.93	1	7	10	6392.35	0
9.931	1	4	11	6023.21	0
9.932	1	6	12	300.845	0
9.935	1	2	15	2653.45	0
9.936	1	3	16	1448.17	0
9.961	1	5	1	76399.4	0
9.962	1	8	2	53054.5	0
9.963	1	1	3	5458.63	0
9.964	1	10	4	106281	0
9.969	1	9	9	380.675	0
9.97	1	7	10	3654.98	0
9.971	1	4	11	8314.32	0
9.972	1	6	12	317.996	0
9.975	1	2	15	5547.47	0
9.976	1	3	16	732.927	0
10.001	1	5	1	27915.4	0
10.002	1	8	2	42884.5	0
10.003	1	1	3	9058.5	0
10.004	1	10	4	62167.6	0
10.009	1	9	9	330.528	0
10.01	1	7	10	3239.02	0
10.011	1	4	11	8332.2	0
10.012	1	6	12	446.235	0
10.015	1	2	15	3559.64	0
10.016	1	3	16	1099.61	0
10.041	1	5	1	21666.8	0
10.042	1	8	2	22723.9	0
10.043	1	1	3	34179.3	0
10.044	1	10	4	42933.4	0
10.049	1	9	9	311.595	0
10.05	1	7	10	5574.95	0
10.051	1	4	11	8840.15	0
10.052	1	6	12	238.348	0
10.055	1	2	15	2957	0
10.056	1	3	16	2473.79	0
10.081	1	5	1	31349.2	0
10.082	1	8	2	31086.7	0
10.083	1	1	3	2144.99	0
10.084	1	10	4	94646.5	0
10.089	1	9	9	452.937	0
10.09	1	7	10	7350.82	0
10.091	1	4	11	12049	0
10.092	1	6	12	119.404	0
10.095	1	2	15	2099.47	0
10.096	1	3	16	1220.1	0
10.121	1	5	1	32971.9	0
10.122	1	8	2	41777.3	0
10.123	1	1	3	1938.26	0
10.124	1	10	4	91595.6	0
10.129	1	9	9	491.89	0
10.13	1	7	10	9072.02	0
10.131	1	4	11	7448.39	0
10.132	1	6	12	563.986	0
10.135	1	2	15	7802.87	0
10.136	1	3	16	665.209	0
10.161	1	5	1	30263.3	0
10.162	1	8	2	76332.3	0
10.163	1	1	3	6866.49	0
10.164	1	10	4	51666.3	0
10.169	1	9	9	484.191	0
10.17	1	7	10	12160.1	0
10.171	1	4	11	6483.86	0
10.172	1	6	12	510.232	0
10.175	1	2	15	6335.99	0
10.176	1	3	16	2079.07	0
10.201	1	5	1	23686.2	0
10.202	1	8	2	98935.3	0
10.203	1	1	3	1830.56	0
10.204	1	10	4	62080.4	0
10.209	1	9	9	326.073	0
10.21	1	7	10	6860.96	0
10.211	1	4	11	5922.21	0
10.212	1	6	12	230.868	0
10.215	1	2	15	3783.1	0
10.216	1	3	16	2656.9	0
10.241	1	5	1	12440.6	0
10.242	1	8	2	24214.9	0
10.243	1	1	3	1873.2	0
10.244	1	10	4	10285.3	0
10.249	1	9	9	548.583	0
10.25	1	7	10	1756.57	0
10.251	1	4	11	2636.96	0
10.252	1	6	12	401.267	0
10.255	1	2	15	7735.47	0
10.256	1	3	16	1588.73	0
10.281	1	5	1	25500.5	0
10.282	1	8	2	98613.8	0
10.283	1	1	3	4503.67	0
10.284	1	10	4	15719.4	0
10.289	1	9	9	772.093	0
10.29	1	7	10	6887.69	0
10.291	1	4	11	3606.97	0
10.292	1	6	12	513.777	0
10.295	1	2	15	10152.4	0
10.296	1	3	16	1595.08	0
10.321	1	5	1	33523.2	0
10.322	1	8	2	231762	0
10.323	1	1	3	8163.36	0
10.324	1	10	4	37941.1	0
10.329	1	9	9	405.355	0
10.33	1	7	10	6421.04	0
10.331	1	4	11	4337.96	0
10.332	1	6	12	137.074	0
10.335	1	2	15	7971.63	0
10.336	1	3	16	1321.66	0
10.361	1	5	1	40295	0
10.362	1	8	2	41095.2	0
10.363	1	1	3	7564.91	0
10.364	1	10	4	12033.7	0
10.369	1	9	9	334.617	0
10.37	1	7	10	1965.01	0
10.371	1	4	11	5926.91	0
10.372	1	6	12	526.139	0
10.375	1	2	15	3824.19	0
10.376	1	3	16	773.596	0
10.401	1	5	1	31525.1	0
10.402	1	8	2	120184	0
10.403	1	1	3	31136.9	0
10.404	1	10	4	25676	0
10.409	1	9	9	295.533	0
10.41	1	7	10	4350.75	0
10.411	1	4	11	9896.08	0
10.412	1	6	12	379.243	0
10.415	1	2	15	7139.71	0
10.416	1	3	16	1882.13	0
10.441	1	5	1	23535	0
10.442	1	8	2	110027	0
10.443	1	1	3	25889.1	0
10.444	1	10	4	26210.1	0
10.449	1	9	9	121.132	0
10.45	1	7	10	8696.37	0
10.451	1	4	11	11858.2	0
10.452	1	6	12	188.184	0
10.455	1	2	15	16160.6	0
10.456	1	3	16	1496.99	0
10.481	1	5	1	145873	0
10.482	1	8	2	34576.8	0
10.483	1	1	3	9178.59	0
10.484	1	10	4	61119.6	0
10.489	1	9	9	280.373	0
10.49	1	7	10	6768.17	0
10.491	1	4	11	16007.1	0
10.492	1	6	12	249.131	0
10.495	1	2	15	4782.1	0
10.496	1	3	16	746.281	0
10.521	1	5	1	42288.5	0
10.522	1	8	2	58422.3	0
10.523	1	1	3	2488.97	0
10.524	1	10	4	91037.9	0
10.529	1	9	9	312.149	0
10.53	1	7	10	5907.6	0
10.531	1	4	11	8069.5	0
10.532	1	6	12	796.546	0
10.535	1	2	15	24866.7	0
10.536	1	3	16	2678.61	0
10.561	1	5	1	47234	0
10.562	1	8	2	75226.3	0
10.563	1	1	3	3762.73	0
10.564	1	10	4	205544	0
10.569	1	9	9	214.689	0
10.57	1	7	10	2307.18	0
10.571	1	4	11	28300.8	0
10.572	1	6	12	858.817	0
10.575	1	2	15	26840.8	0
10.576	1	3	16	3319.22	0
10.601	1	5	1	48065.5	0
10.602	1	8	2	52307.1	0
10.603	1	1	3	29017.2	0
10.604	1	10	4	211712	0
10.609	1	9	9	474.896	0
10.61	1	7	10	11512.8	0
10.611	1	4	11	16695.7	0
10.612	1	6	12	236.334	0
10.615	1	2	15	17791	0
10.616	1	3	16	1315.1	0
10.641	1	5	1	27740.9	0
10.642	1	8	2	113965	0
10.643	1	1	3	2504.47	0
10.644	1	10	4	81576	0
10.649	1	9	9	503.789	0
10.65	1	7	10	7007.3	0
10.651	1	4	11	8731.02	0
10.652	1	6	12	878.473	0
10.655	1	2	15	17000.8	0
10.656	1	3	16	1567.61	0
10.681	1	5	1	32565.4	0
10.682	1	8	2	88304.3	0
10.683	1	1	3	2403.55	0
10.684	1	10	4	116001	0
10.689	1	9	9	1023.51	0
10.69	1	7	10	2749.85	0
10.691	1	4	11	6738.78	0
10.692	1	6	12	1268.32	0
10.695	1	2	15	13495.1	0
10.696	1	3	16	2225.36	0
10.721	1	5	1	39426	0
10.722	1	8	2	27136	0
10.723	1	1	3	14900.3	0
10.724	1	10	4	141770	0
10.729	1	9	9	1231.2	0
10.73	1	7	10	3758.15	0
10.731	1	4	11	8584.94	0
10.732	1	6	12	374.67	0
10.735	1	2	15	5653.12	0
10.736	1	3	16	1336.21	0
10.761	1	5	1	20150.5	0
10.762	1	8	2	29855.2	0
10.763	1	1	3	10882.5	0
10.764	1	10	4	113915	0
10.769	1	9	9	510.751	0
10.77	1	7	10	2063.41	0
10.771	1	4	11	17286.5	0
10.772	1	6	12	1215.42	0
10.775	1	2	15	3334.25	0
10.776	1	3	16	2180.28	0
10.801	1	5	1	31150.9	0
10.802	1	8	2	23324.3	0
10.803	1	1	3	5046.48	0
10.804	1	10	4	185292	0
10.809	1	9	9	1112.3	0
10.81	1	7	10	1321.25	0
10.811	1	4	11	7414.72	0
10.812	1	6	12	1754.45	0
10.815	1	2	15	1428.77	0
10.816	1	3	16	1640.8	0
10.841	1	5	1	31152.5	0
10.842	1	8	2	34738.3	0
10.843	1	1	3	22592.1	0
10.844	1	10	4	348031	0
10.849	1	9	9	1316.46	0
10.85	1	7	10	1677.31	0
10.851	1	4	11	6043.16	0
10.852	1	6	12	1169.25	0
10.855	1	2	15	5411.87	0
10.856	1	3	16	2023.29	0
10.881	1	5	1	8716.64	0
10.882	1	8	2	35378.6	0
10.883	1	1	3	18025	0
10.884	1	10	4	169832	0
10.889	1	9	9	863.817	0
10.89	1	7	10	3880.74	0
10.891	1	4	11	14948	0
10.892	1	6	12	383.614	0
10.895	1	2	15	8702.8	0
10.896	1	3	16	3309.19	0
10.921	1	5	1	21319.5	0
10.922	1	8	2	41789.3	0
10.923	1	1	3	8230.68	0
10.924	1	10	4	26206.3	0
10.929	1	9	9	1144.04	0
10.93	1	7	10	6510.26	0
10.931	1	4	11	16663.5	0
10.932	1	6	12	696.943	0
10.935	1	2	15	6353.77	0
10.936	1	3	16	1959.45	0
10.961	1	5	1	92211.9	0
10.962	1	8	2	51645.6	0
10.963	1	1	3	5483.12	0
10.964	1	10	4	8867.57	0
10.969	1	9	9	842.231	0
10.97	1	7	10	4441.83	0
10.971	1	4	11	9961.14	0
10.972	1	6	12	462.668	0
10.975	1	2	15	6366.79	0
10.976	1	3	16	1487.76	0
11.001	1	5	1	46901.8	0
11.002	1	8	2	56629.5	0
11.003	1	1	3	12786.8	0
11.004	1	10	4	161864	0
11.009	1	9	9	1465.72	0
11.01	1	7	10	1545.59	0
11.011	1	4	11	16293.2	0
11.012	1	6	12	289.801	0
11.015	1	2	15	15575.8	0
11.016	1	3	16	3883.19	0
11.041	1	5	1	16342.8	0
11.042	1	8	2	17706.3	0
11.043	1	1	3	19462.6	0
11.044	1	10	4	465591	0
11.049	1	9	9	1504.04	0
11.05	1	7	10	4205.75	0
11.051	1	4	11	10983.1	0
11.052	1	6	12	270.793	0
11.055	1	2	15	8544.76	0
11.056	1	3	16	4585.08	0
11.081	1	5	1	5385.16	0
11.082	1	8	2	55885.5	0
11.083	1	1	3	11729.8	0
11.084	1	10	4	51080.4	0
11.089	1	9	9	563.386	0
11.09	1	7	10	5214.86	0
11.091	1	4	11	7714.23	0
11.092	1	6	12	875.025	0
11.095	1	2	15	3981.1	0
11.096	1	3	16	5181.77	0
11.121	1	5	1	80641.9	0
11.122	1	8	2	105012	0
11.123	1	1	3	3265.55	0
11.124	1	10	4	16531.1	0
11.129	1	9	9	693.32	0
11.13	1	7	10	6870.72	0
11.131	1	4	11	4624.18	0
11.132	1	6	12	693.886	0
11.135	1	2	15	2549.95	0
11.136	1	3	16	2077.47	0
11.161	1	5	1	42169.4	0
11.162	1	8	2	47771.6	0
11.163	1	1	3	2684.84	0
11.164	1	10	4	45183	0
11.169	1	9	9	408.843	0
11.17	1	7	10	6927.91	0
11.171	1	4	11	3788.56	0
11.172	1	6	12	865.547	0
11.175	1	2	15	2990.92	0
11.176	1	3	16	2066.9	0
11.201	1	5	1	23863.1	0
11.202	1	8	2	46808.2	0
11.203	1	1	3	2387.01	0
11.204	1	10	4	14137.7	0
11.209	1	9	9	320.157	0
11.21	1	7	10	3914.42	0
11.211	1	4	11	7470.7	0
11.212	1	6	12	764.441	0
11.215	1	2	15	11409.4	0
11.216	1	3	16	1822.07	0
11.241	1	5	1	92310.2	0
11.242	1	8	2	39131.2	0
11.243	1	1	3	1656.86	0
11.244	1	10	4	64814.9	0
11.249	1	9	9	1309.03	0
11.25	1	7	10	4495.39	0
11.251	1	4	11	4151.95	0
11.252	1	6	12	214.334	0
11.255	1	2	15	16457.3	0
11.256	1	3	16	1280.46	0
11.281	1	5	1	61186.3	0
11.282	1	8	2	33720.2	0
11.283	1	1	3	1160.52	0
11.284	1	10	4	49876.4	0
11.289	1	9	9	1057.65	0
11.29	1	7	10	2718.46	0
11.291	1	4	11	8798.24	0
11.292	1	6	12	776.042	0
11.295	1	2	15	12839.4	0
11.296	1	3	16	3614.4	0
11.321	1	5	1	173427	0
11.322	1	8	2	19155.6	0
11.323	1	1	3	1739.24	0
11.324	1	10	4	37759.3	0
11.329	1	9	9	858.86	0
11.33	1	7	10	1722.37	0
11.331	1	4	11	8443.01	0
11.332	1	6	12	684.917	0
11.335	1	2	15	4464.92	0
11.336	1	3	16	2044.13	0
11.361	1	5	1	159205	0
11.362	1	8	2	18206.5	0
11.363	1	1	3	6167.21	0
11.364	1	10	4	90040.6	0
11.369	1	9	9	1144.15	0
11.37	1	7	10	2657.76	0
11.371	1	4	11	10509	0
11.372	1	6	12	228.396	0
11.375	1	2	15	7014.65	0
11.376	1	3	16	1304.82	0
11.401	1	5	1	16946.3	0
11.402	1	8	2	51338.1	0
11.403	1	1	3	3166.21	0
11.404	1	10	4	52437.5	0
11.409	1	9	9	694.772	0
11.41	1	7	10	2972.58	0
11.411	1	4	11	16680.6	0
11.412	1	6	12	323.677	0
11.415	1	2	15	11862.9	0
11.416	1	3	16	1980.06	0
11.441	1	5	1	49406.4	0
11.442	1	8	2	61650.1	0
11.443	1	1	3	3403.12	0
11.444	1	10	4	26339.4	0
11.449	1	9	9	533.888	0
11.45	1	7	10	4888.8	0
11.451	1	4	11	6997.92	0
11.452	1	6	12	310.88	0
11.455	1	2	15	3924.37	0
11.456	1	3	16	774.167	0
11.481	1	5	1	51851.8	0
11.482	1	8	2	151660	0
11.483	1	1	3	7288.83	0
11.484	1	10	4	13627.5	0
11.489	1	9	9	268.971	0
11.49	1	7	10	7095.53	0
11.491	1	4	11	21752.5	0
11.492	1	6	12	1114.96	0
11.495	1	2	15	2442.9	0
11.496	1	3	16	868.593	0
11.521	1	5	1	26842.3	0
11.522	1	8	2	108160	0
11.523	1	1	3	1665.22	0
11.524	1	10	4	209451	0
11.529	1	9	9	712.516	0
11.53	1	7	10	1047.44	0
11.531	1	4	11	5840.83	0
11.532	1	6	12	100.097	0
11.535	1	2	15	2281.48	0
11.536	1	3	16	332.611	0
11.561	1	5	1	22334.4	0
11.562	1	8	2	99844	0
11.563	1	1	3	2025.87	0
11.564	1	10	4	193883	0
11.569	1	9	9	436.301	0
11.57	1	7	10	5212.31	0
11.571	1	4	11	1595.56	0
11.572	1	6	12	353.965	0
11.575	1	2	15	4112.54	0
11.576	1	3	16	854.535	0
11.601	1	5	1	10333.3	0
11.602	1	8	2	94865.5	0
11.603	1	1	3	3301.28	0
11.604	1	10	4	28147.1	0
11.609	1	9	9	277.571	0
11.61	1	7	10	7155.43	0
11.611	1	4	11	11018.4	0
11.612	1	6	12	389.722	0
11.615	1	2	15	2403.11	0
11.616	1	3	16	3271.03	0
11.641	1	5	1	8942.09	0
11.642	1	8	2	100301	0
11.643	1	1	3	1764.55	0
11.644	1	10	4	88464.9	0
11.649	1	9	9	387.401	0
11.65	1	7	10	3041.02	0
11.651	1	4	11	8465.7	0
11.652	1	6	12	259.45	0
11.655	1	2	15	1338.29	0
11.656	1	3	16	4638.2	0
11.681	1	5	1	43211.1	0
11.682	1	8	2	50599.8	0
11.683	1	1	3	9105.09	0
11.684	1	10	4	137377	0
11.689	1	9	9	404.809	0
11.69	1	7	10	8797.62	0
11.691	1	4	11	6551.66	0
11.692	1	6	12	227.121	0
11.695	1	2	15	3837.52	0
11.696	1	3	16	2415.04	0
11.721	1	5	1	21352.1	0
11.722	1	8	2	172671	0
11.723	1	1	3	9346.68	0
11.724	1	10	4	56220.5	0
11.729	1	9	9	365.95	0
11.73	1	7	10	5455.28	0
11.731	1	4	11	13909.5	0
11.732	1	6	12	201.862	0
11.735	1	2	15	1142.03	0
11.736	1	3	16	3149.04	0
11.761	1	5	1	60206.8	0
11.762	1	8	2	112439	0
11.763	1	1	3	3678.25	0
11.764	1	10	4	79293.3	0
11.769	1	9	9	289.159	0
11.77	1	7	10	14856.5	0
11.771	1	4	11	8249.99	0
11.772	1	6	12	163.748	0
11.775	1	2	15	2196.68	0
11.776	1	3	16	3932.54	0
11.801	1	5	1	56234.7	0
11.802	1	8	2	35755.4	0
11.803	1	1	3	21980.5	0
11.804	1	10	4	112319	0
11.809	1	9	9	417.099	0
11.81	1	7	10	26589.4	0
11.811	1	4	11	31870.8	0
11.812	1	6	12	151.728	0
11.815	1	2	15	8600.65	0
11.816	1	3	16	1857.19	0
11.841	1	5	1	33638	0
11.842	1	8	2	41457.1	0
11.843	1	1	3	18133.7	0
11.844	1	10	4	85708.7	0
11.849	1	9	9	484.816	0
11.85	1	7	10	7604.31	0
11.851	1	4	11	36124.4	0
11.852	1	6	12	390.922	0
11.855	1	2	15	4863.22	0
11.856	1	3	16	2259.13	0
11.881	1	5	1	98783.1	0
11.882	1	8	2	23798.4	0
11.883	1	1	3	18694.7	0
11.884	1	10	4	83212.3	0
11.889	1	9	9	503.096	0
11.89	1	7	10	4101.58	0
11.891	1	4	11	5431.39	0
11.892	1	6	12	456.887	0
11.895	1	2	15	2839.85	0
11.896	1	3	16	2198.96	0
11.921	1	5	1	47316.6	0
11.922	1	8	2	77389.2	0
11.923	1	1	3	11813	0
11.924	1	10	4	82204.3	0
11.929	1	9	9	366.301	0
11.93	1	7	10	8367.72	0
11.931	1	4	11	10203.3	0
11.932	1	6	12	605.016	0
11.935	1	2	15	8682.87	0
11.936	1	3	16	2395.56	0
11.961	1	5	1	133109	0
11.962	1	8	2	24582.3	0
11.963	1	1	3	7323.36	0
11.964	1	10	4	69233.9	0
11.969	1	9	9	426.114	0
11.97	1	7	10	1613.14	0
11.971	1	4	11	10206.8	0
11.972	1	6	12	782.144	0
11.975	1	2	15	4153.94	0
11.976	1	3	16	2606.47	0
12.001	1	5	1	60654.6	0
12.002	1	8	2	99022.6	0
12.003	1	1	3	17605.6	0
12.004	1	10	4	41767.1	0
12.009	1	9	9	297.887	0
12.01	1	7	10	11403.8	0
12.011	1	4	11	6056.48	0
12.012	1	6	12	316.47	0
12.015	1	2	15	1808.21	0
12.016	1	3	16	2185.57	0
12.041	1	5	1	34234.6	0
12.042	1	8	2	94865.5	0
12.043	1	1	3	2113.67	0
12.044	1	10	4	184764	0
12.049	1	9	9	393.656	0
12.05	1	7	10	5083.05	0
12.051	1	4	11	11013.2	0
12.052	1	6	12	702.417	0
12.055	1	2	15	13133.3	0
12.056	1	3	16	3385.52	0
12.081	1	5	1	75871.5	0
12.082	1	8	2	70689.7	0
12.083	1	1	3	3510.36	0
12.084	1	10	4	119816	0
12.089	1	9	9	406.385	0
12.09	1	7	10	4733.96	0
12.091	1	4	11	13594.9	0
12.092	1	6	12	367.191	0
12.095	1	2	15	19371.5	0
12.096	1	3	16	2759.07	0
12.121	1	5	1	104959	0
12.122	1	8	2	49604.1	0
12.123	1	1	3	3442.38	0
12.124	1	10	4	35501.6	0
12.129	1	9	9	345.568	0
12.13	1	7	10	4381.61	0
12.131	1	4	11	10017.8	0
12.132	1	6	12	1049.1	0
12.135	1	2	15	8053.07	0
12.136	1	3	16	1164.6	0
12.161	1	5	1	27704.6	0
12.162	1	8	2	114864	0
12.163	1	1	3	3463.16	0
12.164	1	10	4	37269.9	0
12.169	1	9	9	299.292	0
12.17	1	7	10	3133.05	0
12.171	1	4	11	15756.6	0
12.172	1	6	12	1810.34	0
12.175	1	2	15	10352.6	0
12.176	1	3	16	623.891	0
12.201	1	5	1	11747.7	0
12.202	1	8	2	82992.5	0
12.203	1	1	3	10122.4	0
12.204	1	10	4	29444.9	0
12.209	1	9	9	439.798	0
12.21	1	7	10	9477.95	0
12.211	1	4	11	6284.71	0
12.212	1	6	12	1017.45	0
12.215	1	2	15	7910.73	0
12.216	1	3	16	850.903	0
12.241	1	5	1	43240.3	0
12.242	1	8	2	34711.2	0
12.243	1	1	3	2367.05	0
12.244	1	10	4	55186.3	0
12.249	1	9	9	488.817	0
12.25	1	7	10	9493.76	0
12.251	1	4	11	17638.9	0
12.252	1	6	12	306.788	0
12.255	1	2	15	7354.46	0
12.256	1	3	16	1395.72	0
12.281	1	5	1	35731.3	0
12.282	1	8	2	58132.5	0
12.283	1	1	3	2467.87	0
12.284	1	10	4	99288.7	0
12.289	1	9	9	494.911	0
12.29	1	7	10	6367.86	0
12.291	1	4	11	17710.3	0
12.292	1	6	12	195.299	0
12.295	1	2	15	3533.42	0
12.296	1	3	16	1119.72	0
12.321	1	5	1	20184.2	0
12.322	1	8	2	38476.5	0
12.323	1	1	3	9299.04	0
12.324	1	10	4	47874.7	0
12.329	1	9	9	338.985	0
12.33	1	7	10	11434.6	0
12.331	1	4	11	3870.02	0
12.332	1	6	12	128.89	0
12.335	1	2	15	1273.12	0
12.336	1	3	16	959.745	0
12.361	1	5	1	49019.6	0
12.362	1	8	2	71927	0
12.363	1	1	3	13094	0
12.364	1	10	4	27946.9	0
12.369	1	9	9	494.455	0
12.37	1	7	10	13449.8	0
12.371	1	4	11	16356	0
12.372	1	6	12	382.28	0
12.375	1	2	15	5253.24	0
12.376	1	3	16	2343.64	0
12.401	1	5	1	93191.5	0
12.402	1	8	2	37022.8	0
12.403	1	1	3	4675.03	0
12.404	1	10	4	54550.8	0
12.409	1	9	9	784.943	0
12.41	1	7	10	5397.93	0
12.411	1	4	11	9552.39	0
12.412	1	6	12	1066.54	0
12.415	1	2	15	4400.09	0
12.416	1	3	16	3211.89	0
12.441	1	5	1	69745.3	0
12.442	1	8	2	89557.4	0
12.443	1	1	3	2585.72	0
12.444	1	10	4	83708	0
12.449	1	9	9	450.221	0
12.45	1	7	10	6207.78	0
12.451	1	4	11	8710.18	0
12.452	1	6	12	1682.45	0
12.455	1	2	15	7672.35	0
12.456	1	3	16	3157.91	0
12.481	1	5	1	49407.4	0
12.482	1	8	2	127916	0
12.483	1	1	3	9687.1	0
12.484	1	10	4	46291.3	0
12.489	1	9	9	323.806	0
12.49	1	7	10	11513.8	0
12.491	1	4	11	6520.53	0
12.492	1	6	12	700.103	0
12.495	1	2	15	22283	0
12.496	1	3	16	1969.3	0
12.521	1	5	1	76796.8	0
12.522	1	8	2	129177	0
12.523	1	1	3	4102.95	0
12.524	1	10	4	81867.5	0
12.529	1	9	9	673.039	0
12.53	1	7	10	5708.13	0
12.531	1	4	11	8332.01	0
12.532	1	6	12	322.845	0
12.535	1	2	15	3574.79	0
12.536	1	3	16	471.4	0
12.561	1	5	1	110798	0
12.562	1	8	2	87970.9	0
12.563	1	1	3	5258.39	0
12.564	1	10	4	52264.1	0
12.569	1	9	9	590.229	0
12.57	1	7	10	7393.2	0
12.571	1	4	11	10766.5	0
12.572	1	6	12	407.716	0
12.575	1	2	15	8208.81	0
12.576	1	3	16	2360.9	0
12.601	1	5	1	179812	0
12.602	1	8	2	38201.1	0
12.603	1	1	3	2555.75	0
12.604	1	10	4	253450	0
12.609	1	9	9	1165.81	0
12.61	1	7	10	9245.03	0
12.611	1	4	11	16548.5	0
12.612	1	6	12	611.009	0
12.615	1	2	15	4852.44	0
12.616	1	3	16	3816.42	0
12.641	1	5	1	145740	0
12.642	1	8	2	34100.2	0
12.643	1	1	3	1244.41	0
12.644	1	10	4	80218.5	0
12.649	1	9	9	815.755	0
12.65	1	7	10	12156.5	0
12.651	1	4	11	6945.76	0
12.652	1	6	12	140.684	0
12.655	1	2	15	2448.29	0
12.656	1	3	16	2260.47	0
12.681	1	5	1	54007	0
12.682	1	8	2	39178.7	0
12.683	1	1	3	1297.34	0
12.684	1	10	4	61957.9	0
12.689	1	9	9	547.581	0
12.69	1	7	10	6411.62	0
12.691	1	4	11	22319.8	0
12.692	1	6	12	395.503	0
12.695	1	2	15	6344.84	0
12.696	1	3	16	3026.84	0
12.721	1	5	1	82338	0
12.722	1	8	2	58846.9	0
12.723	1	1	3	2338.62	0
12.724	1	10	4	63079.7	0
12.729	1	9	9	264.276	0
12.73	1	7	10	1843.13	0
12.731	1	4	11	25894.9	0
12.732	1	6	12	132.869	0
12.735	1	2	15	2696.48	0
12.736	1	3	16	2678.52	0
12.761	1	5	1	36972.2	0
12.762	1	8	2	27885.3	0
12.763	1	1	3	8759.93	0
12.764	1	10	4	51983.1	0
12.769	1	9	9	254.251	0
12.77	1	7	10	7119.28	0
12.771	1	4	11	7558.7	0
12.772	1	6	12	125.161	0
12.775	1	2	15	3264.68	0
12.776	1	3	16	1592.77	0
12.801	1	5	1	63979.4	0
12.802	1	8	2	21659.9	0
12.803	1	1	3	1745.42	0
12.804	1	10	4	67504.7	0
12.809	1	9	9	895.577	0
12.81	1	7	10	6162.7	0
12.811	1	4	11	18705.5	0
12.812	1	6	12	517.58	0
12.815	1	2	15	5626.22	0
12.816	1	3	16	1229.55	0
12.841	1	5	1	122421	0
12.842	1	8	2	21469.2	0
12.843	1	1	3	2565.49	0
12.844	1	10	4	26952	0
12.849	1	9	9	389.139	0
12.85	1	7	10	1899.52	0
12.851	1	4	11	15399.6	0
12.852	1	6	12	83.29	0
12.855	1	2	15	3096.59	0
12.856	1	3	16	566.719	0
12.881	1	5	1	45044.6	0
12.882	1	8	2	15815.4	0
12.883	1	1	3	9859.1	0
12.884	1	10	4	294521	0
12.889	1	9	9	717.83	0
12.89	1	7	10	4613.18	0
12.891	1	4	11	6367.14	0
12.892	1	6	12	147.907	0
12.895	1	2	15	3576.49	0
12.896	1	3	16	1411.8	0
12.921	1	5	1	60240.5	0
12.922	1	8	2	27255.8	0
12.923	1	1	3	4891.62	0
12.924	1	10	4	144927	0
12.929	1	9	9	836	0
12.93	1	7	10	8770.15	0
12.931	1	4	11	5577.42	0
12.932	1	6	12	494.724	0
12.935	1	2	15	6969.31	0
12.936	1	3	16	996.606	0
12.961	1	5	1	54903.6	0
12.962	1	8	2	17369.8	0
12.963	1	1	3	1778.19	0
12.964	1	10	4	82243	0
12.969	1	9	9	864.944	0
12.97	1	7	10	6563.65	0
12.971	1	4	11	2222.94	0
12.972	1	6	12	225.704	0
12.975	1	2	15	7083.7	0
12.976	1	3	16	1316.2	0
13.001	1	5	1	37546.6	0
13.002	1	8	2	43537.7	0
13.003	1	1	3	5568.87	0
13.004	1	10	4	38704.9	0
13.009	1	9	9	330.913	0
13.01	1	7	10	6440.33	0
13.011	1	4	11	7983.53	0
13.012	1	6	12	167.564	0
13.015	1	2	15	2597.3	0
13.016	1	3	16	2647.68	0
13.041	1	5	1	53414.8	0
13.042	1	8	2	27480.7	0
13.043	1	1	3	5879.75	0
13.044	1	10	4	116738	0
13.049	1	9	9	563.323	0
13.05	1	7	10	3986.66	0
13.051	1	4	11	6081.02	0
13.052	1	6	12	243.43	0
13.055	1	2	15	5073.02	0
13.056	1	3	16	1135.09	0
13.081	1	5	1	109854	0
13.082	1	8	2	15384	0
13.083	1	1	3	16931.4	0
13.084	1	10	4	121140	0
13.089	1	9	9	655.714	0
13.09	1	7	10	2322.95	0
13.091	1	4	11	2882.84	0
13.092	1	6	12	263.147	0
13.095	1	2	15	4142.48	0
13.096	1	3	16	2646.04	0
13.121	1	5	1	108611	0
13.122	1	8	2	27524	0
13.123	1	1	3	4562.74	0
13.124	1	10	4	69511.8	0
13.129	1	9	9	782.909	0
13.13	1	7	10	2621.99	0
13.131	1	4	11	7179.25	0
13.132	1	6	12	132.406	0
13.135	1	2	15	9617.24	0
13.136	1	3	16	548.171	0
13.161	1	5	1	20352.6	0
13.162	1	8	2	31370.5	0
13.163	1	1	3	1952.17	0
13.164	1	10	4	31006.1	0
13.169	1	9	9	476.695	0
13.17	1	7	10	2234.78	0
13.171	1	4	11	4919.55	0
13.172	1	6	12	104.832	0
13.175	1	2	15	23092.8	0
13.176	1	3	16	1202.81	0
13.201	1	5	1	9958.41	0
13.202	1	8	2	22201.5	0
13.203	1	1	3	742.799	0
13.204	1	10	4	47075.9	0
13.209	1	9	9	638.955	0
13.21	1	7	10	4601.5	0
13.211	1	4	11	6797.25	0
13.212	1	6	12	1240.22	0
13.215	1	2	15	24762.1	0
13.216	1	3	16	1617.94	0
13.241	1	5	1	25328.4	0
13.242	1	8	2	55081.3	0
13.243	1	1	3	2627.9	0
13.244	1	10	4	14362.2	0
13.249	1	9	9	1265.48	0
13.25	1	7	10	4888.28	0
13.251	1	4	11	9724.71	0
13.252	1	6	12	624.735	0
13.255	1	2	15	52987.8	0
13.256	1	3	16	2052.29	0
13.281	1	5	1	34089.1	0
13.282	1	8	2	114769	0
13.283	1	1	3	2429.21	0
13.284	1	10	4	47078.4	0
13.289	1	9	9	625.737	0
13.29	1	7	10	10669.2	0
13.291	1	4	11	8067.75	0
13.292	1	6	12	693.017	0
13.295	1	2	15	3368.91	0
13.296	1	3	16	2207.52	0
