% time	cellId	IMSI	RNTI	sinrLinear	componentCarrierId
0.041	1	5	1	21702.7	0
0.042	1	1	2	6937.57	0
0.043	1	3	3	3988.94	0
0.044	1	4	4	26767.4	0
0.045	1	2	5	38899	0
0.081	1	5	1	21702.7	0
0.082	1	1	2	6937.57	0
0.083	1	3	3	3988.94	0
0.084	1	4	4	26767.4	0
0.085	1	2	5	38899	0
0.121	1	5	1	21702.7	0
0.122	1	1	2	6937.57	0
0.123	1	3	3	3988.94	0
0.124	1	4	4	26767.4	0
0.125	1	2	5	38899	0
0.161	1	5	1	21702.7	0
0.162	1	1	2	6937.57	0
0.163	1	3	3	3988.94	0
0.164	1	4	4	26767.4	0
0.165	1	2	5	38899	0
0.201	1	5	1	21702.7	0
0.202	1	1	2	6937.57	0
0.203	1	3	3	3988.94	0
0.204	1	4	4	26767.4	0
0.205	1	2	5	38899	0
0.241	1	5	1	21702.7	0
0.242	1	1	2	6937.57	0
0.243	1	3	3	3988.94	0
0.244	1	4	4	26767.4	0
0.245	1	2	5	38899	0
0.281	1	5	1	21702.7	0
0.282	1	1	2	6937.57	0
0.283	1	3	3	3988.94	0
0.284	1	4	4	26767.4	0
0.285	1	2	5	38899	0
0.321	1	5	1	21702.7	0
0.322	1	1	2	6937.57	0
0.323	1	3	3	3988.94	0
0.324	1	4	4	26767.4	0
0.325	1	2	5	38899	0
0.361	1	5	1	21702.7	0
0.362	1	1	2	6937.57	0
0.363	1	3	3	3988.94	0
0.364	1	4	4	26767.4	0
0.365	1	2	5	38899	0
0.401	1	5	1	21702.7	0
0.402	1	1	2	6937.57	0
0.403	1	3	3	3988.94	0
0.404	1	4	4	26767.4	0
0.405	1	2	5	38899	0
0.441	1	5	1	21702.7	0
0.442	1	1	2	6937.57	0
0.443	1	3	3	3988.94	0
0.444	1	4	4	26767.4	0
0.445	1	2	5	38899	0
0.481	1	5	1	21702.7	0
0.482	1	1	2	6937.57	0
0.483	1	3	3	3988.94	0
0.484	1	4	4	26767.4	0
0.485	1	2	5	38899	0
0.521	1	5	1	21702.7	0
0.522	1	1	2	6937.57	0
0.523	1	3	3	3988.94	0
0.524	1	4	4	26767.4	0
0.525	1	2	5	38899	0
0.561	1	5	1	21702.7	0
0.562	1	1	2	6937.57	0
0.563	1	3	3	3988.94	0
0.564	1	4	4	26767.4	0
0.565	1	2	5	38899	0
0.601	1	5	1	21702.7	0
0.602	1	1	2	6937.57	0
0.603	1	3	3	3988.94	0
0.604	1	4	4	26767.4	0
0.605	1	2	5	38899	0
0.641	1	5	1	21702.7	0
0.642	1	1	2	6937.57	0
0.643	1	3	3	3988.94	0
0.644	1	4	4	26767.4	0
0.645	1	2	5	38899	0
0.681	1	5	1	21702.7	0
0.682	1	1	2	6937.57	0
0.683	1	3	3	3988.94	0
0.684	1	4	4	26767.4	0
0.685	1	2	5	38899	0
0.721	1	5	1	21702.7	0
0.722	1	1	2	6937.57	0
0.723	1	3	3	3988.94	0
0.724	1	4	4	26767.4	0
0.725	1	2	5	38899	0
0.761	1	5	1	21702.7	0
0.762	1	1	2	6937.57	0
0.763	1	3	3	3988.94	0
0.764	1	4	4	26767.4	0
0.765	1	2	5	38899	0
0.801	1	5	1	21702.7	0
0.802	1	1	2	6937.57	0
0.803	1	3	3	3988.94	0
0.804	1	4	4	26767.4	0
0.805	1	2	5	38899	0
0.841	1	5	1	21702.7	0
0.842	1	1	2	6937.57	0
0.843	1	3	3	3988.94	0
0.844	1	4	4	26767.4	0
0.845	1	2	5	38899	0
0.881	1	5	1	21702.7	0
0.882	1	1	2	6937.57	0
0.883	1	3	3	3988.94	0
0.884	1	4	4	26767.4	0
0.885	1	2	5	38899	0
0.921	1	5	1	21702.7	0
0.922	1	1	2	6937.57	0
0.923	1	3	3	3988.94	0
0.924	1	4	4	26767.4	0
0.925	1	2	5	38899	0
0.961	1	5	1	21702.7	0
0.962	1	1	2	6937.57	0
0.963	1	3	3	3988.94	0
0.964	1	4	4	26767.4	0
0.965	1	2	5	38899	0
1.001	1	5	1	21702.7	0
1.002	1	1	2	6937.57	0
1.003	1	3	3	3988.94	0
1.004	1	4	4	26767.4	0
1.005	1	2	5	38899	0
1.041	1	5	1	21702.7	0
1.042	1	1	2	6937.57	0
1.043	1	3	3	3988.94	0
1.044	1	4	4	26767.4	0
1.045	1	2	5	38899	0
1.081	1	5	1	21702.7	0
1.082	1	1	2	6937.57	0
1.083	1	3	3	3988.94	0
1.084	1	4	4	26767.4	0
1.085	1	2	5	38899	0
1.121	1	5	1	21702.7	0
1.122	1	1	2	6937.57	0
1.123	1	3	3	3988.94	0
1.124	1	4	4	26767.4	0
1.125	1	2	5	38899	0
1.161	1	5	1	21702.7	0
1.162	1	1	2	6937.57	0
1.163	1	3	3	3988.94	0
1.164	1	4	4	26767.4	0
1.165	1	2	5	38899	0
1.201	1	5	1	21702.7	0
1.202	1	1	2	6937.57	0
1.203	1	3	3	3988.94	0
1.204	1	4	4	26767.4	0
1.205	1	2	5	38899	0
1.241	1	5	1	21702.7	0
1.242	1	1	2	6937.57	0
1.243	1	3	3	3988.94	0
1.244	1	4	4	26767.4	0
1.245	1	2	5	38899	0
1.281	1	5	1	21702.7	0
1.282	1	1	2	6937.57	0
1.283	1	3	3	3988.94	0
1.284	1	4	4	26767.4	0
1.285	1	2	5	38899	0
1.321	1	5	1	21702.7	0
1.322	1	1	2	6937.57	0
1.323	1	3	3	3988.94	0
1.324	1	4	4	26767.4	0
1.325	1	2	5	38899	0
1.361	1	5	1	21702.7	0
1.362	1	1	2	6937.57	0
1.363	1	3	3	3988.94	0
1.364	1	4	4	26767.4	0
1.365	1	2	5	38899	0
1.401	1	5	1	21702.7	0
1.402	1	1	2	6937.57	0
1.403	1	3	3	3988.94	0
1.404	1	4	4	26767.4	0
1.405	1	2	5	38899	0
1.441	1	5	1	21702.7	0
1.442	1	1	2	6937.57	0
1.443	1	3	3	3988.94	0
1.444	1	4	4	26767.4	0
1.445	1	2	5	38899	0
1.481	1	5	1	21702.7	0
1.482	1	1	2	6937.57	0
1.483	1	3	3	3988.94	0
1.484	1	4	4	26767.4	0
1.485	1	2	5	38899	0
1.521	1	5	1	21702.7	0
1.522	1	1	2	6937.57	0
1.523	1	3	3	3988.94	0
1.524	1	4	4	26767.4	0
1.525	1	2	5	38899	0
1.561	1	5	1	21702.7	0
1.562	1	1	2	6937.57	0
1.563	1	3	3	3988.94	0
1.564	1	4	4	26767.4	0
1.565	1	2	5	38899	0
1.601	1	5	1	21702.7	0
1.602	1	1	2	6937.57	0
1.603	1	3	3	3988.94	0
1.604	1	4	4	26767.4	0
1.605	1	2	5	38899	0
1.641	1	5	1	21702.7	0
1.642	1	1	2	6937.57	0
1.643	1	3	3	3988.94	0
1.644	1	4	4	26767.4	0
1.645	1	2	5	38899	0
1.681	1	5	1	21702.7	0
1.682	1	1	2	6937.57	0
1.683	1	3	3	3988.94	0
1.684	1	4	4	26767.4	0
1.685	1	2	5	38899	0
1.721	1	5	1	21702.7	0
1.722	1	1	2	6937.57	0
1.723	1	3	3	3988.94	0
1.724	1	4	4	26767.4	0
1.725	1	2	5	38899	0
1.761	1	5	1	21702.7	0
1.762	1	1	2	6937.57	0
1.763	1	3	3	3988.94	0
1.764	1	4	4	26767.4	0
1.765	1	2	5	38899	0
1.801	1	5	1	21702.7	0
1.802	1	1	2	6937.57	0
1.803	1	3	3	3988.94	0
1.804	1	4	4	26767.4	0
1.805	1	2	5	38899	0
1.841	1	5	1	21702.7	0
1.842	1	1	2	6937.57	0
1.843	1	3	3	3988.94	0
1.844	1	4	4	26767.4	0
1.845	1	2	5	38899	0
1.881	1	5	1	21702.7	0
1.882	1	1	2	6937.57	0
1.883	1	3	3	3988.94	0
1.884	1	4	4	26767.4	0
1.885	1	2	5	38899	0
1.921	1	5	1	21702.7	0
1.922	1	1	2	6937.57	0
1.923	1	3	3	3988.94	0
1.924	1	4	4	26767.4	0
1.925	1	2	5	38899	0
1.961	1	5	1	21702.7	0
1.962	1	1	2	6937.57	0
1.963	1	3	3	3988.94	0
1.964	1	4	4	26767.4	0
1.965	1	2	5	38899	0
2.001	1	5	1	21702.7	0
2.002	1	1	2	6937.57	0
2.003	1	3	3	3988.94	0
2.004	1	4	4	26767.4	0
2.005	1	2	5	38899	0
2.041	1	5	1	21702.7	0
2.042	1	1	2	6937.57	0
2.043	1	3	3	3988.94	0
2.044	1	4	4	26767.4	0
2.045	1	2	5	38899	0
2.081	1	5	1	21702.7	0
2.082	1	1	2	6937.57	0
2.083	1	3	3	3988.94	0
2.084	1	4	4	26767.4	0
2.085	1	2	5	38899	0
2.121	1	5	1	21702.7	0
2.122	1	1	2	6937.57	0
2.123	1	3	3	3988.94	0
2.124	1	4	4	26767.4	0
2.125	1	2	5	38899	0
2.161	1	5	1	21702.7	0
2.162	1	1	2	6937.57	0
2.163	1	3	3	3988.94	0
2.164	1	4	4	26767.4	0
2.165	1	2	5	38899	0
2.201	1	5	1	21702.7	0
2.202	1	1	2	6937.57	0
2.203	1	3	3	3988.94	0
2.204	1	4	4	26767.4	0
2.205	1	2	5	38899	0
2.241	1	5	1	21702.7	0
2.242	1	1	2	6937.57	0
2.243	1	3	3	3988.94	0
2.244	1	4	4	26767.4	0
2.245	1	2	5	38899	0
2.281	1	5	1	21702.7	0
2.282	1	1	2	6937.57	0
2.283	1	3	3	3988.94	0
2.284	1	4	4	26767.4	0
2.285	1	2	5	38899	0
2.321	1	5	1	21702.7	0
2.322	1	1	2	6937.57	0
2.323	1	3	3	3988.94	0
2.324	1	4	4	26767.4	0
2.325	1	2	5	38899	0
2.361	1	5	1	21702.7	0
2.362	1	1	2	6937.57	0
2.363	1	3	3	3988.94	0
2.364	1	4	4	26767.4	0
2.365	1	2	5	38899	0
2.401	1	5	1	21702.7	0
2.402	1	1	2	6937.57	0
2.403	1	3	3	3988.94	0
2.404	1	4	4	26767.4	0
2.405	1	2	5	38899	0
2.441	1	5	1	21702.7	0
2.442	1	1	2	6937.57	0
2.443	1	3	3	3988.94	0
2.444	1	4	4	26767.4	0
2.445	1	2	5	38899	0
2.481	1	5	1	21702.7	0
2.482	1	1	2	6937.57	0
2.483	1	3	3	3988.94	0
2.484	1	4	4	26767.4	0
2.485	1	2	5	38899	0
2.521	1	5	1	21702.7	0
2.522	1	1	2	6937.57	0
2.523	1	3	3	3988.94	0
2.524	1	4	4	26767.4	0
2.525	1	2	5	38899	0
2.561	1	5	1	21702.7	0
2.562	1	1	2	6937.57	0
2.563	1	3	3	3988.94	0
2.564	1	4	4	26767.4	0
2.565	1	2	5	38899	0
2.601	1	5	1	21702.7	0
2.602	1	1	2	6937.57	0
2.603	1	3	3	3988.94	0
2.604	1	4	4	26767.4	0
2.605	1	2	5	38899	0
2.641	1	5	1	21702.7	0
2.642	1	1	2	6937.57	0
2.643	1	3	3	3988.94	0
2.644	1	4	4	26767.4	0
2.645	1	2	5	38899	0
2.681	1	5	1	21702.7	0
2.682	1	1	2	6937.57	0
2.683	1	3	3	3988.94	0
2.684	1	4	4	26767.4	0
2.685	1	2	5	38899	0
2.721	1	5	1	21702.7	0
2.722	1	1	2	6937.57	0
2.723	1	3	3	3988.94	0
2.724	1	4	4	26767.4	0
2.725	1	2	5	38899	0
2.761	1	5	1	21702.7	0
2.762	1	1	2	6937.57	0
2.763	1	3	3	3988.94	0
2.764	1	4	4	26767.4	0
2.765	1	2	5	38899	0
2.801	1	5	1	21702.7	0
2.802	1	1	2	6937.57	0
2.803	1	3	3	3988.94	0
2.804	1	4	4	26767.4	0
2.805	1	2	5	38899	0
2.841	1	5	1	21702.7	0
2.842	1	1	2	6937.57	0
2.843	1	3	3	3988.94	0
2.844	1	4	4	26767.4	0
2.845	1	2	5	38899	0
2.881	1	5	1	21702.7	0
2.882	1	1	2	6937.57	0
2.883	1	3	3	3988.94	0
2.884	1	4	4	26767.4	0
2.885	1	2	5	38899	0
2.921	1	5	1	21702.7	0
2.922	1	1	2	6937.57	0
2.923	1	3	3	3988.94	0
2.924	1	4	4	26767.4	0
2.925	1	2	5	38899	0
2.961	1	5	1	21702.7	0
2.962	1	1	2	6937.57	0
2.963	1	3	3	3988.94	0
2.964	1	4	4	26767.4	0
2.965	1	2	5	38899	0
3.001	1	5	1	21702.7	0
3.002	1	1	2	6937.57	0
3.003	1	3	3	3988.94	0
3.004	1	4	4	26767.4	0
3.005	1	2	5	38899	0
3.041	1	5	1	21702.7	0
3.042	1	1	2	6937.57	0
3.043	1	3	3	3988.94	0
3.044	1	4	4	26767.4	0
3.045	1	2	5	38899	0
3.081	1	5	1	21702.7	0
3.082	1	1	2	6937.57	0
3.083	1	3	3	3988.94	0
3.084	1	4	4	26767.4	0
3.085	1	2	5	38899	0
3.121	1	5	1	21702.7	0
3.122	1	1	2	6937.57	0
3.123	1	3	3	3988.94	0
3.124	1	4	4	26767.4	0
3.125	1	2	5	38899	0
3.161	1	5	1	21702.7	0
3.162	1	1	2	6937.57	0
3.163	1	3	3	3988.94	0
3.164	1	4	4	26767.4	0
3.165	1	2	5	38899	0
3.201	1	5	1	21702.7	0
3.202	1	1	2	6937.57	0
3.203	1	3	3	3988.94	0
3.204	1	4	4	26767.4	0
3.205	1	2	5	38899	0
3.241	1	5	1	21702.7	0
3.242	1	1	2	6937.57	0
3.243	1	3	3	3988.94	0
3.244	1	4	4	26767.4	0
3.245	1	2	5	38899	0
3.281	1	5	1	21702.7	0
3.282	1	1	2	6937.57	0
3.283	1	3	3	3988.94	0
3.284	1	4	4	26767.4	0
3.285	1	2	5	38899	0
3.321	1	5	1	21702.7	0
3.322	1	1	2	6937.57	0
3.323	1	3	3	3988.94	0
3.324	1	4	4	26767.4	0
3.325	1	2	5	38899	0
3.361	1	5	1	21702.7	0
3.362	1	1	2	6937.57	0
3.363	1	3	3	3988.94	0
3.364	1	4	4	26767.4	0
3.365	1	2	5	38899	0
3.401	1	5	1	21702.7	0
3.402	1	1	2	6937.57	0
3.403	1	3	3	3988.94	0
3.404	1	4	4	26767.4	0
3.405	1	2	5	38899	0
3.441	1	5	1	21702.7	0
3.442	1	1	2	6937.57	0
3.443	1	3	3	3988.94	0
3.444	1	4	4	26767.4	0
3.445	1	2	5	38899	0
3.481	1	5	1	21702.7	0
3.482	1	1	2	6937.57	0
3.483	1	3	3	3988.94	0
3.484	1	4	4	26767.4	0
3.485	1	2	5	38899	0
3.521	1	5	1	21702.7	0
3.522	1	1	2	6937.57	0
3.523	1	3	3	3988.94	0
3.524	1	4	4	26767.4	0
3.525	1	2	5	38899	0
3.561	1	5	1	21702.7	0
3.562	1	1	2	6937.57	0
3.563	1	3	3	3988.94	0
3.564	1	4	4	26767.4	0
3.565	1	2	5	38899	0
3.601	1	5	1	21702.7	0
3.602	1	1	2	6937.57	0
3.603	1	3	3	3988.94	0
3.604	1	4	4	26767.4	0
3.605	1	2	5	38899	0
3.641	1	5	1	21702.7	0
3.642	1	1	2	6937.57	0
3.643	1	3	3	3988.94	0
3.644	1	4	4	26767.4	0
3.645	1	2	5	38899	0
3.681	1	5	1	21702.7	0
3.682	1	1	2	6937.57	0
3.683	1	3	3	3988.94	0
3.684	1	4	4	26767.4	0
3.685	1	2	5	38899	0
3.721	1	5	1	21702.7	0
3.722	1	1	2	6937.57	0
3.723	1	3	3	3988.94	0
3.724	1	4	4	26767.4	0
3.725	1	2	5	38899	0
3.761	1	5	1	21702.7	0
3.762	1	1	2	6937.57	0
3.763	1	3	3	3988.94	0
3.764	1	4	4	26767.4	0
3.765	1	2	5	38899	0
3.801	1	5	1	21702.7	0
3.802	1	1	2	6937.57	0
3.803	1	3	3	3988.94	0
3.804	1	4	4	26767.4	0
3.805	1	2	5	38899	0
3.841	1	5	1	21702.7	0
3.842	1	1	2	6937.57	0
3.843	1	3	3	3988.94	0
3.844	1	4	4	26767.4	0
3.845	1	2	5	38899	0
3.881	1	5	1	21702.7	0
3.882	1	1	2	6937.57	0
3.883	1	3	3	3988.94	0
3.884	1	4	4	26767.4	0
3.885	1	2	5	38899	0
3.921	1	5	1	21702.7	0
3.922	1	1	2	6937.57	0
3.923	1	3	3	3988.94	0
3.924	1	4	4	26767.4	0
3.925	1	2	5	38899	0
3.961	1	5	1	21702.7	0
3.962	1	1	2	6937.57	0
3.963	1	3	3	3988.94	0
3.964	1	4	4	26767.4	0
3.965	1	2	5	38899	0
4.001	1	5	1	21702.7	0
4.002	1	1	2	6937.57	0
4.003	1	3	3	3988.94	0
4.004	1	4	4	26767.4	0
4.005	1	2	5	38899	0
4.041	1	5	1	21702.7	0
4.042	1	1	2	6937.57	0
4.043	1	3	3	3988.94	0
4.044	1	4	4	26767.4	0
4.045	1	2	5	38899	0
4.081	1	5	1	21702.7	0
4.082	1	1	2	6937.57	0
4.083	1	3	3	3988.94	0
4.084	1	4	4	26767.4	0
4.085	1	2	5	38899	0
4.121	1	5	1	21702.7	0
4.122	1	1	2	6937.57	0
4.123	1	3	3	3988.94	0
4.124	1	4	4	26767.4	0
4.125	1	2	5	38899	0
4.161	1	5	1	21702.7	0
4.162	1	1	2	6937.57	0
4.163	1	3	3	3988.94	0
4.164	1	4	4	26767.4	0
4.165	1	2	5	38899	0
4.201	1	5	1	21702.7	0
4.202	1	1	2	6937.57	0
4.203	1	3	3	3988.94	0
4.204	1	4	4	26767.4	0
4.205	1	2	5	38899	0
4.241	1	5	1	21702.7	0
4.242	1	1	2	6937.57	0
4.243	1	3	3	3988.94	0
4.244	1	4	4	26767.4	0
4.245	1	2	5	38899	0
4.281	1	5	1	21702.7	0
4.282	1	1	2	6937.57	0
4.283	1	3	3	3988.94	0
4.284	1	4	4	26767.4	0
4.285	1	2	5	38899	0
4.321	1	5	1	21702.7	0
4.322	1	1	2	6937.57	0
4.323	1	3	3	3988.94	0
4.324	1	4	4	26767.4	0
4.325	1	2	5	38899	0
4.361	1	5	1	21702.7	0
4.362	1	1	2	6937.57	0
4.363	1	3	3	3988.94	0
4.364	1	4	4	26767.4	0
4.365	1	2	5	38899	0
4.401	1	5	1	21702.7	0
4.402	1	1	2	6937.57	0
4.403	1	3	3	3988.94	0
4.404	1	4	4	26767.4	0
4.405	1	2	5	38899	0
4.441	1	5	1	21702.7	0
4.442	1	1	2	6937.57	0
4.443	1	3	3	3988.94	0
4.444	1	4	4	26767.4	0
4.445	1	2	5	38899	0
4.481	1	5	1	21702.7	0
4.482	1	1	2	6937.57	0
4.483	1	3	3	3988.94	0
4.484	1	4	4	26767.4	0
4.485	1	2	5	38899	0
4.521	1	5	1	21702.7	0
4.522	1	1	2	6937.57	0
4.523	1	3	3	3988.94	0
4.524	1	4	4	26767.4	0
4.525	1	2	5	38899	0
4.561	1	5	1	21702.7	0
4.562	1	1	2	6937.57	0
4.563	1	3	3	3988.94	0
4.564	1	4	4	26767.4	0
4.565	1	2	5	38899	0
4.601	1	5	1	21702.7	0
4.602	1	1	2	6937.57	0
4.603	1	3	3	3988.94	0
4.604	1	4	4	26767.4	0
4.605	1	2	5	38899	0
4.641	1	5	1	21702.7	0
4.642	1	1	2	6937.57	0
4.643	1	3	3	3988.94	0
4.644	1	4	4	26767.4	0
4.645	1	2	5	38899	0
4.681	1	5	1	21702.7	0
4.682	1	1	2	6937.57	0
4.683	1	3	3	3988.94	0
4.684	1	4	4	26767.4	0
4.685	1	2	5	38899	0
4.721	1	5	1	21702.7	0
4.722	1	1	2	6937.57	0
4.723	1	3	3	3988.94	0
4.724	1	4	4	26767.4	0
4.725	1	2	5	38899	0
4.761	1	5	1	21702.7	0
4.762	1	1	2	6937.57	0
4.763	1	3	3	3988.94	0
4.764	1	4	4	26767.4	0
4.765	1	2	5	38899	0
4.801	1	5	1	21702.7	0
4.802	1	1	2	6937.57	0
4.803	1	3	3	3988.94	0
4.804	1	4	4	26767.4	0
4.805	1	2	5	38899	0
4.841	1	5	1	21702.7	0
4.842	1	1	2	6937.57	0
4.843	1	3	3	3988.94	0
4.844	1	4	4	26767.4	0
4.845	1	2	5	38899	0
4.881	1	5	1	21702.7	0
4.882	1	1	2	6937.57	0
4.883	1	3	3	3988.94	0
4.884	1	4	4	26767.4	0
4.885	1	2	5	38899	0
4.921	1	5	1	21702.7	0
4.922	1	1	2	6937.57	0
4.923	1	3	3	3988.94	0
4.924	1	4	4	26767.4	0
4.925	1	2	5	38899	0
4.961	1	5	1	21702.7	0
4.962	1	1	2	6937.57	0
4.963	1	3	3	3988.94	0
4.964	1	4	4	26767.4	0
4.965	1	2	5	38899	0
5.001	1	5	1	21702.7	0
5.002	1	1	2	6937.57	0
5.003	1	3	3	3988.94	0
5.004	1	4	4	26767.4	0
5.005	1	2	5	38899	0
5.041	1	5	1	21702.7	0
5.042	1	1	2	6937.57	0
5.043	1	3	3	3988.94	0
5.044	1	4	4	26767.4	0
5.045	1	2	5	38899	0
5.081	1	5	1	21702.7	0
5.082	1	1	2	6937.57	0
5.083	1	3	3	3988.94	0
5.084	1	4	4	26767.4	0
5.085	1	2	5	38899	0
5.121	1	5	1	21702.7	0
5.122	1	1	2	6937.57	0
5.123	1	3	3	3988.94	0
5.124	1	4	4	26767.4	0
5.125	1	2	5	38899	0
5.161	1	5	1	21702.7	0
5.162	1	1	2	6937.57	0
5.163	1	3	3	3988.94	0
5.164	1	4	4	26767.4	0
5.165	1	2	5	38899	0
5.201	1	5	1	21702.7	0
5.202	1	1	2	6937.57	0
5.203	1	3	3	3988.94	0
5.204	1	4	4	26767.4	0
5.205	1	2	5	38899	0
5.241	1	5	1	21702.7	0
5.242	1	1	2	6937.57	0
5.243	1	3	3	3988.94	0
5.244	1	4	4	26767.4	0
5.245	1	2	5	38899	0
5.281	1	5	1	21702.7	0
5.282	1	1	2	6937.57	0
5.283	1	3	3	3988.94	0
5.284	1	4	4	26767.4	0
5.285	1	2	5	38899	0
5.321	1	5	1	21702.7	0
5.322	1	1	2	6937.57	0
5.323	1	3	3	3988.94	0
5.324	1	4	4	26767.4	0
5.325	1	2	5	38899	0
5.361	1	5	1	21702.7	0
5.362	1	1	2	6937.57	0
5.363	1	3	3	3988.94	0
5.364	1	4	4	26767.4	0
5.365	1	2	5	38899	0
5.401	1	5	1	21702.7	0
5.402	1	1	2	6937.57	0
5.403	1	3	3	3988.94	0
5.404	1	4	4	26767.4	0
5.405	1	2	5	38899	0
5.441	1	5	1	21702.7	0
5.442	1	1	2	6937.57	0
5.443	1	3	3	3988.94	0
5.444	1	4	4	26767.4	0
5.445	1	2	5	38899	0
5.481	1	5	1	21702.7	0
5.482	1	1	2	6937.57	0
5.483	1	3	3	3988.94	0
5.484	1	4	4	26767.4	0
5.485	1	2	5	38899	0
5.521	1	5	1	21702.7	0
5.522	1	1	2	6937.57	0
5.523	1	3	3	3988.94	0
5.524	1	4	4	26767.4	0
5.525	1	2	5	38899	0
5.561	1	5	1	21702.7	0
5.562	1	1	2	6937.57	0
5.563	1	3	3	3988.94	0
5.564	1	4	4	26767.4	0
5.565	1	2	5	38899	0
5.601	1	5	1	21702.7	0
5.602	1	1	2	6937.57	0
5.603	1	3	3	3988.94	0
5.604	1	4	4	26767.4	0
5.605	1	2	5	38899	0
5.641	1	5	1	21702.7	0
5.642	1	1	2	6937.57	0
5.643	1	3	3	3988.94	0
5.644	1	4	4	26767.4	0
5.645	1	2	5	38899	0
5.681	1	5	1	21702.7	0
5.682	1	1	2	6937.57	0
5.683	1	3	3	3988.94	0
5.684	1	4	4	26767.4	0
5.685	1	2	5	38899	0
5.721	1	5	1	21702.7	0
5.722	1	1	2	6937.57	0
5.723	1	3	3	3988.94	0
5.724	1	4	4	26767.4	0
5.725	1	2	5	38899	0
5.761	1	5	1	21702.7	0
5.762	1	1	2	6937.57	0
5.763	1	3	3	3988.94	0
5.764	1	4	4	26767.4	0
5.765	1	2	5	38899	0
5.801	1	5	1	21702.7	0
5.802	1	1	2	6937.57	0
5.803	1	3	3	3988.94	0
5.804	1	4	4	26767.4	0
5.805	1	2	5	38899	0
5.841	1	5	1	21702.7	0
5.842	1	1	2	6937.57	0
5.843	1	3	3	3988.94	0
5.844	1	4	4	26767.4	0
5.845	1	2	5	38899	0
5.881	1	5	1	21702.7	0
5.882	1	1	2	6937.57	0
5.883	1	3	3	3988.94	0
5.884	1	4	4	26767.4	0
5.885	1	2	5	38899	0
5.921	1	5	1	21702.7	0
5.922	1	1	2	6937.57	0
5.923	1	3	3	3988.94	0
5.924	1	4	4	26767.4	0
5.925	1	2	5	38899	0
5.961	1	5	1	21702.7	0
5.962	1	1	2	6937.57	0
5.963	1	3	3	3988.94	0
5.964	1	4	4	26767.4	0
5.965	1	2	5	38899	0
6.001	1	5	1	21702.7	0
6.002	1	1	2	6937.57	0
6.003	1	3	3	3988.94	0
6.004	1	4	4	26767.4	0
6.005	1	2	5	38899	0
6.041	1	5	1	21702.7	0
6.042	1	1	2	6937.57	0
6.043	1	3	3	3988.94	0
6.044	1	4	4	26767.4	0
6.045	1	2	5	38899	0
6.081	1	5	1	21702.7	0
6.082	1	1	2	6937.57	0
6.083	1	3	3	3988.94	0
6.084	1	4	4	26767.4	0
6.085	1	2	5	38899	0
6.121	1	5	1	21702.7	0
6.122	1	1	2	6937.57	0
6.123	1	3	3	3988.94	0
6.124	1	4	4	26767.4	0
6.125	1	2	5	38899	0
6.161	1	5	1	21702.7	0
6.162	1	1	2	6937.57	0
6.163	1	3	3	3988.94	0
6.164	1	4	4	26767.4	0
6.165	1	2	5	38899	0
6.201	1	5	1	21702.7	0
6.202	1	1	2	6937.57	0
6.203	1	3	3	3988.94	0
6.204	1	4	4	26767.4	0
6.205	1	2	5	38899	0
6.241	1	5	1	21702.7	0
6.242	1	1	2	6937.57	0
6.243	1	3	3	3988.94	0
6.244	1	4	4	26767.4	0
6.245	1	2	5	38899	0
6.281	1	5	1	21702.7	0
6.282	1	1	2	6937.57	0
6.283	1	3	3	3988.94	0
6.284	1	4	4	26767.4	0
6.285	1	2	5	38899	0
6.321	1	5	1	21702.7	0
6.322	1	1	2	6937.57	0
6.323	1	3	3	3988.94	0
6.324	1	4	4	26767.4	0
6.325	1	2	5	38899	0
6.361	1	5	1	21702.7	0
6.362	1	1	2	6937.57	0
6.363	1	3	3	3988.94	0
6.364	1	4	4	26767.4	0
6.365	1	2	5	38899	0
6.401	1	5	1	21702.7	0
6.402	1	1	2	6937.57	0
6.403	1	3	3	3988.94	0
6.404	1	4	4	26767.4	0
6.405	1	2	5	38899	0
6.441	1	5	1	21702.7	0
6.442	1	1	2	6937.57	0
6.443	1	3	3	3988.94	0
6.444	1	4	4	26767.4	0
6.445	1	2	5	38899	0
6.481	1	5	1	21702.7	0
6.482	1	1	2	6937.57	0
6.483	1	3	3	3988.94	0
6.484	1	4	4	26767.4	0
6.485	1	2	5	38899	0
6.521	1	5	1	21702.7	0
6.522	1	1	2	6937.57	0
6.523	1	3	3	3988.94	0
6.524	1	4	4	26767.4	0
6.525	1	2	5	38899	0
6.561	1	5	1	21702.7	0
6.562	1	1	2	6937.57	0
6.563	1	3	3	3988.94	0
6.564	1	4	4	26767.4	0
6.565	1	2	5	38899	0
6.601	1	5	1	21702.7	0
6.602	1	1	2	6937.57	0
6.603	1	3	3	3988.94	0
6.604	1	4	4	26767.4	0
6.605	1	2	5	38899	0
6.641	1	5	1	21702.7	0
6.642	1	1	2	6937.57	0
6.643	1	3	3	3988.94	0
6.644	1	4	4	26767.4	0
6.645	1	2	5	38899	0
6.681	1	5	1	21702.7	0
6.682	1	1	2	6937.57	0
6.683	1	3	3	3988.94	0
6.684	1	4	4	26767.4	0
6.685	1	2	5	38899	0
6.721	1	5	1	21702.7	0
6.722	1	1	2	6937.57	0
6.723	1	3	3	3988.94	0
6.724	1	4	4	26767.4	0
6.725	1	2	5	38899	0
6.761	1	5	1	21702.7	0
6.762	1	1	2	6937.57	0
6.763	1	3	3	3988.94	0
6.764	1	4	4	26767.4	0
6.765	1	2	5	38899	0
6.801	1	5	1	21702.7	0
6.802	1	1	2	6937.57	0
6.803	1	3	3	3988.94	0
6.804	1	4	4	26767.4	0
6.805	1	2	5	38899	0
6.841	1	5	1	21702.7	0
6.842	1	1	2	6937.57	0
6.843	1	3	3	3988.94	0
6.844	1	4	4	26767.4	0
6.845	1	2	5	38899	0
6.881	1	5	1	21702.7	0
6.882	1	1	2	6937.57	0
6.883	1	3	3	3988.94	0
6.884	1	4	4	26767.4	0
6.885	1	2	5	38899	0
6.921	1	5	1	21702.7	0
6.922	1	1	2	6937.57	0
6.923	1	3	3	3988.94	0
6.924	1	4	4	26767.4	0
6.925	1	2	5	38899	0
6.961	1	5	1	21702.7	0
6.962	1	1	2	6937.57	0
6.963	1	3	3	3988.94	0
6.964	1	4	4	26767.4	0
6.965	1	2	5	38899	0
7.001	1	5	1	21702.7	0
7.002	1	1	2	6937.57	0
7.003	1	3	3	3988.94	0
7.004	1	4	4	26767.4	0
7.005	1	2	5	38899	0
7.041	1	5	1	21702.7	0
7.042	1	1	2	6937.57	0
7.043	1	3	3	3988.94	0
7.044	1	4	4	26767.4	0
7.045	1	2	5	38899	0
7.081	1	5	1	21702.7	0
7.082	1	1	2	6937.57	0
7.083	1	3	3	3988.94	0
7.084	1	4	4	26767.4	0
7.085	1	2	5	38899	0
7.121	1	5	1	21702.7	0
7.122	1	1	2	6937.57	0
7.123	1	3	3	3988.94	0
7.124	1	4	4	26767.4	0
7.125	1	2	5	38899	0
7.161	1	5	1	21702.7	0
7.162	1	1	2	6937.57	0
7.163	1	3	3	3988.94	0
7.164	1	4	4	26767.4	0
7.165	1	2	5	38899	0
7.201	1	5	1	21702.7	0
7.202	1	1	2	6937.57	0
7.203	1	3	3	3988.94	0
7.204	1	4	4	26767.4	0
7.205	1	2	5	38899	0
7.241	1	5	1	21702.7	0
7.242	1	1	2	6937.57	0
7.243	1	3	3	3988.94	0
7.244	1	4	4	26767.4	0
7.245	1	2	5	38899	0
7.281	1	5	1	21702.7	0
7.282	1	1	2	6937.57	0
7.283	1	3	3	3988.94	0
7.284	1	4	4	26767.4	0
7.285	1	2	5	38899	0
7.321	1	5	1	21702.7	0
7.322	1	1	2	6937.57	0
7.323	1	3	3	3988.94	0
7.324	1	4	4	26767.4	0
7.325	1	2	5	38899	0
7.361	1	5	1	21702.7	0
7.362	1	1	2	6937.57	0
7.363	1	3	3	3988.94	0
7.364	1	4	4	26767.4	0
7.365	1	2	5	38899	0
7.401	1	5	1	21702.7	0
7.402	1	1	2	6937.57	0
7.403	1	3	3	3988.94	0
7.404	1	4	4	26767.4	0
7.405	1	2	5	38899	0
7.441	1	5	1	21702.7	0
7.442	1	1	2	6937.57	0
7.443	1	3	3	3988.94	0
7.444	1	4	4	26767.4	0
7.445	1	2	5	38899	0
7.481	1	5	1	21702.7	0
7.482	1	1	2	6937.57	0
7.483	1	3	3	3988.94	0
7.484	1	4	4	26767.4	0
7.485	1	2	5	38899	0
7.521	1	5	1	21702.7	0
7.522	1	1	2	6937.57	0
7.523	1	3	3	3988.94	0
7.524	1	4	4	26767.4	0
7.525	1	2	5	38899	0
7.561	1	5	1	21702.7	0
7.562	1	1	2	6937.57	0
7.563	1	3	3	3988.94	0
7.564	1	4	4	26767.4	0
7.565	1	2	5	38899	0
7.601	1	5	1	21702.7	0
7.602	1	1	2	6937.57	0
7.603	1	3	3	3988.94	0
7.604	1	4	4	26767.4	0
7.605	1	2	5	38899	0
7.641	1	5	1	21702.7	0
7.642	1	1	2	6937.57	0
7.643	1	3	3	3988.94	0
7.644	1	4	4	26767.4	0
7.645	1	2	5	38899	0
7.681	1	5	1	21702.7	0
7.682	1	1	2	6937.57	0
7.683	1	3	3	3988.94	0
7.684	1	4	4	26767.4	0
7.685	1	2	5	38899	0
7.721	1	5	1	21702.7	0
7.722	1	1	2	6937.57	0
7.723	1	3	3	3988.94	0
7.724	1	4	4	26767.4	0
7.725	1	2	5	38899	0
7.761	1	5	1	21702.7	0
7.762	1	1	2	6937.57	0
7.763	1	3	3	3988.94	0
7.764	1	4	4	26767.4	0
7.765	1	2	5	38899	0
7.801	1	5	1	21702.7	0
7.802	1	1	2	6937.57	0
7.803	1	3	3	3988.94	0
7.804	1	4	4	26767.4	0
7.805	1	2	5	38899	0
7.841	1	5	1	21702.7	0
7.842	1	1	2	6937.57	0
7.843	1	3	3	3988.94	0
7.844	1	4	4	26767.4	0
7.845	1	2	5	38899	0
7.881	1	5	1	21702.7	0
7.882	1	1	2	6937.57	0
7.883	1	3	3	3988.94	0
7.884	1	4	4	26767.4	0
7.885	1	2	5	38899	0
7.921	1	5	1	21702.7	0
7.922	1	1	2	6937.57	0
7.923	1	3	3	3988.94	0
7.924	1	4	4	26767.4	0
7.925	1	2	5	38899	0
7.961	1	5	1	21702.7	0
7.962	1	1	2	6937.57	0
7.963	1	3	3	3988.94	0
7.964	1	4	4	26767.4	0
7.965	1	2	5	38899	0
8.001	1	5	1	21702.7	0
8.002	1	1	2	6937.57	0
8.003	1	3	3	3988.94	0
8.004	1	4	4	26767.4	0
8.005	1	2	5	38899	0
8.041	1	5	1	21702.7	0
8.042	1	1	2	6937.57	0
8.043	1	3	3	3988.94	0
8.044	1	4	4	26767.4	0
8.045	1	2	5	38899	0
8.081	1	5	1	21702.7	0
8.082	1	1	2	6937.57	0
8.083	1	3	3	3988.94	0
8.084	1	4	4	26767.4	0
8.085	1	2	5	38899	0
8.121	1	5	1	21702.7	0
8.122	1	1	2	6937.57	0
8.123	1	3	3	3988.94	0
8.124	1	4	4	26767.4	0
8.125	1	2	5	38899	0
8.161	1	5	1	21702.7	0
8.162	1	1	2	6937.57	0
8.163	1	3	3	3988.94	0
8.164	1	4	4	26767.4	0
8.165	1	2	5	38899	0
8.201	1	5	1	21702.7	0
8.202	1	1	2	6937.57	0
8.203	1	3	3	3988.94	0
8.204	1	4	4	26767.4	0
8.205	1	2	5	38899	0
8.241	1	5	1	21702.7	0
8.242	1	1	2	6937.57	0
8.243	1	3	3	3988.94	0
8.244	1	4	4	26767.4	0
8.245	1	2	5	38899	0
8.281	1	5	1	21702.7	0
8.282	1	1	2	6937.57	0
8.283	1	3	3	3988.94	0
8.284	1	4	4	26767.4	0
8.285	1	2	5	38899	0
8.321	1	5	1	21702.7	0
8.322	1	1	2	6937.57	0
8.323	1	3	3	3988.94	0
8.324	1	4	4	26767.4	0
8.325	1	2	5	38899	0
8.361	1	5	1	21702.7	0
8.362	1	1	2	6937.57	0
8.363	1	3	3	3988.94	0
8.364	1	4	4	26767.4	0
8.365	1	2	5	38899	0
8.401	1	5	1	21702.7	0
8.402	1	1	2	6937.57	0
8.403	1	3	3	3988.94	0
8.404	1	4	4	26767.4	0
8.405	1	2	5	38899	0
8.441	1	5	1	21702.7	0
8.442	1	1	2	6937.57	0
8.443	1	3	3	3988.94	0
8.444	1	4	4	26767.4	0
8.445	1	2	5	38899	0
8.481	1	5	1	21702.7	0
8.482	1	1	2	6937.57	0
8.483	1	3	3	3988.94	0
8.484	1	4	4	26767.4	0
8.485	1	2	5	38899	0
8.521	1	5	1	21702.7	0
8.522	1	1	2	6937.57	0
8.523	1	3	3	3988.94	0
8.524	1	4	4	26767.4	0
8.525	1	2	5	38899	0
8.561	1	5	1	21702.7	0
8.562	1	1	2	6937.57	0
8.563	1	3	3	3988.94	0
8.564	1	4	4	26767.4	0
8.565	1	2	5	38899	0
8.601	1	5	1	21702.7	0
8.602	1	1	2	6937.57	0
8.603	1	3	3	3988.94	0
8.604	1	4	4	26767.4	0
8.605	1	2	5	38899	0
8.641	1	5	1	21702.7	0
8.642	1	1	2	6937.57	0
8.643	1	3	3	3988.94	0
8.644	1	4	4	26767.4	0
8.645	1	2	5	38899	0
8.681	1	5	1	21702.7	0
8.682	1	1	2	6937.57	0
8.683	1	3	3	3988.94	0
8.684	1	4	4	26767.4	0
8.685	1	2	5	38899	0
8.721	1	5	1	21702.7	0
8.722	1	1	2	6937.57	0
8.723	1	3	3	3988.94	0
8.724	1	4	4	26767.4	0
8.725	1	2	5	38899	0
8.761	1	5	1	21702.7	0
8.762	1	1	2	6937.57	0
8.763	1	3	3	3988.94	0
8.764	1	4	4	26767.4	0
8.765	1	2	5	38899	0
8.801	1	5	1	21702.7	0
8.802	1	1	2	6937.57	0
8.803	1	3	3	3988.94	0
8.804	1	4	4	26767.4	0
8.805	1	2	5	38899	0
8.841	1	5	1	21702.7	0
8.842	1	1	2	6937.57	0
8.843	1	3	3	3988.94	0
8.844	1	4	4	26767.4	0
8.845	1	2	5	38899	0
8.881	1	5	1	21702.7	0
8.882	1	1	2	6937.57	0
8.883	1	3	3	3988.94	0
8.884	1	4	4	26767.4	0
8.885	1	2	5	38899	0
8.921	1	5	1	21702.7	0
8.922	1	1	2	6937.57	0
8.923	1	3	3	3988.94	0
8.924	1	4	4	26767.4	0
8.925	1	2	5	38899	0
8.961	1	5	1	21702.7	0
8.962	1	1	2	6937.57	0
8.963	1	3	3	3988.94	0
8.964	1	4	4	26767.4	0
8.965	1	2	5	38899	0
9.001	1	5	1	21702.7	0
9.002	1	1	2	6937.57	0
9.003	1	3	3	3988.94	0
9.004	1	4	4	26767.4	0
9.005	1	2	5	38899	0
9.041	1	5	1	21702.7	0
9.042	1	1	2	6937.57	0
9.043	1	3	3	3988.94	0
9.044	1	4	4	26767.4	0
9.045	1	2	5	38899	0
9.081	1	5	1	21702.7	0
9.082	1	1	2	6937.57	0
9.083	1	3	3	3988.94	0
9.084	1	4	4	26767.4	0
9.085	1	2	5	38899	0
9.121	1	5	1	21702.7	0
9.122	1	1	2	6937.57	0
9.123	1	3	3	3988.94	0
9.124	1	4	4	26767.4	0
9.125	1	2	5	38899	0
9.161	1	5	1	21702.7	0
9.162	1	1	2	6937.57	0
9.163	1	3	3	3988.94	0
9.164	1	4	4	26767.4	0
9.165	1	2	5	38899	0
9.201	1	5	1	21702.7	0
9.202	1	1	2	6937.57	0
9.203	1	3	3	3988.94	0
9.204	1	4	4	26767.4	0
9.205	1	2	5	38899	0
9.241	1	5	1	21702.7	0
9.242	1	1	2	6937.57	0
9.243	1	3	3	3988.94	0
9.244	1	4	4	26767.4	0
9.245	1	2	5	38899	0
9.281	1	5	1	21702.7	0
9.282	1	1	2	6937.57	0
9.283	1	3	3	3988.94	0
9.284	1	4	4	26767.4	0
9.285	1	2	5	38899	0
9.321	1	5	1	21702.7	0
9.322	1	1	2	6937.57	0
9.323	1	3	3	3988.94	0
9.324	1	4	4	26767.4	0
9.325	1	2	5	38899	0
9.361	1	5	1	21702.7	0
9.362	1	1	2	6937.57	0
9.363	1	3	3	3988.94	0
9.364	1	4	4	26767.4	0
9.365	1	2	5	38899	0
9.401	1	5	1	21702.7	0
9.402	1	1	2	6937.57	0
9.403	1	3	3	3988.94	0
9.404	1	4	4	26767.4	0
9.405	1	2	5	38899	0
9.441	1	5	1	21702.7	0
9.442	1	1	2	6937.57	0
9.443	1	3	3	3988.94	0
9.444	1	4	4	26767.4	0
9.445	1	2	5	38899	0
9.481	1	5	1	21702.7	0
9.482	1	1	2	6937.57	0
9.483	1	3	3	3988.94	0
9.484	1	4	4	26767.4	0
9.485	1	2	5	38899	0
9.521	1	5	1	21702.7	0
9.522	1	1	2	6937.57	0
9.523	1	3	3	3988.94	0
9.524	1	4	4	26767.4	0
9.525	1	2	5	38899	0
9.561	1	5	1	21702.7	0
9.562	1	1	2	6937.57	0
9.563	1	3	3	3988.94	0
9.564	1	4	4	26767.4	0
9.565	1	2	5	38899	0
9.601	1	5	1	21702.7	0
9.602	1	1	2	6937.57	0
9.603	1	3	3	3988.94	0
9.604	1	4	4	26767.4	0
9.605	1	2	5	38899	0
9.641	1	5	1	21702.7	0
9.642	1	1	2	6937.57	0
9.643	1	3	3	3988.94	0
9.644	1	4	4	26767.4	0
9.645	1	2	5	38899	0
9.681	1	5	1	21702.7	0
9.682	1	1	2	6937.57	0
9.683	1	3	3	3988.94	0
9.684	1	4	4	26767.4	0
9.685	1	2	5	38899	0
9.721	1	5	1	21702.7	0
9.722	1	1	2	6937.57	0
9.723	1	3	3	3988.94	0
9.724	1	4	4	26767.4	0
9.725	1	2	5	38899	0
9.761	1	5	1	21702.7	0
9.762	1	1	2	6937.57	0
9.763	1	3	3	3988.94	0
9.764	1	4	4	26767.4	0
9.765	1	2	5	38899	0
9.801	1	5	1	21702.7	0
9.802	1	1	2	6937.57	0
9.803	1	3	3	3988.94	0
9.804	1	4	4	26767.4	0
9.805	1	2	5	38899	0
9.841	1	5	1	21702.7	0
9.842	1	1	2	6937.57	0
9.843	1	3	3	3988.94	0
9.844	1	4	4	26767.4	0
9.845	1	2	5	38899	0
9.881	1	5	1	21702.7	0
9.882	1	1	2	6937.57	0
9.883	1	3	3	3988.94	0
9.884	1	4	4	26767.4	0
9.885	1	2	5	38899	0
9.921	1	5	1	21702.7	0
9.922	1	1	2	6937.57	0
9.923	1	3	3	3988.94	0
9.924	1	4	4	26767.4	0
9.925	1	2	5	38899	0
9.961	1	5	1	21702.7	0
9.962	1	1	2	6937.57	0
9.963	1	3	3	3988.94	0
9.964	1	4	4	26767.4	0
9.965	1	2	5	38899	0
10.001	1	5	1	21702.7	0
10.002	1	1	2	6937.57	0
10.003	1	3	3	3988.94	0
10.004	1	4	4	26767.4	0
10.005	1	2	5	38899	0
10.041	1	5	1	21702.7	0
10.042	1	1	2	6937.57	0
10.043	1	3	3	3988.94	0
10.044	1	4	4	26767.4	0
10.045	1	2	5	38899	0
10.081	1	5	1	21702.7	0
10.082	1	1	2	6937.57	0
10.083	1	3	3	3988.94	0
10.084	1	4	4	26767.4	0
10.085	1	2	5	38899	0
10.121	1	5	1	21702.7	0
10.122	1	1	2	6937.57	0
10.123	1	3	3	3988.94	0
10.124	1	4	4	26767.4	0
10.125	1	2	5	38899	0
10.161	1	5	1	21702.7	0
10.162	1	1	2	6937.57	0
10.163	1	3	3	3988.94	0
10.164	1	4	4	26767.4	0
10.165	1	2	5	38899	0
10.201	1	5	1	21702.7	0
10.202	1	1	2	6937.57	0
10.203	1	3	3	3988.94	0
10.204	1	4	4	26767.4	0
10.205	1	2	5	38899	0
10.241	1	5	1	21702.7	0
10.242	1	1	2	6937.57	0
10.243	1	3	3	3988.94	0
10.244	1	4	4	26767.4	0
10.245	1	2	5	38899	0
10.281	1	5	1	21702.7	0
10.282	1	1	2	6937.57	0
10.283	1	3	3	3988.94	0
10.284	1	4	4	26767.4	0
10.285	1	2	5	38899	0
10.321	1	5	1	21702.7	0
10.322	1	1	2	6937.57	0
10.323	1	3	3	3988.94	0
10.324	1	4	4	26767.4	0
10.325	1	2	5	38899	0
10.361	1	5	1	21702.7	0
10.362	1	1	2	6937.57	0
10.363	1	3	3	3988.94	0
10.364	1	4	4	26767.4	0
10.365	1	2	5	38899	0
10.401	1	5	1	21702.7	0
10.402	1	1	2	6937.57	0
10.403	1	3	3	3988.94	0
10.404	1	4	4	26767.4	0
10.405	1	2	5	38899	0
10.441	1	5	1	21702.7	0
10.442	1	1	2	6937.57	0
10.443	1	3	3	3988.94	0
10.444	1	4	4	26767.4	0
10.445	1	2	5	38899	0
10.481	1	5	1	21702.7	0
10.482	1	1	2	6937.57	0
10.483	1	3	3	3988.94	0
10.484	1	4	4	26767.4	0
10.485	1	2	5	38899	0
10.521	1	5	1	21702.7	0
10.522	1	1	2	6937.57	0
10.523	1	3	3	3988.94	0
10.524	1	4	4	26767.4	0
10.525	1	2	5	38899	0
10.561	1	5	1	21702.7	0
10.562	1	1	2	6937.57	0
10.563	1	3	3	3988.94	0
10.564	1	4	4	26767.4	0
10.565	1	2	5	38899	0
10.601	1	5	1	21702.7	0
10.602	1	1	2	6937.57	0
10.603	1	3	3	3988.94	0
10.604	1	4	4	26767.4	0
10.605	1	2	5	38899	0
10.641	1	5	1	21702.7	0
10.642	1	1	2	6937.57	0
10.643	1	3	3	3988.94	0
10.644	1	4	4	26767.4	0
10.645	1	2	5	38899	0
10.681	1	5	1	21702.7	0
10.682	1	1	2	6937.57	0
10.683	1	3	3	3988.94	0
10.684	1	4	4	26767.4	0
10.685	1	2	5	38899	0
10.721	1	5	1	21702.7	0
10.722	1	1	2	6937.57	0
10.723	1	3	3	3988.94	0
10.724	1	4	4	26767.4	0
10.725	1	2	5	38899	0
10.761	1	5	1	21702.7	0
10.762	1	1	2	6937.57	0
10.763	1	3	3	3988.94	0
10.764	1	4	4	26767.4	0
10.765	1	2	5	38899	0
10.801	1	5	1	21702.7	0
10.802	1	1	2	6937.57	0
10.803	1	3	3	3988.94	0
10.804	1	4	4	26767.4	0
10.805	1	2	5	38899	0
10.841	1	5	1	21702.7	0
10.842	1	1	2	6937.57	0
10.843	1	3	3	3988.94	0
10.844	1	4	4	26767.4	0
10.845	1	2	5	38899	0
10.881	1	5	1	21702.7	0
10.882	1	1	2	6937.57	0
10.883	1	3	3	3988.94	0
10.884	1	4	4	26767.4	0
10.885	1	2	5	38899	0
10.921	1	5	1	21702.7	0
10.922	1	1	2	6937.57	0
10.923	1	3	3	3988.94	0
10.924	1	4	4	26767.4	0
10.925	1	2	5	38899	0
10.961	1	5	1	21702.7	0
10.962	1	1	2	6937.57	0
10.963	1	3	3	3988.94	0
10.964	1	4	4	26767.4	0
10.965	1	2	5	38899	0
11.001	1	5	1	21702.7	0
11.002	1	1	2	6937.57	0
11.003	1	3	3	3988.94	0
11.004	1	4	4	26767.4	0
11.005	1	2	5	38899	0
11.041	1	5	1	21702.7	0
11.042	1	1	2	6937.57	0
11.043	1	3	3	3988.94	0
11.044	1	4	4	26767.4	0
11.045	1	2	5	38899	0
11.081	1	5	1	21702.7	0
11.082	1	1	2	6937.57	0
11.083	1	3	3	3988.94	0
11.084	1	4	4	26767.4	0
11.085	1	2	5	38899	0
11.121	1	5	1	21702.7	0
11.122	1	1	2	6937.57	0
11.123	1	3	3	3988.94	0
11.124	1	4	4	26767.4	0
11.125	1	2	5	38899	0
11.161	1	5	1	21702.7	0
11.162	1	1	2	6937.57	0
11.163	1	3	3	3988.94	0
11.164	1	4	4	26767.4	0
11.165	1	2	5	38899	0
11.201	1	5	1	21702.7	0
11.202	1	1	2	6937.57	0
11.203	1	3	3	3988.94	0
11.204	1	4	4	26767.4	0
11.205	1	2	5	38899	0
11.241	1	5	1	21702.7	0
11.242	1	1	2	6937.57	0
11.243	1	3	3	3988.94	0
11.244	1	4	4	26767.4	0
11.245	1	2	5	38899	0
11.281	1	5	1	21702.7	0
11.282	1	1	2	6937.57	0
11.283	1	3	3	3988.94	0
11.284	1	4	4	26767.4	0
11.285	1	2	5	38899	0
11.321	1	5	1	21702.7	0
11.322	1	1	2	6937.57	0
11.323	1	3	3	3988.94	0
11.324	1	4	4	26767.4	0
11.325	1	2	5	38899	0
11.361	1	5	1	21702.7	0
11.362	1	1	2	6937.57	0
11.363	1	3	3	3988.94	0
11.364	1	4	4	26767.4	0
11.365	1	2	5	38899	0
11.401	1	5	1	21702.7	0
11.402	1	1	2	6937.57	0
11.403	1	3	3	3988.94	0
11.404	1	4	4	26767.4	0
11.405	1	2	5	38899	0
11.441	1	5	1	21702.7	0
11.442	1	1	2	6937.57	0
11.443	1	3	3	3988.94	0
11.444	1	4	4	26767.4	0
11.445	1	2	5	38899	0
11.481	1	5	1	21702.7	0
11.482	1	1	2	6937.57	0
11.483	1	3	3	3988.94	0
11.484	1	4	4	26767.4	0
11.485	1	2	5	38899	0
11.521	1	5	1	21702.7	0
11.522	1	1	2	6937.57	0
11.523	1	3	3	3988.94	0
11.524	1	4	4	26767.4	0
11.525	1	2	5	38899	0
11.561	1	5	1	21702.7	0
11.562	1	1	2	6937.57	0
11.563	1	3	3	3988.94	0
11.564	1	4	4	26767.4	0
11.565	1	2	5	38899	0
11.601	1	5	1	21702.7	0
11.602	1	1	2	6937.57	0
11.603	1	3	3	3988.94	0
11.604	1	4	4	26767.4	0
11.605	1	2	5	38899	0
11.641	1	5	1	21702.7	0
11.642	1	1	2	6937.57	0
11.643	1	3	3	3988.94	0
11.644	1	4	4	26767.4	0
11.645	1	2	5	38899	0
11.681	1	5	1	21702.7	0
11.682	1	1	2	6937.57	0
11.683	1	3	3	3988.94	0
11.684	1	4	4	26767.4	0
11.685	1	2	5	38899	0
11.721	1	5	1	21702.7	0
11.722	1	1	2	6937.57	0
11.723	1	3	3	3988.94	0
11.724	1	4	4	26767.4	0
11.725	1	2	5	38899	0
11.761	1	5	1	21702.7	0
11.762	1	1	2	6937.57	0
11.763	1	3	3	3988.94	0
11.764	1	4	4	26767.4	0
11.765	1	2	5	38899	0
11.801	1	5	1	21702.7	0
11.802	1	1	2	6937.57	0
11.803	1	3	3	3988.94	0
11.804	1	4	4	26767.4	0
11.805	1	2	5	38899	0
11.841	1	5	1	21702.7	0
11.842	1	1	2	6937.57	0
11.843	1	3	3	3988.94	0
11.844	1	4	4	26767.4	0
11.845	1	2	5	38899	0
11.881	1	5	1	21702.7	0
11.882	1	1	2	6937.57	0
11.883	1	3	3	3988.94	0
11.884	1	4	4	26767.4	0
11.885	1	2	5	38899	0
11.921	1	5	1	21702.7	0
11.922	1	1	2	6937.57	0
11.923	1	3	3	3988.94	0
11.924	1	4	4	26767.4	0
11.925	1	2	5	38899	0
11.961	1	5	1	21702.7	0
11.962	1	1	2	6937.57	0
11.963	1	3	3	3988.94	0
11.964	1	4	4	26767.4	0
11.965	1	2	5	38899	0
12.001	1	5	1	21702.7	0
12.002	1	1	2	6937.57	0
12.003	1	3	3	3988.94	0
12.004	1	4	4	26767.4	0
12.005	1	2	5	38899	0
12.041	1	5	1	21702.7	0
12.042	1	1	2	6937.57	0
12.043	1	3	3	3988.94	0
12.044	1	4	4	26767.4	0
12.045	1	2	5	38899	0
12.081	1	5	1	21702.7	0
12.082	1	1	2	6937.57	0
12.083	1	3	3	3988.94	0
12.084	1	4	4	26767.4	0
12.085	1	2	5	38899	0
12.121	1	5	1	21702.7	0
12.122	1	1	2	6937.57	0
12.123	1	3	3	3988.94	0
12.124	1	4	4	26767.4	0
12.125	1	2	5	38899	0
12.161	1	5	1	21702.7	0
12.162	1	1	2	6937.57	0
12.163	1	3	3	3988.94	0
12.164	1	4	4	26767.4	0
12.165	1	2	5	38899	0
12.201	1	5	1	21702.7	0
12.202	1	1	2	6937.57	0
12.203	1	3	3	3988.94	0
12.204	1	4	4	26767.4	0
12.205	1	2	5	38899	0
12.241	1	5	1	21702.7	0
12.242	1	1	2	6937.57	0
12.243	1	3	3	3988.94	0
12.244	1	4	4	26767.4	0
12.245	1	2	5	38899	0
12.281	1	5	1	21702.7	0
12.282	1	1	2	6937.57	0
12.283	1	3	3	3988.94	0
12.284	1	4	4	26767.4	0
12.285	1	2	5	38899	0
12.321	1	5	1	21702.7	0
12.322	1	1	2	6937.57	0
12.323	1	3	3	3988.94	0
12.324	1	4	4	26767.4	0
12.325	1	2	5	38899	0
12.361	1	5	1	21702.7	0
12.362	1	1	2	6937.57	0
12.363	1	3	3	3988.94	0
12.364	1	4	4	26767.4	0
12.365	1	2	5	38899	0
12.401	1	5	1	21702.7	0
12.402	1	1	2	6937.57	0
12.403	1	3	3	3988.94	0
12.404	1	4	4	26767.4	0
12.405	1	2	5	38899	0
12.441	1	5	1	21702.7	0
12.442	1	1	2	6937.57	0
12.443	1	3	3	3988.94	0
12.444	1	4	4	26767.4	0
12.445	1	2	5	38899	0
12.481	1	5	1	21702.7	0
12.482	1	1	2	6937.57	0
12.483	1	3	3	3988.94	0
12.484	1	4	4	26767.4	0
12.485	1	2	5	38899	0
12.521	1	5	1	21702.7	0
12.522	1	1	2	6937.57	0
12.523	1	3	3	3988.94	0
12.524	1	4	4	26767.4	0
12.525	1	2	5	38899	0
12.561	1	5	1	21702.7	0
12.562	1	1	2	6937.57	0
12.563	1	3	3	3988.94	0
12.564	1	4	4	26767.4	0
12.565	1	2	5	38899	0
12.601	1	5	1	21702.7	0
12.602	1	1	2	6937.57	0
12.603	1	3	3	3988.94	0
12.604	1	4	4	26767.4	0
12.605	1	2	5	38899	0
12.641	1	5	1	21702.7	0
12.642	1	1	2	6937.57	0
12.643	1	3	3	3988.94	0
12.644	1	4	4	26767.4	0
12.645	1	2	5	38899	0
12.681	1	5	1	21702.7	0
12.682	1	1	2	6937.57	0
12.683	1	3	3	3988.94	0
12.684	1	4	4	26767.4	0
12.685	1	2	5	38899	0
12.721	1	5	1	21702.7	0
12.722	1	1	2	6937.57	0
12.723	1	3	3	3988.94	0
12.724	1	4	4	26767.4	0
12.725	1	2	5	38899	0
12.761	1	5	1	21702.7	0
12.762	1	1	2	6937.57	0
12.763	1	3	3	3988.94	0
12.764	1	4	4	26767.4	0
12.765	1	2	5	38899	0
12.801	1	5	1	21702.7	0
12.802	1	1	2	6937.57	0
12.803	1	3	3	3988.94	0
12.804	1	4	4	26767.4	0
12.805	1	2	5	38899	0
12.841	1	5	1	21702.7	0
12.842	1	1	2	6937.57	0
12.843	1	3	3	3988.94	0
12.844	1	4	4	26767.4	0
12.845	1	2	5	38899	0
12.881	1	5	1	21702.7	0
12.882	1	1	2	6937.57	0
12.883	1	3	3	3988.94	0
12.884	1	4	4	26767.4	0
12.885	1	2	5	38899	0
12.921	1	5	1	21702.7	0
12.922	1	1	2	6937.57	0
12.923	1	3	3	3988.94	0
12.924	1	4	4	26767.4	0
12.925	1	2	5	38899	0
12.961	1	5	1	21702.7	0
12.962	1	1	2	6937.57	0
12.963	1	3	3	3988.94	0
12.964	1	4	4	26767.4	0
12.965	1	2	5	38899	0
13.001	1	5	1	21702.7	0
13.002	1	1	2	6937.57	0
13.003	1	3	3	3988.94	0
13.004	1	4	4	26767.4	0
13.005	1	2	5	38899	0
13.041	1	5	1	21702.7	0
13.042	1	1	2	6937.57	0
13.043	1	3	3	3988.94	0
13.044	1	4	4	26767.4	0
13.045	1	2	5	38899	0
13.081	1	5	1	21702.7	0
13.082	1	1	2	6937.57	0
13.083	1	3	3	3988.94	0
13.084	1	4	4	26767.4	0
13.085	1	2	5	38899	0
13.121	1	5	1	21702.7	0
13.122	1	1	2	6937.57	0
13.123	1	3	3	3988.94	0
13.124	1	4	4	26767.4	0
13.125	1	2	5	38899	0
13.161	1	5	1	21702.7	0
13.162	1	1	2	6937.57	0
13.163	1	3	3	3988.94	0
13.164	1	4	4	26767.4	0
13.165	1	2	5	38899	0
13.201	1	5	1	21702.7	0
13.202	1	1	2	6937.57	0
13.203	1	3	3	3988.94	0
13.204	1	4	4	26767.4	0
13.205	1	2	5	38899	0
13.241	1	5	1	21702.7	0
13.242	1	1	2	6937.57	0
13.243	1	3	3	3988.94	0
13.244	1	4	4	26767.4	0
13.245	1	2	5	38899	0
13.281	1	5	1	21702.7	0
13.282	1	1	2	6937.57	0
13.283	1	3	3	3988.94	0
13.284	1	4	4	26767.4	0
13.285	1	2	5	38899	0
13.321	1	5	1	21702.7	0
13.322	1	1	2	6937.57	0
13.323	1	3	3	3988.94	0
13.324	1	4	4	26767.4	0
13.325	1	2	5	38899	0
13.361	1	5	1	21702.7	0
13.362	1	1	2	6937.57	0
13.363	1	3	3	3988.94	0
13.364	1	4	4	26767.4	0
13.365	1	2	5	38899	0
13.401	1	5	1	21702.7	0
13.402	1	1	2	6937.57	0
13.403	1	3	3	3988.94	0
13.404	1	4	4	26767.4	0
13.405	1	2	5	38899	0
13.441	1	5	1	21702.7	0
13.442	1	1	2	6937.57	0
13.443	1	3	3	3988.94	0
13.444	1	4	4	26767.4	0
13.445	1	2	5	38899	0
13.481	1	5	1	21702.7	0
13.482	1	1	2	6937.57	0
13.483	1	3	3	3988.94	0
13.484	1	4	4	26767.4	0
13.485	1	2	5	38899	0
13.521	1	5	1	21702.7	0
13.522	1	1	2	6937.57	0
13.523	1	3	3	3988.94	0
13.524	1	4	4	26767.4	0
13.525	1	2	5	38899	0
13.561	1	5	1	21702.7	0
13.562	1	1	2	6937.57	0
13.563	1	3	3	3988.94	0
13.564	1	4	4	26767.4	0
13.565	1	2	5	38899	0
13.601	1	5	1	21702.7	0
13.602	1	1	2	6937.57	0
13.603	1	3	3	3988.94	0
13.604	1	4	4	26767.4	0
13.605	1	2	5	38899	0
13.641	1	5	1	21702.7	0
13.642	1	1	2	6937.57	0
13.643	1	3	3	3988.94	0
13.644	1	4	4	26767.4	0
13.645	1	2	5	38899	0
13.681	1	5	1	21702.7	0
13.682	1	1	2	6937.57	0
13.683	1	3	3	3988.94	0
13.684	1	4	4	26767.4	0
13.685	1	2	5	38899	0
13.721	1	5	1	21702.7	0
13.722	1	1	2	6937.57	0
13.723	1	3	3	3988.94	0
13.724	1	4	4	26767.4	0
13.725	1	2	5	38899	0
13.761	1	5	1	21702.7	0
13.762	1	1	2	6937.57	0
13.763	1	3	3	3988.94	0
13.764	1	4	4	26767.4	0
13.765	1	2	5	38899	0
13.801	1	5	1	21702.7	0
13.802	1	1	2	6937.57	0
13.803	1	3	3	3988.94	0
13.804	1	4	4	26767.4	0
13.805	1	2	5	38899	0
13.841	1	5	1	21702.7	0
13.842	1	1	2	6937.57	0
13.843	1	3	3	3988.94	0
13.844	1	4	4	26767.4	0
13.845	1	2	5	38899	0
13.881	1	5	1	21702.7	0
13.882	1	1	2	6937.57	0
13.883	1	3	3	3988.94	0
13.884	1	4	4	26767.4	0
13.885	1	2	5	38899	0
13.921	1	5	1	21702.7	0
13.922	1	1	2	6937.57	0
13.923	1	3	3	3988.94	0
13.924	1	4	4	26767.4	0
13.925	1	2	5	38899	0
13.961	1	5	1	21702.7	0
13.962	1	1	2	6937.57	0
13.963	1	3	3	3988.94	0
13.964	1	4	4	26767.4	0
13.965	1	2	5	38899	0
14.001	1	5	1	21702.7	0
14.002	1	1	2	6937.57	0
14.003	1	3	3	3988.94	0
14.004	1	4	4	26767.4	0
14.005	1	2	5	38899	0
14.041	1	5	1	21702.7	0
14.042	1	1	2	6937.57	0
14.043	1	3	3	3988.94	0
14.044	1	4	4	26767.4	0
14.045	1	2	5	38899	0
14.081	1	5	1	21702.7	0
14.082	1	1	2	6937.57	0
14.083	1	3	3	3988.94	0
14.084	1	4	4	26767.4	0
14.085	1	2	5	38899	0
14.121	1	5	1	21702.7	0
14.122	1	1	2	6937.57	0
14.123	1	3	3	3988.94	0
14.124	1	4	4	26767.4	0
14.125	1	2	5	38899	0
14.161	1	5	1	21702.7	0
14.162	1	1	2	6937.57	0
14.163	1	3	3	3988.94	0
14.164	1	4	4	26767.4	0
14.165	1	2	5	38899	0
14.201	1	5	1	21702.7	0
14.202	1	1	2	6937.57	0
14.203	1	3	3	3988.94	0
14.204	1	4	4	26767.4	0
14.205	1	2	5	38899	0
14.241	1	5	1	21702.7	0
14.242	1	1	2	6937.57	0
14.243	1	3	3	3988.94	0
14.244	1	4	4	26767.4	0
14.245	1	2	5	38899	0
14.281	1	5	1	21702.7	0
14.282	1	1	2	6937.57	0
14.283	1	3	3	3988.94	0
14.284	1	4	4	26767.4	0
14.285	1	2	5	38899	0
14.321	1	5	1	21702.7	0
14.322	1	1	2	6937.57	0
14.323	1	3	3	3988.94	0
14.324	1	4	4	26767.4	0
14.325	1	2	5	38899	0
14.361	1	5	1	21702.7	0
14.362	1	1	2	6937.57	0
14.363	1	3	3	3988.94	0
14.364	1	4	4	26767.4	0
14.365	1	2	5	38899	0
14.401	1	5	1	21702.7	0
14.402	1	1	2	6937.57	0
14.403	1	3	3	3988.94	0
14.404	1	4	4	26767.4	0
14.405	1	2	5	38899	0
14.441	1	5	1	21702.7	0
14.442	1	1	2	6937.57	0
14.443	1	3	3	3988.94	0
14.444	1	4	4	26767.4	0
14.445	1	2	5	38899	0
14.481	1	5	1	21702.7	0
14.482	1	1	2	6937.57	0
14.483	1	3	3	3988.94	0
14.484	1	4	4	26767.4	0
14.485	1	2	5	38899	0
14.521	1	5	1	21702.7	0
14.522	1	1	2	6937.57	0
14.523	1	3	3	3988.94	0
14.524	1	4	4	26767.4	0
14.525	1	2	5	38899	0
14.561	1	5	1	21702.7	0
14.562	1	1	2	6937.57	0
14.563	1	3	3	3988.94	0
14.564	1	4	4	26767.4	0
14.565	1	2	5	38899	0
14.601	1	5	1	21702.7	0
14.602	1	1	2	6937.57	0
14.603	1	3	3	3988.94	0
14.604	1	4	4	26767.4	0
14.605	1	2	5	38899	0
14.641	1	5	1	21702.7	0
14.642	1	1	2	6937.57	0
14.643	1	3	3	3988.94	0
14.644	1	4	4	26767.4	0
14.645	1	2	5	38899	0
14.681	1	5	1	21702.7	0
14.682	1	1	2	6937.57	0
14.683	1	3	3	3988.94	0
14.684	1	4	4	26767.4	0
14.685	1	2	5	38899	0
14.721	1	5	1	21702.7	0
14.722	1	1	2	6937.57	0
14.723	1	3	3	3988.94	0
14.724	1	4	4	26767.4	0
14.725	1	2	5	38899	0
14.761	1	5	1	21702.7	0
14.762	1	1	2	6937.57	0
14.763	1	3	3	3988.94	0
14.764	1	4	4	26767.4	0
14.765	1	2	5	38899	0
14.801	1	5	1	21702.7	0
14.802	1	1	2	6937.57	0
14.803	1	3	3	3988.94	0
14.804	1	4	4	26767.4	0
14.805	1	2	5	38899	0
14.841	1	5	1	21702.7	0
14.842	1	1	2	6937.57	0
14.843	1	3	3	3988.94	0
14.844	1	4	4	26767.4	0
14.845	1	2	5	38899	0
14.881	1	5	1	21702.7	0
14.882	1	1	2	6937.57	0
14.883	1	3	3	3988.94	0
14.884	1	4	4	26767.4	0
14.885	1	2	5	38899	0
14.921	1	5	1	21702.7	0
14.922	1	1	2	6937.57	0
14.923	1	3	3	3988.94	0
14.924	1	4	4	26767.4	0
14.925	1	2	5	38899	0
14.961	1	5	1	21702.7	0
14.962	1	1	2	6937.57	0
14.963	1	3	3	3988.94	0
14.964	1	4	4	26767.4	0
14.965	1	2	5	38899	0
15.001	1	5	1	21702.7	0
15.002	1	1	2	6937.57	0
15.003	1	3	3	3988.94	0
15.004	1	4	4	26767.4	0
15.005	1	2	5	38899	0
15.041	1	5	1	21702.7	0
15.042	1	1	2	6937.57	0
15.043	1	3	3	3988.94	0
15.044	1	4	4	26767.4	0
15.045	1	2	5	38899	0
15.081	1	5	1	21702.7	0
15.082	1	1	2	6937.57	0
15.083	1	3	3	3988.94	0
15.084	1	4	4	26767.4	0
15.085	1	2	5	38899	0
15.121	1	5	1	21702.7	0
15.122	1	1	2	6937.57	0
15.123	1	3	3	3988.94	0
15.124	1	4	4	26767.4	0
15.125	1	2	5	38899	0
15.161	1	5	1	21702.7	0
15.162	1	1	2	6937.57	0
15.163	1	3	3	3988.94	0
15.164	1	4	4	26767.4	0
15.165	1	2	5	38899	0
15.201	1	5	1	21702.7	0
15.202	1	1	2	6937.57	0
15.203	1	3	3	3988.94	0
15.204	1	4	4	26767.4	0
15.205	1	2	5	38899	0
15.241	1	5	1	21702.7	0
15.242	1	1	2	6937.57	0
15.243	1	3	3	3988.94	0
15.244	1	4	4	26767.4	0
15.245	1	2	5	38899	0
15.281	1	5	1	21702.7	0
15.282	1	1	2	6937.57	0
15.283	1	3	3	3988.94	0
15.284	1	4	4	26767.4	0
15.285	1	2	5	38899	0
15.321	1	5	1	21702.7	0
15.322	1	1	2	6937.57	0
15.323	1	3	3	3988.94	0
15.324	1	4	4	26767.4	0
15.325	1	2	5	38899	0
15.361	1	5	1	21702.7	0
15.362	1	1	2	6937.57	0
15.363	1	3	3	3988.94	0
15.364	1	4	4	26767.4	0
15.365	1	2	5	38899	0
15.401	1	5	1	21702.7	0
15.402	1	1	2	6937.57	0
15.403	1	3	3	3988.94	0
15.404	1	4	4	26767.4	0
15.405	1	2	5	38899	0
15.441	1	5	1	21702.7	0
15.442	1	1	2	6937.57	0
15.443	1	3	3	3988.94	0
15.444	1	4	4	26767.4	0
15.445	1	2	5	38899	0
15.481	1	5	1	21702.7	0
15.482	1	1	2	6937.57	0
15.483	1	3	3	3988.94	0
15.484	1	4	4	26767.4	0
15.485	1	2	5	38899	0
15.521	1	5	1	21702.7	0
15.522	1	1	2	6937.57	0
15.523	1	3	3	3988.94	0
15.524	1	4	4	26767.4	0
15.525	1	2	5	38899	0
15.561	1	5	1	21702.7	0
15.562	1	1	2	6937.57	0
15.563	1	3	3	3988.94	0
15.564	1	4	4	26767.4	0
15.565	1	2	5	38899	0
15.601	1	5	1	21702.7	0
15.602	1	1	2	6937.57	0
15.603	1	3	3	3988.94	0
15.604	1	4	4	26767.4	0
15.605	1	2	5	38899	0
15.641	1	5	1	21702.7	0
15.642	1	1	2	6937.57	0
15.643	1	3	3	3988.94	0
15.644	1	4	4	26767.4	0
15.645	1	2	5	38899	0
15.681	1	5	1	21702.7	0
15.682	1	1	2	6937.57	0
15.683	1	3	3	3988.94	0
15.684	1	4	4	26767.4	0
15.685	1	2	5	38899	0
15.721	1	5	1	21702.7	0
15.722	1	1	2	6937.57	0
15.723	1	3	3	3988.94	0
15.724	1	4	4	26767.4	0
15.725	1	2	5	38899	0
15.761	1	5	1	21702.7	0
15.762	1	1	2	6937.57	0
15.763	1	3	3	3988.94	0
15.764	1	4	4	26767.4	0
15.765	1	2	5	38899	0
15.801	1	5	1	21702.7	0
15.802	1	1	2	6937.57	0
15.803	1	3	3	3988.94	0
15.804	1	4	4	26767.4	0
15.805	1	2	5	38899	0
15.841	1	5	1	21702.7	0
15.842	1	1	2	6937.57	0
15.843	1	3	3	3988.94	0
15.844	1	4	4	26767.4	0
15.845	1	2	5	38899	0
15.881	1	5	1	21702.7	0
15.882	1	1	2	6937.57	0
15.883	1	3	3	3988.94	0
15.884	1	4	4	26767.4	0
15.885	1	2	5	38899	0
15.921	1	5	1	21702.7	0
15.922	1	1	2	6937.57	0
15.923	1	3	3	3988.94	0
15.924	1	4	4	26767.4	0
15.925	1	2	5	38899	0
15.961	1	5	1	21702.7	0
15.962	1	1	2	6937.57	0
15.963	1	3	3	3988.94	0
15.964	1	4	4	26767.4	0
15.965	1	2	5	38899	0
16.001	1	5	1	21702.7	0
16.002	1	1	2	6937.57	0
16.003	1	3	3	3988.94	0
16.004	1	4	4	26767.4	0
16.005	1	2	5	38899	0
16.041	1	5	1	21702.7	0
16.042	1	1	2	6937.57	0
16.043	1	3	3	3988.94	0
16.044	1	4	4	26767.4	0
16.045	1	2	5	38899	0
16.081	1	5	1	21702.7	0
16.082	1	1	2	6937.57	0
16.083	1	3	3	3988.94	0
16.084	1	4	4	26767.4	0
16.085	1	2	5	38899	0
16.121	1	5	1	21702.7	0
16.122	1	1	2	6937.57	0
16.123	1	3	3	3988.94	0
16.124	1	4	4	26767.4	0
16.125	1	2	5	38899	0
16.161	1	5	1	21702.7	0
16.162	1	1	2	6937.57	0
16.163	1	3	3	3988.94	0
16.164	1	4	4	26767.4	0
16.165	1	2	5	38899	0
16.201	1	5	1	21702.7	0
16.202	1	1	2	6937.57	0
16.203	1	3	3	3988.94	0
16.204	1	4	4	26767.4	0
16.205	1	2	5	38899	0
16.241	1	5	1	21702.7	0
16.242	1	1	2	6937.57	0
16.243	1	3	3	3988.94	0
16.244	1	4	4	26767.4	0
16.245	1	2	5	38899	0
16.281	1	5	1	21702.7	0
16.282	1	1	2	6937.57	0
16.283	1	3	3	3988.94	0
16.284	1	4	4	26767.4	0
16.285	1	2	5	38899	0
16.321	1	5	1	21702.7	0
16.322	1	1	2	6937.57	0
16.323	1	3	3	3988.94	0
16.324	1	4	4	26767.4	0
16.325	1	2	5	38899	0
16.361	1	5	1	21702.7	0
16.362	1	1	2	6937.57	0
16.363	1	3	3	3988.94	0
16.364	1	4	4	26767.4	0
16.365	1	2	5	38899	0
16.401	1	5	1	21702.7	0
16.402	1	1	2	6937.57	0
16.403	1	3	3	3988.94	0
16.404	1	4	4	26767.4	0
16.405	1	2	5	38899	0
16.441	1	5	1	21702.7	0
16.442	1	1	2	6937.57	0
16.443	1	3	3	3988.94	0
16.444	1	4	4	26767.4	0
16.445	1	2	5	38899	0
16.481	1	5	1	21702.7	0
16.482	1	1	2	6937.57	0
16.483	1	3	3	3988.94	0
16.484	1	4	4	26767.4	0
16.485	1	2	5	38899	0
16.521	1	5	1	21702.7	0
16.522	1	1	2	6937.57	0
16.523	1	3	3	3988.94	0
16.524	1	4	4	26767.4	0
16.525	1	2	5	38899	0
16.561	1	5	1	21702.7	0
16.562	1	1	2	6937.57	0
16.563	1	3	3	3988.94	0
16.564	1	4	4	26767.4	0
16.565	1	2	5	38899	0
16.601	1	5	1	21702.7	0
16.602	1	1	2	6937.57	0
16.603	1	3	3	3988.94	0
16.604	1	4	4	26767.4	0
16.605	1	2	5	38899	0
16.641	1	5	1	21702.7	0
16.642	1	1	2	6937.57	0
16.643	1	3	3	3988.94	0
16.644	1	4	4	26767.4	0
16.645	1	2	5	38899	0
16.681	1	5	1	21702.7	0
16.682	1	1	2	6937.57	0
16.683	1	3	3	3988.94	0
16.684	1	4	4	26767.4	0
16.685	1	2	5	38899	0
16.721	1	5	1	21702.7	0
16.722	1	1	2	6937.57	0
16.723	1	3	3	3988.94	0
16.724	1	4	4	26767.4	0
16.725	1	2	5	38899	0
16.761	1	5	1	21702.7	0
16.762	1	1	2	6937.57	0
16.763	1	3	3	3988.94	0
16.764	1	4	4	26767.4	0
16.765	1	2	5	38899	0
16.801	1	5	1	21702.7	0
16.802	1	1	2	6937.57	0
16.803	1	3	3	3988.94	0
16.804	1	4	4	26767.4	0
16.805	1	2	5	38899	0
16.841	1	5	1	21702.7	0
16.842	1	1	2	6937.57	0
16.843	1	3	3	3988.94	0
16.844	1	4	4	26767.4	0
16.845	1	2	5	38899	0
16.881	1	5	1	21702.7	0
16.882	1	1	2	6937.57	0
16.883	1	3	3	3988.94	0
16.884	1	4	4	26767.4	0
16.885	1	2	5	38899	0
16.921	1	5	1	21702.7	0
16.922	1	1	2	6937.57	0
16.923	1	3	3	3988.94	0
16.924	1	4	4	26767.4	0
16.925	1	2	5	38899	0
16.961	1	5	1	21702.7	0
16.962	1	1	2	6937.57	0
16.963	1	3	3	3988.94	0
16.964	1	4	4	26767.4	0
16.965	1	2	5	38899	0
17.001	1	5	1	21702.7	0
17.002	1	1	2	6937.57	0
17.003	1	3	3	3988.94	0
17.004	1	4	4	26767.4	0
17.005	1	2	5	38899	0
17.041	1	5	1	21702.7	0
17.042	1	1	2	6937.57	0
17.043	1	3	3	3988.94	0
17.044	1	4	4	26767.4	0
17.045	1	2	5	38899	0
17.081	1	5	1	21702.7	0
17.082	1	1	2	6937.57	0
17.083	1	3	3	3988.94	0
17.084	1	4	4	26767.4	0
17.085	1	2	5	38899	0
17.121	1	5	1	21702.7	0
17.122	1	1	2	6937.57	0
17.123	1	3	3	3988.94	0
17.124	1	4	4	26767.4	0
17.125	1	2	5	38899	0
17.161	1	5	1	21702.7	0
17.162	1	1	2	6937.57	0
17.163	1	3	3	3988.94	0
17.164	1	4	4	26767.4	0
17.165	1	2	5	38899	0
17.201	1	5	1	21702.7	0
17.202	1	1	2	6937.57	0
17.203	1	3	3	3988.94	0
17.204	1	4	4	26767.4	0
17.205	1	2	5	38899	0
17.241	1	5	1	21702.7	0
17.242	1	1	2	6937.57	0
17.243	1	3	3	3988.94	0
17.244	1	4	4	26767.4	0
17.245	1	2	5	38899	0
17.281	1	5	1	21702.7	0
17.282	1	1	2	6937.57	0
17.283	1	3	3	3988.94	0
17.284	1	4	4	26767.4	0
17.285	1	2	5	38899	0
17.321	1	5	1	21702.7	0
17.322	1	1	2	6937.57	0
17.323	1	3	3	3988.94	0
17.324	1	4	4	26767.4	0
17.325	1	2	5	38899	0
17.361	1	5	1	21702.7	0
17.362	1	1	2	6937.57	0
17.363	1	3	3	3988.94	0
17.364	1	4	4	26767.4	0
17.365	1	2	5	38899	0
17.401	1	5	1	21702.7	0
17.402	1	1	2	6937.57	0
17.403	1	3	3	3988.94	0
17.404	1	4	4	26767.4	0
17.405	1	2	5	38899	0
17.441	1	5	1	21702.7	0
17.442	1	1	2	6937.57	0
17.443	1	3	3	3988.94	0
17.444	1	4	4	26767.4	0
17.445	1	2	5	38899	0
17.481	1	5	1	21702.7	0
17.482	1	1	2	6937.57	0
17.483	1	3	3	3988.94	0
17.484	1	4	4	26767.4	0
17.485	1	2	5	38899	0
17.521	1	5	1	21702.7	0
17.522	1	1	2	6937.57	0
17.523	1	3	3	3988.94	0
17.524	1	4	4	26767.4	0
17.525	1	2	5	38899	0
17.561	1	5	1	21702.7	0
17.562	1	1	2	6937.57	0
17.563	1	3	3	3988.94	0
17.564	1	4	4	26767.4	0
17.565	1	2	5	38899	0
17.601	1	5	1	21702.7	0
17.602	1	1	2	6937.57	0
17.603	1	3	3	3988.94	0
17.604	1	4	4	26767.4	0
17.605	1	2	5	38899	0
17.641	1	5	1	21702.7	0
17.642	1	1	2	6937.57	0
17.643	1	3	3	3988.94	0
17.644	1	4	4	26767.4	0
17.645	1	2	5	38899	0
17.681	1	5	1	21702.7	0
17.682	1	1	2	6937.57	0
17.683	1	3	3	3988.94	0
17.684	1	4	4	26767.4	0
17.685	1	2	5	38899	0
17.721	1	5	1	21702.7	0
17.722	1	1	2	6937.57	0
17.723	1	3	3	3988.94	0
17.724	1	4	4	26767.4	0
17.725	1	2	5	38899	0
17.761	1	5	1	21702.7	0
17.762	1	1	2	6937.57	0
17.763	1	3	3	3988.94	0
17.764	1	4	4	26767.4	0
17.765	1	2	5	38899	0
17.801	1	5	1	21702.7	0
17.802	1	1	2	6937.57	0
17.803	1	3	3	3988.94	0
17.804	1	4	4	26767.4	0
17.805	1	2	5	38899	0
17.841	1	5	1	21702.7	0
17.842	1	1	2	6937.57	0
17.843	1	3	3	3988.94	0
17.844	1	4	4	26767.4	0
17.845	1	2	5	38899	0
17.881	1	5	1	21702.7	0
17.882	1	1	2	6937.57	0
17.883	1	3	3	3988.94	0
17.884	1	4	4	26767.4	0
17.885	1	2	5	38899	0
17.921	1	5	1	21702.7	0
17.922	1	1	2	6937.57	0
17.923	1	3	3	3988.94	0
17.924	1	4	4	26767.4	0
17.925	1	2	5	38899	0
17.961	1	5	1	21702.7	0
17.962	1	1	2	6937.57	0
17.963	1	3	3	3988.94	0
17.964	1	4	4	26767.4	0
17.965	1	2	5	38899	0
18.001	1	5	1	21702.7	0
18.002	1	1	2	6937.57	0
18.003	1	3	3	3988.94	0
18.004	1	4	4	26767.4	0
18.005	1	2	5	38899	0
18.041	1	5	1	21702.7	0
18.042	1	1	2	6937.57	0
18.043	1	3	3	3988.94	0
18.044	1	4	4	26767.4	0
18.045	1	2	5	38899	0
18.081	1	5	1	21702.7	0
18.082	1	1	2	6937.57	0
18.083	1	3	3	3988.94	0
18.084	1	4	4	26767.4	0
18.085	1	2	5	38899	0
18.121	1	5	1	21702.7	0
18.122	1	1	2	6937.57	0
18.123	1	3	3	3988.94	0
18.124	1	4	4	26767.4	0
18.125	1	2	5	38899	0
18.161	1	5	1	21702.7	0
18.162	1	1	2	6937.57	0
18.163	1	3	3	3988.94	0
18.164	1	4	4	26767.4	0
18.165	1	2	5	38899	0
18.201	1	5	1	21702.7	0
18.202	1	1	2	6937.57	0
18.203	1	3	3	3988.94	0
18.204	1	4	4	26767.4	0
18.205	1	2	5	38899	0
18.241	1	5	1	21702.7	0
18.242	1	1	2	6937.57	0
18.243	1	3	3	3988.94	0
18.244	1	4	4	26767.4	0
18.245	1	2	5	38899	0
18.281	1	5	1	21702.7	0
18.282	1	1	2	6937.57	0
18.283	1	3	3	3988.94	0
18.284	1	4	4	26767.4	0
18.285	1	2	5	38899	0
18.321	1	5	1	21702.7	0
18.322	1	1	2	6937.57	0
18.323	1	3	3	3988.94	0
18.324	1	4	4	26767.4	0
18.325	1	2	5	38899	0
18.361	1	5	1	21702.7	0
18.362	1	1	2	6937.57	0
18.363	1	3	3	3988.94	0
18.364	1	4	4	26767.4	0
18.365	1	2	5	38899	0
18.401	1	5	1	21702.7	0
18.402	1	1	2	6937.57	0
18.403	1	3	3	3988.94	0
18.404	1	4	4	26767.4	0
18.405	1	2	5	38899	0
18.441	1	5	1	21702.7	0
18.442	1	1	2	6937.57	0
18.443	1	3	3	3988.94	0
18.444	1	4	4	26767.4	0
18.445	1	2	5	38899	0
18.481	1	5	1	21702.7	0
18.482	1	1	2	6937.57	0
18.483	1	3	3	3988.94	0
18.484	1	4	4	26767.4	0
18.485	1	2	5	38899	0
18.521	1	5	1	21702.7	0
18.522	1	1	2	6937.57	0
18.523	1	3	3	3988.94	0
18.524	1	4	4	26767.4	0
18.525	1	2	5	38899	0
18.561	1	5	1	21702.7	0
18.562	1	1	2	6937.57	0
18.563	1	3	3	3988.94	0
18.564	1	4	4	26767.4	0
18.565	1	2	5	38899	0
18.601	1	5	1	21702.7	0
18.602	1	1	2	6937.57	0
18.603	1	3	3	3988.94	0
18.604	1	4	4	26767.4	0
18.605	1	2	5	38899	0
18.641	1	5	1	21702.7	0
18.642	1	1	2	6937.57	0
18.643	1	3	3	3988.94	0
18.644	1	4	4	26767.4	0
18.645	1	2	5	38899	0
18.681	1	5	1	21702.7	0
18.682	1	1	2	6937.57	0
18.683	1	3	3	3988.94	0
18.684	1	4	4	26767.4	0
18.685	1	2	5	38899	0
18.721	1	5	1	21702.7	0
18.722	1	1	2	6937.57	0
18.723	1	3	3	3988.94	0
18.724	1	4	4	26767.4	0
18.725	1	2	5	38899	0
18.761	1	5	1	21702.7	0
18.762	1	1	2	6937.57	0
18.763	1	3	3	3988.94	0
18.764	1	4	4	26767.4	0
18.765	1	2	5	38899	0
18.801	1	5	1	21702.7	0
18.802	1	1	2	6937.57	0
18.803	1	3	3	3988.94	0
18.804	1	4	4	26767.4	0
18.805	1	2	5	38899	0
18.841	1	5	1	21702.7	0
18.842	1	1	2	6937.57	0
18.843	1	3	3	3988.94	0
18.844	1	4	4	26767.4	0
18.845	1	2	5	38899	0
18.881	1	5	1	21702.7	0
18.882	1	1	2	6937.57	0
18.883	1	3	3	3988.94	0
18.884	1	4	4	26767.4	0
18.885	1	2	5	38899	0
18.921	1	5	1	21702.7	0
18.922	1	1	2	6937.57	0
18.923	1	3	3	3988.94	0
18.924	1	4	4	26767.4	0
18.925	1	2	5	38899	0
18.961	1	5	1	21702.7	0
18.962	1	1	2	6937.57	0
18.963	1	3	3	3988.94	0
18.964	1	4	4	26767.4	0
18.965	1	2	5	38899	0
19.001	1	5	1	21702.7	0
19.002	1	1	2	6937.57	0
19.003	1	3	3	3988.94	0
19.004	1	4	4	26767.4	0
19.005	1	2	5	38899	0
19.041	1	5	1	21702.7	0
19.042	1	1	2	6937.57	0
19.043	1	3	3	3988.94	0
19.044	1	4	4	26767.4	0
19.045	1	2	5	38899	0
19.081	1	5	1	21702.7	0
19.082	1	1	2	6937.57	0
19.083	1	3	3	3988.94	0
19.084	1	4	4	26767.4	0
19.085	1	2	5	38899	0
19.121	1	5	1	21702.7	0
19.122	1	1	2	6937.57	0
19.123	1	3	3	3988.94	0
19.124	1	4	4	26767.4	0
19.125	1	2	5	38899	0
19.161	1	5	1	21702.7	0
19.162	1	1	2	6937.57	0
19.163	1	3	3	3988.94	0
19.164	1	4	4	26767.4	0
19.165	1	2	5	38899	0
19.201	1	5	1	21702.7	0
19.202	1	1	2	6937.57	0
19.203	1	3	3	3988.94	0
19.204	1	4	4	26767.4	0
19.205	1	2	5	38899	0
19.241	1	5	1	21702.7	0
19.242	1	1	2	6937.57	0
19.243	1	3	3	3988.94	0
19.244	1	4	4	26767.4	0
19.245	1	2	5	38899	0
19.281	1	5	1	21702.7	0
19.282	1	1	2	6937.57	0
19.283	1	3	3	3988.94	0
19.284	1	4	4	26767.4	0
19.285	1	2	5	38899	0
19.321	1	5	1	21702.7	0
19.322	1	1	2	6937.57	0
19.323	1	3	3	3988.94	0
19.324	1	4	4	26767.4	0
19.325	1	2	5	38899	0
19.361	1	5	1	21702.7	0
19.362	1	1	2	6937.57	0
19.363	1	3	3	3988.94	0
19.364	1	4	4	26767.4	0
19.365	1	2	5	38899	0
19.401	1	5	1	21702.7	0
19.402	1	1	2	6937.57	0
19.403	1	3	3	3988.94	0
19.404	1	4	4	26767.4	0
19.405	1	2	5	38899	0
19.441	1	5	1	21702.7	0
19.442	1	1	2	6937.57	0
19.443	1	3	3	3988.94	0
19.444	1	4	4	26767.4	0
19.445	1	2	5	38899	0
19.481	1	5	1	21702.7	0
19.482	1	1	2	6937.57	0
19.483	1	3	3	3988.94	0
19.484	1	4	4	26767.4	0
19.485	1	2	5	38899	0
19.521	1	5	1	21702.7	0
19.522	1	1	2	6937.57	0
19.523	1	3	3	3988.94	0
19.524	1	4	4	26767.4	0
19.525	1	2	5	38899	0
19.561	1	5	1	21702.7	0
19.562	1	1	2	6937.57	0
19.563	1	3	3	3988.94	0
19.564	1	4	4	26767.4	0
19.565	1	2	5	38899	0
19.601	1	5	1	21702.7	0
19.602	1	1	2	6937.57	0
19.603	1	3	3	3988.94	0
19.604	1	4	4	26767.4	0
19.605	1	2	5	38899	0
19.641	1	5	1	21702.7	0
19.642	1	1	2	6937.57	0
19.643	1	3	3	3988.94	0
19.644	1	4	4	26767.4	0
19.645	1	2	5	38899	0
19.681	1	5	1	21702.7	0
19.682	1	1	2	6937.57	0
19.683	1	3	3	3988.94	0
19.684	1	4	4	26767.4	0
19.685	1	2	5	38899	0
19.721	1	5	1	21702.7	0
19.722	1	1	2	6937.57	0
19.723	1	3	3	3988.94	0
19.724	1	4	4	26767.4	0
19.725	1	2	5	38899	0
19.761	1	5	1	21702.7	0
19.762	1	1	2	6937.57	0
19.763	1	3	3	3988.94	0
19.764	1	4	4	26767.4	0
19.765	1	2	5	38899	0
19.801	1	5	1	21702.7	0
19.802	1	1	2	6937.57	0
19.803	1	3	3	3988.94	0
19.804	1	4	4	26767.4	0
19.805	1	2	5	38899	0
19.841	1	5	1	21702.7	0
19.842	1	1	2	6937.57	0
19.843	1	3	3	3988.94	0
19.844	1	4	4	26767.4	0
19.845	1	2	5	38899	0
19.881	1	5	1	21702.7	0
19.882	1	1	2	6937.57	0
19.883	1	3	3	3988.94	0
19.884	1	4	4	26767.4	0
19.885	1	2	5	38899	0
19.921	1	5	1	21702.7	0
19.922	1	1	2	6937.57	0
19.923	1	3	3	3988.94	0
19.924	1	4	4	26767.4	0
19.925	1	2	5	38899	0
19.961	1	5	1	21702.7	0
19.962	1	1	2	6937.57	0
19.963	1	3	3	3988.94	0
19.964	1	4	4	26767.4	0
19.965	1	2	5	38899	0
20.001	1	5	1	21702.7	0
20.002	1	1	2	6937.57	0
20.003	1	3	3	3988.94	0
20.004	1	4	4	26767.4	0
20.005	1	2	5	38899	0
20.041	1	5	1	21702.7	0
20.042	1	1	2	6937.57	0
20.043	1	3	3	3988.94	0
20.044	1	4	4	26767.4	0
20.045	1	2	5	38899	0
20.081	1	5	1	21702.7	0
20.082	1	1	2	6937.57	0
20.083	1	3	3	3988.94	0
20.084	1	4	4	26767.4	0
20.085	1	2	5	38899	0
20.121	1	5	1	21702.7	0
20.122	1	1	2	6937.57	0
20.123	1	3	3	3988.94	0
20.124	1	4	4	26767.4	0
20.125	1	2	5	38899	0
20.161	1	5	1	21702.7	0
20.162	1	1	2	6937.57	0
20.163	1	3	3	3988.94	0
20.164	1	4	4	26767.4	0
20.165	1	2	5	38899	0
20.201	1	5	1	21702.7	0
20.202	1	1	2	6937.57	0
20.203	1	3	3	3988.94	0
20.204	1	4	4	26767.4	0
20.205	1	2	5	38899	0
20.241	1	5	1	21702.7	0
20.242	1	1	2	6937.57	0
20.243	1	3	3	3988.94	0
20.244	1	4	4	26767.4	0
20.245	1	2	5	38899	0
20.281	1	5	1	21702.7	0
20.282	1	1	2	6937.57	0
20.283	1	3	3	3988.94	0
20.284	1	4	4	26767.4	0
20.285	1	2	5	38899	0
20.321	1	5	1	21702.7	0
20.322	1	1	2	6937.57	0
20.323	1	3	3	3988.94	0
20.324	1	4	4	26767.4	0
20.325	1	2	5	38899	0
20.361	1	5	1	21702.7	0
20.362	1	1	2	6937.57	0
20.363	1	3	3	3988.94	0
20.364	1	4	4	26767.4	0
20.365	1	2	5	38899	0
20.401	1	5	1	21702.7	0
20.402	1	1	2	6937.57	0
20.403	1	3	3	3988.94	0
20.404	1	4	4	26767.4	0
20.405	1	2	5	38899	0
20.441	1	5	1	21702.7	0
20.442	1	1	2	6937.57	0
20.443	1	3	3	3988.94	0
20.444	1	4	4	26767.4	0
20.445	1	2	5	38899	0
20.481	1	5	1	21702.7	0
20.482	1	1	2	6937.57	0
20.483	1	3	3	3988.94	0
20.484	1	4	4	26767.4	0
20.485	1	2	5	38899	0
20.521	1	5	1	21702.7	0
20.522	1	1	2	6937.57	0
20.523	1	3	3	3988.94	0
20.524	1	4	4	26767.4	0
20.525	1	2	5	38899	0
20.561	1	5	1	21702.7	0
20.562	1	1	2	6937.57	0
20.563	1	3	3	3988.94	0
20.564	1	4	4	26767.4	0
20.565	1	2	5	38899	0
20.601	1	5	1	21702.7	0
20.602	1	1	2	6937.57	0
20.603	1	3	3	3988.94	0
20.604	1	4	4	26767.4	0
20.605	1	2	5	38899	0
20.641	1	5	1	21702.7	0
20.642	1	1	2	6937.57	0
20.643	1	3	3	3988.94	0
20.644	1	4	4	26767.4	0
20.645	1	2	5	38899	0
20.681	1	5	1	21702.7	0
20.682	1	1	2	6937.57	0
20.683	1	3	3	3988.94	0
20.684	1	4	4	26767.4	0
20.685	1	2	5	38899	0
20.721	1	5	1	21702.7	0
20.722	1	1	2	6937.57	0
20.723	1	3	3	3988.94	0
20.724	1	4	4	26767.4	0
20.725	1	2	5	38899	0
20.761	1	5	1	21702.7	0
20.762	1	1	2	6937.57	0
20.763	1	3	3	3988.94	0
20.764	1	4	4	26767.4	0
20.765	1	2	5	38899	0
20.801	1	5	1	21702.7	0
20.802	1	1	2	6937.57	0
20.803	1	3	3	3988.94	0
20.804	1	4	4	26767.4	0
20.805	1	2	5	38899	0
20.841	1	5	1	21702.7	0
20.842	1	1	2	6937.57	0
20.843	1	3	3	3988.94	0
20.844	1	4	4	26767.4	0
20.845	1	2	5	38899	0
20.881	1	5	1	21702.7	0
20.882	1	1	2	6937.57	0
20.883	1	3	3	3988.94	0
20.884	1	4	4	26767.4	0
20.885	1	2	5	38899	0
20.921	1	5	1	21702.7	0
20.922	1	1	2	6937.57	0
20.923	1	3	3	3988.94	0
20.924	1	4	4	26767.4	0
20.925	1	2	5	38899	0
20.961	1	5	1	21702.7	0
20.962	1	1	2	6937.57	0
20.963	1	3	3	3988.94	0
20.964	1	4	4	26767.4	0
20.965	1	2	5	38899	0
21.001	1	5	1	21702.7	0
21.002	1	1	2	6937.57	0
21.003	1	3	3	3988.94	0
21.004	1	4	4	26767.4	0
21.005	1	2	5	38899	0
21.041	1	5	1	21702.7	0
21.042	1	1	2	6937.57	0
21.043	1	3	3	3988.94	0
21.044	1	4	4	26767.4	0
21.045	1	2	5	38899	0
21.081	1	5	1	21702.7	0
21.082	1	1	2	6937.57	0
21.083	1	3	3	3988.94	0
21.084	1	4	4	26767.4	0
21.085	1	2	5	38899	0
21.121	1	5	1	21702.7	0
21.122	1	1	2	6937.57	0
21.123	1	3	3	3988.94	0
21.124	1	4	4	26767.4	0
21.125	1	2	5	38899	0
21.161	1	5	1	21702.7	0
21.162	1	1	2	6937.57	0
21.163	1	3	3	3988.94	0
21.164	1	4	4	26767.4	0
21.165	1	2	5	38899	0
21.201	1	5	1	21702.7	0
21.202	1	1	2	6937.57	0
21.203	1	3	3	3988.94	0
21.204	1	4	4	26767.4	0
21.205	1	2	5	38899	0
21.241	1	5	1	21702.7	0
21.242	1	1	2	6937.57	0
21.243	1	3	3	3988.94	0
21.244	1	4	4	26767.4	0
21.245	1	2	5	38899	0
21.281	1	5	1	21702.7	0
21.282	1	1	2	6937.57	0
21.283	1	3	3	3988.94	0
21.284	1	4	4	26767.4	0
21.285	1	2	5	38899	0
21.321	1	5	1	21702.7	0
21.322	1	1	2	6937.57	0
21.323	1	3	3	3988.94	0
21.324	1	4	4	26767.4	0
21.325	1	2	5	38899	0
21.361	1	5	1	21702.7	0
21.362	1	1	2	6937.57	0
21.363	1	3	3	3988.94	0
21.364	1	4	4	26767.4	0
21.365	1	2	5	38899	0
21.401	1	5	1	21702.7	0
21.402	1	1	2	6937.57	0
21.403	1	3	3	3988.94	0
21.404	1	4	4	26767.4	0
21.405	1	2	5	38899	0
21.441	1	5	1	21702.7	0
21.442	1	1	2	6937.57	0
21.443	1	3	3	3988.94	0
21.444	1	4	4	26767.4	0
21.445	1	2	5	38899	0
21.481	1	5	1	21702.7	0
21.482	1	1	2	6937.57	0
21.483	1	3	3	3988.94	0
21.484	1	4	4	26767.4	0
21.485	1	2	5	38899	0
21.521	1	5	1	21702.7	0
21.522	1	1	2	6937.57	0
21.523	1	3	3	3988.94	0
21.524	1	4	4	26767.4	0
21.525	1	2	5	38899	0
21.561	1	5	1	21702.7	0
21.562	1	1	2	6937.57	0
21.563	1	3	3	3988.94	0
21.564	1	4	4	26767.4	0
21.565	1	2	5	38899	0
21.601	1	5	1	21702.7	0
21.602	1	1	2	6937.57	0
21.603	1	3	3	3988.94	0
21.604	1	4	4	26767.4	0
21.605	1	2	5	38899	0
21.641	1	5	1	21702.7	0
21.642	1	1	2	6937.57	0
21.643	1	3	3	3988.94	0
21.644	1	4	4	26767.4	0
21.645	1	2	5	38899	0
21.681	1	5	1	21702.7	0
21.682	1	1	2	6937.57	0
21.683	1	3	3	3988.94	0
21.684	1	4	4	26767.4	0
21.685	1	2	5	38899	0
21.721	1	5	1	21702.7	0
21.722	1	1	2	6937.57	0
21.723	1	3	3	3988.94	0
21.724	1	4	4	26767.4	0
21.725	1	2	5	38899	0
21.761	1	5	1	21702.7	0
21.762	1	1	2	6937.57	0
21.763	1	3	3	3988.94	0
21.764	1	4	4	26767.4	0
21.765	1	2	5	38899	0
21.801	1	5	1	21702.7	0
21.802	1	1	2	6937.57	0
21.803	1	3	3	3988.94	0
21.804	1	4	4	26767.4	0
21.805	1	2	5	38899	0
21.841	1	5	1	21702.7	0
21.842	1	1	2	6937.57	0
21.843	1	3	3	3988.94	0
21.844	1	4	4	26767.4	0
21.845	1	2	5	38899	0
21.881	1	5	1	21702.7	0
21.882	1	1	2	6937.57	0
21.883	1	3	3	3988.94	0
21.884	1	4	4	26767.4	0
21.885	1	2	5	38899	0
21.921	1	5	1	21702.7	0
21.922	1	1	2	6937.57	0
21.923	1	3	3	3988.94	0
21.924	1	4	4	26767.4	0
21.925	1	2	5	38899	0
21.961	1	5	1	21702.7	0
21.962	1	1	2	6937.57	0
21.963	1	3	3	3988.94	0
21.964	1	4	4	26767.4	0
21.965	1	2	5	38899	0
22.001	1	5	1	21702.7	0
22.002	1	1	2	6937.57	0
22.003	1	3	3	3988.94	0
22.004	1	4	4	26767.4	0
22.005	1	2	5	38899	0
22.041	1	5	1	21702.7	0
22.042	1	1	2	6937.57	0
22.043	1	3	3	3988.94	0
22.044	1	4	4	26767.4	0
22.045	1	2	5	38899	0
22.081	1	5	1	21702.7	0
22.082	1	1	2	6937.57	0
22.083	1	3	3	3988.94	0
22.084	1	4	4	26767.4	0
22.085	1	2	5	38899	0
22.121	1	5	1	21702.7	0
22.122	1	1	2	6937.57	0
22.123	1	3	3	3988.94	0
22.124	1	4	4	26767.4	0
22.125	1	2	5	38899	0
22.161	1	5	1	21702.7	0
22.162	1	1	2	6937.57	0
22.163	1	3	3	3988.94	0
22.164	1	4	4	26767.4	0
22.165	1	2	5	38899	0
22.201	1	5	1	21702.7	0
22.202	1	1	2	6937.57	0
22.203	1	3	3	3988.94	0
22.204	1	4	4	26767.4	0
22.205	1	2	5	38899	0
22.241	1	5	1	21702.7	0
22.242	1	1	2	6937.57	0
22.243	1	3	3	3988.94	0
22.244	1	4	4	26767.4	0
22.245	1	2	5	38899	0
22.281	1	5	1	21702.7	0
22.282	1	1	2	6937.57	0
22.283	1	3	3	3988.94	0
22.284	1	4	4	26767.4	0
22.285	1	2	5	38899	0
22.321	1	5	1	21702.7	0
22.322	1	1	2	6937.57	0
22.323	1	3	3	3988.94	0
22.324	1	4	4	26767.4	0
22.325	1	2	5	38899	0
22.361	1	5	1	21702.7	0
22.362	1	1	2	6937.57	0
22.363	1	3	3	3988.94	0
22.364	1	4	4	26767.4	0
22.365	1	2	5	38899	0
22.401	1	5	1	21702.7	0
22.402	1	1	2	6937.57	0
22.403	1	3	3	3988.94	0
22.404	1	4	4	26767.4	0
22.405	1	2	5	38899	0
22.441	1	5	1	21702.7	0
22.442	1	1	2	6937.57	0
22.443	1	3	3	3988.94	0
22.444	1	4	4	26767.4	0
22.445	1	2	5	38899	0
22.481	1	5	1	21702.7	0
22.482	1	1	2	6937.57	0
22.483	1	3	3	3988.94	0
22.484	1	4	4	26767.4	0
22.485	1	2	5	38899	0
22.521	1	5	1	21702.7	0
22.522	1	1	2	6937.57	0
22.523	1	3	3	3988.94	0
22.524	1	4	4	26767.4	0
22.525	1	2	5	38899	0
22.561	1	5	1	21702.7	0
22.562	1	1	2	6937.57	0
22.563	1	3	3	3988.94	0
22.564	1	4	4	26767.4	0
22.565	1	2	5	38899	0
22.601	1	5	1	21702.7	0
22.602	1	1	2	6937.57	0
22.603	1	3	3	3988.94	0
22.604	1	4	4	26767.4	0
22.605	1	2	5	38899	0
22.641	1	5	1	21702.7	0
22.642	1	1	2	6937.57	0
22.643	1	3	3	3988.94	0
22.644	1	4	4	26767.4	0
22.645	1	2	5	38899	0
22.681	1	5	1	21702.7	0
22.682	1	1	2	6937.57	0
22.683	1	3	3	3988.94	0
22.684	1	4	4	26767.4	0
22.685	1	2	5	38899	0
22.721	1	5	1	21702.7	0
22.722	1	1	2	6937.57	0
22.723	1	3	3	3988.94	0
22.724	1	4	4	26767.4	0
22.725	1	2	5	38899	0
22.761	1	5	1	21702.7	0
22.762	1	1	2	6937.57	0
22.763	1	3	3	3988.94	0
22.764	1	4	4	26767.4	0
22.765	1	2	5	38899	0
22.801	1	5	1	21702.7	0
22.802	1	1	2	6937.57	0
22.803	1	3	3	3988.94	0
22.804	1	4	4	26767.4	0
22.805	1	2	5	38899	0
22.841	1	5	1	21702.7	0
22.842	1	1	2	6937.57	0
22.843	1	3	3	3988.94	0
22.844	1	4	4	26767.4	0
22.845	1	2	5	38899	0
22.881	1	5	1	21702.7	0
22.882	1	1	2	6937.57	0
22.883	1	3	3	3988.94	0
22.884	1	4	4	26767.4	0
22.885	1	2	5	38899	0
22.921	1	5	1	21702.7	0
22.922	1	1	2	6937.57	0
22.923	1	3	3	3988.94	0
22.924	1	4	4	26767.4	0
22.925	1	2	5	38899	0
22.961	1	5	1	21702.7	0
22.962	1	1	2	6937.57	0
22.963	1	3	3	3988.94	0
22.964	1	4	4	26767.4	0
22.965	1	2	5	38899	0
23.001	1	5	1	21702.7	0
23.002	1	1	2	6937.57	0
23.003	1	3	3	3988.94	0
23.004	1	4	4	26767.4	0
23.005	1	2	5	38899	0
23.041	1	5	1	21702.7	0
23.042	1	1	2	6937.57	0
23.043	1	3	3	3988.94	0
23.044	1	4	4	26767.4	0
23.045	1	2	5	38899	0
23.081	1	5	1	21702.7	0
23.082	1	1	2	6937.57	0
23.083	1	3	3	3988.94	0
23.084	1	4	4	26767.4	0
23.085	1	2	5	38899	0
23.121	1	5	1	21702.7	0
23.122	1	1	2	6937.57	0
23.123	1	3	3	3988.94	0
23.124	1	4	4	26767.4	0
23.125	1	2	5	38899	0
23.161	1	5	1	21702.7	0
23.162	1	1	2	6937.57	0
23.163	1	3	3	3988.94	0
23.164	1	4	4	26767.4	0
23.165	1	2	5	38899	0
23.201	1	5	1	21702.7	0
23.202	1	1	2	6937.57	0
23.203	1	3	3	3988.94	0
23.204	1	4	4	26767.4	0
23.205	1	2	5	38899	0
23.241	1	5	1	21702.7	0
23.242	1	1	2	6937.57	0
23.243	1	3	3	3988.94	0
23.244	1	4	4	26767.4	0
23.245	1	2	5	38899	0
23.281	1	5	1	21702.7	0
23.282	1	1	2	6937.57	0
23.283	1	3	3	3988.94	0
23.284	1	4	4	26767.4	0
23.285	1	2	5	38899	0
23.321	1	5	1	21702.7	0
23.322	1	1	2	6937.57	0
23.323	1	3	3	3988.94	0
23.324	1	4	4	26767.4	0
23.325	1	2	5	38899	0
23.361	1	5	1	21702.7	0
23.362	1	1	2	6937.57	0
23.363	1	3	3	3988.94	0
23.364	1	4	4	26767.4	0
23.365	1	2	5	38899	0
23.401	1	5	1	21702.7	0
23.402	1	1	2	6937.57	0
23.403	1	3	3	3988.94	0
23.404	1	4	4	26767.4	0
23.405	1	2	5	38899	0
23.441	1	5	1	21702.7	0
23.442	1	1	2	6937.57	0
23.443	1	3	3	3988.94	0
23.444	1	4	4	26767.4	0
23.445	1	2	5	38899	0
23.481	1	5	1	21702.7	0
23.482	1	1	2	6937.57	0
23.483	1	3	3	3988.94	0
23.484	1	4	4	26767.4	0
23.485	1	2	5	38899	0
23.521	1	5	1	21702.7	0
23.522	1	1	2	6937.57	0
23.523	1	3	3	3988.94	0
23.524	1	4	4	26767.4	0
23.525	1	2	5	38899	0
23.561	1	5	1	21702.7	0
23.562	1	1	2	6937.57	0
23.563	1	3	3	3988.94	0
23.564	1	4	4	26767.4	0
23.565	1	2	5	38899	0
23.601	1	5	1	21702.7	0
23.602	1	1	2	6937.57	0
23.603	1	3	3	3988.94	0
23.604	1	4	4	26767.4	0
23.605	1	2	5	38899	0
23.641	1	5	1	21702.7	0
23.642	1	1	2	6937.57	0
23.643	1	3	3	3988.94	0
23.644	1	4	4	26767.4	0
23.645	1	2	5	38899	0
23.681	1	5	1	21702.7	0
23.682	1	1	2	6937.57	0
23.683	1	3	3	3988.94	0
23.684	1	4	4	26767.4	0
23.685	1	2	5	38899	0
23.721	1	5	1	21702.7	0
23.722	1	1	2	6937.57	0
23.723	1	3	3	3988.94	0
23.724	1	4	4	26767.4	0
23.725	1	2	5	38899	0
23.761	1	5	1	21702.7	0
23.762	1	1	2	6937.57	0
23.763	1	3	3	3988.94	0
23.764	1	4	4	26767.4	0
23.765	1	2	5	38899	0
23.801	1	5	1	21702.7	0
23.802	1	1	2	6937.57	0
23.803	1	3	3	3988.94	0
23.804	1	4	4	26767.4	0
23.805	1	2	5	38899	0
23.841	1	5	1	21702.7	0
23.842	1	1	2	6937.57	0
23.843	1	3	3	3988.94	0
23.844	1	4	4	26767.4	0
23.845	1	2	5	38899	0
23.881	1	5	1	21702.7	0
23.882	1	1	2	6937.57	0
23.883	1	3	3	3988.94	0
23.884	1	4	4	26767.4	0
23.885	1	2	5	38899	0
23.921	1	5	1	21702.7	0
23.922	1	1	2	6937.57	0
23.923	1	3	3	3988.94	0
23.924	1	4	4	26767.4	0
23.925	1	2	5	38899	0
23.961	1	5	1	21702.7	0
23.962	1	1	2	6937.57	0
23.963	1	3	3	3988.94	0
23.964	1	4	4	26767.4	0
23.965	1	2	5	38899	0
24.001	1	5	1	21702.7	0
24.002	1	1	2	6937.57	0
24.003	1	3	3	3988.94	0
24.004	1	4	4	26767.4	0
24.005	1	2	5	38899	0
24.041	1	5	1	21702.7	0
24.042	1	1	2	6937.57	0
24.043	1	3	3	3988.94	0
24.044	1	4	4	26767.4	0
24.045	1	2	5	38899	0
24.081	1	5	1	21702.7	0
24.082	1	1	2	6937.57	0
24.083	1	3	3	3988.94	0
24.084	1	4	4	26767.4	0
24.085	1	2	5	38899	0
24.121	1	5	1	21702.7	0
24.122	1	1	2	6937.57	0
24.123	1	3	3	3988.94	0
24.124	1	4	4	26767.4	0
24.125	1	2	5	38899	0
24.161	1	5	1	21702.7	0
24.162	1	1	2	6937.57	0
24.163	1	3	3	3988.94	0
24.164	1	4	4	26767.4	0
24.165	1	2	5	38899	0
24.201	1	5	1	21702.7	0
24.202	1	1	2	6937.57	0
24.203	1	3	3	3988.94	0
24.204	1	4	4	26767.4	0
24.205	1	2	5	38899	0
24.241	1	5	1	21702.7	0
24.242	1	1	2	6937.57	0
24.243	1	3	3	3988.94	0
24.244	1	4	4	26767.4	0
24.245	1	2	5	38899	0
24.281	1	5	1	21702.7	0
24.282	1	1	2	6937.57	0
24.283	1	3	3	3988.94	0
24.284	1	4	4	26767.4	0
24.285	1	2	5	38899	0
24.321	1	5	1	21702.7	0
24.322	1	1	2	6937.57	0
24.323	1	3	3	3988.94	0
24.324	1	4	4	26767.4	0
24.325	1	2	5	38899	0
24.361	1	5	1	21702.7	0
24.362	1	1	2	6937.57	0
24.363	1	3	3	3988.94	0
24.364	1	4	4	26767.4	0
24.365	1	2	5	38899	0
24.401	1	5	1	21702.7	0
24.402	1	1	2	6937.57	0
24.403	1	3	3	3988.94	0
24.404	1	4	4	26767.4	0
24.405	1	2	5	38899	0
24.441	1	5	1	21702.7	0
24.442	1	1	2	6937.57	0
24.443	1	3	3	3988.94	0
24.444	1	4	4	26767.4	0
24.445	1	2	5	38899	0
24.481	1	5	1	21702.7	0
24.482	1	1	2	6937.57	0
24.483	1	3	3	3988.94	0
24.484	1	4	4	26767.4	0
24.485	1	2	5	38899	0
24.521	1	5	1	21702.7	0
24.522	1	1	2	6937.57	0
24.523	1	3	3	3988.94	0
24.524	1	4	4	26767.4	0
24.525	1	2	5	38899	0
24.561	1	5	1	21702.7	0
24.562	1	1	2	6937.57	0
24.563	1	3	3	3988.94	0
24.564	1	4	4	26767.4	0
24.565	1	2	5	38899	0
24.601	1	5	1	21702.7	0
24.602	1	1	2	6937.57	0
24.603	1	3	3	3988.94	0
24.604	1	4	4	26767.4	0
24.605	1	2	5	38899	0
24.641	1	5	1	21702.7	0
24.642	1	1	2	6937.57	0
24.643	1	3	3	3988.94	0
24.644	1	4	4	26767.4	0
24.645	1	2	5	38899	0
24.681	1	5	1	21702.7	0
24.682	1	1	2	6937.57	0
24.683	1	3	3	3988.94	0
24.684	1	4	4	26767.4	0
24.685	1	2	5	38899	0
24.721	1	5	1	21702.7	0
24.722	1	1	2	6937.57	0
24.723	1	3	3	3988.94	0
24.724	1	4	4	26767.4	0
24.725	1	2	5	38899	0
24.761	1	5	1	21702.7	0
24.762	1	1	2	6937.57	0
24.763	1	3	3	3988.94	0
24.764	1	4	4	26767.4	0
24.765	1	2	5	38899	0
24.801	1	5	1	21702.7	0
24.802	1	1	2	6937.57	0
24.803	1	3	3	3988.94	0
24.804	1	4	4	26767.4	0
24.805	1	2	5	38899	0
24.841	1	5	1	21702.7	0
24.842	1	1	2	6937.57	0
24.843	1	3	3	3988.94	0
24.844	1	4	4	26767.4	0
24.845	1	2	5	38899	0
24.881	1	5	1	21702.7	0
24.882	1	1	2	6937.57	0
24.883	1	3	3	3988.94	0
24.884	1	4	4	26767.4	0
24.885	1	2	5	38899	0
24.921	1	5	1	21702.7	0
24.922	1	1	2	6937.57	0
24.923	1	3	3	3988.94	0
24.924	1	4	4	26767.4	0
24.925	1	2	5	38899	0
24.961	1	5	1	21702.7	0
24.962	1	1	2	6937.57	0
24.963	1	3	3	3988.94	0
24.964	1	4	4	26767.4	0
24.965	1	2	5	38899	0
25.001	1	5	1	21702.7	0
25.002	1	1	2	6937.57	0
25.003	1	3	3	3988.94	0
25.004	1	4	4	26767.4	0
25.005	1	2	5	38899	0
25.041	1	5	1	21702.7	0
25.042	1	1	2	6937.57	0
25.043	1	3	3	3988.94	0
25.044	1	4	4	26767.4	0
25.045	1	2	5	38899	0
25.081	1	5	1	21702.7	0
25.082	1	1	2	6937.57	0
25.083	1	3	3	3988.94	0
25.084	1	4	4	26767.4	0
25.085	1	2	5	38899	0
25.121	1	5	1	21702.7	0
25.122	1	1	2	6937.57	0
25.123	1	3	3	3988.94	0
25.124	1	4	4	26767.4	0
25.125	1	2	5	38899	0
25.161	1	5	1	21702.7	0
25.162	1	1	2	6937.57	0
25.163	1	3	3	3988.94	0
25.164	1	4	4	26767.4	0
25.165	1	2	5	38899	0
25.201	1	5	1	21702.7	0
25.202	1	1	2	6937.57	0
25.203	1	3	3	3988.94	0
25.204	1	4	4	26767.4	0
25.205	1	2	5	38899	0
25.241	1	5	1	21702.7	0
25.242	1	1	2	6937.57	0
25.243	1	3	3	3988.94	0
25.244	1	4	4	26767.4	0
25.245	1	2	5	38899	0
25.281	1	5	1	21702.7	0
25.282	1	1	2	6937.57	0
25.283	1	3	3	3988.94	0
25.284	1	4	4	26767.4	0
25.285	1	2	5	38899	0
25.321	1	5	1	21702.7	0
25.322	1	1	2	6937.57	0
25.323	1	3	3	3988.94	0
25.324	1	4	4	26767.4	0
25.325	1	2	5	38899	0
25.361	1	5	1	21702.7	0
25.362	1	1	2	6937.57	0
25.363	1	3	3	3988.94	0
25.364	1	4	4	26767.4	0
25.365	1	2	5	38899	0
25.401	1	5	1	21702.7	0
25.402	1	1	2	6937.57	0
25.403	1	3	3	3988.94	0
25.404	1	4	4	26767.4	0
25.405	1	2	5	38899	0
25.441	1	5	1	21702.7	0
25.442	1	1	2	6937.57	0
25.443	1	3	3	3988.94	0
25.444	1	4	4	26767.4	0
25.445	1	2	5	38899	0
25.481	1	5	1	21702.7	0
25.482	1	1	2	6937.57	0
25.483	1	3	3	3988.94	0
25.484	1	4	4	26767.4	0
25.485	1	2	5	38899	0
25.521	1	5	1	21702.7	0
25.522	1	1	2	6937.57	0
25.523	1	3	3	3988.94	0
25.524	1	4	4	26767.4	0
25.525	1	2	5	38899	0
25.561	1	5	1	21702.7	0
25.562	1	1	2	6937.57	0
25.563	1	3	3	3988.94	0
25.564	1	4	4	26767.4	0
25.565	1	2	5	38899	0
25.601	1	5	1	21702.7	0
25.602	1	1	2	6937.57	0
25.603	1	3	3	3988.94	0
25.604	1	4	4	26767.4	0
25.605	1	2	5	38899	0
25.641	1	5	1	21702.7	0
25.642	1	1	2	6937.57	0
25.643	1	3	3	3988.94	0
25.644	1	4	4	26767.4	0
25.645	1	2	5	38899	0
25.681	1	5	1	21702.7	0
25.682	1	1	2	6937.57	0
25.683	1	3	3	3988.94	0
25.684	1	4	4	26767.4	0
25.685	1	2	5	38899	0
25.721	1	5	1	21702.7	0
25.722	1	1	2	6937.57	0
25.723	1	3	3	3988.94	0
25.724	1	4	4	26767.4	0
25.725	1	2	5	38899	0
25.761	1	5	1	21702.7	0
25.762	1	1	2	6937.57	0
25.763	1	3	3	3988.94	0
25.764	1	4	4	26767.4	0
25.765	1	2	5	38899	0
25.801	1	5	1	21702.7	0
25.802	1	1	2	6937.57	0
25.803	1	3	3	3988.94	0
25.804	1	4	4	26767.4	0
25.805	1	2	5	38899	0
25.841	1	5	1	21702.7	0
25.842	1	1	2	6937.57	0
25.843	1	3	3	3988.94	0
25.844	1	4	4	26767.4	0
25.845	1	2	5	38899	0
25.881	1	5	1	21702.7	0
25.882	1	1	2	6937.57	0
25.883	1	3	3	3988.94	0
25.884	1	4	4	26767.4	0
25.885	1	2	5	38899	0
25.921	1	5	1	21702.7	0
25.922	1	1	2	6937.57	0
25.923	1	3	3	3988.94	0
25.924	1	4	4	26767.4	0
25.925	1	2	5	38899	0
25.961	1	5	1	21702.7	0
25.962	1	1	2	6937.57	0
25.963	1	3	3	3988.94	0
25.964	1	4	4	26767.4	0
25.965	1	2	5	38899	0
26.001	1	5	1	21702.7	0
26.002	1	1	2	6937.57	0
26.003	1	3	3	3988.94	0
26.004	1	4	4	26767.4	0
26.005	1	2	5	38899	0
26.041	1	5	1	21702.7	0
26.042	1	1	2	6937.57	0
26.043	1	3	3	3988.94	0
26.044	1	4	4	26767.4	0
26.045	1	2	5	38899	0
26.081	1	5	1	21702.7	0
26.082	1	1	2	6937.57	0
26.083	1	3	3	3988.94	0
26.084	1	4	4	26767.4	0
26.085	1	2	5	38899	0
26.121	1	5	1	21702.7	0
26.122	1	1	2	6937.57	0
26.123	1	3	3	3988.94	0
26.124	1	4	4	26767.4	0
26.125	1	2	5	38899	0
26.161	1	5	1	21702.7	0
26.162	1	1	2	6937.57	0
26.163	1	3	3	3988.94	0
26.164	1	4	4	26767.4	0
26.165	1	2	5	38899	0
26.201	1	5	1	21702.7	0
26.202	1	1	2	6937.57	0
26.203	1	3	3	3988.94	0
26.204	1	4	4	26767.4	0
26.205	1	2	5	38899	0
26.241	1	5	1	21702.7	0
26.242	1	1	2	6937.57	0
26.243	1	3	3	3988.94	0
26.244	1	4	4	26767.4	0
26.245	1	2	5	38899	0
26.281	1	5	1	21702.7	0
26.282	1	1	2	6937.57	0
26.283	1	3	3	3988.94	0
26.284	1	4	4	26767.4	0
26.285	1	2	5	38899	0
26.321	1	5	1	21702.7	0
26.322	1	1	2	6937.57	0
26.323	1	3	3	3988.94	0
26.324	1	4	4	26767.4	0
26.325	1	2	5	38899	0
26.361	1	5	1	21702.7	0
26.362	1	1	2	6937.57	0
26.363	1	3	3	3988.94	0
26.364	1	4	4	26767.4	0
26.365	1	2	5	38899	0
26.401	1	5	1	21702.7	0
26.402	1	1	2	6937.57	0
26.403	1	3	3	3988.94	0
26.404	1	4	4	26767.4	0
26.405	1	2	5	38899	0
26.441	1	5	1	21702.7	0
26.442	1	1	2	6937.57	0
26.443	1	3	3	3988.94	0
26.444	1	4	4	26767.4	0
26.445	1	2	5	38899	0
26.481	1	5	1	21702.7	0
26.482	1	1	2	6937.57	0
26.483	1	3	3	3988.94	0
26.484	1	4	4	26767.4	0
26.485	1	2	5	38899	0
26.521	1	5	1	21702.7	0
26.522	1	1	2	6937.57	0
26.523	1	3	3	3988.94	0
26.524	1	4	4	26767.4	0
26.525	1	2	5	38899	0
26.561	1	5	1	21702.7	0
26.562	1	1	2	6937.57	0
26.563	1	3	3	3988.94	0
26.564	1	4	4	26767.4	0
26.565	1	2	5	38899	0
26.601	1	5	1	21702.7	0
26.602	1	1	2	6937.57	0
26.603	1	3	3	3988.94	0
26.604	1	4	4	26767.4	0
26.605	1	2	5	38899	0
26.641	1	5	1	21702.7	0
26.642	1	1	2	6937.57	0
26.643	1	3	3	3988.94	0
26.644	1	4	4	26767.4	0
26.645	1	2	5	38899	0
26.681	1	5	1	21702.7	0
26.682	1	1	2	6937.57	0
26.683	1	3	3	3988.94	0
26.684	1	4	4	26767.4	0
26.685	1	2	5	38899	0
26.721	1	5	1	21702.7	0
26.722	1	1	2	6937.57	0
26.723	1	3	3	3988.94	0
26.724	1	4	4	26767.4	0
26.725	1	2	5	38899	0
26.761	1	5	1	21702.7	0
26.762	1	1	2	6937.57	0
26.763	1	3	3	3988.94	0
26.764	1	4	4	26767.4	0
26.765	1	2	5	38899	0
26.801	1	5	1	21702.7	0
26.802	1	1	2	6937.57	0
26.803	1	3	3	3988.94	0
26.804	1	4	4	26767.4	0
26.805	1	2	5	38899	0
26.841	1	5	1	21702.7	0
26.842	1	1	2	6937.57	0
26.843	1	3	3	3988.94	0
26.844	1	4	4	26767.4	0
26.845	1	2	5	38899	0
26.881	1	5	1	21702.7	0
26.882	1	1	2	6937.57	0
26.883	1	3	3	3988.94	0
26.884	1	4	4	26767.4	0
26.885	1	2	5	38899	0
26.921	1	5	1	21702.7	0
26.922	1	1	2	6937.57	0
26.923	1	3	3	3988.94	0
26.924	1	4	4	26767.4	0
26.925	1	2	5	38899	0
26.961	1	5	1	21702.7	0
26.962	1	1	2	6937.57	0
26.963	1	3	3	3988.94	0
26.964	1	4	4	26767.4	0
26.965	1	2	5	38899	0
27.001	1	5	1	21702.7	0
27.002	1	1	2	6937.57	0
27.003	1	3	3	3988.94	0
27.004	1	4	4	26767.4	0
27.005	1	2	5	38899	0
27.041	1	5	1	21702.7	0
27.042	1	1	2	6937.57	0
27.043	1	3	3	3988.94	0
27.044	1	4	4	26767.4	0
27.045	1	2	5	38899	0
27.081	1	5	1	21702.7	0
27.082	1	1	2	6937.57	0
27.083	1	3	3	3988.94	0
27.084	1	4	4	26767.4	0
27.085	1	2	5	38899	0
27.121	1	5	1	21702.7	0
27.122	1	1	2	6937.57	0
27.123	1	3	3	3988.94	0
27.124	1	4	4	26767.4	0
27.125	1	2	5	38899	0
27.161	1	5	1	21702.7	0
27.162	1	1	2	6937.57	0
27.163	1	3	3	3988.94	0
27.164	1	4	4	26767.4	0
27.165	1	2	5	38899	0
27.201	1	5	1	21702.7	0
27.202	1	1	2	6937.57	0
27.203	1	3	3	3988.94	0
27.204	1	4	4	26767.4	0
27.205	1	2	5	38899	0
27.241	1	5	1	21702.7	0
27.242	1	1	2	6937.57	0
27.243	1	3	3	3988.94	0
27.244	1	4	4	26767.4	0
27.245	1	2	5	38899	0
27.281	1	5	1	21702.7	0
27.282	1	1	2	6937.57	0
27.283	1	3	3	3988.94	0
27.284	1	4	4	26767.4	0
27.285	1	2	5	38899	0
27.321	1	5	1	21702.7	0
27.322	1	1	2	6937.57	0
27.323	1	3	3	3988.94	0
27.324	1	4	4	26767.4	0
27.325	1	2	5	38899	0
27.361	1	5	1	21702.7	0
27.362	1	1	2	6937.57	0
27.363	1	3	3	3988.94	0
27.364	1	4	4	26767.4	0
27.365	1	2	5	38899	0
27.401	1	5	1	21702.7	0
27.402	1	1	2	6937.57	0
27.403	1	3	3	3988.94	0
27.404	1	4	4	26767.4	0
27.405	1	2	5	38899	0
27.441	1	5	1	21702.7	0
27.442	1	1	2	6937.57	0
27.443	1	3	3	3988.94	0
27.444	1	4	4	26767.4	0
27.445	1	2	5	38899	0
27.481	1	5	1	21702.7	0
27.482	1	1	2	6937.57	0
27.483	1	3	3	3988.94	0
27.484	1	4	4	26767.4	0
27.485	1	2	5	38899	0
27.521	1	5	1	21702.7	0
27.522	1	1	2	6937.57	0
27.523	1	3	3	3988.94	0
27.524	1	4	4	26767.4	0
27.525	1	2	5	38899	0
27.561	1	5	1	21702.7	0
27.562	1	1	2	6937.57	0
27.563	1	3	3	3988.94	0
27.564	1	4	4	26767.4	0
27.565	1	2	5	38899	0
27.601	1	5	1	21702.7	0
27.602	1	1	2	6937.57	0
27.603	1	3	3	3988.94	0
27.604	1	4	4	26767.4	0
27.605	1	2	5	38899	0
27.641	1	5	1	21702.7	0
27.642	1	1	2	6937.57	0
27.643	1	3	3	3988.94	0
27.644	1	4	4	26767.4	0
27.645	1	2	5	38899	0
27.681	1	5	1	21702.7	0
27.682	1	1	2	6937.57	0
27.683	1	3	3	3988.94	0
27.684	1	4	4	26767.4	0
27.685	1	2	5	38899	0
27.721	1	5	1	21702.7	0
27.722	1	1	2	6937.57	0
27.723	1	3	3	3988.94	0
27.724	1	4	4	26767.4	0
27.725	1	2	5	38899	0
27.761	1	5	1	21702.7	0
27.762	1	1	2	6937.57	0
27.763	1	3	3	3988.94	0
27.764	1	4	4	26767.4	0
27.765	1	2	5	38899	0
27.801	1	5	1	21702.7	0
27.802	1	1	2	6937.57	0
27.803	1	3	3	3988.94	0
27.804	1	4	4	26767.4	0
27.805	1	2	5	38899	0
27.841	1	5	1	21702.7	0
27.842	1	1	2	6937.57	0
27.843	1	3	3	3988.94	0
27.844	1	4	4	26767.4	0
27.845	1	2	5	38899	0
27.881	1	5	1	21702.7	0
27.882	1	1	2	6937.57	0
27.883	1	3	3	3988.94	0
27.884	1	4	4	26767.4	0
27.885	1	2	5	38899	0
27.921	1	5	1	21702.7	0
27.922	1	1	2	6937.57	0
27.923	1	3	3	3988.94	0
27.924	1	4	4	26767.4	0
27.925	1	2	5	38899	0
27.961	1	5	1	21702.7	0
27.962	1	1	2	6937.57	0
27.963	1	3	3	3988.94	0
27.964	1	4	4	26767.4	0
27.965	1	2	5	38899	0
28.001	1	5	1	21702.7	0
28.002	1	1	2	6937.57	0
28.003	1	3	3	3988.94	0
28.004	1	4	4	26767.4	0
28.005	1	2	5	38899	0
28.041	1	5	1	21702.7	0
28.042	1	1	2	6937.57	0
28.043	1	3	3	3988.94	0
28.044	1	4	4	26767.4	0
28.045	1	2	5	38899	0
28.081	1	5	1	21702.7	0
28.082	1	1	2	6937.57	0
28.083	1	3	3	3988.94	0
28.084	1	4	4	26767.4	0
28.085	1	2	5	38899	0
28.121	1	5	1	21702.7	0
28.122	1	1	2	6937.57	0
28.123	1	3	3	3988.94	0
28.124	1	4	4	26767.4	0
28.125	1	2	5	38899	0
28.161	1	5	1	21702.7	0
28.162	1	1	2	6937.57	0
28.163	1	3	3	3988.94	0
28.164	1	4	4	26767.4	0
28.165	1	2	5	38899	0
28.201	1	5	1	21702.7	0
28.202	1	1	2	6937.57	0
28.203	1	3	3	3988.94	0
28.204	1	4	4	26767.4	0
28.205	1	2	5	38899	0
28.241	1	5	1	21702.7	0
28.242	1	1	2	6937.57	0
28.243	1	3	3	3988.94	0
28.244	1	4	4	26767.4	0
28.245	1	2	5	38899	0
28.281	1	5	1	21702.7	0
28.282	1	1	2	6937.57	0
28.283	1	3	3	3988.94	0
28.284	1	4	4	26767.4	0
28.285	1	2	5	38899	0
28.321	1	5	1	21702.7	0
28.322	1	1	2	6937.57	0
28.323	1	3	3	3988.94	0
28.324	1	4	4	26767.4	0
28.325	1	2	5	38899	0
28.361	1	5	1	21702.7	0
28.362	1	1	2	6937.57	0
28.363	1	3	3	3988.94	0
28.364	1	4	4	26767.4	0
28.365	1	2	5	38899	0
28.401	1	5	1	21702.7	0
28.402	1	1	2	6937.57	0
28.403	1	3	3	3988.94	0
28.404	1	4	4	26767.4	0
28.405	1	2	5	38899	0
28.441	1	5	1	21702.7	0
28.442	1	1	2	6937.57	0
28.443	1	3	3	3988.94	0
28.444	1	4	4	26767.4	0
28.445	1	2	5	38899	0
28.481	1	5	1	21702.7	0
28.482	1	1	2	6937.57	0
28.483	1	3	3	3988.94	0
28.484	1	4	4	26767.4	0
28.485	1	2	5	38899	0
28.521	1	5	1	21702.7	0
28.522	1	1	2	6937.57	0
28.523	1	3	3	3988.94	0
28.524	1	4	4	26767.4	0
28.525	1	2	5	38899	0
28.561	1	5	1	21702.7	0
28.562	1	1	2	6937.57	0
28.563	1	3	3	3988.94	0
28.564	1	4	4	26767.4	0
28.565	1	2	5	38899	0
28.601	1	5	1	21702.7	0
28.602	1	1	2	6937.57	0
28.603	1	3	3	3988.94	0
28.604	1	4	4	26767.4	0
28.605	1	2	5	38899	0
28.641	1	5	1	21702.7	0
28.642	1	1	2	6937.57	0
28.643	1	3	3	3988.94	0
28.644	1	4	4	26767.4	0
28.645	1	2	5	38899	0
28.681	1	5	1	21702.7	0
28.682	1	1	2	6937.57	0
28.683	1	3	3	3988.94	0
28.684	1	4	4	26767.4	0
28.685	1	2	5	38899	0
28.721	1	5	1	21702.7	0
28.722	1	1	2	6937.57	0
28.723	1	3	3	3988.94	0
28.724	1	4	4	26767.4	0
28.725	1	2	5	38899	0
28.761	1	5	1	21702.7	0
28.762	1	1	2	6937.57	0
28.763	1	3	3	3988.94	0
28.764	1	4	4	26767.4	0
28.765	1	2	5	38899	0
28.801	1	5	1	21702.7	0
28.802	1	1	2	6937.57	0
28.803	1	3	3	3988.94	0
28.804	1	4	4	26767.4	0
28.805	1	2	5	38899	0
28.841	1	5	1	21702.7	0
28.842	1	1	2	6937.57	0
28.843	1	3	3	3988.94	0
28.844	1	4	4	26767.4	0
28.845	1	2	5	38899	0
28.881	1	5	1	21702.7	0
28.882	1	1	2	6937.57	0
28.883	1	3	3	3988.94	0
28.884	1	4	4	26767.4	0
28.885	1	2	5	38899	0
28.921	1	5	1	21702.7	0
28.922	1	1	2	6937.57	0
28.923	1	3	3	3988.94	0
28.924	1	4	4	26767.4	0
28.925	1	2	5	38899	0
28.961	1	5	1	21702.7	0
28.962	1	1	2	6937.57	0
28.963	1	3	3	3988.94	0
28.964	1	4	4	26767.4	0
28.965	1	2	5	38899	0
29.001	1	5	1	21702.7	0
29.002	1	1	2	6937.57	0
29.003	1	3	3	3988.94	0
29.004	1	4	4	26767.4	0
29.005	1	2	5	38899	0
29.041	1	5	1	21702.7	0
29.042	1	1	2	6937.57	0
29.043	1	3	3	3988.94	0
29.044	1	4	4	26767.4	0
29.045	1	2	5	38899	0
29.081	1	5	1	21702.7	0
29.082	1	1	2	6937.57	0
29.083	1	3	3	3988.94	0
29.084	1	4	4	26767.4	0
29.085	1	2	5	38899	0
29.121	1	5	1	21702.7	0
29.122	1	1	2	6937.57	0
29.123	1	3	3	3988.94	0
29.124	1	4	4	26767.4	0
29.125	1	2	5	38899	0
29.161	1	5	1	21702.7	0
29.162	1	1	2	6937.57	0
29.163	1	3	3	3988.94	0
29.164	1	4	4	26767.4	0
29.165	1	2	5	38899	0
29.201	1	5	1	21702.7	0
29.202	1	1	2	6937.57	0
29.203	1	3	3	3988.94	0
29.204	1	4	4	26767.4	0
29.205	1	2	5	38899	0
