% time	cellId	IMSI	frame	sframe	RNTI	mcsTb1	sizeTb1	mcsTb2	sizeTb2	ccId
0.04	1	1	5	1	1	28	2196	0	0	0
0.051	1	1	6	2	1	28	2196	0	0	0
0.064	1	1	7	5	1	28	2196	0	0	0
0.074	1	1	8	5	1	28	2196	0	0	0
0.079	1	1	8	10	1	28	2196	0	0	0
0.095	1	1	10	6	1	28	2196	0	0	0
0.116	1	1	12	7	1	28	2196	0	0	0
0.14	1	1	15	1	1	28	2196	0	0	0
0.154	1	1	16	5	1	28	2196	0	0	0
0.163	1	1	17	4	1	28	2196	0	0	0
0.17	1	1	18	1	1	28	2196	0	0	0
0.186	1	1	19	7	1	28	2196	0	0	0
0.192	1	1	20	3	1	28	2196	0	0	0
0.226	1	1	23	7	1	28	2196	0	0	0
0.261	1	1	27	2	1	28	2196	0	0	0
0.296	1	1	30	7	1	28	2196	0	0	0
0.319	1	1	32	10	1	28	2196	0	0	0
0.329	1	1	33	10	1	28	2196	0	0	0
0.362	1	1	37	3	1	28	2196	0	0	0
0.366	1	1	37	7	1	28	2196	0	0	0
0.376	1	1	38	7	1	28	2196	0	0	0
0.404	1	1	41	5	1	28	2196	0	0	0
0.413	1	1	42	4	1	28	2196	0	0	0
0.422	1	1	43	3	1	28	2196	0	0	0
0.431	1	1	44	2	1	28	2196	0	0	0
0.438	1	1	44	9	1	28	2196	0	0	0
0.445	1	1	45	6	1	28	2196	0	0	0
0.475	1	1	48	6	1	28	2196	0	0	0
0.48	1	1	49	1	1	28	2196	0	0	0
0.506	1	1	51	7	1	28	2196	0	0	0
0.519	1	1	52	10	1	28	2196	0	0	0
0.55	1	1	56	1	1	28	2196	0	0	0
0.561	1	1	57	2	1	28	2196	0	0	0
0.576	1	1	58	7	1	28	2196	0	0	0
0.604	1	1	61	5	1	28	2196	0	0	0
0.625	1	1	63	6	1	28	2196	0	0	0
0.648	1	1	65	9	1	28	2196	0	0	0
0.656	1	1	66	7	1	28	2196	0	0	0
0.674	1	1	68	5	1	28	2196	0	0	0
0.7	1	1	71	1	1	28	2196	0	0	0
0.719	1	1	72	10	1	28	2196	0	0	0
0.727	1	1	73	8	1	28	2196	0	0	0
0.737	1	1	74	8	1	28	2196	0	0	0
0.832	1	1	84	3	1	28	2196	0	0	0
0.847	1	1	85	8	1	28	2196	0	0	0
0.864	1	1	87	5	1	28	2196	0	0	0
0.874	1	1	88	5	1	28	2196	0	0	0
0.911	1	1	92	2	1	28	2196	0	0	0
0.932	1	1	94	3	1	28	2196	0	0	0
0.953	1	1	96	4	1	28	2196	0	0	0
0.968	1	1	97	9	1	28	2196	0	0	0
0.99	1	1	100	1	1	28	2196	0	0	0
1.02	1	1	103	1	1	28	2196	0	0	0
1.053	1	1	106	4	1	28	2196	0	0	0
1.084	1	1	109	5	1	28	2196	0	0	0
1.093	1	1	110	4	1	28	2196	0	0	0
1.125	1	1	113	6	1	28	2196	0	0	0
1.149	1	1	115	10	1	28	2196	0	0	0
1.156	1	1	116	7	1	28	2196	0	0	0
1.166	1	1	117	7	1	28	2196	0	0	0
1.217	1	1	122	8	1	28	2196	0	0	0
1.237	1	1	124	8	1	28	2196	0	0	0
1.255	1	1	126	6	1	28	2196	0	0	0
1.269	1	1	127	10	1	28	2196	0	0	0
1.276	1	1	128	7	1	28	2196	0	0	0
1.308	1	1	131	9	1	28	2196	0	0	0
1.342	1	1	135	3	1	28	2196	0	0	0
1.354	1	1	136	5	1	28	2196	0	0	0
1.365	1	1	137	6	1	28	2196	0	0	0
1.387	1	1	139	8	1	28	2196	0	0	0
1.407	1	1	141	8	1	28	2196	0	0	0
1.412	1	1	142	3	1	28	2196	0	0	0
1.417	1	1	142	8	1	28	2196	0	0	0
1.436	1	1	144	7	1	28	2196	0	0	0
1.475	1	1	148	6	1	28	2196	0	0	0
1.479	1	1	148	10	1	28	2196	0	0	0
1.516	1	1	152	7	1	28	2196	0	0	0
1.54	1	1	155	1	1	28	2196	0	0	0
1.57	1	1	158	1	1	28	2196	0	0	0
1.585	1	1	159	6	1	28	2196	0	0	0
1.616	1	1	162	7	1	28	2196	0	0	0
1.627	1	1	163	8	1	28	2196	0	0	0
1.653	1	1	166	4	1	28	2196	0	0	0
1.66	1	1	167	1	1	28	2196	0	0	0
1.674	1	1	168	5	1	28	2196	0	0	0
1.761	1	1	177	2	1	28	2196	0	0	0
1.794	1	1	180	5	1	28	2196	0	0	0
1.816	1	1	182	7	1	28	2196	0	0	0
1.824	1	1	183	5	1	28	2196	0	0	0
1.843	1	1	185	4	1	28	2196	0	0	0
1.891	1	1	190	2	1	28	2196	0	0	0
1.907	1	1	191	8	1	28	2196	0	0	0
1.916	1	1	192	7	1	28	2196	0	0	0
1.924	1	1	193	5	1	28	2196	0	0	0
1.935	1	1	194	6	1	28	2196	0	0	0
1.962	1	1	197	3	1	28	2196	0	0	0
1.967	1	1	197	8	1	28	2196	0	0	0
1.976	1	1	198	7	1	28	2196	0	0	0
1.988	1	1	199	9	1	28	2196	0	0	0
2.025	1	1	203	6	1	28	2196	0	0	0
2.066	1	1	207	7	1	28	2196	0	0	0
2.083	1	1	209	4	1	28	2196	0	0	0
2.109	1	1	211	10	1	28	2196	0	0	0
2.131	1	1	214	2	1	28	2196	0	0	0
2.142	1	1	215	3	1	28	2196	0	0	0
2.18	1	1	219	1	1	28	2196	0	0	0
2.207	1	1	221	8	1	28	2196	0	0	0
2.225	1	1	223	6	1	28	2196	0	0	0
2.255	1	1	226	6	1	28	2196	0	0	0
2.277	1	1	228	8	1	28	2196	0	0	0
2.281	1	1	229	2	1	28	2196	0	0	0
2.317	1	1	232	8	1	28	2196	0	0	0
2.327	1	1	233	8	1	28	2196	0	0	0
2.357	1	1	236	8	1	28	2196	0	0	0
2.375	1	1	238	6	1	28	2196	0	0	0
2.377	1	1	238	8	1	28	2196	0	0	0
2.385	1	1	239	6	1	28	2196	0	0	0
2.418	1	1	242	9	1	28	2196	0	0	0
2.43	1	1	244	1	1	28	2196	0	0	0
2.461	1	1	247	2	1	28	2196	0	0	0
2.475	1	1	248	6	1	28	2196	0	0	0
2.487	1	1	249	8	1	28	2196	0	0	0
2.525	1	1	253	6	1	28	2196	0	0	0
2.543	1	1	255	4	1	28	2196	0	0	0
2.57	1	1	258	1	1	28	2196	0	0	0
2.582	1	1	259	3	1	28	2196	0	0	0
2.603	1	1	261	4	1	28	2196	0	0	0
2.615	1	1	262	6	1	28	2196	0	0	0
2.66	1	1	267	1	1	28	2196	0	0	0
2.706	1	1	271	7	1	28	2196	0	0	0
2.73	1	1	274	1	1	28	2196	0	0	0
2.746	1	1	275	7	1	28	2196	0	0	0
2.764	1	1	277	5	1	28	2196	0	0	0
2.775	1	1	278	6	1	28	2196	0	0	0
2.809	1	1	281	10	1	28	2196	0	0	0
2.845	1	1	285	6	1	28	2196	0	0	0
2.908	1	1	291	9	1	28	2196	0	0	0
2.919	1	1	292	10	1	28	2196	0	0	0
2.933	1	1	294	4	1	28	2196	0	0	0
2.957	1	1	296	8	1	28	2196	0	0	0
3	1	1	301	1	1	28	2196	0	0	0
3.009	1	1	301	10	1	28	2196	0	0	0
3.017	1	1	302	8	1	28	2196	0	0	0
3.035	1	1	304	6	1	28	2196	0	0	0
3.062	1	1	307	3	1	28	2196	0	0	0
3.07	1	1	308	1	1	28	2196	0	0	0
3.091	1	1	310	2	1	28	2196	0	0	0
3.119	1	1	312	10	1	28	2196	0	0	0
3.14	1	1	315	1	1	28	2196	0	0	0
3.149	1	1	315	10	1	28	2196	0	0	0
3.18	1	1	319	1	1	28	2196	0	0	0
3.188	1	1	319	9	1	28	2196	0	0	0
3.2	1	1	321	1	1	28	2196	0	0	0
3.241	1	1	325	2	1	28	2196	0	0	0
3.253	1	1	326	4	1	28	2196	0	0	0
3.259	1	1	326	10	1	28	2196	0	0	0
3.278	1	1	328	9	1	28	2196	0	0	0
3.289	1	1	329	10	1	28	2196	0	0	0
3.297	1	1	330	8	1	28	2196	0	0	0
3.31	1	1	332	1	1	28	2196	0	0	0
3.315	1	1	332	6	1	28	2196	0	0	0
3.336	1	1	334	7	1	28	2196	0	0	0
3.365	1	1	337	6	1	28	2196	0	0	0
3.386	1	1	339	7	1	28	2196	0	0	0
3.428	1	1	343	9	1	28	2196	0	0	0
3.457	1	1	346	8	1	28	2196	0	0	0
3.495	1	1	350	6	1	28	2196	0	0	0
3.525	1	1	353	6	1	28	2196	0	0	0
3.553	1	1	356	4	1	28	2196	0	0	0
3.561	1	1	357	2	1	28	2196	0	0	0
3.591	1	1	360	2	1	28	2196	0	0	0
3.595	1	1	360	6	1	28	2196	0	0	0
3.617	1	1	362	8	1	28	2196	0	0	0
3.633	1	1	364	4	1	28	2196	0	0	0
3.659	1	1	366	10	1	28	2196	0	0	0
3.672	1	1	368	3	1	28	2196	0	0	0
3.693	1	1	370	4	1	28	2196	0	0	0
3.7	1	1	371	1	1	28	2196	0	0	0
3.703	1	1	371	4	1	28	2196	0	0	0
3.733	1	1	374	4	1	28	2196	0	0	0
3.74	1	1	375	1	1	28	2196	0	0	0
3.756	1	1	376	7	1	28	2196	0	0	0
3.794	1	1	380	5	1	28	2196	0	0	0
3.817	1	1	382	8	1	28	2196	0	0	0
3.879	1	1	388	10	1	28	2196	0	0	0
3.915	1	1	392	6	1	28	2196	0	0	0
3.941	1	1	395	2	1	28	2196	0	0	0
3.975	1	1	398	6	1	28	2196	0	0	0
4.011	1	1	402	2	1	28	2196	0	0	0
4.045	1	1	405	6	1	28	2196	0	0	0
4.065	1	1	407	6	1	28	2196	0	0	0
4.075	1	1	408	6	1	28	2196	0	0	0
4.094	1	1	410	5	1	28	2196	0	0	0
4.101	1	1	411	2	1	28	2196	0	0	0
4.142	1	1	415	3	1	28	2196	0	0	0
4.204	1	1	421	5	1	28	2196	0	0	0
4.217	1	1	422	8	1	28	2196	0	0	0
4.233	1	1	424	4	1	28	2196	0	0	0
4.264	1	1	427	5	1	28	2196	0	0	0
4.285	1	1	429	6	1	28	2196	0	0	0
4.3	1	1	431	1	1	28	2196	0	0	0
4.355	1	1	436	6	1	28	2196	0	0	0
4.382	1	1	439	3	1	28	2196	0	0	0
4.425	1	1	443	6	1	28	2196	0	0	0
4.436	1	1	444	7	1	28	2196	0	0	0
4.441	1	1	445	2	1	28	2196	0	0	0
4.452	1	1	446	3	1	28	2196	0	0	0
4.484	1	1	449	5	1	28	2196	0	0	0
4.494	1	1	450	5	1	28	2196	0	0	0
4.504	1	1	451	5	1	28	2196	0	0	0
4.524	1	1	453	5	1	28	2196	0	0	0
4.606	1	1	461	7	1	28	2196	0	0	0
4.626	1	1	463	7	1	28	2196	0	0	0
4.647	1	1	465	8	1	28	2196	0	0	0
4.658	1	1	466	9	1	28	2196	0	0	0
4.669	1	1	467	10	1	28	2196	0	0	0
4.71	1	1	472	1	1	28	2196	0	0	0
4.72	1	1	473	1	1	28	2196	0	0	0
4.751	1	1	476	2	1	28	2196	0	0	0
4.775	1	1	478	6	1	28	2196	0	0	0
4.783	1	1	479	4	1	28	2196	0	0	0
4.795	1	1	480	6	1	28	2196	0	0	0
4.806	1	1	481	7	1	28	2196	0	0	0
4.868	1	1	487	9	1	28	2196	0	0	0
4.878	1	1	488	9	1	28	2196	0	0	0
4.903	1	1	491	4	1	28	2196	0	0	0
4.941	1	1	495	2	1	28	2196	0	0	0
4.953	1	1	496	4	1	28	2196	0	0	0
5.034	1	1	504	5	1	28	2196	0	0	0
5.069	1	1	507	10	1	28	2196	0	0	0
5.096	1	1	510	7	1	28	2196	0	0	0
5.111	1	1	512	2	1	28	2196	0	0	0
5.132	1	1	514	3	1	28	2196	0	0	0
5.15	1	1	516	1	1	28	2196	0	0	0
5.173	1	1	518	4	1	28	2196	0	0	0
5.198	1	1	520	9	1	28	2196	0	0	0
5.207	1	1	521	8	1	28	2196	0	0	0
5.219	1	1	522	10	1	28	2196	0	0	0
5.241	1	1	525	2	1	28	2196	0	0	0
5.251	1	1	526	2	1	28	2196	0	0	0
5.281	1	1	529	2	1	28	2196	0	0	0
5.299	1	1	530	10	1	28	2196	0	0	0
5.324	1	1	533	5	1	28	2196	0	0	0
5.334	1	1	534	5	1	28	2196	0	0	0
5.357	1	1	536	8	1	28	2196	0	0	0
5.363	1	1	537	4	1	28	2196	0	0	0
5.414	1	1	542	5	1	28	2196	0	0	0
5.451	1	1	546	2	1	28	2196	0	0	0
5.488	1	1	549	9	1	28	2196	0	0	0
5.507	1	1	551	8	1	28	2196	0	0	0
5.549	1	1	555	10	1	28	2196	0	0	0
5.572	1	1	558	3	1	28	2196	0	0	0
5.61	1	1	562	1	1	28	2196	0	0	0
5.635	1	1	564	6	1	28	2196	0	0	0
5.643	1	1	565	4	1	28	2196	0	0	0
5.671	1	1	568	2	1	28	2196	0	0	0
5.703	1	1	571	4	1	28	2196	0	0	0
5.74	1	1	575	1	1	28	2196	0	0	0
5.754	1	1	576	5	1	28	2196	0	0	0
5.798	1	1	580	9	1	28	2196	0	0	0
5.826	1	1	583	7	1	28	2196	0	0	0
5.841	1	1	585	2	1	28	2196	0	0	0
5.87	1	1	588	1	1	28	2196	0	0	0
5.903	1	1	591	4	1	28	2196	0	0	0
5.907	1	1	591	8	1	28	2196	0	0	0
5.925	1	1	593	6	1	28	2196	0	0	0
5.957	1	1	596	8	1	28	2196	0	0	0
5.979	1	1	598	10	1	28	2196	0	0	0
6.003	1	1	601	4	1	28	2196	0	0	0
6.037	1	1	604	8	1	28	2196	0	0	0
6.043	1	1	605	4	1	28	2196	0	0	0
6.065	1	1	607	6	1	28	2196	0	0	0
6.085	1	1	609	6	1	28	2196	0	0	0
6.096	1	1	610	7	1	28	2196	0	0	0
6.126	1	1	613	7	1	28	2196	0	0	0
6.136	1	1	614	7	1	28	2196	0	0	0
6.162	1	1	617	3	1	28	2196	0	0	0
6.192	1	1	620	3	1	28	2196	0	0	0
6.204	1	1	621	5	1	28	2196	0	0	0
6.22	1	1	623	1	1	28	2196	0	0	0
6.253	1	1	626	4	1	28	2196	0	0	0
6.266	1	1	627	7	1	28	2196	0	0	0
6.291	1	1	630	2	1	28	2196	0	0	0
6.338	1	1	634	9	1	28	2196	0	0	0
6.366	1	1	637	7	1	28	2196	0	0	0
6.392	1	1	640	3	1	28	2196	0	0	0
6.42	1	1	643	1	1	28	2196	0	0	0
6.432	1	1	644	3	1	28	2196	0	0	0
6.457	1	1	646	8	1	28	2196	0	0	0
6.476	1	1	648	7	1	28	2196	0	0	0
6.508	1	1	651	9	1	28	2196	0	0	0
6.518	1	1	652	9	1	28	2196	0	0	0
6.555	1	1	656	6	1	28	2196	0	0	0
6.581	1	1	659	2	1	28	2196	0	0	0
6.625	1	1	663	6	1	28	2196	0	0	0
6.645	1	1	665	6	1	28	2196	0	0	0
6.691	1	1	670	2	1	28	2196	0	0	0
6.707	1	1	671	8	1	28	2196	0	0	0
6.721	1	1	673	2	1	28	2196	0	0	0
6.763	1	1	677	4	1	28	2196	0	0	0
6.771	1	1	678	2	1	28	2196	0	0	0
6.78	1	1	679	1	1	28	2196	0	0	0
6.796	1	1	680	7	1	28	2196	0	0	0
6.817	1	1	682	8	1	28	2196	0	0	0
6.824	1	1	683	5	1	28	2196	0	0	0
6.849	1	1	685	10	1	28	2196	0	0	0
6.871	1	1	688	2	1	28	2196	0	0	0
6.894	1	1	690	5	1	28	2196	0	0	0
6.935	1	1	694	6	1	28	2196	0	0	0
6.945	1	1	695	6	1	28	2196	0	0	0
6.959	1	1	696	10	1	28	2196	0	0	0
6.968	1	1	697	9	1	28	2196	0	0	0
6.99	1	1	700	1	1	28	2196	0	0	0
7.007	1	1	701	8	1	28	2196	0	0	0
7.016	1	1	702	7	1	28	2196	0	0	0
7.026	1	1	703	7	1	28	2196	0	0	0
7.108	1	1	711	9	1	28	2196	0	0	0
7.123	1	1	713	4	1	28	2196	0	0	0
7.145	1	1	715	6	1	28	2196	0	0	0
7.161	1	1	717	2	1	28	2196	0	0	0
7.169	1	1	717	10	1	28	2196	0	0	0
7.191	1	1	720	2	1	28	2196	0	0	0
7.215	1	1	722	6	1	28	2196	0	0	0
7.23	1	1	724	1	1	28	2196	0	0	0
7.255	1	1	726	6	1	28	2196	0	0	0
7.298	1	1	730	9	1	28	2196	0	0	0
7.302	1	1	731	3	1	28	2196	0	0	0
7.339	1	1	734	10	1	28	2196	0	0	0
7.351	1	1	736	2	1	28	2196	0	0	0
7.384	1	1	739	5	1	28	2196	0	0	0
7.396	1	1	740	7	1	28	2196	0	0	0
7.424	1	1	743	5	1	28	2196	0	0	0
7.444	1	1	745	5	1	28	2196	0	0	0
7.447	1	1	745	8	1	28	2196	0	0	0
7.495	1	1	750	6	1	28	2196	0	0	0
7.504	1	1	751	5	1	28	2196	0	0	0
7.537	1	1	754	8	1	28	2196	0	0	0
7.578	1	1	758	9	1	28	2196	0	0	0
7.601	1	1	761	2	1	28	2196	0	0	0
7.613	1	1	762	4	1	28	2196	0	0	0
7.63	1	1	764	1	1	28	2196	0	0	0
7.649	1	1	765	10	1	28	2196	0	0	0
7.653	1	1	766	4	1	28	2196	0	0	0
7.665	1	1	767	6	1	28	2196	0	0	0
7.689	1	1	769	10	1	28	2196	0	0	0
7.732	1	1	774	3	1	28	2196	0	0	0
7.756	1	1	776	7	1	28	2196	0	0	0
7.789	1	1	779	10	1	28	2196	0	0	0
7.804	1	1	781	5	1	28	2196	0	0	0
7.811	1	1	782	2	1	28	2196	0	0	0
7.865	1	1	787	6	1	28	2196	0	0	0
7.884	1	1	789	5	1	28	2196	0	0	0
7.901	1	1	791	2	1	28	2196	0	0	0
7.909	1	1	791	10	1	28	2196	0	0	0
7.925	1	1	793	6	1	28	2196	0	0	0
7.954	1	1	796	5	1	28	2196	0	0	0
7.981	1	1	799	2	1	28	2196	0	0	0
8.003	1	1	801	4	1	28	2196	0	0	0
8.017	1	1	802	8	1	28	2196	0	0	0
8.059	1	1	806	10	1	28	2196	0	0	0
8.064	1	1	807	5	1	28	2196	0	0	0
8.073	1	1	808	4	1	28	2196	0	0	0
8.083	1	1	809	4	1	28	2196	0	0	0
8.093	1	1	810	4	1	28	2196	0	0	0
8.111	1	1	812	2	1	28	2196	0	0	0
8.12	1	1	813	1	1	28	2196	0	0	0
8.132	1	1	814	3	1	28	2196	0	0	0
8.169	1	1	817	10	1	28	2196	0	0	0
8.208	1	1	821	9	1	28	2196	0	0	0
8.217	1	1	822	8	1	28	2196	0	0	0
8.22	1	1	823	1	1	28	2196	0	0	0
8.247	1	1	825	8	1	28	2196	0	0	0
8.261	1	1	827	2	1	28	2196	0	0	0
8.267	1	1	827	8	1	28	2196	0	0	0
8.287	1	1	829	8	1	28	2196	0	0	0
8.295	1	1	830	6	1	28	2196	0	0	0
8.318	1	1	832	9	1	28	2196	0	0	0
8.352	1	1	836	3	1	28	2196	0	0	0
8.36	1	1	837	1	1	28	2196	0	0	0
8.389	1	1	839	10	1	28	2196	0	0	0
8.423	1	1	843	4	1	28	2196	0	0	0
8.45	1	1	846	1	1	28	2196	0	0	0
8.475	1	1	848	6	1	28	2196	0	0	0
8.497	1	1	850	8	1	28	2196	0	0	0
8.501	1	1	851	2	1	28	2196	0	0	0
8.519	1	1	852	10	1	28	2196	0	0	0
8.538	1	1	854	9	1	28	2196	0	0	0
8.596	1	1	860	7	1	28	2196	0	0	0
8.601	1	1	861	2	1	28	2196	0	0	0
8.61	1	1	862	1	1	28	2196	0	0	0
8.643	1	1	865	4	1	28	2196	0	0	0
8.654	1	1	866	5	1	28	2196	0	0	0
8.668	1	1	867	9	1	28	2196	0	0	0
8.676	1	1	868	7	1	28	2196	0	0	0
8.708	1	1	871	9	1	28	2196	0	0	0
8.762	1	1	877	3	1	28	2196	0	0	0
8.815	1	1	882	6	1	28	2196	0	0	0
8.826	1	1	883	7	1	28	2196	0	0	0
8.843	1	1	885	4	1	28	2196	0	0	0
8.884	1	1	889	5	1	28	2196	0	0	0
8.898	1	1	890	9	1	28	2196	0	0	0
8.904	1	1	891	5	1	28	2196	0	0	0
8.921	1	1	893	2	1	28	2196	0	0	0
8.942	1	1	895	3	1	28	2196	0	0	0
8.975	1	1	898	6	1	28	2196	0	0	0
9	1	1	901	1	1	28	2196	0	0	0
9.017	1	1	902	8	1	28	2196	0	0	0
9.032	1	1	904	3	1	28	2196	0	0	0
9.05	1	1	906	1	1	28	2196	0	0	0
9.068	1	1	907	9	1	28	2196	0	0	0
9.089	1	1	909	10	1	28	2196	0	0	0
9.107	1	1	911	8	1	28	2196	0	0	0
9.121	1	1	913	2	1	28	2196	0	0	0
9.147	1	1	915	8	1	28	2196	0	0	0
9.17	1	1	918	1	1	28	2196	0	0	0
9.21	1	1	922	1	1	28	2196	0	0	0
9.24	1	1	925	1	1	28	2196	0	0	0
9.259	1	1	926	10	1	28	2196	0	0	0
9.281	1	1	929	2	1	28	2196	0	0	0
9.31	1	1	932	1	1	28	2196	0	0	0
9.336	1	1	934	7	1	28	2196	0	0	0
9.348	1	1	935	9	1	28	2196	0	0	0
9.359	1	1	936	10	1	28	2196	0	0	0
9.386	1	1	939	7	1	28	2196	0	0	0
9.421	1	1	943	2	1	28	2196	0	0	0
9.445	1	1	945	6	1	28	2196	0	0	0
9.463	1	1	947	4	1	28	2196	0	0	0
9.546	1	1	955	7	1	28	2196	0	0	0
9.553	1	1	956	4	1	28	2196	0	0	0
9.58	1	1	959	1	1	28	2196	0	0	0
9.585	1	1	959	6	1	28	2196	0	0	0
9.612	1	1	962	3	1	28	2196	0	0	0
9.624	1	1	963	5	1	28	2196	0	0	0
9.645	1	1	965	6	1	28	2196	0	0	0
9.668	1	1	967	9	1	28	2196	0	0	0
9.695	1	1	970	6	1	28	2196	0	0	0
9.707	1	1	971	8	1	28	2196	0	0	0
9.728	1	1	973	9	1	28	2196	0	0	0
9.753	1	1	976	4	1	28	2196	0	0	0
9.787	1	1	979	8	1	28	2196	0	0	0
9.81	1	1	982	1	1	28	2196	0	0	0
9.824	1	1	983	5	1	28	2196	0	0	0
9.87	1	1	988	1	1	28	2196	0	0	0
9.875	1	1	988	6	1	28	2196	0	0	0
9.886	1	1	989	7	1	28	2196	0	0	0
9.903	1	1	991	4	1	28	2196	0	0	0
9.911	1	1	992	2	1	28	2196	0	0	0
9.915	1	1	992	6	1	28	2196	0	0	0
9.95	1	1	996	1	1	28	2196	0	0	0
9.987	1	1	999	8	1	28	2196	0	0	0
10.021	1	1	1003	2	1	28	2196	0	0	0
10.07	1	1	1008	1	1	28	2196	0	0	0
10.079	1	1	1008	10	1	28	2196	0	0	0
10.091	1	1	1010	2	1	28	2196	0	0	0
10.11	1	1	1012	1	1	28	2196	0	0	0
10.141	1	1	1015	2	1	28	2196	0	0	0
10.165	1	1	1017	6	1	28	2196	0	0	0
10.218	1	1	1022	9	1	28	2196	0	0	0
10.247	1	1	1025	8	1	28	2196	0	0	0
10.257	1	1	1026	8	1	28	2196	0	0	0
10.285	1	1	1029	6	1	28	2196	0	0	0
10.319	1	1	1032	10	1	28	2196	0	0	0
10.329	1	1	1033	10	1	28	2196	0	0	0
10.348	1	1	1035	9	1	28	2196	0	0	0
10.365	1	1	1037	6	1	28	2196	0	0	0
10.378	1	1	1038	9	1	28	2196	0	0	0
10.394	1	1	1040	5	1	28	2196	0	0	0
10.428	1	1	1043	9	1	28	2196	0	0	0
10.433	1	1	1044	4	1	28	2196	0	0	0
10.446	1	1	1045	7	1	28	2196	0	0	0
10.462	1	1	1047	3	1	28	2196	0	0	0
10.479	1	1	1048	10	1	28	2196	0	0	0
10.501	1	1	1051	2	1	28	2196	0	0	0
10.533	1	1	1054	4	1	28	2196	0	0	0
10.545	1	1	1055	6	1	28	2196	0	0	0
10.594	1	1	1060	5	1	28	2196	0	0	0
10.614	1	1	1062	5	1	28	2196	0	0	0
10.668	1	1	1067	9	1	28	2196	0	0	0
10.677	1	1	1068	8	1	28	2196	0	0	0
10.691	1	1	1070	2	1	28	2196	0	0	0
10.704	1	1	1071	5	1	28	2196	0	0	0
10.735	1	1	1074	6	1	28	2196	0	0	0
10.758	1	1	1076	9	1	28	2196	0	0	0
10.79	1	1	1080	1	1	28	2196	0	0	0
10.833	1	1	1084	4	1	28	2196	0	0	0
10.846	1	1	1085	7	1	28	2196	0	0	0
10.864	1	1	1087	5	1	28	2196	0	0	0
10.876	1	1	1088	7	1	28	2196	0	0	0
10.886	1	1	1089	7	1	28	2196	0	0	0
10.895	1	1	1090	6	1	28	2196	0	0	0
10.911	1	1	1092	2	1	28	2196	0	0	0
10.932	1	1	1094	3	1	28	2196	0	0	0
10.949	1	1	1095	10	1	28	2196	0	0	0
10.958	1	1	1096	9	1	28	2196	0	0	0
10.973	1	1	1098	4	1	28	2196	0	0	0
10.979	1	1	1098	10	1	28	2196	0	0	0
10.994	1	1	1100	5	1	28	2196	0	0	0
10.999	1	1	1100	10	1	28	2196	0	0	0
11.011	1	1	1102	2	1	28	2196	0	0	0
11.027	1	1	1103	8	1	28	2196	0	0	0
11.057	1	1	1106	8	1	28	2196	0	0	0
11.087	1	1	1109	8	1	28	2196	0	0	0
11.104	1	1	1111	5	1	28	2196	0	0	0
11.127	1	1	1113	8	1	28	2196	0	0	0
11.142	1	1	1115	3	1	28	2196	0	0	0
11.154	1	1	1116	5	1	28	2196	0	0	0
11.176	1	1	1118	7	1	28	2196	0	0	0
11.186	1	1	1119	7	1	28	2196	0	0	0
11.199	1	1	1120	10	1	28	2196	0	0	0
11.233	1	1	1124	4	1	28	2196	0	0	0
11.268	1	1	1127	9	1	28	2196	0	0	0
11.286	1	1	1129	7	1	28	2196	0	0	0
11.328	1	1	1133	9	1	28	2196	0	0	0
11.384	1	1	1139	5	1	28	2196	0	0	0
11.399	1	1	1140	10	1	28	2196	0	0	0
11.427	1	1	1143	8	1	28	2196	0	0	0
11.45	1	1	1146	1	1	28	2196	0	0	0
11.469	1	1	1147	10	1	28	2196	0	0	0
11.48	1	1	1149	1	1	28	2196	0	0	0
11.486	1	1	1149	7	1	28	2196	0	0	0
11.521	1	1	1153	2	1	28	2196	0	0	0
11.55	1	1	1156	1	1	28	2196	0	0	0
11.571	1	1	1158	2	1	28	2196	0	0	0
11.589	1	1	1159	10	1	28	2196	0	0	0
11.605	1	1	1161	6	1	28	2196	0	0	0
11.622	1	1	1163	3	1	28	2196	0	0	0
11.665	1	1	1167	6	1	28	2196	0	0	0
11.683	1	1	1169	4	1	28	2196	0	0	0
11.7	1	1	1171	1	1	28	2196	0	0	0
11.731	1	1	1174	2	1	28	2196	0	0	0
11.746	1	1	1175	7	1	28	2196	0	0	0
11.766	1	1	1177	7	1	28	2196	0	0	0
11.786	1	1	1179	7	1	28	2196	0	0	0
11.812	1	1	1182	3	1	28	2196	0	0	0
11.822	1	1	1183	3	1	28	2196	0	0	0
11.837	1	1	1184	8	1	28	2196	0	0	0
11.878	1	1	1188	9	1	28	2196	0	0	0
11.884	1	1	1189	5	1	28	2196	0	0	0
11.895	1	1	1190	6	1	28	2196	0	0	0
11.922	1	1	1193	3	1	28	2196	0	0	0
11.946	1	1	1195	7	1	28	2196	0	0	0
11.96	1	1	1197	1	1	28	2196	0	0	0
11.965	1	1	1197	6	1	28	2196	0	0	0
12.023	1	1	1203	4	1	28	2196	0	0	0
12.03	1	1	1204	1	1	28	2196	0	0	0
12.047	1	1	1205	8	1	28	2196	0	0	0
12.066	1	1	1207	7	1	28	2196	0	0	0
12.077	1	1	1208	8	1	28	2196	0	0	0
12.112	1	1	1212	3	1	28	2196	0	0	0
12.132	1	1	1214	3	1	28	2196	0	0	0
12.15	1	1	1216	1	1	28	2196	0	0	0
12.164	1	1	1217	5	1	28	2196	0	0	0
12.173	1	1	1218	4	1	28	2196	0	0	0
12.187	1	1	1219	8	1	28	2196	0	0	0
12.213	1	1	1222	4	1	28	2196	0	0	0
12.233	1	1	1224	4	1	28	2196	0	0	0
12.266	1	1	1227	7	1	28	2196	0	0	0
12.292	1	1	1230	3	1	28	2196	0	0	0
12.299	1	1	1230	10	1	28	2196	0	0	0
12.303	1	1	1231	4	1	28	2196	0	0	0
12.309	1	1	1231	10	1	28	2196	0	0	0
12.342	1	1	1235	3	1	28	2196	0	0	0
12.369	1	1	1237	10	1	28	2196	0	0	0
12.39	1	1	1240	1	1	28	2196	0	0	0
12.4	1	1	1241	1	1	28	2196	0	0	0
12.41	1	1	1242	1	1	28	2196	0	0	0
12.435	1	1	1244	6	1	28	2196	0	0	0
12.444	1	1	1245	5	1	28	2196	0	0	0
12.457	1	1	1246	8	1	28	2196	0	0	0
12.493	1	1	1250	4	1	28	2196	0	0	0
12.511	1	1	1252	2	1	28	2196	0	0	0
12.514	1	1	1252	5	1	28	2196	0	0	0
12.526	1	1	1253	7	1	28	2196	0	0	0
12.536	1	1	1254	7	1	28	2196	0	0	0
12.585	1	1	1259	6	1	28	2196	0	0	0
12.594	1	1	1260	5	1	28	2196	0	0	0
12.598	1	1	1260	9	1	28	2196	0	0	0
12.611	1	1	1262	2	1	28	2196	0	0	0
12.679	1	1	1268	10	1	28	2196	0	0	0
12.684	1	1	1269	5	1	28	2196	0	0	0
12.695	1	1	1270	6	1	28	2196	0	0	0
12.709	1	1	1271	10	1	28	2196	0	0	0
12.739	1	1	1274	10	1	28	2196	0	0	0
12.753	1	1	1276	4	1	28	2196	0	0	0
12.764	1	1	1277	5	1	28	2196	0	0	0
12.779	1	1	1278	10	1	28	2196	0	0	0
12.806	1	1	1281	7	1	28	2196	0	0	0
12.809	1	1	1281	10	1	28	2196	0	0	0
12.819	1	1	1282	10	1	28	2196	0	0	0
12.836	1	1	1284	7	1	28	2196	0	0	0
12.861	1	1	1287	2	1	28	2196	0	0	0
12.866	1	1	1287	7	1	28	2196	0	0	0
12.878	1	1	1288	9	1	28	2196	0	0	0
12.889	1	1	1289	10	1	28	2196	0	0	0
12.898	1	1	1290	9	1	28	2196	0	0	0
12.925	1	1	1293	6	1	28	2196	0	0	0
12.934	1	1	1294	5	1	28	2196	0	0	0
12.94	1	1	1295	1	1	28	2196	0	0	0
12.951	1	1	1296	2	1	28	2196	0	0	0
12.997	1	1	1300	8	1	28	2196	0	0	0
13.011	1	1	1302	2	1	28	2196	0	0	0
13.032	1	1	1304	3	1	28	2196	0	0	0
13.042	1	1	1305	3	1	28	2196	0	0	0
13.071	1	1	1308	2	1	28	2196	0	0	0
13.079	1	1	1308	10	1	28	2196	0	0	0
13.098	1	1	1310	9	1	28	2196	0	0	0
13.119	1	1	1312	10	1	28	2196	0	0	0
13.124	1	1	1313	5	1	28	2196	0	0	0
13.142	1	1	1315	3	1	28	2196	0	0	0
13.152	1	1	1316	3	1	28	2196	0	0	0
13.179	1	1	1318	10	1	28	2196	0	0	0
13.19	1	1	1320	1	1	28	2196	0	0	0
13.235	1	1	1324	6	1	28	2196	0	0	0
13.25	1	1	1326	1	1	28	2196	0	0	0
13.271	1	1	1328	2	1	28	2196	0	0	0
13.288	1	1	1329	9	1	28	2196	0	0	0
13.303	1	1	1331	4	1	28	2196	0	0	0
13.365	1	1	1337	6	1	28	2196	0	0	0
13.373	1	1	1338	4	1	28	2196	0	0	0
13.423	1	1	1343	4	1	28	2196	0	0	0
13.459	1	1	1346	10	1	28	2196	0	0	0
13.487	1	1	1349	8	1	28	2196	0	0	0
13.511	1	1	1352	2	1	28	2196	0	0	0
13.524	1	1	1353	5	1	28	2196	0	0	0
13.542	1	1	1355	3	1	28	2196	0	0	0
13.548	1	1	1355	9	1	28	2196	0	0	0
13.566	1	1	1357	7	1	28	2196	0	0	0
13.615	1	1	1362	6	1	28	2196	0	0	0
13.648	1	1	1365	9	1	28	2196	0	0	0
13.66	1	1	1367	1	1	28	2196	0	0	0
13.668	1	1	1367	9	1	28	2196	0	0	0
13.684	1	1	1369	5	1	28	2196	0	0	0
13.701	1	1	1371	2	1	28	2196	0	0	0
13.76	1	1	1377	1	1	28	2196	0	0	0
13.775	1	1	1378	6	1	28	2196	0	0	0
13.793	1	1	1380	4	1	28	2196	0	0	0
13.797	1	1	1380	8	1	28	2196	0	0	0
13.835	1	1	1384	6	1	28	2196	0	0	0
13.852	1	1	1386	3	1	28	2196	0	0	0
13.862	1	1	1387	3	1	28	2196	0	0	0
13.901	1	1	1391	2	1	28	2196	0	0	0
13.908	1	1	1391	9	1	28	2196	0	0	0
13.961	1	1	1397	2	1	28	2196	0	0	0
13.973	1	1	1398	4	1	28	2196	0	0	0
14.03	1	1	1404	1	1	28	2196	0	0	0
14.054	1	1	1406	5	1	28	2196	0	0	0
14.065	1	1	1407	6	1	28	2196	0	0	0
14.123	1	1	1413	4	1	28	2196	0	0	0
14.135	1	1	1414	6	1	28	2196	0	0	0
14.145	1	1	1415	6	1	28	2196	0	0	0
14.169	1	1	1417	10	1	28	2196	0	0	0
14.191	1	1	1420	2	1	28	2196	0	0	0
14.214	1	1	1422	5	1	28	2196	0	0	0
14.232	1	1	1424	3	1	28	2196	0	0	0
14.241	1	1	1425	2	1	28	2196	0	0	0
14.262	1	1	1427	3	1	28	2196	0	0	0
14.268	1	1	1427	9	1	28	2196	0	0	0
14.292	1	1	1430	3	1	28	2196	0	0	0
14.308	1	1	1431	9	1	28	2196	0	0	0
14.347	1	1	1435	8	1	28	2196	0	0	0
14.367	1	1	1437	8	1	28	2196	0	0	0
14.39	1	1	1440	1	1	28	2196	0	0	0
14.425	1	1	1443	6	1	28	2196	0	0	0
14.45	1	1	1446	1	1	28	2196	0	0	0
14.488	1	1	1449	9	1	28	2196	0	0	0
14.514	1	1	1452	5	1	28	2196	0	0	0
14.525	1	1	1453	6	1	28	2196	0	0	0
14.542	1	1	1455	3	1	28	2196	0	0	0
14.578	1	1	1458	9	1	28	2196	0	0	0
14.609	1	1	1461	10	1	28	2196	0	0	0
14.617	1	1	1462	8	1	28	2196	0	0	0
14.628	1	1	1463	9	1	28	2196	0	0	0
14.647	1	1	1465	8	1	28	2196	0	0	0
14.663	1	1	1467	4	1	28	2196	0	0	0
14.709	1	1	1471	10	1	28	2196	0	0	0
14.715	1	1	1472	6	1	28	2196	0	0	0
14.731	1	1	1474	2	1	28	2196	0	0	0
14.745	1	1	1475	6	1	28	2196	0	0	0
14.751	1	1	1476	2	1	28	2196	0	0	0
14.767	1	1	1477	8	1	28	2196	0	0	0
14.791	1	1	1480	2	1	28	2196	0	0	0
14.795	1	1	1480	6	1	28	2196	0	0	0
14.813	1	1	1482	4	1	28	2196	0	0	0
14.833	1	1	1484	4	1	28	2196	0	0	0
14.838	1	1	1484	9	1	28	2196	0	0	0
14.882	1	1	1489	3	1	28	2196	0	0	0
14.891	1	1	1490	2	1	28	2196	0	0	0
14.901	1	1	1491	2	1	28	2196	0	0	0
14.909	1	1	1491	10	1	28	2196	0	0	0
14.957	1	1	1496	8	1	28	2196	0	0	0
15.017	1	1	1502	8	1	28	2196	0	0	0
15.036	1	1	1504	7	1	28	2196	0	0	0
15.047	1	1	1505	8	1	28	2196	0	0	0
15.053	1	1	1506	4	1	28	2196	0	0	0
15.075	1	1	1508	6	1	28	2196	0	0	0
15.098	1	1	1510	9	1	28	2196	0	0	0
15.127	1	1	1513	8	1	28	2196	0	0	0
15.147	1	1	1515	8	1	28	2196	0	0	0
15.161	1	1	1517	2	1	28	2196	0	0	0
15.169	1	1	1517	10	1	28	2196	0	0	0
15.202	1	1	1521	3	1	28	2196	0	0	0
15.216	1	1	1522	7	1	28	2196	0	0	0
15.228	1	1	1523	9	1	28	2196	0	0	0
15.239	1	1	1524	10	1	28	2196	0	0	0
15.26	1	1	1527	1	1	28	2196	0	0	0
15.274	1	1	1528	5	1	28	2196	0	0	0
15.302	1	1	1531	3	1	28	2196	0	0	0
15.308	1	1	1531	9	1	28	2196	0	0	0
15.329	1	1	1533	10	1	28	2196	0	0	0
15.365	1	1	1537	6	1	28	2196	0	0	0
15.38	1	1	1539	1	1	28	2196	0	0	0
15.394	1	1	1540	5	1	28	2196	0	0	0
15.403	1	1	1541	4	1	28	2196	0	0	0
15.422	1	1	1543	3	1	28	2196	0	0	0
15.458	1	1	1546	9	1	28	2196	0	0	0
15.475	1	1	1548	6	1	28	2196	0	0	0
15.481	1	1	1549	2	1	28	2196	0	0	0
15.491	1	1	1550	2	1	28	2196	0	0	0
15.528	1	1	1553	9	1	28	2196	0	0	0
15.536	1	1	1554	7	1	28	2196	0	0	0
15.55	1	1	1556	1	1	28	2196	0	0	0
15.575	1	1	1558	6	1	28	2196	0	0	0
15.592	1	1	1560	3	1	28	2196	0	0	0
15.61	1	1	1562	1	1	28	2196	0	0	0
15.62	1	1	1563	1	1	28	2196	0	0	0
15.649	1	1	1565	10	1	28	2196	0	0	0
15.668	1	1	1567	9	1	28	2196	0	0	0
15.672	1	1	1568	3	1	28	2196	0	0	0
15.684	1	1	1569	5	1	28	2196	0	0	0
15.712	1	1	1572	3	1	28	2196	0	0	0
15.735	1	1	1574	6	1	28	2196	0	0	0
15.762	1	1	1577	3	1	28	2196	0	0	0
15.812	1	1	1582	3	1	28	2196	0	0	0
15.84	1	1	1585	1	1	28	2196	0	0	0
15.849	1	1	1585	10	1	28	2196	0	0	0
15.903	1	1	1591	4	1	28	2196	0	0	0
15.917	1	1	1592	8	1	28	2196	0	0	0
15.936	1	1	1594	7	1	28	2196	0	0	0
15.951	1	1	1596	2	1	28	2196	0	0	0
15.983	1	1	1599	4	1	28	2196	0	0	0
15.988	1	1	1599	9	1	28	2196	0	0	0
15.998	1	1	1600	9	1	28	2196	0	0	0
16.026	1	1	1603	7	1	28	2196	0	0	0
16.036	1	1	1604	7	1	28	2196	0	0	0
16.095	1	1	1610	6	1	28	2196	0	0	0
16.114	1	1	1612	5	1	28	2196	0	0	0
16.16	1	1	1617	1	1	28	2196	0	0	0
16.19	1	1	1620	1	1	28	2196	0	0	0
16.208	1	1	1621	9	1	28	2196	0	0	0
16.214	1	1	1622	5	1	28	2196	0	0	0
16.232	1	1	1624	3	1	28	2196	0	0	0
16.237	1	1	1624	8	1	28	2196	0	0	0
16.245	1	1	1625	6	1	28	2196	0	0	0
16.251	1	1	1626	2	1	28	2196	0	0	0
16.274	1	1	1628	5	1	28	2196	0	0	0
16.306	1	1	1631	7	1	28	2196	0	0	0
16.319	1	1	1632	10	1	28	2196	0	0	0
16.344	1	1	1635	5	1	28	2196	0	0	0
16.359	1	1	1636	10	1	28	2196	0	0	0
16.37	1	1	1638	1	1	28	2196	0	0	0
16.376	1	1	1638	7	1	28	2196	0	0	0
16.399	1	1	1640	10	1	28	2196	0	0	0
16.413	1	1	1642	4	1	28	2196	0	0	0
16.434	1	1	1644	5	1	28	2196	0	0	0
16.441	1	1	1645	2	1	28	2196	0	0	0
16.485	1	1	1649	6	1	28	2196	0	0	0
16.53	1	1	1654	1	1	28	2196	0	0	0
16.542	1	1	1655	3	1	28	2196	0	0	0
16.566	1	1	1657	7	1	28	2196	0	0	0
16.575	1	1	1658	6	1	28	2196	0	0	0
16.587	1	1	1659	8	1	28	2196	0	0	0
16.625	1	1	1663	6	1	28	2196	0	0	0
16.638	1	1	1664	9	1	28	2196	0	0	0
16.654	1	1	1666	5	1	28	2196	0	0	0
16.66	1	1	1667	1	1	28	2196	0	0	0
16.668	1	1	1667	9	1	28	2196	0	0	0
16.682	1	1	1669	3	1	28	2196	0	0	0
16.691	1	1	1670	2	1	28	2196	0	0	0
16.705	1	1	1671	6	1	28	2196	0	0	0
16.73	1	1	1674	1	1	28	2196	0	0	0
16.751	1	1	1676	2	1	28	2196	0	0	0
16.756	1	1	1676	7	1	28	2196	0	0	0
16.767	1	1	1677	8	1	28	2196	0	0	0
16.783	1	1	1679	4	1	28	2196	0	0	0
16.801	1	1	1681	2	1	28	2196	0	0	0
16.818	1	1	1682	9	1	28	2196	0	0	0
16.843	1	1	1685	4	1	28	2196	0	0	0
16.892	1	1	1690	3	1	28	2196	0	0	0
16.935	1	1	1694	6	1	28	2196	0	0	0
16.959	1	1	1696	10	1	28	2196	0	0	0
16.971	1	1	1698	2	1	28	2196	0	0	0
17.01	1	1	1702	1	1	28	2196	0	0	0
17.033	1	1	1704	4	1	28	2196	0	0	0
17.071	1	1	1708	2	1	28	2196	0	0	0
17.087	1	1	1709	8	1	28	2196	0	0	0
17.125	1	1	1713	6	1	28	2196	0	0	0
17.15	1	1	1716	1	1	28	2196	0	0	0
17.198	1	1	1720	9	1	28	2196	0	0	0
17.24	1	1	1725	1	1	28	2196	0	0	0
17.249	1	1	1725	10	1	28	2196	0	0	0
17.293	1	1	1730	4	1	28	2196	0	0	0
17.31	1	1	1732	1	1	28	2196	0	0	0
17.339	1	1	1734	10	1	28	2196	0	0	0
17.357	1	1	1736	8	1	28	2196	0	0	0
17.366	1	1	1737	7	1	28	2196	0	0	0
17.392	1	1	1740	3	1	28	2196	0	0	0
17.428	1	1	1743	9	1	28	2196	0	0	0
17.45	1	1	1746	1	1	28	2196	0	0	0
17.464	1	1	1747	5	1	28	2196	0	0	0
17.472	1	1	1748	3	1	28	2196	0	0	0
17.476	1	1	1748	7	1	28	2196	0	0	0
17.513	1	1	1752	4	1	28	2196	0	0	0
17.525	1	1	1753	6	1	28	2196	0	0	0
17.553	1	1	1756	4	1	28	2196	0	0	0
17.563	1	1	1757	4	1	28	2196	0	0	0
17.576	1	1	1758	7	1	28	2196	0	0	0
17.602	1	1	1761	3	1	28	2196	0	0	0
17.613	1	1	1762	4	1	28	2196	0	0	0
17.659	1	1	1766	10	1	28	2196	0	0	0
17.664	1	1	1767	5	1	28	2196	0	0	0
17.693	1	1	1770	4	1	28	2196	0	0	0
17.701	1	1	1771	2	1	28	2196	0	0	0
17.721	1	1	1773	2	1	28	2196	0	0	0
17.737	1	1	1774	8	1	28	2196	0	0	0
17.784	1	1	1779	5	1	28	2196	0	0	0
17.821	1	1	1783	2	1	28	2196	0	0	0
17.846	1	1	1785	7	1	28	2196	0	0	0
17.856	1	1	1786	7	1	28	2196	0	0	0
17.875	1	1	1788	6	1	28	2196	0	0	0
17.899	1	1	1790	10	1	28	2196	0	0	0
17.911	1	1	1792	2	1	28	2196	0	0	0
17.932	1	1	1794	3	1	28	2196	0	0	0
17.961	1	1	1797	2	1	28	2196	0	0	0
17.981	1	1	1799	2	1	28	2196	0	0	0
18.045	1	1	1805	6	1	28	2196	0	0	0
18.08	1	1	1809	1	1	28	2196	0	0	0
18.095	1	1	1810	6	1	28	2196	0	0	0
18.123	1	1	1813	4	1	28	2196	0	0	0
18.178	1	1	1818	9	1	28	2196	0	0	0
18.189	1	1	1819	10	1	28	2196	0	0	0
18.194	1	1	1820	5	1	28	2196	0	0	0
18.219	1	1	1822	10	1	28	2196	0	0	0
18.238	1	1	1824	9	1	28	2196	0	0	0
18.258	1	1	1826	9	1	28	2196	0	0	0
18.277	1	1	1828	8	1	28	2196	0	0	0
18.305	1	1	1831	6	1	28	2196	0	0	0
18.33	1	1	1834	1	1	28	2196	0	0	0
18.353	1	1	1836	4	1	28	2196	0	0	0
18.381	1	1	1839	2	1	28	2196	0	0	0
18.411	1	1	1842	2	1	28	2196	0	0	0
18.446	1	1	1845	7	1	28	2196	0	0	0
18.451	1	1	1846	2	1	28	2196	0	0	0
18.48	1	1	1849	1	1	28	2196	0	0	0
18.499	1	1	1850	10	1	28	2196	0	0	0
18.507	1	1	1851	8	1	28	2196	0	0	0
18.537	1	1	1854	8	1	28	2196	0	0	0
18.552	1	1	1856	3	1	28	2196	0	0	0
18.597	1	1	1860	8	1	28	2196	0	0	0
18.636	1	1	1864	7	1	28	2196	0	0	0
18.655	1	1	1866	6	1	28	2196	0	0	0
18.688	1	1	1869	9	1	28	2196	0	0	0
18.696	1	1	1870	7	1	28	2196	0	0	0
18.724	1	1	1873	5	1	28	2196	0	0	0
18.735	1	1	1874	6	1	28	2196	0	0	0
18.762	1	1	1877	3	1	28	2196	0	0	0
18.794	1	1	1880	5	1	28	2196	0	0	0
18.827	1	1	1883	8	1	28	2196	0	0	0
18.849	1	1	1885	10	1	28	2196	0	0	0
18.864	1	1	1887	5	1	28	2196	0	0	0
18.877	1	1	1888	8	1	28	2196	0	0	0
18.892	1	1	1890	3	1	28	2196	0	0	0
18.904	1	1	1891	5	1	28	2196	0	0	0
18.927	1	1	1893	8	1	28	2196	0	0	0
18.951	1	1	1896	2	1	28	2196	0	0	0
18.967	1	1	1897	8	1	28	2196	0	0	0
18.971	1	1	1898	2	1	28	2196	0	0	0
18.989	1	1	1899	10	1	28	2196	0	0	0
19.002	1	1	1901	3	1	28	2196	0	0	0
19.047	1	1	1905	8	1	28	2196	0	0	0
19.082	1	1	1909	3	1	28	2196	0	0	0
19.1	1	1	1911	1	1	28	2196	0	0	0
19.143	1	1	1915	4	1	28	2196	0	0	0
19.159	1	1	1916	10	1	28	2196	0	0	0
19.172	1	1	1918	3	1	28	2196	0	0	0
19.19	1	1	1920	1	1	28	2196	0	0	0
19.212	1	1	1922	3	1	28	2196	0	0	0
19.228	1	1	1923	9	1	28	2196	0	0	0
19.233	1	1	1924	4	1	28	2196	0	0	0
19.246	1	1	1925	7	1	28	2196	0	0	0
19.271	1	1	1928	2	1	28	2196	0	0	0
19.296	1	1	1930	7	1	28	2196	0	0	0
19.328	1	1	1933	9	1	28	2196	0	0	0
19.341	1	1	1935	2	1	28	2196	0	0	0
19.349	1	1	1935	10	1	28	2196	0	0	0
19.391	1	1	1940	2	1	28	2196	0	0	0
19.452	1	1	1946	3	1	28	2196	0	0	0
19.501	1	1	1951	2	1	28	2196	0	0	0
19.548	1	1	1955	9	1	28	2196	0	0	0
19.566	1	1	1957	7	1	28	2196	0	0	0
19.584	1	1	1959	5	1	28	2196	0	0	0
19.637	1	1	1964	8	1	28	2196	0	0	0
19.651	1	1	1966	2	1	28	2196	0	0	0
19.686	1	1	1969	7	1	28	2196	0	0	0
19.698	1	1	1970	9	1	28	2196	0	0	0
19.709	1	1	1971	10	1	28	2196	0	0	0
19.721	1	1	1973	2	1	28	2196	0	0	0
19.728	1	1	1973	9	1	28	2196	0	0	0
19.766	1	1	1977	7	1	28	2196	0	0	0
19.775	1	1	1978	6	1	28	2196	0	0	0
19.805	1	1	1981	6	1	28	2196	0	0	0
19.82	1	1	1983	1	1	28	2196	0	0	0
19.824	1	1	1983	5	1	28	2196	0	0	0
19.834	1	1	1984	5	1	28	2196	0	0	0
19.848	1	1	1985	9	1	28	2196	0	0	0
19.864	1	1	1987	5	1	28	2196	0	0	0
19.874	1	1	1988	5	1	28	2196	0	0	0
19.878	1	1	1988	9	1	28	2196	0	0	0
19.889	1	1	1989	10	1	28	2196	0	0	0
19.901	1	1	1991	2	1	28	2196	0	0	0
19.903	1	1	1991	4	1	28	2196	0	0	0
19.913	1	1	1992	4	1	28	2196	0	0	0
19.921	1	1	1993	2	1	28	2196	0	0	0
19.954	1	1	1996	5	1	28	2196	0	0	0
19.972	1	1	1998	3	1	28	2196	0	0	0
19.997	1	1	2000	8	1	28	2196	0	0	0
20.043	1	1	2005	4	1	28	2196	0	0	0
20.054	1	1	2006	5	1	28	2196	0	0	0
20.072	1	1	2008	3	1	28	2196	0	0	0
20.098	1	1	2010	9	1	28	2196	0	0	0
20.101	1	1	2011	2	1	28	2196	0	0	0
20.132	1	1	2014	3	1	28	2196	0	0	0
20.147	1	1	2015	8	1	28	2196	0	0	0
20.161	1	1	2017	2	1	28	2196	0	0	0
20.172	1	1	2018	3	1	28	2196	0	0	0
20.21	1	1	2022	1	1	28	2196	0	0	0
20.216	1	1	2022	7	1	28	2196	0	0	0
20.245	1	1	2025	6	1	28	2196	0	0	0
20.257	1	1	2026	8	1	28	2196	0	0	0
20.278	1	1	2028	9	1	28	2196	0	0	0
20.288	1	1	2029	9	1	28	2196	0	0	0
20.314	1	1	2032	5	1	28	2196	0	0	0
20.347	1	1	2035	8	1	28	2196	0	0	0
20.396	1	1	2040	7	1	28	2196	0	0	0
20.42	1	1	2043	1	1	28	2196	0	0	0
20.457	1	1	2046	8	1	28	2196	0	0	0
20.486	1	1	2049	7	1	28	2196	0	0	0
20.492	1	1	2050	3	1	28	2196	0	0	0
20.509	1	1	2051	10	1	28	2196	0	0	0
20.534	1	1	2054	5	1	28	2196	0	0	0
20.537	1	1	2054	8	1	28	2196	0	0	0
20.563	1	1	2057	4	1	28	2196	0	0	0
20.597	1	1	2060	8	1	28	2196	0	0	0
20.605	1	1	2061	6	1	28	2196	0	0	0
20.614	1	1	2062	5	1	28	2196	0	0	0
20.64	1	1	2065	1	1	28	2196	0	0	0
20.667	1	1	2067	8	1	28	2196	0	0	0
20.697	1	1	2070	8	1	28	2196	0	0	0
20.707	1	1	2071	8	1	28	2196	0	0	0
20.729	1	1	2073	10	1	28	2196	0	0	0
20.746	1	1	2075	7	1	28	2196	0	0	0
20.811	1	1	2082	2	1	28	2196	0	0	0
20.829	1	1	2083	10	1	28	2196	0	0	0
20.843	1	1	2085	4	1	28	2196	0	0	0
20.864	1	1	2087	5	1	28	2196	0	0	0
20.875	1	1	2088	6	1	28	2196	0	0	0
20.889	1	1	2089	10	1	28	2196	0	0	0
20.907	1	1	2091	8	1	28	2196	0	0	0
20.919	1	1	2092	10	1	28	2196	0	0	0
20.939	1	1	2094	10	1	28	2196	0	0	0
20.962	1	1	2097	3	1	28	2196	0	0	0
20.985	1	1	2099	6	1	28	2196	0	0	0
21.004	1	1	2101	5	1	28	2196	0	0	0
21.052	1	1	2106	3	1	28	2196	0	0	0
21.063	1	1	2107	4	1	28	2196	0	0	0
21.097	1	1	2110	8	1	28	2196	0	0	0
21.13	1	1	2114	1	1	28	2196	0	0	0
21.169	1	1	2117	10	1	28	2196	0	0	0
21.18	1	1	2119	1	1	28	2196	0	0	0
21.192	1	1	2120	3	1	28	2196	0	0	0
21.253	1	1	2126	4	1	28	2196	0	0	0
21.258	1	1	2126	9	1	28	2196	0	0	0
21.273	1	1	2128	4	1	28	2196	0	0	0
21.286	1	1	2129	7	1	28	2196	0	0	0
21.343	1	1	2135	4	1	28	2196	0	0	0
21.36	1	1	2137	1	1	28	2196	0	0	0
21.381	1	1	2139	2	1	28	2196	0	0	0
21.426	1	1	2143	7	1	28	2196	0	0	0
21.461	1	1	2147	2	1	28	2196	0	0	0
21.483	1	1	2149	4	1	28	2196	0	0	0
21.497	1	1	2150	8	1	28	2196	0	0	0
21.508	1	1	2151	9	1	28	2196	0	0	0
21.526	1	1	2153	7	1	28	2196	0	0	0
21.535	1	1	2154	6	1	28	2196	0	0	0
21.562	1	1	2157	3	1	28	2196	0	0	0
21.584	1	1	2159	5	1	28	2196	0	0	0
21.603	1	1	2161	4	1	28	2196	0	0	0
21.636	1	1	2164	7	1	28	2196	0	0	0
21.666	1	1	2167	7	1	28	2196	0	0	0
21.699	1	1	2170	10	1	28	2196	0	0	0
21.702	1	1	2171	3	1	28	2196	0	0	0
21.756	1	1	2176	7	1	28	2196	0	0	0
21.776	1	1	2178	7	1	28	2196	0	0	0
21.797	1	1	2180	8	1	28	2196	0	0	0
21.806	1	1	2181	7	1	28	2196	0	0	0
21.829	1	1	2183	10	1	28	2196	0	0	0
21.855	1	1	2186	6	1	28	2196	0	0	0
21.874	1	1	2188	5	1	28	2196	0	0	0
21.883	1	1	2189	4	1	28	2196	0	0	0
21.899	1	1	2190	10	1	28	2196	0	0	0
21.907	1	1	2191	8	1	28	2196	0	0	0
21.927	1	1	2193	8	1	28	2196	0	0	0
21.95	1	1	2196	1	1	28	2196	0	0	0
22.014	1	1	2202	5	1	28	2196	0	0	0
22.031	1	1	2204	2	1	28	2196	0	0	0
22.046	1	1	2205	7	1	28	2196	0	0	0
22.119	1	1	2212	10	1	28	2196	0	0	0
22.131	1	1	2214	2	1	28	2196	0	0	0
22.156	1	1	2216	7	1	28	2196	0	0	0
22.161	1	1	2217	2	1	28	2196	0	0	0
22.226	1	1	2223	7	1	28	2196	0	0	0
22.249	1	1	2225	10	1	28	2196	0	0	0
22.274	1	1	2228	5	1	28	2196	0	0	0
22.292	1	1	2230	3	1	28	2196	0	0	0
22.318	1	1	2232	9	1	28	2196	0	0	0
22.342	1	1	2235	3	1	28	2196	0	0	0
22.357	1	1	2236	8	1	28	2196	0	0	0
22.362	1	1	2237	3	1	28	2196	0	0	0
22.366	1	1	2237	7	1	28	2196	0	0	0
22.422	1	1	2243	3	1	28	2196	0	0	0
22.431	1	1	2244	2	1	28	2196	0	0	0
22.454	1	1	2246	5	1	28	2196	0	0	0
22.471	1	1	2248	2	1	28	2196	0	0	0
22.489	1	1	2249	10	1	28	2196	0	0	0
22.513	1	1	2252	4	1	28	2196	0	0	0
22.53	1	1	2254	1	1	28	2196	0	0	0
22.556	1	1	2256	7	1	28	2196	0	0	0
22.571	1	1	2258	2	1	28	2196	0	0	0
22.575	1	1	2258	6	1	28	2196	0	0	0
22.602	1	1	2261	3	1	28	2196	0	0	0
22.628	1	1	2263	9	1	28	2196	0	0	0
22.657	1	1	2266	8	1	28	2196	0	0	0
22.685	1	1	2269	6	1	28	2196	0	0	0
22.708	1	1	2271	9	1	28	2196	0	0	0
22.741	1	1	2275	2	1	28	2196	0	0	0
22.756	1	1	2276	7	1	28	2196	0	0	0
22.771	1	1	2278	2	1	28	2196	0	0	0
22.802	1	1	2281	3	1	28	2196	0	0	0
22.849	1	1	2285	10	1	28	2196	0	0	0
22.881	1	1	2289	2	1	28	2196	0	0	0
22.889	1	1	2289	10	1	28	2196	0	0	0
22.905	1	1	2291	6	1	28	2196	0	0	0
22.941	1	1	2295	2	1	28	2196	0	0	0
22.95	1	1	2296	1	1	28	2196	0	0	0
22.985	1	1	2299	6	1	28	2196	0	0	0
23.009	1	1	2301	10	1	28	2196	0	0	0
23.021	1	1	2303	2	1	28	2196	0	0	0
23.034	1	1	2304	5	1	28	2196	0	0	0
23.07	1	1	2308	1	1	28	2196	0	0	0
23.094	1	1	2310	5	1	28	2196	0	0	0
23.102	1	1	2311	3	1	28	2196	0	0	0
23.113	1	1	2312	4	1	28	2196	0	0	0
23.13	1	1	2314	1	1	28	2196	0	0	0
23.157	1	1	2316	8	1	28	2196	0	0	0
23.204	1	1	2321	5	1	28	2196	0	0	0
23.23	1	1	2324	1	1	28	2196	0	0	0
23.261	1	1	2327	2	1	28	2196	0	0	0
23.287	1	1	2329	8	1	28	2196	0	0	0
23.306	1	1	2331	7	1	28	2196	0	0	0
23.343	1	1	2335	4	1	28	2196	0	0	0
23.374	1	1	2338	5	1	28	2196	0	0	0
23.383	1	1	2339	4	1	28	2196	0	0	0
23.401	1	1	2341	2	1	28	2196	0	0	0
23.445	1	1	2345	6	1	28	2196	0	0	0
23.467	1	1	2347	8	1	28	2196	0	0	0
23.508	1	1	2351	9	1	28	2196	0	0	0
23.539	1	1	2354	10	1	28	2196	0	0	0
23.591	1	1	2360	2	1	28	2196	0	0	0
23.602	1	1	2361	3	1	28	2196	0	0	0
23.618	1	1	2362	9	1	28	2196	0	0	0
23.633	1	1	2364	4	1	28	2196	0	0	0
23.642	1	1	2365	3	1	28	2196	0	0	0
23.662	1	1	2367	3	1	28	2196	0	0	0
23.679	1	1	2368	10	1	28	2196	0	0	0
23.683	1	1	2369	4	1	28	2196	0	0	0
23.699	1	1	2370	10	1	28	2196	0	0	0
23.728	1	1	2373	9	1	28	2196	0	0	0
23.737	1	1	2374	8	1	28	2196	0	0	0
23.761	1	1	2377	2	1	28	2196	0	0	0
23.767	1	1	2377	8	1	28	2196	0	0	0
23.786	1	1	2379	7	1	28	2196	0	0	0
23.838	1	1	2384	9	1	28	2196	0	0	0
23.849	1	1	2385	10	1	28	2196	0	0	0
23.881	1	1	2389	2	1	28	2196	0	0	0
23.903	1	1	2391	4	1	28	2196	0	0	0
23.913	1	1	2392	4	1	28	2196	0	0	0
23.932	1	1	2394	3	1	28	2196	0	0	0
23.944	1	1	2395	5	1	28	2196	0	0	0
23.976	1	1	2398	7	1	28	2196	0	0	0
23.984	1	1	2399	5	1	28	2196	0	0	0
24.015	1	1	2402	6	1	28	2196	0	0	0
24.033	1	1	2404	4	1	28	2196	0	0	0
24.04	1	1	2405	1	1	28	2196	0	0	0
24.055	1	1	2406	6	1	28	2196	0	0	0
24.084	1	1	2409	5	1	28	2196	0	0	0
24.146	1	1	2415	7	1	28	2196	0	0	0
24.182	1	1	2419	3	1	28	2196	0	0	0
24.196	1	1	2420	7	1	28	2196	0	0	0
24.206	1	1	2421	7	1	28	2196	0	0	0
24.228	1	1	2423	9	1	28	2196	0	0	0
24.241	1	1	2425	2	1	28	2196	0	0	0
24.255	1	1	2426	6	1	28	2196	0	0	0
24.283	1	1	2429	4	1	28	2196	0	0	0
24.304	1	1	2431	5	1	28	2196	0	0	0
24.318	1	1	2432	9	1	28	2196	0	0	0
24.337	1	1	2434	8	1	28	2196	0	0	0
24.375	1	1	2438	6	1	28	2196	0	0	0
24.394	1	1	2440	5	1	28	2196	0	0	0
24.415	1	1	2442	6	1	28	2196	0	0	0
24.424	1	1	2443	5	1	28	2196	0	0	0
24.437	1	1	2444	8	1	28	2196	0	0	0
24.444	1	1	2445	5	1	28	2196	0	0	0
24.462	1	1	2447	3	1	28	2196	0	0	0
24.478	1	1	2448	9	1	28	2196	0	0	0
24.506	1	1	2451	7	1	28	2196	0	0	0
24.528	1	1	2453	9	1	28	2196	0	0	0
24.535	1	1	2454	6	1	28	2196	0	0	0
24.58	1	1	2459	1	1	28	2196	0	0	0
24.602	1	1	2461	3	1	28	2196	0	0	0
24.616	1	1	2462	7	1	28	2196	0	0	0
24.638	1	1	2464	9	1	28	2196	0	0	0
24.65	1	1	2466	1	1	28	2196	0	0	0
24.665	1	1	2467	6	1	28	2196	0	0	0
24.69	1	1	2470	1	1	28	2196	0	0	0
24.715	1	1	2472	6	1	28	2196	0	0	0
24.761	1	1	2477	2	1	28	2196	0	0	0
24.787	1	1	2479	8	1	28	2196	0	0	0
24.811	1	1	2482	2	1	28	2196	0	0	0
24.849	1	1	2485	10	1	28	2196	0	0	0
24.882	1	1	2489	3	1	28	2196	0	0	0
24.908	1	1	2491	9	1	28	2196	0	0	0
24.928	1	1	2493	9	1	28	2196	0	0	0
24.96	1	1	2497	1	1	28	2196	0	0	0
24.972	1	1	2498	3	1	28	2196	0	0	0
24.983	1	1	2499	4	1	28	2196	0	0	0
25.009	1	1	2501	10	1	28	2196	0	0	0
25.017	1	1	2502	8	1	28	2196	0	0	0
25.056	1	1	2506	7	1	28	2196	0	0	0
25.112	1	1	2512	3	1	28	2196	0	0	0
25.126	1	1	2513	7	1	28	2196	0	0	0
25.158	1	1	2516	9	1	28	2196	0	0	0
25.19	1	1	2520	1	1	28	2196	0	0	0
25.213	1	1	2522	4	1	28	2196	0	0	0
25.226	1	1	2523	7	1	28	2196	0	0	0
25.24	1	1	2525	1	1	28	2196	0	0	0
25.26	1	1	2527	1	1	28	2196	0	0	0
25.275	1	1	2528	6	1	28	2196	0	0	0
25.284	1	1	2529	5	1	28	2196	0	0	0
25.305	1	1	2531	6	1	28	2196	0	0	0
25.34	1	1	2535	1	1	28	2196	0	0	0
25.368	1	1	2537	9	1	28	2196	0	0	0
25.407	1	1	2541	8	1	28	2196	0	0	0
25.433	1	1	2544	4	1	28	2196	0	0	0
25.454	1	1	2546	5	1	28	2196	0	0	0
25.47	1	1	2548	1	1	28	2196	0	0	0
25.476	1	1	2548	7	1	28	2196	0	0	0
25.484	1	1	2549	5	1	28	2196	0	0	0
25.504	1	1	2551	5	1	28	2196	0	0	0
25.546	1	1	2555	7	1	28	2196	0	0	0
25.601	1	1	2561	2	1	28	2196	0	0	0
25.609	1	1	2561	10	1	28	2196	0	0	0
25.623	1	1	2563	4	1	28	2196	0	0	0
25.642	1	1	2565	3	1	28	2196	0	0	0
25.65	1	1	2566	1	1	28	2196	0	0	0
25.657	1	1	2566	8	1	28	2196	0	0	0
25.685	1	1	2569	6	1	28	2196	0	0	0
25.693	1	1	2570	4	1	28	2196	0	0	0
25.718	1	1	2572	9	1	28	2196	0	0	0
25.729	1	1	2573	10	1	28	2196	0	0	0
25.75	1	1	2576	1	1	28	2196	0	0	0
25.775	1	1	2578	6	1	28	2196	0	0	0
25.793	1	1	2580	4	1	28	2196	0	0	0
25.804	1	1	2581	5	1	28	2196	0	0	0
25.818	1	1	2582	9	1	28	2196	0	0	0
25.84	1	1	2585	1	1	28	2196	0	0	0
25.867	1	1	2587	8	1	28	2196	0	0	0
25.883	1	1	2589	4	1	28	2196	0	0	0
25.915	1	1	2592	6	1	28	2196	0	0	0
25.93	1	1	2594	1	1	28	2196	0	0	0
25.941	1	1	2595	2	1	28	2196	0	0	0
25.975	1	1	2598	6	1	28	2196	0	0	0
26.011	1	1	2602	2	1	28	2196	0	0	0
26.026	1	1	2603	7	1	28	2196	0	0	0
26.041	1	1	2605	2	1	28	2196	0	0	0
26.053	1	1	2606	4	1	28	2196	0	0	0
26.091	1	1	2610	2	1	28	2196	0	0	0
26.103	1	1	2611	4	1	28	2196	0	0	0
26.114	1	1	2612	5	1	28	2196	0	0	0
26.143	1	1	2615	4	1	28	2196	0	0	0
26.214	1	1	2622	5	1	28	2196	0	0	0
26.235	1	1	2624	6	1	28	2196	0	0	0
26.247	1	1	2625	8	1	28	2196	0	0	0
26.27	1	1	2628	1	1	28	2196	0	0	0
26.295	1	1	2630	6	1	28	2196	0	0	0
26.317	1	1	2632	8	1	28	2196	0	0	0
26.38	1	1	2639	1	1	28	2196	0	0	0
26.388	1	1	2639	9	1	28	2196	0	0	0
26.404	1	1	2641	5	1	28	2196	0	0	0
26.417	1	1	2642	8	1	28	2196	0	0	0
26.423	1	1	2643	4	1	28	2196	0	0	0
26.446	1	1	2645	7	1	28	2196	0	0	0
26.457	1	1	2646	8	1	28	2196	0	0	0
26.469	1	1	2647	10	1	28	2196	0	0	0
26.472	1	1	2648	3	1	28	2196	0	0	0
26.528	1	1	2653	9	1	28	2196	0	0	0
26.535	1	1	2654	6	1	28	2196	0	0	0
26.551	1	1	2656	2	1	28	2196	0	0	0
26.565	1	1	2657	6	1	28	2196	0	0	0
26.581	1	1	2659	2	1	28	2196	0	0	0
26.614	1	1	2662	5	1	28	2196	0	0	0
26.625	1	1	2663	6	1	28	2196	0	0	0
26.645	1	1	2665	6	1	28	2196	0	0	0
26.658	1	1	2666	9	1	28	2196	0	0	0
26.677	1	1	2668	8	1	28	2196	0	0	0
26.685	1	1	2669	6	1	28	2196	0	0	0
26.697	1	1	2670	8	1	28	2196	0	0	0
26.729	1	1	2673	10	1	28	2196	0	0	0
26.738	1	1	2674	9	1	28	2196	0	0	0
26.772	1	1	2678	3	1	28	2196	0	0	0
26.804	1	1	2681	5	1	28	2196	0	0	0
26.824	1	1	2683	5	1	28	2196	0	0	0
26.837	1	1	2684	8	1	28	2196	0	0	0
26.85	1	1	2686	1	1	28	2196	0	0	0
26.858	1	1	2686	9	1	28	2196	0	0	0
26.895	1	1	2690	6	1	28	2196	0	0	0
26.92	1	1	2693	1	1	28	2196	0	0	0
26.944	1	1	2695	5	1	28	2196	0	0	0
26.958	1	1	2696	9	1	28	2196	0	0	0
26.985	1	1	2699	6	1	28	2196	0	0	0
27.019	1	1	2702	10	1	28	2196	0	0	0
27.062	1	1	2707	3	1	28	2196	0	0	0
27.086	1	1	2709	7	1	28	2196	0	0	0
27.103	1	1	2711	4	1	28	2196	0	0	0
27.134	1	1	2714	5	1	28	2196	0	0	0
27.152	1	1	2716	3	1	28	2196	0	0	0
27.185	1	1	2719	6	1	28	2196	0	0	0
27.203	1	1	2721	4	1	28	2196	0	0	0
27.225	1	1	2723	6	1	28	2196	0	0	0
27.258	1	1	2726	9	1	28	2196	0	0	0
27.266	1	1	2727	7	1	28	2196	0	0	0
27.306	1	1	2731	7	1	28	2196	0	0	0
27.341	1	1	2735	2	1	28	2196	0	0	0
27.359	1	1	2736	10	1	28	2196	0	0	0
27.369	1	1	2737	10	1	28	2196	0	0	0
27.385	1	1	2739	6	1	28	2196	0	0	0
27.41	1	1	2742	1	1	28	2196	0	0	0
27.428	1	1	2743	9	1	28	2196	0	0	0
27.468	1	1	2747	9	1	28	2196	0	0	0
27.483	1	1	2749	4	1	28	2196	0	0	0
27.495	1	1	2750	6	1	28	2196	0	0	0
27.5	1	1	2751	1	1	28	2196	0	0	0
27.534	1	1	2754	5	1	28	2196	0	0	0
27.559	1	1	2756	10	1	28	2196	0	0	0
27.571	1	1	2758	2	1	28	2196	0	0	0
27.596	1	1	2760	7	1	28	2196	0	0	0
27.604	1	1	2761	5	1	28	2196	0	0	0
27.613	1	1	2762	4	1	28	2196	0	0	0
27.618	1	1	2762	9	1	28	2196	0	0	0
27.637	1	1	2764	8	1	28	2196	0	0	0
27.651	1	1	2766	2	1	28	2196	0	0	0
27.658	1	1	2766	9	1	28	2196	0	0	0
27.685	1	1	2769	6	1	28	2196	0	0	0
27.705	1	1	2771	6	1	28	2196	0	0	0
27.709	1	1	2771	10	1	28	2196	0	0	0
27.734	1	1	2774	5	1	28	2196	0	0	0
27.749	1	1	2775	10	1	28	2196	0	0	0
27.762	1	1	2777	3	1	28	2196	0	0	0
27.775	1	1	2778	6	1	28	2196	0	0	0
27.825	1	1	2783	6	1	28	2196	0	0	0
27.84	1	1	2785	1	1	28	2196	0	0	0
27.858	1	1	2786	9	1	28	2196	0	0	0
27.894	1	1	2790	5	1	28	2196	0	0	0
27.904	1	1	2791	5	1	28	2196	0	0	0
27.908	1	1	2791	9	1	28	2196	0	0	0
27.922	1	1	2793	3	1	28	2196	0	0	0
27.955	1	1	2796	6	1	28	2196	0	0	0
27.972	1	1	2798	3	1	28	2196	0	0	0
28.005	1	1	2801	6	1	28	2196	0	0	0
28.013	1	1	2802	4	1	28	2196	0	0	0
28.066	1	1	2807	7	1	28	2196	0	0	0
28.084	1	1	2809	5	1	28	2196	0	0	0
28.114	1	1	2812	5	1	28	2196	0	0	0
28.131	1	1	2814	2	1	28	2196	0	0	0
28.159	1	1	2816	10	1	28	2196	0	0	0
28.183	1	1	2819	4	1	28	2196	0	0	0
28.205	1	1	2821	6	1	28	2196	0	0	0
28.217	1	1	2822	8	1	28	2196	0	0	0
28.249	1	1	2825	10	1	28	2196	0	0	0
28.277	1	1	2828	8	1	28	2196	0	0	0
28.296	1	1	2830	7	1	28	2196	0	0	0
28.325	1	1	2833	6	1	28	2196	0	0	0
28.336	1	1	2834	7	1	28	2196	0	0	0
28.349	1	1	2835	10	1	28	2196	0	0	0
28.354	1	1	2836	5	1	28	2196	0	0	0
28.417	1	1	2842	8	1	28	2196	0	0	0
28.447	1	1	2845	8	1	28	2196	0	0	0
28.46	1	1	2847	1	1	28	2196	0	0	0
28.49	1	1	2850	1	1	28	2196	0	0	0
28.499	1	1	2850	10	1	28	2196	0	0	0
28.52	1	1	2853	1	1	28	2196	0	0	0
28.534	1	1	2854	5	1	28	2196	0	0	0
28.555	1	1	2856	6	1	28	2196	0	0	0
28.595	1	1	2860	6	1	28	2196	0	0	0
28.601	1	1	2861	2	1	28	2196	0	0	0
28.623	1	1	2863	4	1	28	2196	0	0	0
28.646	1	1	2865	7	1	28	2196	0	0	0
28.661	1	1	2867	2	1	28	2196	0	0	0
28.667	1	1	2867	8	1	28	2196	0	0	0
28.717	1	1	2872	8	1	28	2196	0	0	0
28.74	1	1	2875	1	1	28	2196	0	0	0
28.761	1	1	2877	2	1	28	2196	0	0	0
28.782	1	1	2879	3	1	28	2196	0	0	0
28.829	1	1	2883	10	1	28	2196	0	0	0
28.852	1	1	2886	3	1	28	2196	0	0	0
28.875	1	1	2888	6	1	28	2196	0	0	0
28.898	1	1	2890	9	1	28	2196	0	0	0
28.92	1	1	2893	1	1	28	2196	0	0	0
28.947	1	1	2895	8	1	28	2196	0	0	0
28.962	1	1	2897	3	1	28	2196	0	0	0
28.972	1	1	2898	3	1	28	2196	0	0	0
28.994	1	1	2900	5	1	28	2196	0	0	0
29.014	1	1	2902	5	1	28	2196	0	0	0
29.054	1	1	2906	5	1	28	2196	0	0	0
29.068	1	1	2907	9	1	28	2196	0	0	0
29.083	1	1	2909	4	1	28	2196	0	0	0
29.099	1	1	2910	10	1	28	2196	0	0	0
29.121	1	1	2913	2	1	28	2196	0	0	0
29.134	1	1	2914	5	1	28	2196	0	0	0
29.167	1	1	2917	8	1	28	2196	0	0	0
29.18	1	1	2919	1	1	28	2196	0	0	0
29.184	1	1	2919	5	1	28	2196	0	0	0
29.211	1	1	2922	2	1	28	2196	0	0	0
29.242	1	1	2925	3	1	28	2196	0	0	0
29.274	1	1	2928	5	1	28	2196	0	0	0
29.299	1	1	2930	10	1	28	2196	0	0	0
29.337	1	1	2934	8	1	28	2196	0	0	0
29.357	1	1	2936	8	1	28	2196	0	0	0
29.376	1	1	2938	7	1	28	2196	0	0	0
29.394	1	1	2940	5	1	28	2196	0	0	0
29.412	1	1	2942	3	1	28	2196	0	0	0
29.45	1	1	2946	1	1	28	2196	0	0	0
29.482	1	1	2949	3	1	28	2196	0	0	0
29.502	1	1	2951	3	1	28	2196	0	0	0
29.522	1	1	2953	3	1	28	2196	0	0	0
29.552	1	1	2956	3	1	28	2196	0	0	0
29.568	1	1	2957	9	1	28	2196	0	0	0
29.586	1	1	2959	7	1	28	2196	0	0	0
29.601	1	1	2961	2	1	28	2196	0	0	0
29.611	1	1	2962	2	1	28	2196	0	0	0
29.664	1	1	2967	5	1	28	2196	0	0	0
29.684	1	1	2969	5	1	28	2196	0	0	0
29.724	1	1	2973	5	1	28	2196	0	0	0
29.74	1	1	2975	1	1	28	2196	0	0	0
29.785	1	1	2979	6	1	28	2196	0	0	0
29.802	1	1	2981	3	1	28	2196	0	0	0
29.824	1	1	2983	5	1	28	2196	0	0	0
29.868	1	1	2987	9	1	28	2196	0	0	0
29.882	1	1	2989	3	1	28	2196	0	0	0
29.889	1	1	2989	10	1	28	2196	0	0	0
29.916	1	1	2992	7	1	28	2196	0	0	0
29.931	1	1	2994	2	1	28	2196	0	0	0
29.964	1	1	2997	5	1	28	2196	0	0	0
29.982	1	1	2999	3	1	28	2196	0	0	0
30.01	1	1	3002	1	1	28	2196	0	0	0
30.05	1	1	3006	1	1	28	2196	0	0	0
30.058	1	1	3006	9	1	28	2196	0	0	0
30.102	1	1	3011	3	1	28	2196	0	0	0
30.126	1	1	3013	7	1	28	2196	0	0	0
30.14	1	1	3015	1	1	28	2196	0	0	0
30.165	1	1	3017	6	1	28	2196	0	0	0
30.171	1	1	3018	2	1	28	2196	0	0	0
30.184	1	1	3019	5	1	28	2196	0	0	0
30.226	1	1	3023	7	1	28	2196	0	0	0
30.238	1	1	3024	9	1	28	2196	0	0	0
30.254	1	1	3026	5	1	28	2196	0	0	0
30.294	1	1	3030	5	1	28	2196	0	0	0
30.315	1	1	3032	6	1	28	2196	0	0	0
30.33	1	1	3034	1	1	28	2196	0	0	0
30.349	1	1	3035	10	1	28	2196	0	0	0
30.384	1	1	3039	5	1	28	2196	0	0	0
30.402	1	1	3041	3	1	28	2196	0	0	0
30.442	1	1	3045	3	1	28	2196	0	0	0
30.478	1	1	3048	9	1	28	2196	0	0	0
30.493	1	1	3050	4	1	28	2196	0	0	0
30.547	1	1	3055	8	1	28	2196	0	0	0
30.59	1	1	3060	1	1	28	2196	0	0	0
30.62	1	1	3063	1	1	28	2196	0	0	0
30.638	1	1	3064	9	1	28	2196	0	0	0
30.669	1	1	3067	10	1	28	2196	0	0	0
30.695	1	1	3070	6	1	28	2196	0	0	0
30.71	1	1	3072	1	1	28	2196	0	0	0
30.721	1	1	3073	2	1	28	2196	0	0	0
30.735	1	1	3074	6	1	28	2196	0	0	0
30.759	1	1	3076	10	1	28	2196	0	0	0
30.778	1	1	3078	9	1	28	2196	0	0	0
30.798	1	1	3080	9	1	28	2196	0	0	0
30.802	1	1	3081	3	1	28	2196	0	0	0
30.843	1	1	3085	4	1	28	2196	0	0	0
30.852	1	1	3086	3	1	28	2196	0	0	0
30.885	1	1	3089	6	1	28	2196	0	0	0
30.892	1	1	3090	3	1	28	2196	0	0	0
30.904	1	1	3091	5	1	28	2196	0	0	0
30.912	1	1	3092	3	1	28	2196	0	0	0
30.938	1	1	3094	9	1	28	2196	0	0	0
30.946	1	1	3095	7	1	28	2196	0	0	0
30.956	1	1	3096	7	1	28	2196	0	0	0
30.965	1	1	3097	6	1	28	2196	0	0	0
30.98	1	1	3099	1	1	28	2196	0	0	0
31.002	1	1	3101	3	1	28	2196	0	0	0
31.036	1	1	3104	7	1	28	2196	0	0	0
31.047	1	1	3105	8	1	28	2196	0	0	0
31.065	1	1	3107	6	1	28	2196	0	0	0
31.084	1	1	3109	5	1	28	2196	0	0	0
31.135	1	1	3114	6	1	28	2196	0	0	0
31.151	1	1	3116	2	1	28	2196	0	0	0
31.159	1	1	3116	10	1	28	2196	0	0	0
31.174	1	1	3118	5	1	28	2196	0	0	0
31.182	1	1	3119	3	1	28	2196	0	0	0
31.191	1	1	3120	2	1	28	2196	0	0	0
31.227	1	1	3123	8	1	28	2196	0	0	0
31.256	1	1	3126	7	1	28	2196	0	0	0
31.272	1	1	3128	3	1	28	2196	0	0	0
31.293	1	1	3130	4	1	28	2196	0	0	0
31.317	1	1	3132	8	1	28	2196	0	0	0
31.364	1	1	3137	5	1	28	2196	0	0	0
31.371	1	1	3138	2	1	28	2196	0	0	0
31.395	1	1	3140	6	1	28	2196	0	0	0
31.399	1	1	3140	10	1	28	2196	0	0	0
31.442	1	1	3145	3	1	28	2196	0	0	0
31.454	1	1	3146	5	1	28	2196	0	0	0
31.46	1	1	3147	1	1	28	2196	0	0	0
31.472	1	1	3148	3	1	28	2196	0	0	0
31.48	1	1	3149	1	1	28	2196	0	0	0
31.486	1	1	3149	7	1	28	2196	0	0	0
31.498	1	1	3150	9	1	28	2196	0	0	0
31.535	1	1	3154	6	1	28	2196	0	0	0
31.565	1	1	3157	6	1	28	2196	0	0	0
31.57	1	1	3158	1	1	28	2196	0	0	0
31.579	1	1	3158	10	1	28	2196	0	0	0
31.584	1	1	3159	5	1	28	2196	0	0	0
31.593	1	1	3160	4	1	28	2196	0	0	0
31.597	1	1	3160	8	1	28	2196	0	0	0
31.636	1	1	3164	7	1	28	2196	0	0	0
31.671	1	1	3168	2	1	28	2196	0	0	0
31.699	1	1	3170	10	1	28	2196	0	0	0
31.715	1	1	3172	6	1	28	2196	0	0	0
31.722	1	1	3173	3	1	28	2196	0	0	0
31.748	1	1	3175	9	1	28	2196	0	0	0
31.794	1	1	3180	5	1	28	2196	0	0	0
31.816	1	1	3182	7	1	28	2196	0	0	0
31.842	1	1	3185	3	1	28	2196	0	0	0
31.873	1	1	3188	4	1	28	2196	0	0	0
31.891	1	1	3190	2	1	28	2196	0	0	0
31.935	1	1	3194	6	1	28	2196	0	0	0
31.957	1	1	3196	8	1	28	2196	0	0	0
31.981	1	1	3199	2	1	28	2196	0	0	0
31.996	1	1	3200	7	1	28	2196	0	0	0
32.007	1	1	3201	8	1	28	2196	0	0	0
32.035	1	1	3204	6	1	28	2196	0	0	0
32.074	1	1	3208	5	1	28	2196	0	0	0
32.097	1	1	3210	8	1	28	2196	0	0	0
32.1	1	1	3211	1	1	28	2196	0	0	0
32.113	1	1	3212	4	1	28	2196	0	0	0
32.12	1	1	3213	1	1	28	2196	0	0	0
32.157	1	1	3216	8	1	28	2196	0	0	0
32.179	1	1	3218	10	1	28	2196	0	0	0
32.184	1	1	3219	5	1	28	2196	0	0	0
32.225	1	1	3223	6	1	28	2196	0	0	0
32.248	1	1	3225	9	1	28	2196	0	0	0
32.256	1	1	3226	7	1	28	2196	0	0	0
32.311	1	1	3232	2	1	28	2196	0	0	0
32.341	1	1	3235	2	1	28	2196	0	0	0
32.384	1	1	3239	5	1	28	2196	0	0	0
32.437	1	1	3244	8	1	28	2196	0	0	0
32.449	1	1	3245	10	1	28	2196	0	0	0
32.469	1	1	3247	10	1	28	2196	0	0	0
32.482	1	1	3249	3	1	28	2196	0	0	0
32.494	1	1	3250	5	1	28	2196	0	0	0
32.509	1	1	3251	10	1	28	2196	0	0	0
32.563	1	1	3257	4	1	28	2196	0	0	0
32.574	1	1	3258	5	1	28	2196	0	0	0
32.58	1	1	3259	1	1	28	2196	0	0	0
32.587	1	1	3259	8	1	28	2196	0	0	0
32.602	1	1	3261	3	1	28	2196	0	0	0
32.626	1	1	3263	7	1	28	2196	0	0	0
32.671	1	1	3268	2	1	28	2196	0	0	0
32.684	1	1	3269	5	1	28	2196	0	0	0
32.723	1	1	3273	4	1	28	2196	0	0	0
32.739	1	1	3274	10	1	28	2196	0	0	0
32.749	1	1	3275	10	1	28	2196	0	0	0
32.764	1	1	3277	5	1	28	2196	0	0	0
32.813	1	1	3282	4	1	28	2196	0	0	0
32.836	1	1	3284	7	1	28	2196	0	0	0
32.853	1	1	3286	4	1	28	2196	0	0	0
32.903	1	1	3291	4	1	28	2196	0	0	0
32.916	1	1	3292	7	1	28	2196	0	0	0
32.942	1	1	3295	3	1	28	2196	0	0	0
32.952	1	1	3296	3	1	28	2196	0	0	0
32.966	1	1	3297	7	1	28	2196	0	0	0
32.969	1	1	3297	10	1	28	2196	0	0	0
33.006	1	1	3301	7	1	28	2196	0	0	0
33.029	1	1	3303	10	1	28	2196	0	0	0
33.049	1	1	3305	10	1	28	2196	0	0	0
33.065	1	1	3307	6	1	28	2196	0	0	0
33.084	1	1	3309	5	1	28	2196	0	0	0
33.107	1	1	3311	8	1	28	2196	0	0	0
33.153	1	1	3316	4	1	28	2196	0	0	0
33.18	1	1	3319	1	1	28	2196	0	0	0
33.207	1	1	3321	8	1	28	2196	0	0	0
33.216	1	1	3322	7	1	28	2196	0	0	0
33.231	1	1	3324	2	1	28	2196	0	0	0
33.249	1	1	3325	10	1	28	2196	0	0	0
33.273	1	1	3328	4	1	28	2196	0	0	0
33.289	1	1	3329	10	1	28	2196	0	0	0
33.306	1	1	3331	7	1	28	2196	0	0	0
33.316	1	1	3332	7	1	28	2196	0	0	0
33.328	1	1	3333	9	1	28	2196	0	0	0
33.369	1	1	3337	10	1	28	2196	0	0	0
33.453	1	1	3346	4	1	28	2196	0	0	0
33.455	1	1	3346	6	1	28	2196	0	0	0
33.509	1	1	3351	10	1	28	2196	0	0	0
33.533	1	1	3354	4	1	28	2196	0	0	0
33.553	1	1	3356	4	1	28	2196	0	0	0
33.57	1	1	3358	1	1	28	2196	0	0	0
33.581	1	1	3359	2	1	28	2196	0	0	0
33.602	1	1	3361	3	1	28	2196	0	0	0
33.618	1	1	3362	9	1	28	2196	0	0	0
33.629	1	1	3363	10	1	28	2196	0	0	0
33.649	1	1	3365	10	1	28	2196	0	0	0
33.666	1	1	3367	7	1	28	2196	0	0	0
33.672	1	1	3368	3	1	28	2196	0	0	0
33.716	1	1	3372	7	1	28	2196	0	0	0
33.728	1	1	3373	9	1	28	2196	0	0	0
33.74	1	1	3375	1	1	28	2196	0	0	0
33.751	1	1	3376	2	1	28	2196	0	0	0
33.76	1	1	3377	1	1	28	2196	0	0	0
33.766	1	1	3377	7	1	28	2196	0	0	0
33.803	1	1	3381	4	1	28	2196	0	0	0
33.812	1	1	3382	3	1	28	2196	0	0	0
33.837	1	1	3384	8	1	28	2196	0	0	0
33.856	1	1	3386	7	1	28	2196	0	0	0
33.866	1	1	3387	7	1	28	2196	0	0	0
33.893	1	1	3390	4	1	28	2196	0	0	0
33.904	1	1	3391	5	1	28	2196	0	0	0
33.91	1	1	3392	1	1	28	2196	0	0	0
33.933	1	1	3394	4	1	28	2196	0	0	0
33.98	1	1	3399	1	1	28	2196	0	0	0
34.022	1	1	3403	3	1	28	2196	0	0	0
34.062	1	1	3407	3	1	28	2196	0	0	0
34.087	1	1	3409	8	1	28	2196	0	0	0
34.106	1	1	3411	7	1	28	2196	0	0	0
34.135	1	1	3414	6	1	28	2196	0	0	0
34.154	1	1	3416	5	1	28	2196	0	0	0
34.161	1	1	3417	2	1	28	2196	0	0	0
34.192	1	1	3420	3	1	28	2196	0	0	0
34.219	1	1	3422	10	1	28	2196	0	0	0
34.229	1	1	3423	10	1	28	2196	0	0	0
34.239	1	1	3424	10	1	28	2196	0	0	0
34.263	1	1	3427	4	1	28	2196	0	0	0
34.281	1	1	3429	2	1	28	2196	0	0	0
34.301	1	1	3431	2	1	28	2196	0	0	0
34.308	1	1	3431	9	1	28	2196	0	0	0
34.314	1	1	3432	5	1	28	2196	0	0	0
34.342	1	1	3435	3	1	28	2196	0	0	0
34.361	1	1	3437	2	1	28	2196	0	0	0
34.371	1	1	3438	2	1	28	2196	0	0	0
34.381	1	1	3439	2	1	28	2196	0	0	0
34.407	1	1	3441	8	1	28	2196	0	0	0
34.416	1	1	3442	7	1	28	2196	0	0	0
34.426	1	1	3443	7	1	28	2196	0	0	0
34.433	1	1	3444	4	1	28	2196	0	0	0
34.453	1	1	3446	4	1	28	2196	0	0	0
34.46	1	1	3447	1	1	28	2196	0	0	0
34.481	1	1	3449	2	1	28	2196	0	0	0
34.496	1	1	3450	7	1	28	2196	0	0	0
34.51	1	1	3452	1	1	28	2196	0	0	0
34.535	1	1	3454	6	1	28	2196	0	0	0
34.552	1	1	3456	3	1	28	2196	0	0	0
34.56	1	1	3457	1	1	28	2196	0	0	0
34.577	1	1	3458	8	1	28	2196	0	0	0
34.582	1	1	3459	3	1	28	2196	0	0	0
34.599	1	1	3460	10	1	28	2196	0	0	0
34.606	1	1	3461	7	1	28	2196	0	0	0
34.623	1	1	3463	4	1	28	2196	0	0	0
34.63	1	1	3464	1	1	28	2196	0	0	0
34.646	1	1	3465	7	1	28	2196	0	0	0
34.669	1	1	3467	10	1	28	2196	0	0	0
34.693	1	1	3470	4	1	28	2196	0	0	0
34.714	1	1	3472	5	1	28	2196	0	0	0
34.719	1	1	3472	10	1	28	2196	0	0	0
34.745	1	1	3475	6	1	28	2196	0	0	0
34.803	1	1	3481	4	1	28	2196	0	0	0
34.813	1	1	3482	4	1	28	2196	0	0	0
34.837	1	1	3484	8	1	28	2196	0	0	0
34.849	1	1	3485	10	1	28	2196	0	0	0
34.886	1	1	3489	7	1	28	2196	0	0	0
34.915	1	1	3492	6	1	28	2196	0	0	0
34.938	1	1	3494	9	1	28	2196	0	0	0
34.956	1	1	3496	7	1	28	2196	0	0	0
34.967	1	1	3497	8	1	28	2196	0	0	0
34.983	1	1	3499	4	1	28	2196	0	0	0
35.021	1	1	3503	2	1	28	2196	0	0	0
35.027	1	1	3503	8	1	28	2196	0	0	0
35.036	1	1	3504	7	1	28	2196	0	0	0
35.052	1	1	3506	3	1	28	2196	0	0	0
35.062	1	1	3507	3	1	28	2196	0	0	0
35.07	1	1	3508	1	1	28	2196	0	0	0
35.081	1	1	3509	2	1	28	2196	0	0	0
35.093	1	1	3510	4	1	28	2196	0	0	0
35.123	1	1	3513	4	1	28	2196	0	0	0
35.155	1	1	3516	6	1	28	2196	0	0	0
35.172	1	1	3518	3	1	28	2196	0	0	0
35.187	1	1	3519	8	1	28	2196	0	0	0
35.202	1	1	3521	3	1	28	2196	0	0	0
35.232	1	1	3524	3	1	28	2196	0	0	0
35.261	1	1	3527	2	1	28	2196	0	0	0
35.297	1	1	3530	8	1	28	2196	0	0	0
35.302	1	1	3531	3	1	28	2196	0	0	0
35.342	1	1	3535	3	1	28	2196	0	0	0
35.413	1	1	3542	4	1	28	2196	0	0	0
35.452	1	1	3546	3	1	28	2196	0	0	0
35.498	1	1	3550	9	1	28	2196	0	0	0
35.532	1	1	3554	3	1	28	2196	0	0	0
35.555	1	1	3556	6	1	28	2196	0	0	0
35.582	1	1	3559	3	1	28	2196	0	0	0
35.594	1	1	3560	5	1	28	2196	0	0	0
35.621	1	1	3563	2	1	28	2196	0	0	0
35.632	1	1	3564	3	1	28	2196	0	0	0
35.699	1	1	3570	10	1	28	2196	0	0	0
35.741	1	1	3575	2	1	28	2196	0	0	0
35.775	1	1	3578	6	1	28	2196	0	0	0
35.78	1	1	3579	1	1	28	2196	0	0	0
35.799	1	1	3580	10	1	28	2196	0	0	0
35.831	1	1	3584	2	1	28	2196	0	0	0
35.868	1	1	3587	9	1	28	2196	0	0	0
35.912	1	1	3592	3	1	28	2196	0	0	0
35.926	1	1	3593	7	1	28	2196	0	0	0
35.943	1	1	3595	4	1	28	2196	0	0	0
35.99	1	1	3600	1	1	28	2196	0	0	0
36.015	1	1	3602	6	1	28	2196	0	0	0
36.058	1	1	3606	9	1	28	2196	0	0	0
36.109	1	1	3611	10	1	28	2196	0	0	0
36.156	1	1	3616	7	1	28	2196	0	0	0
36.19	1	1	3620	1	1	28	2196	0	0	0
36.204	1	1	3621	5	1	28	2196	0	0	0
36.221	1	1	3623	2	1	28	2196	0	0	0
36.233	1	1	3624	4	1	28	2196	0	0	0
36.271	1	1	3628	2	1	28	2196	0	0	0
36.28	1	1	3629	1	1	28	2196	0	0	0
36.303	1	1	3631	4	1	28	2196	0	0	0
36.313	1	1	3632	4	1	28	2196	0	0	0
36.326	1	1	3633	7	1	28	2196	0	0	0
36.346	1	1	3635	7	1	28	2196	0	0	0
36.405	1	1	3641	6	1	28	2196	0	0	0
36.453	1	1	3646	4	1	28	2196	0	0	0
36.465	1	1	3647	6	1	28	2196	0	0	0
36.482	1	1	3649	3	1	28	2196	0	0	0
36.51	1	1	3652	1	1	28	2196	0	0	0
36.536	1	1	3654	7	1	28	2196	0	0	0
36.539	1	1	3654	10	1	28	2196	0	0	0
36.588	1	1	3659	9	1	28	2196	0	0	0
36.603	1	1	3661	4	1	28	2196	0	0	0
36.624	1	1	3663	5	1	28	2196	0	0	0
36.65	1	1	3666	1	1	28	2196	0	0	0
36.67	1	1	3668	1	1	28	2196	0	0	0
36.685	1	1	3669	6	1	28	2196	0	0	0
36.69	1	1	3670	1	1	28	2196	0	0	0
36.698	1	1	3670	9	1	28	2196	0	0	0
36.701	1	1	3671	2	1	28	2196	0	0	0
36.707	1	1	3671	8	1	28	2196	0	0	0
36.716	1	1	3672	7	1	28	2196	0	0	0
36.736	1	1	3674	7	1	28	2196	0	0	0
36.743	1	1	3675	4	1	28	2196	0	0	0
36.758	1	1	3676	9	1	28	2196	0	0	0
36.772	1	1	3678	3	1	28	2196	0	0	0
36.806	1	1	3681	7	1	28	2196	0	0	0
36.819	1	1	3682	10	1	28	2196	0	0	0
36.859	1	1	3686	10	1	28	2196	0	0	0
36.876	1	1	3688	7	1	28	2196	0	0	0
36.88	1	1	3689	1	1	28	2196	0	0	0
36.901	1	1	3691	2	1	28	2196	0	0	0
36.915	1	1	3692	6	1	28	2196	0	0	0
36.949	1	1	3695	10	1	28	2196	0	0	0
36.969	1	1	3697	10	1	28	2196	0	0	0
36.983	1	1	3699	4	1	28	2196	0	0	0
37.03	1	1	3704	1	1	28	2196	0	0	0
37.041	1	1	3705	2	1	28	2196	0	0	0
37.054	1	1	3706	5	1	28	2196	0	0	0
37.074	1	1	3708	5	1	28	2196	0	0	0
37.087	1	1	3709	8	1	28	2196	0	0	0
37.116	1	1	3712	7	1	28	2196	0	0	0
37.127	1	1	3713	8	1	28	2196	0	0	0
37.137	1	1	3714	8	1	28	2196	0	0	0
37.148	1	1	3715	9	1	28	2196	0	0	0
37.198	1	1	3720	9	1	28	2196	0	0	0
37.211	1	1	3722	2	1	28	2196	0	0	0
37.218	1	1	3722	9	1	28	2196	0	0	0
37.24	1	1	3725	1	1	28	2196	0	0	0
37.253	1	1	3726	4	1	28	2196	0	0	0
37.261	1	1	3727	2	1	28	2196	0	0	0
37.343	1	1	3735	4	1	28	2196	0	0	0
37.348	1	1	3735	9	1	28	2196	0	0	0
37.364	1	1	3737	5	1	28	2196	0	0	0
37.387	1	1	3739	8	1	28	2196	0	0	0
37.399	1	1	3740	10	1	28	2196	0	0	0
37.407	1	1	3741	8	1	28	2196	0	0	0
37.417	1	1	3742	8	1	28	2196	0	0	0
37.453	1	1	3746	4	1	28	2196	0	0	0
37.466	1	1	3747	7	1	28	2196	0	0	0
37.495	1	1	3750	6	1	28	2196	0	0	0
37.509	1	1	3751	10	1	28	2196	0	0	0
37.513	1	1	3752	4	1	28	2196	0	0	0
37.528	1	1	3753	9	1	28	2196	0	0	0
37.543	1	1	3755	4	1	28	2196	0	0	0
37.549	1	1	3755	10	1	28	2196	0	0	0
37.566	1	1	3757	7	1	28	2196	0	0	0
37.608	1	1	3761	9	1	28	2196	0	0	0
37.624	1	1	3763	5	1	28	2196	0	0	0
37.666	1	1	3767	7	1	28	2196	0	0	0
37.682	1	1	3769	3	1	28	2196	0	0	0
37.698	1	1	3770	9	1	28	2196	0	0	0
37.718	1	1	3772	9	1	28	2196	0	0	0
37.725	1	1	3773	6	1	28	2196	0	0	0
37.74	1	1	3775	1	1	28	2196	0	0	0
37.744	1	1	3775	5	1	28	2196	0	0	0
37.758	1	1	3776	9	1	28	2196	0	0	0
37.773	1	1	3778	4	1	28	2196	0	0	0
37.8	1	1	3781	1	1	28	2196	0	0	0
37.844	1	1	3785	5	1	28	2196	0	0	0
37.857	1	1	3786	8	1	28	2196	0	0	0
37.874	1	1	3788	5	1	28	2196	0	0	0
37.909	1	1	3791	10	1	28	2196	0	0	0
37.939	1	1	3794	10	1	28	2196	0	0	0
37.969	1	1	3797	10	1	28	2196	0	0	0
37.991	1	1	3800	2	1	28	2196	0	0	0
38	1	1	3801	1	1	28	2196	0	0	0
38.008	1	1	3801	9	1	28	2196	0	0	0
38.028	1	1	3803	9	1	28	2196	0	0	0
38.088	1	1	3809	9	1	28	2196	0	0	0
38.117	1	1	3812	8	1	28	2196	0	0	0
38.149	1	1	3815	10	1	28	2196	0	0	0
38.162	1	1	3817	3	1	28	2196	0	0	0
38.192	1	1	3820	3	1	28	2196	0	0	0
38.212	1	1	3822	3	1	28	2196	0	0	0
38.218	1	1	3822	9	1	28	2196	0	0	0
38.223	1	1	3823	4	1	28	2196	0	0	0
38.232	1	1	3824	3	1	28	2196	0	0	0
38.319	1	1	3832	10	1	28	2196	0	0	0
38.331	1	1	3834	2	1	28	2196	0	0	0
38.337	1	1	3834	8	1	28	2196	0	0	0
38.365	1	1	3837	6	1	28	2196	0	0	0
38.375	1	1	3838	6	1	28	2196	0	0	0
38.381	1	1	3839	2	1	28	2196	0	0	0
38.399	1	1	3840	10	1	28	2196	0	0	0
38.452	1	1	3846	3	1	28	2196	0	0	0
38.501	1	1	3851	2	1	28	2196	0	0	0
38.536	1	1	3854	7	1	28	2196	0	0	0
38.583	1	1	3859	4	1	28	2196	0	0	0
38.6	1	1	3861	1	1	28	2196	0	0	0
38.614	1	1	3862	5	1	28	2196	0	0	0
38.626	1	1	3863	7	1	28	2196	0	0	0
38.632	1	1	3864	3	1	28	2196	0	0	0
38.64	1	1	3865	1	1	28	2196	0	0	0
38.665	1	1	3867	6	1	28	2196	0	0	0
38.702	1	1	3871	3	1	28	2196	0	0	0
38.737	1	1	3874	8	1	28	2196	0	0	0
38.768	1	1	3877	9	1	28	2196	0	0	0
38.807	1	1	3881	8	1	28	2196	0	0	0
38.815	1	1	3882	6	1	28	2196	0	0	0
38.87	1	1	3888	1	1	28	2196	0	0	0
38.916	1	1	3892	7	1	28	2196	0	0	0
38.928	1	1	3893	9	1	28	2196	0	0	0
38.94	1	1	3895	1	1	28	2196	0	0	0
38.963	1	1	3897	4	1	28	2196	0	0	0
38.975	1	1	3898	6	1	28	2196	0	0	0
38.991	1	1	3900	2	1	28	2196	0	0	0
39.022	1	1	3903	3	1	28	2196	0	0	0
39.047	1	1	3905	8	1	28	2196	0	0	0
39.074	1	1	3908	5	1	28	2196	0	0	0
39.089	1	1	3909	10	1	28	2196	0	0	0
39.104	1	1	3911	5	1	28	2196	0	0	0
39.126	1	1	3913	7	1	28	2196	0	0	0
39.138	1	1	3914	9	1	28	2196	0	0	0
39.159	1	1	3916	10	1	28	2196	0	0	0
39.192	1	1	3920	3	1	28	2196	0	0	0
39.199	1	1	3920	10	1	28	2196	0	0	0
39.22	1	1	3923	1	1	28	2196	0	0	0
39.245	1	1	3925	6	1	28	2196	0	0	0
39.261	1	1	3927	2	1	28	2196	0	0	0
39.308	1	1	3931	9	1	28	2196	0	0	0
39.319	1	1	3932	10	1	28	2196	0	0	0
39.326	1	1	3933	7	1	28	2196	0	0	0
39.368	1	1	3937	9	1	28	2196	0	0	0
39.387	1	1	3939	8	1	28	2196	0	0	0
39.423	1	1	3943	4	1	28	2196	0	0	0
39.449	1	1	3945	10	1	28	2196	0	0	0
39.466	1	1	3947	7	1	28	2196	0	0	0
39.491	1	1	3950	2	1	28	2196	0	0	0
39.535	1	1	3954	6	1	28	2196	0	0	0
39.553	1	1	3956	4	1	28	2196	0	0	0
39.59	1	1	3960	1	1	28	2196	0	0	0
39.617	1	1	3962	8	1	28	2196	0	0	0
39.636	1	1	3964	7	1	28	2196	0	0	0
39.645	1	1	3965	6	1	28	2196	0	0	0
39.678	1	1	3968	9	1	28	2196	0	0	0
39.705	1	1	3971	6	1	28	2196	0	0	0
39.73	1	1	3974	1	1	28	2196	0	0	0
39.75	1	1	3976	1	1	28	2196	0	0	0
39.77	1	1	3978	1	1	28	2196	0	0	0
39.774	1	1	3978	5	1	28	2196	0	0	0
39.785	1	1	3979	6	1	28	2196	0	0	0
39.817	1	1	3982	8	1	28	2196	0	0	0
39.841	1	1	3985	2	1	28	2196	0	0	0
39.867	1	1	3987	8	1	28	2196	0	0	0
39.903	1	1	3991	4	1	28	2196	0	0	0
39.948	1	1	3995	9	1	28	2196	0	0	0
39.962	1	1	3997	3	1	28	2196	0	0	0
39.993	1	1	4000	4	1	28	2196	0	0	0
40.004	1	1	4001	5	1	28	2196	0	0	0
40.014	1	1	4002	5	1	28	2196	0	0	0
40.04	1	1	4005	1	1	28	2196	0	0	0
40.049	1	1	4005	10	1	28	2196	0	0	0
40.08	1	1	4009	1	1	28	2196	0	0	0
40.117	1	1	4012	8	1	28	2196	0	0	0
40.153	1	1	4016	4	1	28	2196	0	0	0
40.179	1	1	4018	10	1	28	2196	0	0	0
40.229	1	1	4023	10	1	28	2196	0	0	0
40.257	1	1	4026	8	1	28	2196	0	0	0
40.274	1	1	4028	5	1	28	2196	0	0	0
40.296	1	1	4030	7	1	28	2196	0	0	0
40.303	1	1	4031	4	1	28	2196	0	0	0
40.342	1	1	4035	3	1	28	2196	0	0	0
40.366	1	1	4037	7	1	28	2196	0	0	0
40.378	1	1	4038	9	1	28	2196	0	0	0
40.404	1	1	4041	5	1	28	2196	0	0	0
40.451	1	1	4046	2	1	28	2196	0	0	0
40.461	1	1	4047	2	1	28	2196	0	0	0
40.483	1	1	4049	4	1	28	2196	0	0	0
40.502	1	1	4051	3	1	28	2196	0	0	0
40.535	1	1	4054	6	1	28	2196	0	0	0
40.553	1	1	4056	4	1	28	2196	0	0	0
40.57	1	1	4058	1	1	28	2196	0	0	0
40.593	1	1	4060	4	1	28	2196	0	0	0
40.614	1	1	4062	5	1	28	2196	0	0	0
40.663	1	1	4067	4	1	28	2196	0	0	0
40.695	1	1	4070	6	1	28	2196	0	0	0
40.719	1	1	4072	10	1	28	2196	0	0	0
40.746	1	1	4075	7	1	28	2196	0	0	0
40.767	1	1	4077	8	1	28	2196	0	0	0
40.785	1	1	4079	6	1	28	2196	0	0	0
40.792	1	1	4080	3	1	28	2196	0	0	0
40.811	1	1	4082	2	1	28	2196	0	0	0
40.819	1	1	4082	10	1	28	2196	0	0	0
40.834	1	1	4084	5	1	28	2196	0	0	0
40.852	1	1	4086	3	1	28	2196	0	0	0
40.872	1	1	4088	3	1	28	2196	0	0	0
40.882	1	1	4089	3	1	28	2196	0	0	0
40.892	1	1	4090	3	1	28	2196	0	0	0
40.92	1	1	4093	1	1	28	2196	0	0	0
40.931	1	1	4094	2	1	28	2196	0	0	0
40.949	1	1	4095	10	1	28	2196	0	0	0
40.993	1	1	4100	4	1	28	2196	0	0	0
41.014	1	1	4102	5	1	28	2196	0	0	0
41.066	1	1	4107	7	1	28	2196	0	0	0
41.072	1	1	4108	3	1	28	2196	0	0	0
41.092	1	1	4110	3	1	28	2196	0	0	0
41.129	1	1	4113	10	1	28	2196	0	0	0
41.169	1	1	4117	10	1	28	2196	0	0	0
41.175	1	1	4118	6	1	28	2196	0	0	0
41.196	1	1	4120	7	1	28	2196	0	0	0
41.209	1	1	4121	10	1	28	2196	0	0	0
41.236	1	1	4124	7	1	28	2196	0	0	0
41.251	1	1	4126	2	1	28	2196	0	0	0
41.271	1	1	4128	2	1	28	2196	0	0	0
41.283	1	1	4129	4	1	28	2196	0	0	0
41.323	1	1	4133	4	1	28	2196	0	0	0
41.332	1	1	4134	3	1	28	2196	0	0	0
41.41	1	1	4142	1	1	28	2196	0	0	0
41.428	1	1	4143	9	1	28	2196	0	0	0
41.447	1	1	4145	8	1	28	2196	0	0	0
41.458	1	1	4146	9	1	28	2196	0	0	0
41.463	1	1	4147	4	1	28	2196	0	0	0
41.484	1	1	4149	5	1	28	2196	0	0	0
41.512	1	1	4152	3	1	28	2196	0	0	0
41.529	1	1	4153	10	1	28	2196	0	0	0
41.571	1	1	4158	2	1	28	2196	0	0	0
41.59	1	1	4160	1	1	28	2196	0	0	0
41.604	1	1	4161	5	1	28	2196	0	0	0
41.63	1	1	4164	1	1	28	2196	0	0	0
41.643	1	1	4165	4	1	28	2196	0	0	0
41.65	1	1	4166	1	1	28	2196	0	0	0
41.668	1	1	4167	9	1	28	2196	0	0	0
41.679	1	1	4168	10	1	28	2196	0	0	0
41.693	1	1	4170	4	1	28	2196	0	0	0
41.708	1	1	4171	9	1	28	2196	0	0	0
41.731	1	1	4174	2	1	28	2196	0	0	0
41.782	1	1	4179	3	1	28	2196	0	0	0
41.805	1	1	4181	6	1	28	2196	0	0	0
41.827	1	1	4183	8	1	28	2196	0	0	0
41.873	1	1	4188	4	1	28	2196	0	0	0
41.88	1	1	4189	1	1	28	2196	0	0	0
41.892	1	1	4190	3	1	28	2196	0	0	0
41.902	1	1	4191	3	1	28	2196	0	0	0
41.942	1	1	4195	3	1	28	2196	0	0	0
41.965	1	1	4197	6	1	28	2196	0	0	0
41.992	1	1	4200	3	1	28	2196	0	0	0
42.001	1	1	4201	2	1	28	2196	0	0	0
42.007	1	1	4201	8	1	28	2196	0	0	0
42.023	1	1	4203	4	1	28	2196	0	0	0
42.033	1	1	4204	4	1	28	2196	0	0	0
42.074	1	1	4208	5	1	28	2196	0	0	0
42.114	1	1	4212	5	1	28	2196	0	0	0
42.12	1	1	4213	1	1	28	2196	0	0	0
42.143	1	1	4215	4	1	28	2196	0	0	0
42.199	1	1	4220	10	1	28	2196	0	0	0
42.236	1	1	4224	7	1	28	2196	0	0	0
42.275	1	1	4228	6	1	28	2196	0	0	0
42.29	1	1	4230	1	1	28	2196	0	0	0
42.301	1	1	4231	2	1	28	2196	0	0	0
42.307	1	1	4231	8	1	28	2196	0	0	0
42.316	1	1	4232	7	1	28	2196	0	0	0
42.347	1	1	4235	8	1	28	2196	0	0	0
42.388	1	1	4239	9	1	28	2196	0	0	0
42.408	1	1	4241	9	1	28	2196	0	0	0
42.436	1	1	4244	7	1	28	2196	0	0	0
42.445	1	1	4245	6	1	28	2196	0	0	0
42.493	1	1	4250	4	1	28	2196	0	0	0
42.504	1	1	4251	5	1	28	2196	0	0	0
42.556	1	1	4256	7	1	28	2196	0	0	0
42.58	1	1	4259	1	1	28	2196	0	0	0
42.587	1	1	4259	8	1	28	2196	0	0	0
42.596	1	1	4260	7	1	28	2196	0	0	0
42.613	1	1	4262	4	1	28	2196	0	0	0
42.643	1	1	4265	4	1	28	2196	0	0	0
42.647	1	1	4265	8	1	28	2196	0	0	0
42.657	1	1	4266	8	1	28	2196	0	0	0
42.712	1	1	4272	3	1	28	2196	0	0	0
42.753	1	1	4276	4	1	28	2196	0	0	0
42.774	1	1	4278	5	1	28	2196	0	0	0
42.785	1	1	4279	6	1	28	2196	0	0	0
42.805	1	1	4281	6	1	28	2196	0	0	0
42.809	1	1	4281	10	1	28	2196	0	0	0
42.832	1	1	4284	3	1	28	2196	0	0	0
42.841	1	1	4285	2	1	28	2196	0	0	0
42.859	1	1	4286	10	1	28	2196	0	0	0
42.893	1	1	4290	4	1	28	2196	0	0	0
42.903	1	1	4291	4	1	28	2196	0	0	0
42.919	1	1	4292	10	1	28	2196	0	0	0
42.923	1	1	4293	4	1	28	2196	0	0	0
42.96	1	1	4297	1	1	28	2196	0	0	0
42.974	1	1	4298	5	1	28	2196	0	0	0
42.991	1	1	4300	2	1	28	2196	0	0	0
43.019	1	1	4302	10	1	28	2196	0	0	0
43.044	1	1	4305	5	1	28	2196	0	0	0
43.072	1	1	4308	3	1	28	2196	0	0	0
43.076	1	1	4308	7	1	28	2196	0	0	0
43.085	1	1	4309	6	1	28	2196	0	0	0
43.104	1	1	4311	5	1	28	2196	0	0	0
43.11	1	1	4312	1	1	28	2196	0	0	0
43.126	1	1	4313	7	1	28	2196	0	0	0
43.159	1	1	4316	10	1	28	2196	0	0	0
43.195	1	1	4320	6	1	28	2196	0	0	0
43.21	1	1	4322	1	1	28	2196	0	0	0
43.216	1	1	4322	7	1	28	2196	0	0	0
43.234	1	1	4324	5	1	28	2196	0	0	0
43.275	1	1	4328	6	1	28	2196	0	0	0
43.292	1	1	4330	3	1	28	2196	0	0	0
43.333	1	1	4334	4	1	28	2196	0	0	0
43.364	1	1	4337	5	1	28	2196	0	0	0
43.383	1	1	4339	4	1	28	2196	0	0	0
43.396	1	1	4340	7	1	28	2196	0	0	0
43.417	1	1	4342	8	1	28	2196	0	0	0
43.464	1	1	4347	5	1	28	2196	0	0	0
43.479	1	1	4348	10	1	28	2196	0	0	0
43.494	1	1	4350	5	1	28	2196	0	0	0
43.506	1	1	4351	7	1	28	2196	0	0	0
43.533	1	1	4354	4	1	28	2196	0	0	0
43.555	1	1	4356	6	1	28	2196	0	0	0
43.578	1	1	4358	9	1	28	2196	0	0	0
43.612	1	1	4362	3	1	28	2196	0	0	0
43.654	1	1	4366	5	1	28	2196	0	0	0
43.679	1	1	4368	10	1	28	2196	0	0	0
43.694	1	1	4370	5	1	28	2196	0	0	0
43.733	1	1	4374	4	1	28	2196	0	0	0
43.746	1	1	4375	7	1	28	2196	0	0	0
43.785	1	1	4379	6	1	28	2196	0	0	0
43.811	1	1	4382	2	1	28	2196	0	0	0
43.835	1	1	4384	6	1	28	2196	0	0	0
43.842	1	1	4385	3	1	28	2196	0	0	0
43.852	1	1	4386	3	1	28	2196	0	0	0
43.885	1	1	4389	6	1	28	2196	0	0	0
43.932	1	1	4394	3	1	28	2196	0	0	0
43.942	1	1	4395	3	1	28	2196	0	0	0
43.945	1	1	4395	6	1	28	2196	0	0	0
43.975	1	1	4398	6	1	28	2196	0	0	0
44.022	1	1	4403	3	1	28	2196	0	0	0
44.032	1	1	4404	3	1	28	2196	0	0	0
44.063	1	1	4407	4	1	28	2196	0	0	0
44.094	1	1	4410	5	1	28	2196	0	0	0
44.111	1	1	4412	2	1	28	2196	0	0	0
44.134	1	1	4414	5	1	28	2196	0	0	0
44.167	1	1	4417	8	1	28	2196	0	0	0
44.193	1	1	4420	4	1	28	2196	0	0	0
44.203	1	1	4421	4	1	28	2196	0	0	0
44.211	1	1	4422	2	1	28	2196	0	0	0
44.227	1	1	4423	8	1	28	2196	0	0	0
44.251	1	1	4426	2	1	28	2196	0	0	0
44.259	1	1	4426	10	1	28	2196	0	0	0
44.292	1	1	4430	3	1	28	2196	0	0	0
44.311	1	1	4432	2	1	28	2196	0	0	0
44.348	1	1	4435	9	1	28	2196	0	0	0
44.362	1	1	4437	3	1	28	2196	0	0	0
44.381	1	1	4439	2	1	28	2196	0	0	0
44.43	1	1	4444	1	1	28	2196	0	0	0
44.444	1	1	4445	5	1	28	2196	0	0	0
44.461	1	1	4447	2	1	28	2196	0	0	0
44.478	1	1	4448	9	1	28	2196	0	0	0
44.503	1	1	4451	4	1	28	2196	0	0	0
44.538	1	1	4454	9	1	28	2196	0	0	0
44.56	1	1	4457	1	1	28	2196	0	0	0
44.595	1	1	4460	6	1	28	2196	0	0	0
44.637	1	1	4464	8	1	28	2196	0	0	0
44.663	1	1	4467	4	1	28	2196	0	0	0
44.707	1	1	4471	8	1	28	2196	0	0	0
44.755	1	1	4476	6	1	28	2196	0	0	0
44.779	1	1	4478	10	1	28	2196	0	0	0
44.794	1	1	4480	5	1	28	2196	0	0	0
44.804	1	1	4481	5	1	28	2196	0	0	0
44.828	1	1	4483	9	1	28	2196	0	0	0
44.846	1	1	4485	7	1	28	2196	0	0	0
44.887	1	1	4489	8	1	28	2196	0	0	0
44.929	1	1	4493	10	1	28	2196	0	0	0
44.943	1	1	4495	4	1	28	2196	0	0	0
44.963	1	1	4497	4	1	28	2196	0	0	0
44.97	1	1	4498	1	1	28	2196	0	0	0
44.989	1	1	4499	10	1	28	2196	0	0	0
45.011	1	1	4502	2	1	28	2196	0	0	0
45.03	1	1	4504	1	1	28	2196	0	0	0
45.046	1	1	4505	7	1	28	2196	0	0	0
45.105	1	1	4511	6	1	28	2196	0	0	0
45.116	1	1	4512	7	1	28	2196	0	0	0
45.153	1	1	4516	4	1	28	2196	0	0	0
45.17	1	1	4518	1	1	28	2196	0	0	0
45.2	1	1	4521	1	1	28	2196	0	0	0
45.218	1	1	4522	9	1	28	2196	0	0	0
45.246	1	1	4525	7	1	28	2196	0	0	0
45.261	1	1	4527	2	1	28	2196	0	0	0
45.3	1	1	4531	1	1	28	2196	0	0	0
45.327	1	1	4533	8	1	28	2196	0	0	0
45.364	1	1	4537	5	1	28	2196	0	0	0
45.418	1	1	4542	9	1	28	2196	0	0	0
45.444	1	1	4545	5	1	28	2196	0	0	0
45.473	1	1	4548	4	1	28	2196	0	0	0
45.49	1	1	4550	1	1	28	2196	0	0	0
45.531	1	1	4554	2	1	28	2196	0	0	0
45.539	1	1	4554	10	1	28	2196	0	0	0
45.57	1	1	4558	1	1	28	2196	0	0	0
45.581	1	1	4559	2	1	28	2196	0	0	0
45.605	1	1	4561	6	1	28	2196	0	0	0
45.617	1	1	4562	8	1	28	2196	0	0	0
45.633	1	1	4564	4	1	28	2196	0	0	0
45.653	1	1	4566	4	1	28	2196	0	0	0
45.67	1	1	4568	1	1	28	2196	0	0	0
45.697	1	1	4570	8	1	28	2196	0	0	0
45.703	1	1	4571	4	1	28	2196	0	0	0
45.71	1	1	4572	1	1	28	2196	0	0	0
45.76	1	1	4577	1	1	28	2196	0	0	0
45.785	1	1	4579	6	1	28	2196	0	0	0
45.793	1	1	4580	4	1	28	2196	0	0	0
45.8	1	1	4581	1	1	28	2196	0	0	0
45.812	1	1	4582	3	1	28	2196	0	0	0
45.851	1	1	4586	2	1	28	2196	0	0	0
45.868	1	1	4587	9	1	28	2196	0	0	0
45.905	1	1	4591	6	1	28	2196	0	0	0
45.941	1	1	4595	2	1	28	2196	0	0	0
45.954	1	1	4596	5	1	28	2196	0	0	0
45.964	1	1	4597	5	1	28	2196	0	0	0
46.007	1	1	4601	8	1	28	2196	0	0	0
46.043	1	1	4605	4	1	28	2196	0	0	0
46.073	1	1	4608	4	1	28	2196	0	0	0
46.099	1	1	4610	10	1	28	2196	0	0	0
46.107	1	1	4611	8	1	28	2196	0	0	0
46.132	1	1	4614	3	1	28	2196	0	0	0
46.146	1	1	4615	7	1	28	2196	0	0	0
46.167	1	1	4617	8	1	28	2196	0	0	0
46.18	1	1	4619	1	1	28	2196	0	0	0
46.187	1	1	4619	8	1	28	2196	0	0	0
46.213	1	1	4622	4	1	28	2196	0	0	0
46.22	1	1	4623	1	1	28	2196	0	0	0
46.251	1	1	4626	2	1	28	2196	0	0	0
46.254	1	1	4626	5	1	28	2196	0	0	0
46.261	1	1	4627	2	1	28	2196	0	0	0
46.29	1	1	4630	1	1	28	2196	0	0	0
46.302	1	1	4631	3	1	28	2196	0	0	0
46.308	1	1	4631	9	1	28	2196	0	0	0
46.347	1	1	4635	8	1	28	2196	0	0	0
46.358	1	1	4636	9	1	28	2196	0	0	0
46.382	1	1	4639	3	1	28	2196	0	0	0
46.387	1	1	4639	8	1	28	2196	0	0	0
46.394	1	1	4640	5	1	28	2196	0	0	0
46.407	1	1	4641	8	1	28	2196	0	0	0
46.432	1	1	4644	3	1	28	2196	0	0	0
46.443	1	1	4645	4	1	28	2196	0	0	0
46.458	1	1	4646	9	1	28	2196	0	0	0
46.476	1	1	4648	7	1	28	2196	0	0	0
46.491	1	1	4650	2	1	28	2196	0	0	0
46.501	1	1	4651	2	1	28	2196	0	0	0
46.515	1	1	4652	6	1	28	2196	0	0	0
46.527	1	1	4653	8	1	28	2196	0	0	0
46.555	1	1	4656	6	1	28	2196	0	0	0
46.575	1	1	4658	6	1	28	2196	0	0	0
46.586	1	1	4659	7	1	28	2196	0	0	0
46.606	1	1	4661	7	1	28	2196	0	0	0
46.618	1	1	4662	9	1	28	2196	0	0	0
46.656	1	1	4666	7	1	28	2196	0	0	0
46.705	1	1	4671	6	1	28	2196	0	0	0
46.738	1	1	4674	9	1	28	2196	0	0	0
46.758	1	1	4676	9	1	28	2196	0	0	0
46.777	1	1	4678	8	1	28	2196	0	0	0
46.789	1	1	4679	10	1	28	2196	0	0	0
46.805	1	1	4681	6	1	28	2196	0	0	0
46.842	1	1	4685	3	1	28	2196	0	0	0
46.859	1	1	4686	10	1	28	2196	0	0	0
46.877	1	1	4688	8	1	28	2196	0	0	0
46.889	1	1	4689	10	1	28	2196	0	0	0
46.97	1	1	4698	1	1	28	2196	0	0	0
46.975	1	1	4698	6	1	28	2196	0	0	0
46.991	1	1	4700	2	1	28	2196	0	0	0
47.006	1	1	4701	7	1	28	2196	0	0	0
47.035	1	1	4704	6	1	28	2196	0	0	0
47.055	1	1	4706	6	1	28	2196	0	0	0
47.078	1	1	4708	9	1	28	2196	0	0	0
47.092	1	1	4710	3	1	28	2196	0	0	0
47.1	1	1	4711	1	1	28	2196	0	0	0
47.119	1	1	4712	10	1	28	2196	0	0	0
47.138	1	1	4714	9	1	28	2196	0	0	0
47.15	1	1	4716	1	1	28	2196	0	0	0
47.184	1	1	4719	5	1	28	2196	0	0	0
47.216	1	1	4722	7	1	28	2196	0	0	0
47.234	1	1	4724	5	1	28	2196	0	0	0
47.24	1	1	4725	1	1	28	2196	0	0	0
47.249	1	1	4725	10	1	28	2196	0	0	0
47.265	1	1	4727	6	1	28	2196	0	0	0
47.287	1	1	4729	8	1	28	2196	0	0	0
47.3	1	1	4731	1	1	28	2196	0	0	0
47.313	1	1	4732	4	1	28	2196	0	0	0
47.332	1	1	4734	3	1	28	2196	0	0	0
47.365	1	1	4737	6	1	28	2196	0	0	0
47.398	1	1	4740	9	1	28	2196	0	0	0
47.418	1	1	4742	9	1	28	2196	0	0	0
47.442	1	1	4745	3	1	28	2196	0	0	0
47.478	1	1	4748	9	1	28	2196	0	0	0
47.502	1	1	4751	3	1	28	2196	0	0	0
47.508	1	1	4751	9	1	28	2196	0	0	0
47.542	1	1	4755	3	1	28	2196	0	0	0
47.578	1	1	4758	9	1	28	2196	0	0	0
47.592	1	1	4760	3	1	28	2196	0	0	0
47.618	1	1	4762	9	1	28	2196	0	0	0
47.631	1	1	4764	2	1	28	2196	0	0	0
47.645	1	1	4765	6	1	28	2196	0	0	0
47.673	1	1	4768	4	1	28	2196	0	0	0
47.714	1	1	4772	5	1	28	2196	0	0	0
47.731	1	1	4774	2	1	28	2196	0	0	0
47.746	1	1	4775	7	1	28	2196	0	0	0
47.761	1	1	4777	2	1	28	2196	0	0	0
47.806	1	1	4781	7	1	28	2196	0	0	0
47.823	1	1	4783	4	1	28	2196	0	0	0
47.853	1	1	4786	4	1	28	2196	0	0	0
47.859	1	1	4786	10	1	28	2196	0	0	0
47.863	1	1	4787	4	1	28	2196	0	0	0
47.897	1	1	4790	8	1	28	2196	0	0	0
47.911	1	1	4792	2	1	28	2196	0	0	0
47.94	1	1	4795	1	1	28	2196	0	0	0
47.993	1	1	4800	4	1	28	2196	0	0	0
48.021	1	1	4803	2	1	28	2196	0	0	0
48.032	1	1	4804	3	1	28	2196	0	0	0
48.065	1	1	4807	6	1	28	2196	0	0	0
48.141	1	1	4815	2	1	28	2196	0	0	0
48.159	1	1	4816	10	1	28	2196	0	0	0
48.189	1	1	4819	10	1	28	2196	0	0	0
48.198	1	1	4820	9	1	28	2196	0	0	0
48.221	1	1	4823	2	1	28	2196	0	0	0
48.237	1	1	4824	8	1	28	2196	0	0	0
48.273	1	1	4828	4	1	28	2196	0	0	0
48.282	1	1	4829	3	1	28	2196	0	0	0
48.302	1	1	4831	3	1	28	2196	0	0	0
48.309	1	1	4831	10	1	28	2196	0	0	0
48.326	1	1	4833	7	1	28	2196	0	0	0
48.332	1	1	4834	3	1	28	2196	0	0	0
48.356	1	1	4836	7	1	28	2196	0	0	0
48.373	1	1	4838	4	1	28	2196	0	0	0
48.388	1	1	4839	9	1	28	2196	0	0	0
48.409	1	1	4841	10	1	28	2196	0	0	0
48.425	1	1	4843	6	1	28	2196	0	0	0
48.445	1	1	4845	6	1	28	2196	0	0	0
48.465	1	1	4847	6	1	28	2196	0	0	0
48.482	1	1	4849	3	1	28	2196	0	0	0
48.536	1	1	4854	7	1	28	2196	0	0	0
48.599	1	1	4860	10	1	28	2196	0	0	0
48.664	1	1	4867	5	1	28	2196	0	0	0
48.679	1	1	4868	10	1	28	2196	0	0	0
48.688	1	1	4869	9	1	28	2196	0	0	0
48.698	1	1	4870	9	1	28	2196	0	0	0
48.713	1	1	4872	4	1	28	2196	0	0	0
48.727	1	1	4873	8	1	28	2196	0	0	0
48.738	1	1	4874	9	1	28	2196	0	0	0
48.751	1	1	4876	2	1	28	2196	0	0	0
48.774	1	1	4878	5	1	28	2196	0	0	0
48.792	1	1	4880	3	1	28	2196	0	0	0
48.822	1	1	4883	3	1	28	2196	0	0	0
48.855	1	1	4886	6	1	28	2196	0	0	0
48.861	1	1	4887	2	1	28	2196	0	0	0
48.903	1	1	4891	4	1	28	2196	0	0	0
48.924	1	1	4893	5	1	28	2196	0	0	0
48.953	1	1	4896	4	1	28	2196	0	0	0
48.974	1	1	4898	5	1	28	2196	0	0	0
48.996	1	1	4900	7	1	28	2196	0	0	0
49.018	1	1	4902	9	1	28	2196	0	0	0
49.041	1	1	4905	2	1	28	2196	0	0	0
49.056	1	1	4906	7	1	28	2196	0	0	0
49.094	1	1	4910	5	1	28	2196	0	0	0
49.108	1	1	4911	9	1	28	2196	0	0	0
49.117	1	1	4912	8	1	28	2196	0	0	0
49.147	1	1	4915	8	1	28	2196	0	0	0
49.188	1	1	4919	9	1	28	2196	0	0	0
49.219	1	1	4922	10	1	28	2196	0	0	0
49.246	1	1	4925	7	1	28	2196	0	0	0
49.262	1	1	4927	3	1	28	2196	0	0	0
49.273	1	1	4928	4	1	28	2196	0	0	0
49.287	1	1	4929	8	1	28	2196	0	0	0
49.303	1	1	4931	4	1	28	2196	0	0	0
49.309	1	1	4931	10	1	28	2196	0	0	0
49.324	1	1	4933	5	1	28	2196	0	0	0
49.34	1	1	4935	1	1	28	2196	0	0	0
49.361	1	1	4937	2	1	28	2196	0	0	0
49.375	1	1	4938	6	1	28	2196	0	0	0
49.394	1	1	4940	5	1	28	2196	0	0	0
49.405	1	1	4941	6	1	28	2196	0	0	0
49.419	1	1	4942	10	1	28	2196	0	0	0
49.422	1	1	4943	3	1	28	2196	0	0	0
49.431	1	1	4944	2	1	28	2196	0	0	0
49.46	1	1	4947	1	1	28	2196	0	0	0
49.477	1	1	4948	8	1	28	2196	0	0	0
49.501	1	1	4951	2	1	28	2196	0	0	0
49.518	1	1	4952	9	1	28	2196	0	0	0
49.538	1	1	4954	9	1	28	2196	0	0	0
49.562	1	1	4957	3	1	28	2196	0	0	0
49.616	1	1	4962	7	1	28	2196	0	0	0
49.626	1	1	4963	7	1	28	2196	0	0	0
49.653	1	1	4966	4	1	28	2196	0	0	0
49.662	1	1	4967	3	1	28	2196	0	0	0
49.68	1	1	4969	1	1	28	2196	0	0	0
49.688	1	1	4969	9	1	28	2196	0	0	0
49.71	1	1	4972	1	1	28	2196	0	0	0
49.719	1	1	4972	10	1	28	2196	0	0	0
49.734	1	1	4974	5	1	28	2196	0	0	0
49.753	1	1	4976	4	1	28	2196	0	0	0
49.767	1	1	4977	8	1	28	2196	0	0	0
49.79	1	1	4980	1	1	28	2196	0	0	0
49.801	1	1	4981	2	1	28	2196	0	0	0
49.805	1	1	4981	6	1	28	2196	0	0	0
49.822	1	1	4983	3	1	28	2196	0	0	0
49.841	1	1	4985	2	1	28	2196	0	0	0
49.879	1	1	4988	10	1	28	2196	0	0	0
49.883	1	1	4989	4	1	28	2196	0	0	0
49.915	1	1	4992	6	1	28	2196	0	0	0
49.93	1	1	4994	1	1	28	2196	0	0	0
49.939	1	1	4994	10	1	28	2196	0	0	0
49.984	1	1	4999	5	1	28	2196	0	0	0
49.989	1	1	4999	10	1	28	2196	0	0	0
50.004	1	1	5001	5	1	28	2196	0	0	0
50.016	1	1	5002	7	1	28	2196	0	0	0
50.048	1	1	5005	9	1	28	2196	0	0	0
50.075	1	1	5008	6	1	28	2196	0	0	0
50.091	1	1	5010	2	1	28	2196	0	0	0
50.103	1	1	5011	4	1	28	2196	0	0	0
50.124	1	1	5013	5	1	28	2196	0	0	0
50.142	1	1	5015	3	1	28	2196	0	0	0
50.157	1	1	5016	8	1	28	2196	0	0	0
50.167	1	1	5017	8	1	28	2196	0	0	0
50.218	1	1	5022	9	1	28	2196	0	0	0
50.227	1	1	5023	8	1	28	2196	0	0	0
50.231	1	1	5024	2	1	28	2196	0	0	0
50.251	1	1	5026	2	1	28	2196	0	0	0
50.259	1	1	5026	10	1	28	2196	0	0	0
50.286	1	1	5029	7	1	28	2196	0	0	0
50.313	1	1	5032	4	1	28	2196	0	0	0
50.32	1	1	5033	1	1	28	2196	0	0	0
50.371	1	1	5038	2	1	28	2196	0	0	0
50.399	1	1	5040	10	1	28	2196	0	0	0
50.414	1	1	5042	5	1	28	2196	0	0	0
50.418	1	1	5042	9	1	28	2196	0	0	0
50.447	1	1	5045	8	1	28	2196	0	0	0
50.48	1	1	5049	1	1	28	2196	0	0	0
50.519	1	1	5052	10	1	28	2196	0	0	0
50.565	1	1	5057	6	1	28	2196	0	0	0
50.595	1	1	5060	6	1	28	2196	0	0	0
50.636	1	1	5064	7	1	28	2196	0	0	0
50.678	1	1	5068	9	1	28	2196	0	0	0
50.71	1	1	5072	1	1	28	2196	0	0	0
50.744	1	1	5075	5	1	28	2196	0	0	0
50.758	1	1	5076	9	1	28	2196	0	0	0
50.776	1	1	5078	7	1	28	2196	0	0	0
50.819	1	1	5082	10	1	28	2196	0	0	0
50.831	1	1	5084	2	1	28	2196	0	0	0
50.838	1	1	5084	9	1	28	2196	0	0	0
50.874	1	1	5088	5	1	28	2196	0	0	0
50.907	1	1	5091	8	1	28	2196	0	0	0
50.947	1	1	5095	8	1	28	2196	0	0	0
50.985	1	1	5099	6	1	28	2196	0	0	0
51.004	1	1	5101	5	1	28	2196	0	0	0
51.033	1	1	5104	4	1	28	2196	0	0	0
51.05	1	1	5106	1	1	28	2196	0	0	0
51.092	1	1	5110	3	1	28	2196	0	0	0
51.11	1	1	5112	1	1	28	2196	0	0	0
51.131	1	1	5114	2	1	28	2196	0	0	0
51.143	1	1	5115	4	1	28	2196	0	0	0
51.153	1	1	5116	4	1	28	2196	0	0	0
51.224	1	1	5123	5	1	28	2196	0	0	0
51.317	1	1	5132	8	1	28	2196	0	0	0
51.322	1	1	5133	3	1	28	2196	0	0	0
51.338	1	1	5134	9	1	28	2196	0	0	0
51.366	1	1	5137	7	1	28	2196	0	0	0
51.373	1	1	5138	4	1	28	2196	0	0	0
51.411	1	1	5142	2	1	28	2196	0	0	0
51.436	1	1	5144	7	1	28	2196	0	0	0
51.465	1	1	5147	6	1	28	2196	0	0	0
51.47	1	1	5148	1	1	28	2196	0	0	0
51.496	1	1	5150	7	1	28	2196	0	0	0
51.539	1	1	5154	10	1	28	2196	0	0	0
51.586	1	1	5159	7	1	28	2196	0	0	0
51.591	1	1	5160	2	1	28	2196	0	0	0
51.597	1	1	5160	8	1	28	2196	0	0	0
51.616	1	1	5162	7	1	28	2196	0	0	0
51.632	1	1	5164	3	1	28	2196	0	0	0
51.669	1	1	5167	10	1	28	2196	0	0	0
51.703	1	1	5171	4	1	28	2196	0	0	0
51.73	1	1	5174	1	1	28	2196	0	0	0
51.784	1	1	5179	5	1	28	2196	0	0	0
51.802	1	1	5181	3	1	28	2196	0	0	0
51.825	1	1	5183	6	1	28	2196	0	0	0
51.858	1	1	5186	9	1	28	2196	0	0	0
51.869	1	1	5187	10	1	28	2196	0	0	0
51.894	1	1	5190	5	1	28	2196	0	0	0
51.914	1	1	5192	5	1	28	2196	0	0	0
51.954	1	1	5196	5	1	28	2196	0	0	0
51.998	1	1	5200	9	1	28	2196	0	0	0
52.036	1	1	5204	7	1	28	2196	0	0	0
52.048	1	1	5205	9	1	28	2196	0	0	0
52.062	1	1	5207	3	1	28	2196	0	0	0
52.076	1	1	5208	7	1	28	2196	0	0	0
52.118	1	1	5212	9	1	28	2196	0	0	0
52.128	1	1	5213	9	1	28	2196	0	0	0
52.143	1	1	5215	4	1	28	2196	0	0	0
52.159	1	1	5216	10	1	28	2196	0	0	0
52.162	1	1	5217	3	1	28	2196	0	0	0
52.173	1	1	5218	4	1	28	2196	0	0	0
52.179	1	1	5218	10	1	28	2196	0	0	0
52.215	1	1	5222	6	1	28	2196	0	0	0
52.231	1	1	5224	2	1	28	2196	0	0	0
52.24	1	1	5225	1	1	28	2196	0	0	0
52.263	1	1	5227	4	1	28	2196	0	0	0
52.29	1	1	5230	1	1	28	2196	0	0	0
52.325	1	1	5233	6	1	28	2196	0	0	0
52.336	1	1	5234	7	1	28	2196	0	0	0
52.353	1	1	5236	4	1	28	2196	0	0	0
52.384	1	1	5239	5	1	28	2196	0	0	0
52.389	1	1	5239	10	1	28	2196	0	0	0
52.41	1	1	5242	1	1	28	2196	0	0	0
52.471	1	1	5248	2	1	28	2196	0	0	0
52.488	1	1	5249	9	1	28	2196	0	0	0
52.502	1	1	5251	3	1	28	2196	0	0	0
52.513	1	1	5252	4	1	28	2196	0	0	0
52.521	1	1	5253	2	1	28	2196	0	0	0
52.557	1	1	5256	8	1	28	2196	0	0	0
52.566	1	1	5257	7	1	28	2196	0	0	0
52.586	1	1	5259	7	1	28	2196	0	0	0
52.605	1	1	5261	6	1	28	2196	0	0	0
52.628	1	1	5263	9	1	28	2196	0	0	0
52.637	1	1	5264	8	1	28	2196	0	0	0
52.65	1	1	5266	1	1	28	2196	0	0	0
52.653	1	1	5266	4	1	28	2196	0	0	0
52.696	1	1	5270	7	1	28	2196	0	0	0
52.708	1	1	5271	9	1	28	2196	0	0	0
52.734	1	1	5274	5	1	28	2196	0	0	0
52.753	1	1	5276	4	1	28	2196	0	0	0
52.776	1	1	5278	7	1	28	2196	0	0	0
52.794	1	1	5280	5	1	28	2196	0	0	0
52.816	1	1	5282	7	1	28	2196	0	0	0
52.822	1	1	5283	3	1	28	2196	0	0	0
52.832	1	1	5284	3	1	28	2196	0	0	0
52.855	1	1	5286	6	1	28	2196	0	0	0
52.896	1	1	5290	7	1	28	2196	0	0	0
52.903	1	1	5291	4	1	28	2196	0	0	0
52.918	1	1	5292	9	1	28	2196	0	0	0
52.953	1	1	5296	4	1	28	2196	0	0	0
53	1	1	5301	1	1	28	2196	0	0	0
53.007	1	1	5301	8	1	28	2196	0	0	0
53.031	1	1	5304	2	1	28	2196	0	0	0
53.084	1	1	5309	5	1	28	2196	0	0	0
53.1	1	1	5311	1	1	28	2196	0	0	0
53.152	1	1	5316	3	1	28	2196	0	0	0
53.176	1	1	5318	7	1	28	2196	0	0	0
53.184	1	1	5319	5	1	28	2196	0	0	0
53.222	1	1	5323	3	1	28	2196	0	0	0
53.262	1	1	5327	3	1	28	2196	0	0	0
53.275	1	1	5328	6	1	28	2196	0	0	0
53.298	1	1	5330	9	1	28	2196	0	0	0
53.317	1	1	5332	8	1	28	2196	0	0	0
53.339	1	1	5334	10	1	28	2196	0	0	0
53.343	1	1	5335	4	1	28	2196	0	0	0
53.371	1	1	5338	2	1	28	2196	0	0	0
53.385	1	1	5339	6	1	28	2196	0	0	0
53.39	1	1	5340	1	1	28	2196	0	0	0
53.478	1	1	5348	9	1	28	2196	0	0	0
53.497	1	1	5350	8	1	28	2196	0	0	0
53.511	1	1	5352	2	1	28	2196	0	0	0
53.524	1	1	5353	5	1	28	2196	0	0	0
53.529	1	1	5353	10	1	28	2196	0	0	0
53.568	1	1	5357	9	1	28	2196	0	0	0
53.582	1	1	5359	3	1	28	2196	0	0	0
53.589	1	1	5359	10	1	28	2196	0	0	0
53.613	1	1	5362	4	1	28	2196	0	0	0
53.622	1	1	5363	3	1	28	2196	0	0	0
53.631	1	1	5364	2	1	28	2196	0	0	0
53.649	1	1	5365	10	1	28	2196	0	0	0
53.662	1	1	5367	3	1	28	2196	0	0	0
53.71	1	1	5372	1	1	28	2196	0	0	0
53.75	1	1	5376	1	1	28	2196	0	0	0
53.753	1	1	5376	4	1	28	2196	0	0	0
53.758	1	1	5376	9	1	28	2196	0	0	0
53.779	1	1	5378	10	1	28	2196	0	0	0
53.813	1	1	5382	4	1	28	2196	0	0	0
53.846	1	1	5385	7	1	28	2196	0	0	0
53.931	1	1	5394	2	1	28	2196	0	0	0
53.954	1	1	5396	5	1	28	2196	0	0	0
53.972	1	1	5398	3	1	28	2196	0	0	0
54.015	1	1	5402	6	1	28	2196	0	0	0
54.028	1	1	5403	9	1	28	2196	0	0	0
54.055	1	1	5406	6	1	28	2196	0	0	0
54.075	1	1	5408	6	1	28	2196	0	0	0
54.078	1	1	5408	9	1	28	2196	0	0	0
54.082	1	1	5409	3	1	28	2196	0	0	0
54.095	1	1	5410	6	1	28	2196	0	0	0
54.114	1	1	5412	5	1	28	2196	0	0	0
54.137	1	1	5414	8	1	28	2196	0	0	0
54.16	1	1	5417	1	1	28	2196	0	0	0
54.172	1	1	5418	3	1	28	2196	0	0	0
54.192	1	1	5420	3	1	28	2196	0	0	0
54.219	1	1	5422	10	1	28	2196	0	0	0
54.225	1	1	5423	6	1	28	2196	0	0	0
54.265	1	1	5427	6	1	28	2196	0	0	0
54.285	1	1	5429	6	1	28	2196	0	0	0
54.315	1	1	5432	6	1	28	2196	0	0	0
54.323	1	1	5433	4	1	28	2196	0	0	0
54.352	1	1	5436	3	1	28	2196	0	0	0
54.366	1	1	5437	7	1	28	2196	0	0	0
54.37	1	1	5438	1	1	28	2196	0	0	0
54.399	1	1	5440	10	1	28	2196	0	0	0
54.418	1	1	5442	9	1	28	2196	0	0	0
54.439	1	1	5444	10	1	28	2196	0	0	0
54.447	1	1	5445	8	1	28	2196	0	0	0
54.509	1	1	5451	10	1	28	2196	0	0	0
54.531	1	1	5454	2	1	28	2196	0	0	0
54.545	1	1	5455	6	1	28	2196	0	0	0
54.607	1	1	5461	8	1	28	2196	0	0	0
54.615	1	1	5462	6	1	28	2196	0	0	0
54.642	1	1	5465	3	1	28	2196	0	0	0
54.68	1	1	5469	1	1	28	2196	0	0	0
54.685	1	1	5469	6	1	28	2196	0	0	0
54.714	1	1	5472	5	1	28	2196	0	0	0
54.718	1	1	5472	9	1	28	2196	0	0	0
54.744	1	1	5475	5	1	28	2196	0	0	0
54.77	1	1	5478	1	1	28	2196	0	0	0
54.782	1	1	5479	3	1	28	2196	0	0	0
54.812	1	1	5482	3	1	28	2196	0	0	0
54.819	1	1	5482	10	1	28	2196	0	0	0
54.827	1	1	5483	8	1	28	2196	0	0	0
54.833	1	1	5484	4	1	28	2196	0	0	0
54.851	1	1	5486	2	1	28	2196	0	0	0
54.879	1	1	5488	10	1	28	2196	0	0	0
54.904	1	1	5491	5	1	28	2196	0	0	0
54.931	1	1	5494	2	1	28	2196	0	0	0
54.934	1	1	5494	5	1	28	2196	0	0	0
54.962	1	1	5497	3	1	28	2196	0	0	0
54.997	1	1	5500	8	1	28	2196	0	0	0
55.008	1	1	5501	9	1	28	2196	0	0	0
55.039	1	1	5504	10	1	28	2196	0	0	0
55.062	1	1	5507	3	1	28	2196	0	0	0
55.066	1	1	5507	7	1	28	2196	0	0	0
55.092	1	1	5510	3	1	28	2196	0	0	0
55.126	1	1	5513	7	1	28	2196	0	0	0
55.16	1	1	5517	1	1	28	2196	0	0	0
55.163	1	1	5517	4	1	28	2196	0	0	0
55.182	1	1	5519	3	1	28	2196	0	0	0
55.201	1	1	5521	2	1	28	2196	0	0	0
55.23	1	1	5524	1	1	28	2196	0	0	0
55.255	1	1	5526	6	1	28	2196	0	0	0
55.304	1	1	5531	5	1	28	2196	0	0	0
55.317	1	1	5532	8	1	28	2196	0	0	0
55.356	1	1	5536	7	1	28	2196	0	0	0
55.36	1	1	5537	1	1	28	2196	0	0	0
55.384	1	1	5539	5	1	28	2196	0	0	0
55.392	1	1	5540	3	1	28	2196	0	0	0
55.407	1	1	5541	8	1	28	2196	0	0	0
55.471	1	1	5548	2	1	28	2196	0	0	0
55.5	1	1	5551	1	1	28	2196	0	0	0
55.536	1	1	5554	7	1	28	2196	0	0	0
55.557	1	1	5556	8	1	28	2196	0	0	0
55.576	1	1	5558	7	1	28	2196	0	0	0
55.603	1	1	5561	4	1	28	2196	0	0	0
55.629	1	1	5563	10	1	28	2196	0	0	0
55.651	1	1	5566	2	1	28	2196	0	0	0
55.674	1	1	5568	5	1	28	2196	0	0	0
55.685	1	1	5569	6	1	28	2196	0	0	0
55.701	1	1	5571	2	1	28	2196	0	0	0
55.717	1	1	5572	8	1	28	2196	0	0	0
55.752	1	1	5576	3	1	28	2196	0	0	0
55.781	1	1	5579	2	1	28	2196	0	0	0
55.799	1	1	5580	10	1	28	2196	0	0	0
55.812	1	1	5582	3	1	28	2196	0	0	0
55.827	1	1	5583	8	1	28	2196	0	0	0
55.849	1	1	5585	10	1	28	2196	0	0	0
55.859	1	1	5586	10	1	28	2196	0	0	0
55.873	1	1	5588	4	1	28	2196	0	0	0
55.882	1	1	5589	3	1	28	2196	0	0	0
55.902	1	1	5591	3	1	28	2196	0	0	0
55.911	1	1	5592	2	1	28	2196	0	0	0
55.936	1	1	5594	7	1	28	2196	0	0	0
55.95	1	1	5596	1	1	28	2196	0	0	0
55.987	1	1	5599	8	1	28	2196	0	0	0
55.998	1	1	5600	9	1	28	2196	0	0	0
56.011	1	1	5602	2	1	28	2196	0	0	0
56.028	1	1	5603	9	1	28	2196	0	0	0
56.052	1	1	5606	3	1	28	2196	0	0	0
56.101	1	1	5611	2	1	28	2196	0	0	0
56.124	1	1	5613	5	1	28	2196	0	0	0
56.134	1	1	5614	5	1	28	2196	0	0	0
56.141	1	1	5615	2	1	28	2196	0	0	0
56.155	1	1	5616	6	1	28	2196	0	0	0
56.164	1	1	5617	5	1	28	2196	0	0	0
56.186	1	1	5619	7	1	28	2196	0	0	0
56.223	1	1	5623	4	1	28	2196	0	0	0
56.238	1	1	5624	9	1	28	2196	0	0	0
56.274	1	1	5628	5	1	28	2196	0	0	0
56.292	1	1	5630	3	1	28	2196	0	0	0
56.327	1	1	5633	8	1	28	2196	0	0	0
56.372	1	1	5638	3	1	28	2196	0	0	0
56.414	1	1	5642	5	1	28	2196	0	0	0
56.426	1	1	5643	7	1	28	2196	0	0	0
56.451	1	1	5646	2	1	28	2196	0	0	0
56.495	1	1	5650	6	1	28	2196	0	0	0
56.534	1	1	5654	5	1	28	2196	0	0	0
56.542	1	1	5655	3	1	28	2196	0	0	0
56.552	1	1	5656	3	1	28	2196	0	0	0
56.574	1	1	5658	5	1	28	2196	0	0	0
56.585	1	1	5659	6	1	28	2196	0	0	0
56.595	1	1	5660	6	1	28	2196	0	0	0
56.606	1	1	5661	7	1	28	2196	0	0	0
56.637	1	1	5664	8	1	28	2196	0	0	0
56.665	1	1	5667	6	1	28	2196	0	0	0
56.732	1	1	5674	3	1	28	2196	0	0	0
56.781	1	1	5679	2	1	28	2196	0	0	0
56.829	1	1	5683	10	1	28	2196	0	0	0
56.855	1	1	5686	6	1	28	2196	0	0	0
56.871	1	1	5688	2	1	28	2196	0	0	0
56.89	1	1	5690	1	1	28	2196	0	0	0
56.924	1	1	5693	5	1	28	2196	0	0	0
56.944	1	1	5695	5	1	28	2196	0	0	0
56.955	1	1	5696	6	1	28	2196	0	0	0
56.997	1	1	5700	8	1	28	2196	0	0	0
57.008	1	1	5701	9	1	28	2196	0	0	0
57.023	1	1	5703	4	1	28	2196	0	0	0
57.035	1	1	5704	6	1	28	2196	0	0	0
57.069	1	1	5707	10	1	28	2196	0	0	0
57.071	1	1	5708	2	1	28	2196	0	0	0
57.091	1	1	5710	2	1	28	2196	0	0	0
57.126	1	1	5713	7	1	28	2196	0	0	0
57.132	1	1	5714	3	1	28	2196	0	0	0
57.148	1	1	5715	9	1	28	2196	0	0	0
57.152	1	1	5716	3	1	28	2196	0	0	0
57.158	1	1	5716	9	1	28	2196	0	0	0
57.175	1	1	5718	6	1	28	2196	0	0	0
57.181	1	1	5719	2	1	28	2196	0	0	0
57.204	1	1	5721	5	1	28	2196	0	0	0
57.219	1	1	5722	10	1	28	2196	0	0	0
57.225	1	1	5723	6	1	28	2196	0	0	0
57.304	1	1	5731	5	1	28	2196	0	0	0
57.312	1	1	5732	3	1	28	2196	0	0	0
57.372	1	1	5738	3	1	28	2196	0	0	0
57.411	1	1	5742	2	1	28	2196	0	0	0
57.433	1	1	5744	4	1	28	2196	0	0	0
57.443	1	1	5745	4	1	28	2196	0	0	0
57.468	1	1	5747	9	1	28	2196	0	0	0
57.485	1	1	5749	6	1	28	2196	0	0	0
57.505	1	1	5751	6	1	28	2196	0	0	0
57.518	1	1	5752	9	1	28	2196	0	0	0
57.535	1	1	5754	6	1	28	2196	0	0	0
57.552	1	1	5756	3	1	28	2196	0	0	0
57.57	1	1	5758	1	1	28	2196	0	0	0
57.586	1	1	5759	7	1	28	2196	0	0	0
57.598	1	1	5760	9	1	28	2196	0	0	0
57.611	1	1	5762	2	1	28	2196	0	0	0
57.66	1	1	5767	1	1	28	2196	0	0	0
57.7	1	1	5771	1	1	28	2196	0	0	0
57.723	1	1	5773	4	1	28	2196	0	0	0
57.738	1	1	5774	9	1	28	2196	0	0	0
57.758	1	1	5776	9	1	28	2196	0	0	0
57.773	1	1	5778	4	1	28	2196	0	0	0
57.788	1	1	5779	9	1	28	2196	0	0	0
57.844	1	1	5785	5	1	28	2196	0	0	0
57.859	1	1	5786	10	1	28	2196	0	0	0
57.894	1	1	5790	5	1	28	2196	0	0	0
57.92	1	1	5793	1	1	28	2196	0	0	0
57.93	1	1	5794	1	1	28	2196	0	0	0
57.945	1	1	5795	6	1	28	2196	0	0	0
57.963	1	1	5797	4	1	28	2196	0	0	0
57.984	1	1	5799	5	1	28	2196	0	0	0
58.017	1	1	5802	8	1	28	2196	0	0	0
58.023	1	1	5803	4	1	28	2196	0	0	0
58.04	1	1	5805	1	1	28	2196	0	0	0
58.07	1	1	5808	1	1	28	2196	0	0	0
58.077	1	1	5808	8	1	28	2196	0	0	0
58.112	1	1	5812	3	1	28	2196	0	0	0
58.133	1	1	5814	4	1	28	2196	0	0	0
58.144	1	1	5815	5	1	28	2196	0	0	0
58.155	1	1	5816	6	1	28	2196	0	0	0
58.181	1	1	5819	2	1	28	2196	0	0	0
58.205	1	1	5821	6	1	28	2196	0	0	0
58.234	1	1	5824	5	1	28	2196	0	0	0
58.276	1	1	5828	7	1	28	2196	0	0	0
58.295	1	1	5830	6	1	28	2196	0	0	0
58.347	1	1	5835	8	1	28	2196	0	0	0
58.376	1	1	5838	7	1	28	2196	0	0	0
58.393	1	1	5840	4	1	28	2196	0	0	0
58.432	1	1	5844	3	1	28	2196	0	0	0
58.437	1	1	5844	8	1	28	2196	0	0	0
58.445	1	1	5845	6	1	28	2196	0	0	0
58.451	1	1	5846	2	1	28	2196	0	0	0
58.467	1	1	5847	8	1	28	2196	0	0	0
58.493	1	1	5850	4	1	28	2196	0	0	0
58.533	1	1	5854	4	1	28	2196	0	0	0
58.578	1	1	5858	9	1	28	2196	0	0	0
58.595	1	1	5860	6	1	28	2196	0	0	0
58.599	1	1	5860	10	1	28	2196	0	0	0
58.631	1	1	5864	2	1	28	2196	0	0	0
58.664	1	1	5867	5	1	28	2196	0	0	0
58.675	1	1	5868	6	1	28	2196	0	0	0
58.679	1	1	5868	10	1	28	2196	0	0	0
58.694	1	1	5870	5	1	28	2196	0	0	0
58.766	1	1	5877	7	1	28	2196	0	0	0
58.778	1	1	5878	9	1	28	2196	0	0	0
58.795	1	1	5880	6	1	28	2196	0	0	0
58.802	1	1	5881	3	1	28	2196	0	0	0
58.833	1	1	5884	4	1	28	2196	0	0	0
58.879	1	1	5888	10	1	28	2196	0	0	0
58.923	1	1	5893	4	1	28	2196	0	0	0
58.945	1	1	5895	6	1	28	2196	0	0	0
58.959	1	1	5896	10	1	28	2196	0	0	0
59.015	1	1	5902	6	1	28	2196	0	0	0
59.037	1	1	5904	8	1	28	2196	0	0	0
59.044	1	1	5905	5	1	28	2196	0	0	0
59.066	1	1	5907	7	1	28	2196	0	0	0
59.074	1	1	5908	5	1	28	2196	0	0	0
59.106	1	1	5911	7	1	28	2196	0	0	0
59.127	1	1	5913	8	1	28	2196	0	0	0
59.148	1	1	5915	9	1	28	2196	0	0	0
59.173	1	1	5918	4	1	28	2196	0	0	0
59.188	1	1	5919	9	1	28	2196	0	0	0
59.202	1	1	5921	3	1	28	2196	0	0	0
59.208	1	1	5921	9	1	28	2196	0	0	0
59.233	1	1	5924	4	1	28	2196	0	0	0
59.244	1	1	5925	5	1	28	2196	0	0	0
59.274	1	1	5928	5	1	28	2196	0	0	0
59.297	1	1	5930	8	1	28	2196	0	0	0
59.315	1	1	5932	6	1	28	2196	0	0	0
59.332	1	1	5934	3	1	28	2196	0	0	0
59.368	1	1	5937	9	1	28	2196	0	0	0
59.386	1	1	5939	7	1	28	2196	0	0	0
59.4	1	1	5941	1	1	28	2196	0	0	0
59.414	1	1	5942	5	1	28	2196	0	0	0
59.443	1	1	5945	4	1	28	2196	0	0	0
59.447	1	1	5945	8	1	28	2196	0	0	0
59.458	1	1	5946	9	1	28	2196	0	0	0
59.478	1	1	5948	9	1	28	2196	0	0	0
59.504	1	1	5951	5	1	28	2196	0	0	0
59.528	1	1	5953	9	1	28	2196	0	0	0
59.545	1	1	5955	6	1	28	2196	0	0	0
59.581	1	1	5959	2	1	28	2196	0	0	0
59.606	1	1	5961	7	1	28	2196	0	0	0
59.673	1	1	5968	4	1	28	2196	0	0	0
59.684	1	1	5969	5	1	28	2196	0	0	0
59.71	1	1	5972	1	1	28	2196	0	0	0
59.741	1	1	5975	2	1	28	2196	0	0	0
59.751	1	1	5976	2	1	28	2196	0	0	0
59.776	1	1	5978	7	1	28	2196	0	0	0
59.794	1	1	5980	5	1	28	2196	0	0	0
59.806	1	1	5981	7	1	28	2196	0	0	0
59.836	1	1	5984	7	1	28	2196	0	0	0
59.861	1	1	5987	2	1	28	2196	0	0	0
59.885	1	1	5989	6	1	28	2196	0	0	0
59.894	1	1	5990	5	1	28	2196	0	0	0
59.968	1	1	5997	9	1	28	2196	0	0	0
59.986	1	1	5999	7	1	28	2196	0	0	0
59.994	1	1	6000	5	1	28	2196	0	0	0
