% start	end	CellId	IMSI	RNTI	LCID	nTxPDUs	TxBytes	nRxPDUs	RxBytes	delay	stdDev	min	max	PduSize	stdDev	min	max
0	0.25	1	1	1	4	6	930	6	930	0.00357413	0.000358421	0.00308961	0.00398321	155	0	155	155	
0	0.25	1	2	6	3	7	1085	7	1085	0.00363132	0.000226506	0.00325601	0.00391752	155	0	155	155	
0	0.25	1	3	3	3	11	1705	10	1550	0.00366907	0.000220693	0.00333339	0.00396282	155	0	155	155	
0	0.25	1	4	4	3	12	1860	12	1860	0.00366683	0.000490292	0.00301564	0.00458263	155	0	155	155	
0	0.25	1	5	2	3	9	1395	9	1395	0.00349272	0.000492694	0.00303044	0.00450198	155	0	155	155	
0.25	0.5	1	1	1	4	5	775	5	775	0.00335827	0.00017334	0.00321207	0.00364545	155	0	155	155	
0.25	0.5	1	2	6	3	11	1705	11	1705	0.00338993	0.000301456	0.00304318	0.00387262	155	0	155	155	
0.25	0.5	1	3	3	3	13	2015	14	2170	0.00364994	0.000486862	0.00315136	0.00488193	155	0	155	155	
0.25	0.5	1	4	4	3	10	1550	10	1550	0.00354694	0.000355158	0.00302476	0.0039958	155	0	155	155	
0.25	0.5	1	5	2	3	12	1860	12	1860	0.00375166	0.00037472	0.00328856	0.00448666	155	0	155	155	
0.5	0.75	1	1	1	4	10	1550	10	1550	0.00337573	0.000249597	0.0030776	0.00368568	155	0	155	155	
0.5	0.75	1	2	6	3	12	1860	12	1860	0.00375778	0.000421447	0.00323608	0.00486278	155	0	155	155	
0.5	0.75	1	3	3	3	10	1550	10	1550	0.00344553	0.000244787	0.00307062	0.00378889	155	0	155	155	
0.5	0.75	1	4	4	3	11	1705	11	1705	0.00364069	0.000188921	0.00338458	0.00390162	155	0	155	155	
0.5	0.75	1	5	2	3	12	1860	12	1860	0.00363106	0.000743278	0.00304336	0.00582523	155	0	155	155	
0.75	1	1	1	1	4	12	1860	12	1860	0.00340522	0.000290927	0.00303906	0.00387202	155	0	155	155	
0.75	1	1	2	6	3	14	2170	13	2015	0.00379769	0.000511945	0.00328621	0.00500632	155	0	155	155	
0.75	1	1	3	3	3	10	1550	10	1550	0.00354202	0.000206727	0.0031761	0.00382048	155	0	155	155	
0.75	1	1	4	4	3	12	1860	12	1860	0.00341598	0.000331341	0.00308532	0.00397016	155	0	155	155	
0.75	1	1	5	2	3	6	930	6	930	0.00369004	0.00027085	0.00318711	0.00389827	155	0	155	155	
1	1.25	1	1	1	4	13	2015	13	2015	0.00347909	0.000355073	0.00301836	0.00440652	155	0	155	155	
1	1.25	1	2	6	3	10	1550	11	1705	0.00353917	0.000513779	0.0030255	0.00483885	155	0	155	155	
1	1.25	1	3	3	3	14	2170	14	2170	0.0038239	0.000854844	0.00302263	0.0058907	155	0	155	155	
1	1.25	1	4	4	3	10	1550	10	1550	0.00345352	0.000275499	0.0030969	0.00383521	155	0	155	155	
1	1.25	1	5	2	3	10	1550	10	1550	0.00349264	0.000208657	0.00313399	0.00375674	155	0	155	155	
1.25	1.5	1	1	1	4	9	1395	9	1395	0.00352112	0.00034268	0.00300234	0.00399924	155	0	155	155	
1.25	1.5	1	2	6	3	10	1550	10	1550	0.00354691	0.000309446	0.00317246	0.00398833	155	0	155	155	
1.25	1.5	1	3	3	3	11	1705	11	1705	0.00370217	0.000420651	0.00309101	0.00438386	155	0	155	155	
1.25	1.5	1	4	4	3	10	1550	10	1550	0.00377025	0.000402395	0.00307399	0.0045956	155	0	155	155	
1.25	1.5	1	5	2	3	11	1705	11	1705	0.00357132	0.000392658	0.00300855	0.00437648	155	0	155	155	
1.5	1.75	1	1	1	4	10	1550	10	1550	0.00374253	0.000425682	0.00318933	0.00480367	155	0	155	155	
1.5	1.75	1	2	6	3	12	1860	12	1860	0.00363369	0.000526703	0.00302473	0.00484621	155	0	155	155	
1.5	1.75	1	3	3	3	11	1705	11	1705	0.00353389	0.000311785	0.00306834	0.00407292	155	0	155	155	
1.5	1.75	1	4	4	3	11	1705	11	1705	0.0038918	0.000594513	0.0030949	0.0049009	155	0	155	155	
1.5	1.75	1	5	2	3	12	1860	12	1860	0.00366966	0.00030788	0.00309252	0.00410188	155	0	155	155	
1.75	2	1	1	1	4	8	1240	8	1240	0.00335959	0.00025722	0.00307681	0.00378682	155	0	155	155	
1.75	2	1	2	6	3	13	2015	12	1860	0.0036526	0.000517917	0.00304454	0.00473114	155	0	155	155	
1.75	2	1	3	3	3	10	1550	10	1550	0.00351715	0.000294173	0.00306165	0.00389901	155	0	155	155	
1.75	2	1	4	4	3	11	1705	11	1705	0.00367407	0.000278886	0.00310906	0.00397043	155	0	155	155	
1.75	2	1	5	2	3	10	1550	10	1550	0.00348034	0.000564912	0.00304375	0.00493301	155	0	155	155	
2	2.25	1	1	1	4	12	1860	12	1860	0.00352181	0.000288217	0.00311545	0.00392952	155	0	155	155	
2	2.25	1	2	6	3	11	1705	12	1860	0.00357518	0.000322913	0.00302873	0.00400387	155	0	155	155	
2	2.25	1	3	3	3	8	1240	8	1240	0.00343743	0.000343114	0.00308567	0.00394804	155	0	155	155	
2	2.25	1	4	4	3	10	1550	10	1550	0.00346598	0.000258003	0.00302111	0.00384445	155	0	155	155	
2	2.25	1	5	2	3	10	1550	10	1550	0.00393139	0.000768641	0.00344137	0.00597604	155	0	155	155	
2.25	2.5	1	1	1	4	9	1395	9	1395	0.00373338	0.000533022	0.00308835	0.00488258	155	0	155	155	
2.25	2.5	1	2	6	3	9	1395	9	1395	0.00353779	0.00032697	0.00312859	0.00398873	155	0	155	155	
2.25	2.5	1	3	3	3	13	2015	13	2015	0.00353194	0.000320637	0.00302963	0.00418406	155	0	155	155	
2.25	2.5	1	4	4	3	13	2015	13	2015	0.00351689	0.000448842	0.00301436	0.00449974	155	0	155	155	
2.25	2.5	1	5	2	3	13	2015	12	1860	0.00358654	0.000353225	0.00312501	0.00421835	155	0	155	155	
2.5	2.75	1	1	1	4	10	1550	10	1550	0.00365738	0.000293842	0.00307762	0.0040566	155	0	155	155	
2.5	2.75	1	2	6	3	11	1705	11	1705	0.00373054	0.000653053	0.00303023	0.00509656	155	0	155	155	
2.5	2.75	1	3	3	3	14	2170	14	2170	0.00364354	0.0004853	0.00302371	0.00483019	155	0	155	155	
2.5	2.75	1	4	4	3	10	1550	10	1550	0.0034018	0.000337691	0.00300231	0.0039968	155	0	155	155	
2.5	2.75	1	5	2	3	8	1240	9	1395	0.00337587	0.00024466	0.00309533	0.00375071	155	0	155	155	
2.75	3	1	1	1	4	11	1705	11	1705	0.00348094	0.000292383	0.00309355	0.00399451	155	0	155	155	
2.75	3	1	2	6	3	12	1860	12	1860	0.00349124	0.000556953	0.00303064	0.00496548	155	0	155	155	
2.75	3	1	3	3	3	9	1395	9	1395	0.00362852	0.000248326	0.00330138	0.00394742	155	0	155	155	
2.75	3	1	4	4	3	14	2170	13	2015	0.00360539	0.000287641	0.00330125	0.00426043	155	0	155	155	
2.75	3	1	5	2	3	7	1085	7	1085	0.00346282	0.000295619	0.00303139	0.0039857	155	0	155	155	
3	3.25	1	1	1	4	11	1705	11	1705	0.00370778	0.000689442	0.00308856	0.00494854	155	0	155	155	
3	3.25	1	2	6	3	14	2170	14	2170	0.00360137	0.000282904	0.00318903	0.00408812	155	0	155	155	
3	3.25	1	3	3	3	10	1550	10	1550	0.00367605	0.000409796	0.00307858	0.00437046	155	0	155	155	
3	3.25	1	4	4	3	11	1705	12	1860	0.00366015	0.00076634	0.00307804	0.00558019	155	0	155	155	
3	3.25	1	5	2	3	14	2170	14	2170	0.00353642	0.000268534	0.00306659	0.00396832	155	0	155	155	
3.25	3.5	1	1	1	4	10	1550	10	1550	0.00390111	0.000463686	0.00328627	0.00493754	155	0	155	155	
3.25	3.5	1	2	6	3	10	1550	10	1550	0.00358531	0.000427212	0.00305876	0.00437774	155	0	155	155	
3.25	3.5	1	3	3	3	9	1395	9	1395	0.00340686	0.000320876	0.00306973	0.00394701	155	0	155	155	
3.25	3.5	1	4	4	3	10	1550	10	1550	0.00372015	0.000537085	0.00305186	0.00499229	155	0	155	155	
3.25	3.5	1	5	2	3	13	2015	13	2015	0.00372812	0.000385104	0.0032384	0.00476642	155	0	155	155	
3.5	3.75	1	1	1	4	7	1085	7	1085	0.00375041	0.000493041	0.00344677	0.00480759	155	0	155	155	
3.5	3.75	1	2	6	3	9	1395	9	1395	0.00369876	0.000479361	0.00301024	0.00462796	155	0	155	155	
3.5	3.75	1	3	3	3	11	1705	10	1550	0.00339776	0.000274444	0.00300655	0.00384604	155	0	155	155	
3.5	3.75	1	4	4	3	13	2015	13	2015	0.00357953	0.000380312	0.00307665	0.0044455	155	0	155	155	
3.5	3.75	1	5	2	3	12	1860	12	1860	0.00392669	0.000814046	0.003111	0.00600512	155	0	155	155	
3.75	4	1	1	1	4	12	1860	12	1860	0.00345991	0.000252156	0.00309677	0.00391922	155	0	155	155	
3.75	4	1	2	6	3	13	2015	13	2015	0.00359591	0.000404151	0.00300091	0.00451529	155	0	155	155	
3.75	4	1	3	3	3	12	1860	13	2015	0.00349412	0.000285001	0.00300542	0.00387609	155	0	155	155	
3.75	4	1	4	4	3	13	2015	13	2015	0.00362897	0.000378828	0.00311626	0.00456466	155	0	155	155	
3.75	4	1	5	2	3	12	1860	12	1860	0.00359832	0.000499797	0.00304731	0.00480269	155	0	155	155	
4	4.25	1	1	1	4	12	1860	11	1705	0.00350984	0.000452688	0.00307202	0.00462634	155	0	155	155	
4	4.25	1	2	6	3	14	2170	14	2170	0.00372343	0.000694234	0.00307849	0.00546279	155	0	155	155	
4	4.25	1	3	3	3	10	1550	10	1550	0.00357618	0.000410946	0.00305751	0.00437771	155	0	155	155	
4	4.25	1	4	4	3	12	1860	12	1860	0.00367343	0.000608356	0.00300864	0.00538194	155	0	155	155	
4	4.25	1	5	2	3	9	1395	8	1240	0.00363738	0.000555429	0.00327709	0.00492229	155	0	155	155	
4.25	4.5	1	1	1	4	11	1705	12	1860	0.00364628	0.000722184	0.00306741	0.00525306	155	0	155	155	
4.25	4.5	1	2	6	3	15	2325	15	2325	0.00360083	0.000594628	0.00305589	0.00555538	155	0	155	155	
4.25	4.5	1	3	3	3	11	1705	11	1705	0.00348347	0.000226934	0.00305383	0.00377869	155	0	155	155	
4.25	4.5	1	4	4	3	11	1705	11	1705	0.00381822	0.000928333	0.00303228	0.00609211	155	0	155	155	
4.25	4.5	1	5	2	3	14	2170	15	2325	0.00346627	0.000262745	0.00305764	0.00390706	155	0	155	155	
4.5	4.75	1	1	1	4	13	2015	13	2015	0.00357531	0.000448107	0.00300846	0.00460006	155	0	155	155	
4.5	4.75	1	2	6	3	10	1550	10	1550	0.00340133	0.000165507	0.00312647	0.003631	155	0	155	155	
4.5	4.75	1	3	3	3	8	1240	8	1240	0.00355204	0.00035238	0.0030592	0.00399205	155	0	155	155	
4.5	4.75	1	4	4	3	9	1395	8	1240	0.00353088	0.000366416	0.00307747	0.00393192	155	0	155	155	
4.5	4.75	1	5	2	3	13	2015	13	2015	0.00361737	0.000451067	0.00308399	0.00447196	155	0	155	155	
4.75	5	1	1	1	4	12	1860	12	1860	0.00392604	0.00113496	0.00302724	0.00650343	155	0	155	155	
4.75	5	1	2	6	3	10	1550	10	1550	0.00349608	0.000314851	0.00304836	0.0039195	155	0	155	155	
4.75	5	1	3	3	3	11	1705	10	1550	0.00367468	0.000255812	0.00325064	0.00397474	155	0	155	155	
4.75	5	1	4	4	3	8	1240	9	1395	0.00358339	0.000255577	0.00330507	0.0039873	155	0	155	155	
4.75	5	1	5	2	3	9	1395	9	1395	0.00343608	0.000327431	0.00300615	0.00383555	155	0	155	155	
5	5.25	1	1	1	4	13	2015	13	2015	0.00358519	0.000316504	0.00300998	0.0039429	155	0	155	155	
5	5.25	1	2	6	3	13	2015	12	1860	0.00365035	0.000343776	0.00326758	0.004471	155	0	155	155	
5	5.25	1	3	3	3	12	1860	13	2015	0.00366675	0.000409809	0.00301974	0.00448997	155	0	155	155	
5	5.25	1	4	4	3	12	1860	12	1860	0.00361882	0.000435559	0.00317151	0.00456649	155	0	155	155	
5	5.25	1	5	2	3	12	1860	12	1860	0.00365277	0.000492405	0.00301259	0.0046013	155	0	155	155	
5.25	5.5	1	1	1	4	10	1550	9	1395	0.00350641	0.000210221	0.00324436	0.00392254	155	0	155	155	
5.25	5.5	1	2	6	3	9	1395	10	1550	0.00341871	0.000374542	0.00306866	0.00399575	155	0	155	155	
5.25	5.5	1	3	3	3	12	1860	12	1860	0.0035513	0.000449847	0.00306441	0.00466082	155	0	155	155	
5.25	5.5	1	4	4	3	10	1550	10	1550	0.00375075	0.000395715	0.00312634	0.00442512	155	0	155	155	
5.25	5.5	1	5	2	3	7	1085	7	1085	0.00338055	0.000368665	0.0030055	0.00398353	155	0	155	155	
5.5	5.75	1	1	1	4	9	1395	10	1550	0.00373712	0.000453498	0.0032374	0.00485632	155	0	155	155	
5.5	5.75	1	2	6	3	13	2015	13	2015	0.00360844	0.000523013	0.00300048	0.00464952	155	0	155	155	
5.5	5.75	1	3	3	3	14	2170	14	2170	0.00365786	0.000609159	0.00301542	0.005028	155	0	155	155	
5.5	5.75	1	4	4	3	12	1860	11	1705	0.00347802	0.000300572	0.00303073	0.00394247	155	0	155	155	
5.5	5.75	1	5	2	3	13	2015	13	2015	0.00354135	0.000301014	0.00312209	0.00424327	155	0	155	155	
5.75	6	1	1	1	4	10	1550	9	1395	0.00347383	0.00022253	0.00315621	0.00381563	155	0	155	155	
5.75	6	1	2	6	3	12	1860	12	1860	0.00371104	0.000503078	0.00300976	0.00475631	155	0	155	155	
5.75	6	1	3	3	3	12	1860	12	1860	0.00353634	0.000367732	0.00306405	0.00407366	155	0	155	155	
5.75	6	1	4	4	3	10	1550	11	1705	0.00372324	0.000480021	0.00313939	0.00478395	155	0	155	155	
5.75	6	1	5	2	3	11	1705	11	1705	0.00361373	0.000387403	0.00324348	0.00454039	155	0	155	155	
6	6.25	1	1	1	4	8	1240	9	1395	0.00346849	0.000238338	0.0031896	0.00386274	155	0	155	155	
6	6.25	1	2	6	3	15	2325	15	2325	0.00374612	0.000413656	0.00313415	0.00463059	155	0	155	155	
6	6.25	1	3	3	3	11	1705	11	1705	0.00343153	0.000356213	0.00300938	0.00395349	155	0	155	155	
6	6.25	1	4	4	3	13	2015	13	2015	0.00346211	0.00029445	0.00303308	0.00398739	155	0	155	155	
6	6.25	1	5	2	3	17	2635	16	2480	0.00385954	0.000947205	0.0030032	0.00695615	155	0	155	155	
6.25	6.5	1	1	1	4	14	2170	14	2170	0.0034264	0.000287506	0.00302763	0.00388294	155	0	155	155	
6.25	6.5	1	2	6	3	10	1550	10	1550	0.00330711	0.000293271	0.00300334	0.00375628	155	0	155	155	
6.25	6.5	1	3	3	3	11	1705	11	1705	0.00373468	0.00044009	0.00308062	0.00482946	155	0	155	155	
6.25	6.5	1	4	4	3	12	1860	12	1860	0.00364444	0.000617241	0.00302154	0.00496477	155	0	155	155	
6.25	6.5	1	5	2	3	8	1240	9	1395	0.00369842	0.00046637	0.00329849	0.0048712	155	0	155	155	
6.5	6.75	1	1	1	4	12	1860	11	1705	0.0039256	0.000607257	0.00330806	0.00495319	155	0	155	155	
6.5	6.75	1	2	6	3	9	1395	9	1395	0.00340738	0.000330966	0.00303069	0.00391084	155	0	155	155	
6.5	6.75	1	3	3	3	16	2480	16	2480	0.00351906	0.000359419	0.00301021	0.00399078	155	0	155	155	
6.5	6.75	1	4	4	3	7	1085	7	1085	0.00351157	0.000392233	0.00301746	0.00399582	155	0	155	155	
6.5	6.75	1	5	2	3	11	1705	11	1705	0.00371525	0.000248284	0.00326695	0.00398433	155	0	155	155	
6.75	7	1	1	1	4	11	1705	12	1860	0.00348447	0.00027075	0.0030792	0.00390864	155	0	155	155	
6.75	7	1	2	6	3	15	2325	15	2325	0.00353295	0.000420837	0.00304012	0.00466968	155	0	155	155	
6.75	7	1	3	3	3	8	1240	8	1240	0.00341031	0.000261374	0.00312027	0.00386221	155	0	155	155	
6.75	7	1	4	4	3	10	1550	10	1550	0.00354132	0.000283614	0.00306528	0.00392048	155	0	155	155	
6.75	7	1	5	2	3	9	1395	9	1395	0.00348924	0.000149863	0.00326044	0.00370379	155	0	155	155	
7	7.25	1	1	1	4	13	2015	13	2015	0.00364474	0.000469598	0.00300779	0.00446018	155	0	155	155	
7	7.25	1	2	6	3	10	1550	10	1550	0.00353008	0.000326846	0.00300187	0.00394204	155	0	155	155	
7	7.25	1	3	3	3	11	1705	11	1705	0.00360557	0.000248997	0.00313288	0.00395457	155	0	155	155	
7	7.25	1	4	4	3	9	1395	9	1395	0.00357469	0.000330518	0.00303354	0.00399127	155	0	155	155	
7	7.25	1	5	2	3	11	1705	11	1705	0.00383002	0.000422417	0.00321762	0.00477166	155	0	155	155	
7.25	7.5	1	1	1	4	9	1395	9	1395	0.00358261	0.000281409	0.00307596	0.00404845	155	0	155	155	
7.25	7.5	1	2	6	3	11	1705	11	1705	0.00367344	0.000507508	0.00315581	0.00492039	155	0	155	155	
7.25	7.5	1	3	3	3	11	1705	11	1705	0.00338361	0.000269545	0.00306682	0.00390622	155	0	155	155	
7.25	7.5	1	4	4	3	9	1395	9	1395	0.00338039	0.000316834	0.00301377	0.00388045	155	0	155	155	
7.25	7.5	1	5	2	3	9	1395	9	1395	0.00352523	0.000214106	0.00314343	0.00387326	155	0	155	155	
