% start	end	CellId	IMSI	RNTI	LCID	nTxPDUs	TxBytes	nRxPDUs	RxBytes	delay	stdDev	min	max	PduSize	stdDev	min	max
0	0.25	1	1	15	4	23	8939	22	8625	0.003	0	0.003	0.003	392.045	136.36	81	627	
0	0.25	1	2	9	3	23	9251	23	9251	0.003	0	0.003	0.003	402.217	145.819	81	627	
0	0.25	1	3	3	3	23	8157	23	8157	0.003	0	0.003	0.003	354.652	109.999	81	470	
0	0.25	1	4	11	3	22	8311	22	8311	0.003	0	0.003	0.003	377.773	114.812	157	627	
0	0.25	1	5	2	3	23	8782	23	8782	0.003	0	0.003	0.003	381.826	125.233	81	627	
0	0.25	1	6	4	3	23	9252	23	9252	0.003	0	0.003	0.003	402.261	120.67	81	627	
0	0.25	1	7	16	3	23	9096	22	8939	0.003	0	0.003	0.003	406.318	135.57	81	627	
0	0.25	1	8	1	3	23	8943	23	8943	0.003	0	0.003	0.003	388.826	153.307	81	627	
0	0.25	1	9	12	3	23	8781	23	8781	0.003	0	0.003	0.003	381.783	111.034	81	470	
0	0.25	1	10	10	3	23	8469	23	8469	0.003	0	0.003	0.003	368.217	113.871	81	470	
0.25	0.5	1	1	15	4	25	9567	25	9411	0.003	0	0.003	0.003	376.44	110.58	157	627	
0.25	0.5	1	2	9	3	25	10036	25	10036	0.003	0	0.003	0.003	401.44	136.125	157	627	
0.25	0.5	1	3	3	3	25	9722	25	9722	0.003	0	0.003	0.003	388.88	79.5447	314	470	
0.25	0.5	1	4	11	3	25	9565	25	9565	0.003	0	0.003	0.003	382.6	91.0659	157	470	
0.25	0.5	1	5	2	3	25	10347	25	10347	0.003	0	0.003	0.003	413.88	88.8052	314	627	
0.25	0.5	1	6	4	3	25	9567	25	9567	0.003	0	0.003	0.003	382.68	111.309	157	627	
0.25	0.5	1	7	16	3	25	9722	25	9565	0.003	0	0.003	0.003	382.6	91.0659	157	470	
0.25	0.5	1	8	1	3	25	10502	25	10502	0.003	0	0.003	0.003	420.08	133.422	157	627	
0.25	0.5	1	9	12	3	25	10034	25	10034	0.003	0	0.003	0.003	401.36	79.0332	314	470	
0.25	0.5	1	10	10	3	25	10190	25	10190	0.003	0	0.003	0.003	407.6	119.475	157	627	
0.5	0.75	1	1	15	4	25	10348	25	10191	0.003	0	0.003	0.003	407.64	90.1678	314	627	
0.5	0.75	1	2	9	3	25	9878	25	9878	0.003	0	0.003	0.003	395.12	102.09	157	627	
0.5	0.75	1	3	3	3	25	9878	25	9878	0.003	0	0.003	0.003	395.12	79.5447	314	470	
0.5	0.75	1	4	11	3	25	10034	25	10034	0.003	0	0.003	0.003	401.36	101.692	157	627	
0.5	0.75	1	5	2	3	25	9567	25	9567	0.003	0	0.003	0.003	382.68	91.0745	314	627	
0.5	0.75	1	6	4	3	25	9722	25	9722	0.003	0	0.003	0.003	388.88	102.09	157	627	
0.5	0.75	1	7	16	3	25	10347	25	10191	0.003	0	0.003	0.003	407.64	90.1678	314	627	
0.5	0.75	1	8	1	3	25	9877	25	9877	0.003	0	0.003	0.003	395.08	91.5159	157	470	
0.5	0.75	1	9	12	3	25	10190	25	10190	0.003	0	0.003	0.003	407.6	119.475	157	627	
0.5	0.75	1	10	10	3	25	10659	25	10659	0.003	0	0.003	0.003	426.36	106.068	157	627	
0.75	1	1	1	15	4	25	9254	25	9567	0.003	0	0.003	0.003	382.68	111.309	157	627	
0.75	1	1	2	9	3	25	10347	25	10347	0.003	0	0.003	0.003	413.88	109.46	157	627	
0.75	1	1	3	3	3	25	10346	25	10346	0.003	0	0.003	0.003	413.84	118.452	157	627	
0.75	1	1	4	11	3	25	10191	25	10191	0.003	0	0.003	0.003	407.64	110.568	157	627	
0.75	1	1	5	2	3	25	9879	25	9879	0.003	0	0.003	0.003	395.16	91.5131	314	627	
0.75	1	1	6	4	3	25	10190	25	10190	0.003	0	0.003	0.003	407.6	100.891	157	627	
0.75	1	1	7	16	3	25	9877	25	9877	0.003	0	0.003	0.003	395.08	91.5159	157	470	
0.75	1	1	8	1	3	25	10191	25	10191	0.003	0	0.003	0.003	407.64	90.1678	314	627	
0.75	1	1	9	12	3	25	10348	25	10348	0.003	0	0.003	0.003	413.92	118.436	157	627	
0.75	1	1	10	10	3	25	9408	25	9408	0.003	0	0.003	0.003	376.32	119.464	157	627	
1	1.25	1	1	15	4	25	10035	25	9879	0.003	0	0.003	0.003	395.16	91.5131	314	627	
1	1.25	1	2	9	3	25	10192	25	10192	0.003	0	0.003	0.003	407.68	100.879	314	627	
1	1.25	1	3	3	3	25	8940	25	8940	0.003	0	0.003	0.003	357.6	115.304	157	627	
1	1.25	1	4	11	3	25	9721	25	9721	0.003	0	0.003	0.003	388.84	91.5131	157	470	
1	1.25	1	5	2	3	25	9409	25	9409	0.003	0	0.003	0.003	376.36	90.1678	157	470	
1	1.25	1	6	4	3	25	9878	25	9878	0.003	0	0.003	0.003	395.12	102.09	157	627	
1	1.25	1	7	16	3	25	9409	25	9565	0.003	0	0.003	0.003	382.6	111.302	157	627	
1	1.25	1	8	1	3	25	9565	25	9565	0.003	0	0.003	0.003	382.6	91.0659	157	470	
1	1.25	1	9	12	3	25	9254	25	9254	0.003	0	0.003	0.003	370.16	76.4241	314	470	
1	1.25	1	10	10	3	25	10347	25	10347	0.003	0	0.003	0.003	413.88	109.46	157	627	
1.25	1.5	1	1	15	4	25	9095	25	9408	0.003	0	0.003	0.003	376.32	119.464	157	627	
1.25	1.5	1	2	9	3	25	9564	25	9564	0.003	0	0.003	0.003	382.56	101.685	157	470	
1.25	1.5	1	3	3	3	25	9409	25	9409	0.003	0	0.003	0.003	376.36	110.568	157	627	
1.25	1.5	1	4	11	3	25	9722	25	9722	0.003	0	0.003	0.003	388.88	79.5447	314	470	
1.25	1.5	1	5	2	3	25	10035	25	10035	0.003	0	0.003	0.003	401.4	91.0659	314	627	
1.25	1.5	1	6	4	3	25	9723	25	9723	0.003	0	0.003	0.003	388.92	111.67	157	627	
1.25	1.5	1	7	16	3	25	10190	25	9877	0.003	0	0.003	0.003	395.08	91.5159	157	470	
1.25	1.5	1	8	1	3	25	8783	25	8783	0.003	0	0.003	0.003	351.32	103.713	157	470	
1.25	1.5	1	9	12	3	25	9721	25	9721	0.003	0	0.003	0.003	388.84	111.668	157	627	
1.25	1.5	1	10	10	3	25	10033	25	10033	0.003	0	0.003	0.003	401.32	91.0745	157	470	
1.5	1.75	1	1	15	4	25	9411	25	9254	0.003	0	0.003	0.003	370.16	99.6781	157	627	
1.5	1.75	1	2	9	3	25	9723	25	9723	0.003	0	0.003	0.003	388.92	111.67	157	627	
1.5	1.75	1	3	3	3	25	10191	25	10191	0.003	0	0.003	0.003	407.64	127.751	157	627	
1.5	1.75	1	4	11	3	25	9718	25	9718	0.003	0	0.003	0.003	388.72	120.484	157	470	
1.5	1.75	1	5	2	3	25	9721	25	9721	0.003	0	0.003	0.003	388.84	128.704	157	627	
1.5	1.75	1	6	4	3	25	10503	25	10503	0.003	0	0.003	0.003	420.12	125.505	157	627	
1.5	1.75	1	7	16	3	25	10034	25	10347	0.003	0	0.003	0.003	413.88	88.8052	314	627	
1.5	1.75	1	8	1	3	25	10035	25	10035	0.003	0	0.003	0.003	401.4	91.0659	314	627	
1.5	1.75	1	9	12	3	25	9878	25	9878	0.003	0	0.003	0.003	395.12	120.489	157	627	
1.5	1.75	1	10	10	3	25	9723	25	9723	0.003	0	0.003	0.003	388.92	128.706	157	627	
1.75	2	1	1	15	4	25	10659	25	10659	0.003	0	0.003	0.003	426.36	106.068	157	627	
1.75	2	1	2	9	3	25	9409	25	9409	0.003	0	0.003	0.003	376.36	110.568	157	627	
1.75	2	1	3	3	3	25	9722	25	9722	0.003	0	0.003	0.003	388.88	102.09	157	627	
1.75	2	1	4	11	3	25	9721	25	9721	0.003	0	0.003	0.003	388.84	91.5131	157	470	
1.75	2	1	5	2	3	25	10505	25	10505	0.003	0	0.003	0.003	420.2	107.943	314	627	
1.75	2	1	6	4	3	25	10190	25	10190	0.003	0	0.003	0.003	407.6	100.891	157	627	
1.75	2	1	7	16	3	25	10347	25	10191	0.003	0	0.003	0.003	407.64	127.751	157	627	
1.75	2	1	8	1	3	25	9720	25	9720	0.003	0	0.003	0.003	388.8	102.088	157	470	
1.75	2	1	9	12	3	25	9876	25	9876	0.003	0	0.003	0.003	395.04	120.491	157	627	
1.75	2	1	10	10	3	25	9567	25	9567	0.003	0	0.003	0.003	382.68	111.309	157	627	
2	2.25	1	1	15	4	25	10503	25	10347	0.003	0	0.003	0.003	413.88	88.8052	314	627	
2	2.25	1	2	9	3	25	10191	25	10191	0.003	0	0.003	0.003	407.64	110.568	157	627	
2	2.25	1	3	3	3	25	9566	25	9566	0.003	0	0.003	0.003	382.64	101.692	157	627	
2	2.25	1	4	11	3	25	9253	25	9253	0.003	0	0.003	0.003	370.12	126.793	157	627	
2	2.25	1	5	2	3	25	9877	25	9877	0.003	0	0.003	0.003	395.08	143.737	157	627	
2	2.25	1	6	4	3	25	9565	25	9565	0.003	0	0.003	0.003	382.6	111.302	157	627	
2	2.25	1	7	16	3	25	9567	25	9567	0.003	0	0.003	0.003	382.68	111.309	157	627	
2	2.25	1	8	1	3	25	10191	25	10191	0.003	0	0.003	0.003	407.64	90.1678	314	627	
2	2.25	1	9	12	3	25	9721	25	9721	0.003	0	0.003	0.003	388.84	128.704	157	627	
2	2.25	1	10	10	3	25	9878	25	9878	0.003	0	0.003	0.003	395.12	79.5447	314	470	
2.25	2.5	1	1	15	4	25	9877	25	9877	0.003	0	0.003	0.003	395.08	111.67	157	627	
2.25	2.5	1	2	9	3	25	9878	25	9878	0.003	0	0.003	0.003	395.12	102.09	157	627	
2.25	2.5	1	3	3	3	25	10347	25	10347	0.003	0	0.003	0.003	413.88	88.8052	314	627	
2.25	2.5	1	4	11	3	25	10033	25	10033	0.003	0	0.003	0.003	401.32	128.393	157	627	
2.25	2.5	1	5	2	3	25	9567	25	9567	0.003	0	0.003	0.003	382.68	111.309	157	627	
2.25	2.5	1	6	4	3	25	9567	25	9567	0.003	0	0.003	0.003	382.68	111.309	157	627	
2.25	2.5	1	7	16	3	25	9252	25	9408	0.003	0	0.003	0.003	376.32	119.464	157	627	
2.25	2.5	1	8	1	3	25	9410	25	9410	0.003	0	0.003	0.003	376.4	119.475	157	627	
2.25	2.5	1	9	12	3	25	9720	25	9720	0.003	0	0.003	0.003	388.8	120.487	157	627	
2.25	2.5	1	10	10	3	25	8469	25	8469	0.003	0	0.003	0.003	338.76	116.716	157	470	
2.5	2.75	1	1	15	4	25	9566	25	9722	0.003	0	0.003	0.003	388.88	102.09	157	627	
2.5	2.75	1	2	9	3	25	10190	25	10190	0.003	0	0.003	0.003	407.6	100.891	157	627	
2.5	2.75	1	3	3	3	25	9723	25	9723	0.003	0	0.003	0.003	388.92	128.706	157	627	
2.5	2.75	1	4	11	3	25	10192	25	10192	0.003	0	0.003	0.003	407.68	135.524	157	627	
2.5	2.75	1	5	2	3	25	10502	25	10502	0.003	0	0.003	0.003	420.08	117.074	157	627	
2.5	2.75	1	6	4	3	25	10192	25	10192	0.003	0	0.003	0.003	407.68	100.879	314	627	
2.5	2.75	1	7	16	3	25	10034	25	9878	0.003	0	0.003	0.003	395.12	102.09	157	627	
2.5	2.75	1	8	1	3	25	9408	25	9408	0.003	0	0.003	0.003	376.32	100.879	157	470	
2.5	2.75	1	9	12	3	25	10189	25	10189	0.003	0	0.003	0.003	407.56	90.1823	157	470	
2.5	2.75	1	10	10	3	25	9724	25	9724	0.003	0	0.003	0.003	388.96	120.491	157	627	
2.75	3	1	1	15	4	25	9880	25	9880	0.003	0	0.003	0.003	395.2	120.487	157	627	
2.75	3	1	2	9	3	25	9563	25	9563	0.003	0	0.003	0.003	382.52	111.295	157	470	
2.75	3	1	3	3	3	25	10034	25	10034	0.003	0	0.003	0.003	401.36	136.13	157	627	
2.75	3	1	4	11	3	25	10190	25	10190	0.003	0	0.003	0.003	407.6	100.891	157	627	
2.75	3	1	5	2	3	25	9879	25	9879	0.003	0	0.003	0.003	395.16	111.668	157	627	
2.75	3	1	6	4	3	25	9722	25	9722	0.003	0	0.003	0.003	388.88	102.09	157	627	
2.75	3	1	7	16	3	25	9721	25	9721	0.003	0	0.003	0.003	388.84	111.668	157	627	
2.75	3	1	8	1	3	25	9254	25	9254	0.003	0	0.003	0.003	370.16	99.6781	157	627	
2.75	3	1	9	12	3	25	9407	25	9407	0.003	0	0.003	0.003	376.28	110.556	157	470	
2.75	3	1	10	10	3	25	9411	25	9411	0.003	0	0.003	0.003	376.44	90.1823	314	627	
3	3.25	1	1	15	4	25	10190	25	10034	0.003	0	0.003	0.003	401.36	101.692	157	627	
3	3.25	1	2	9	3	25	9408	25	9408	0.003	0	0.003	0.003	376.32	100.879	157	470	
3	3.25	1	3	3	3	25	9095	25	9095	0.003	0	0.003	0.003	363.8	140.861	157	627	
3	3.25	1	4	11	3	25	9721	25	9721	0.003	0	0.003	0.003	388.84	111.668	157	627	
3	3.25	1	5	2	3	25	10659	25	10659	0.003	0	0.003	0.003	426.36	139.429	157	627	
3	3.25	1	6	4	3	25	10347	25	10347	0.003	0	0.003	0.003	413.88	109.46	157	627	
3	3.25	1	7	16	3	25	10190	25	10346	0.003	0	0.003	0.003	413.84	99.6781	157	627	
3	3.25	1	8	1	3	25	10034	25	10034	0.003	0	0.003	0.003	401.36	79.0332	314	470	
3	3.25	1	9	12	3	25	9565	25	9565	0.003	0	0.003	0.003	382.6	111.302	157	627	
3	3.25	1	10	10	3	25	10036	25	10036	0.003	0	0.003	0.003	401.44	120.145	157	627	
3.25	3.5	1	1	15	4	25	9564	25	9720	0.003	0	0.003	0.003	388.8	102.088	157	470	
3.25	3.5	1	2	9	3	25	9565	25	9565	0.003	0	0.003	0.003	382.6	111.302	157	627	
3.25	3.5	1	3	3	3	25	10190	25	10190	0.003	0	0.003	0.003	407.6	100.891	157	627	
3.25	3.5	1	4	11	3	25	9564	25	9564	0.003	0	0.003	0.003	382.56	101.685	157	470	
3.25	3.5	1	5	2	3	25	10035	25	10035	0.003	0	0.003	0.003	401.4	91.0659	314	627	
3.25	3.5	1	6	4	3	25	9095	25	9095	0.003	0	0.003	0.003	363.8	107.943	157	470	
3.25	3.5	1	7	16	3	25	9408	25	9408	0.003	0	0.003	0.003	376.32	119.464	157	627	
3.25	3.5	1	8	1	3	25	9879	25	9879	0.003	0	0.003	0.003	395.16	111.668	157	627	
3.25	3.5	1	9	12	3	25	9722	25	9722	0.003	0	0.003	0.003	388.88	102.09	157	627	
3.25	3.5	1	10	10	3	25	9252	25	9252	0.003	0	0.003	0.003	370.08	118.436	157	627	
3.5	3.75	1	1	15	4	25	10346	25	10190	0.003	0	0.003	0.003	407.6	119.475	157	627	
3.5	3.75	1	2	9	3	25	9878	25	9878	0.003	0	0.003	0.003	395.12	102.09	157	627	
3.5	3.75	1	3	3	3	25	9564	25	9564	0.003	0	0.003	0.003	382.56	101.685	157	470	
3.5	3.75	1	4	11	3	25	9095	25	9095	0.003	0	0.003	0.003	363.8	107.943	157	470	
3.5	3.75	1	5	2	3	25	10192	25	10192	0.003	0	0.003	0.003	407.68	100.879	314	627	
3.5	3.75	1	6	4	3	25	9565	25	9565	0.003	0	0.003	0.003	382.6	91.0659	157	470	
3.5	3.75	1	7	16	3	25	10346	25	10190	0.003	0	0.003	0.003	407.6	78	314	470	
3.5	3.75	1	8	1	3	25	10034	25	10034	0.003	0	0.003	0.003	401.36	120.152	157	627	
3.5	3.75	1	9	12	3	25	9722	25	9722	0.003	0	0.003	0.003	388.88	102.09	157	627	
3.5	3.75	1	10	10	3	25	9720	25	9720	0.003	0	0.003	0.003	388.8	102.088	157	470	
3.75	4	1	1	15	4	25	10033	25	10033	0.003	0	0.003	0.003	401.32	111.309	157	627	
3.75	4	1	2	9	3	25	10191	25	10191	0.003	0	0.003	0.003	407.64	90.1678	314	627	
3.75	4	1	3	3	3	25	9721	25	9721	0.003	0	0.003	0.003	388.84	128.704	157	627	
3.75	4	1	4	11	3	25	9566	25	9566	0.003	0	0.003	0.003	382.64	120.152	157	627	
3.75	4	1	5	2	3	25	10191	25	10191	0.003	0	0.003	0.003	407.64	110.568	157	627	
3.75	4	1	6	4	3	25	9253	25	9253	0.003	0	0.003	0.003	370.12	126.793	157	627	
3.75	4	1	7	16	3	25	9878	25	9878	0.003	0	0.003	0.003	395.12	79.5447	314	470	
3.75	4	1	8	1	3	25	9722	25	9722	0.003	0	0.003	0.003	388.88	102.09	157	627	
3.75	4	1	9	12	3	25	10033	25	10033	0.003	0	0.003	0.003	401.32	128.393	157	627	
3.75	4	1	10	10	3	25	10034	25	10034	0.003	0	0.003	0.003	401.36	101.692	157	627	
4	4.25	1	1	15	4	25	9566	25	9722	0.003	0	0.003	0.003	388.88	79.5447	314	470	
4	4.25	1	2	9	3	25	9565	25	9565	0.003	0	0.003	0.003	382.6	91.0659	157	470	
4	4.25	1	3	3	3	25	9097	25	9097	0.003	0	0.003	0.003	363.88	86.9561	157	470	
4	4.25	1	4	11	3	25	10033	25	10033	0.003	0	0.003	0.003	401.32	91.0745	157	470	
4	4.25	1	5	2	3	25	9719	25	9719	0.003	0	0.003	0.003	388.76	128.702	157	627	
4	4.25	1	6	4	3	25	9564	25	9564	0.003	0	0.003	0.003	382.56	101.685	157	470	
4	4.25	1	7	16	3	25	9254	25	9410	0.003	0	0.003	0.003	376.4	119.475	157	627	
4	4.25	1	8	1	3	25	9877	25	9877	0.003	0	0.003	0.003	395.08	128.706	157	627	
4	4.25	1	9	12	3	25	9722	25	9722	0.003	0	0.003	0.003	388.88	102.09	157	627	
4	4.25	1	10	10	3	25	9409	25	9409	0.003	0	0.003	0.003	376.36	127.751	157	627	
