% start	end	CellId	IMSI	RNTI	LCID	nTxPDUs	TxBytes	nRxPDUs	RxBytes	delay	stdDev	min	max	PduSize	stdDev	min	max
0	0.25	1	1	3	4	16	2480	16	2480	0.00400444	0.000568362	0.00320894	0.00548034	155	0	155	155	
0	0.25	1	2	16	3	7	1085	7	1085	0.00357093	0.000230262	0.00332796	0.00385744	155	0	155	155	
0	0.25	1	3	11	3	12	1860	12	1860	0.00351593	0.000306771	0.00305842	0.00388865	155	0	155	155	
0	0.25	1	4	14	3	13	2015	13	2015	0.00353499	0.000417522	0.00301691	0.00453127	155	0	155	155	
0	0.25	1	5	2	3	14	2170	14	2170	0.00446407	0.00112265	0.00303004	0.0066374	155	0	155	155	
0	0.25	1	6	12	3	12	1860	12	1860	0.00388481	0.000485868	0.00329053	0.00466784	155	0	155	155	
0	0.25	1	7	4	3	6	930	6	930	0.00337952	0.000267083	0.00304095	0.00368684	155	0	155	155	
0	0.25	1	8	1	3	8	1240	8	1240	0.00347039	0.000405886	0.00300261	0.00395287	155	0	155	155	
0	0.25	1	9	15	3	12	1860	12	1860	0.00375014	0.000579383	0.00305875	0.00471487	155	0	155	155	
0	0.25	1	10	13	3	6	930	6	930	0.00378652	0.000174431	0.00350528	0.00398157	155	0	155	155	
0.25	0.5	1	1	3	4	9	1395	9	1395	0.00429862	0.000843455	0.00323675	0.00569425	155	0	155	155	
0.25	0.5	1	2	16	3	11	1705	11	1705	0.00377588	0.000448731	0.00319159	0.00476935	155	0	155	155	
0.25	0.5	1	3	11	3	13	2015	13	2015	0.00371164	0.000514823	0.00308095	0.00491015	155	0	155	155	
0.25	0.5	1	4	14	3	13	2015	13	2015	0.00366912	0.000537781	0.00303245	0.0046565	155	0	155	155	
0.25	0.5	1	5	2	3	9	1395	9	1395	0.00330468	0.00014888	0.00300742	0.00349587	155	0	155	155	
0.25	0.5	1	6	12	3	13	2015	13	2015	0.00389625	0.000974285	0.00311319	0.00702647	155	0	155	155	
0.25	0.5	1	7	4	3	12	1860	12	1860	0.0038924	0.0014682	0.00305183	0.0083489	155	0	155	155	
0.25	0.5	1	8	1	3	11	1705	11	1705	0.00343573	0.000260835	0.00311866	0.00399508	155	0	155	155	
0.25	0.5	1	9	15	3	12	1860	12	1860	0.00416781	0.00113753	0.0030417	0.00657442	155	0	155	155	
0.25	0.5	1	10	13	3	11	1705	10	1550	0.00358514	0.000258991	0.00313443	0.00386567	155	0	155	155	
0.5	0.75	1	1	3	4	10	1550	10	1550	0.00348979	0.000258436	0.00310095	0.00377252	155	0	155	155	
0.5	0.75	1	2	16	3	9	1395	9	1395	0.00342125	0.000253179	0.00308259	0.0038799	155	0	155	155	
0.5	0.75	1	3	11	3	12	1860	12	1860	0.0038597	0.000586506	0.00308148	0.0046992	155	0	155	155	
0.5	0.75	1	4	14	3	14	2170	14	2170	0.00419768	0.00110515	0.00307346	0.00685374	155	0	155	155	
0.5	0.75	1	5	2	3	13	2015	12	1860	0.00364886	0.000413616	0.00308435	0.00462352	155	0	155	155	
0.5	0.75	1	6	12	3	10	1550	10	1550	0.0039148	0.00120305	0.00308961	0.00680057	155	0	155	155	
0.5	0.75	1	7	4	3	9	1395	9	1395	0.00341285	0.000305993	0.00303286	0.00380596	155	0	155	155	
0.5	0.75	1	8	1	3	11	1705	10	1550	0.00415069	0.00100324	0.00307931	0.00621914	155	0	155	155	
0.5	0.75	1	9	15	3	15	2325	15	2325	0.00365762	0.000409142	0.00314992	0.00481958	155	0	155	155	
0.5	0.75	1	10	13	3	15	2325	16	2480	0.00371544	0.000587081	0.00302933	0.00482573	155	0	155	155	
0.75	1	1	1	3	4	12	1860	12	1860	0.00406047	0.000683099	0.00324286	0.00491971	155	0	155	155	
0.75	1	1	2	16	3	9	1395	9	1395	0.00356455	0.000293239	0.00314268	0.0039093	155	0	155	155	
0.75	1	1	3	11	3	14	2170	14	2170	0.00370941	0.000493919	0.00307869	0.00483351	155	0	155	155	
0.75	1	1	4	14	3	12	1860	12	1860	0.00391512	0.000705003	0.00324358	0.00522327	155	0	155	155	
0.75	1	1	5	2	3	12	1860	13	2015	0.00440398	0.000980529	0.00357695	0.00648291	155	0	155	155	
0.75	1	1	6	12	3	13	2015	12	1860	0.00362668	0.000288771	0.00317653	0.00398222	155	0	155	155	
0.75	1	1	7	4	3	15	2325	15	2325	0.00389366	0.000621197	0.00310102	0.00491086	155	0	155	155	
0.75	1	1	8	1	3	15	2325	16	2480	0.00348786	0.000309243	0.00300168	0.00411055	155	0	155	155	
0.75	1	1	9	15	3	9	1395	9	1395	0.00400098	0.000822356	0.00335412	0.00613272	155	0	155	155	
0.75	1	1	10	13	3	14	2170	13	2015	0.00420922	0.00106149	0.00314319	0.00591285	155	0	155	155	
1	1.25	1	1	3	4	14	2170	14	2170	0.00383281	0.000672878	0.00307351	0.0054197	155	0	155	155	
1	1.25	1	2	16	3	13	2015	12	1860	0.0034605	0.000300025	0.00302402	0.00385466	155	0	155	155	
1	1.25	1	3	11	3	13	2015	13	2015	0.00454772	0.00204143	0.00300927	0.0107582	155	0	155	155	
1	1.25	1	4	14	3	13	2015	13	2015	0.00389792	0.00126268	0.00302354	0.00773865	155	0	155	155	
1	1.25	1	5	2	3	10	1550	10	1550	0.00336185	0.000292231	0.00303713	0.00394036	155	0	155	155	
1	1.25	1	6	12	3	16	2480	17	2635	0.0044104	0.00143234	0.0030479	0.00819847	155	0	155	155	
1	1.25	1	7	4	3	12	1860	12	1860	0.00383909	0.000716453	0.00307573	0.00526436	155	0	155	155	
1	1.25	1	8	1	3	9	1395	8	1240	0.00358914	0.000262001	0.0032703	0.00383633	155	0	155	155	
1	1.25	1	9	15	3	16	2480	16	2480	0.00377558	0.00086711	0.00300115	0.00654705	155	0	155	155	
1	1.25	1	10	13	3	11	1705	12	1860	0.00444055	0.00119492	0.00315353	0.00756509	155	0	155	155	
1.25	1.5	1	1	3	4	10	1550	9	1395	0.00347421	0.000264083	0.00311741	0.00391287	155	0	155	155	
1.25	1.5	1	2	16	3	13	2015	14	2170	0.00387681	0.000448585	0.00325733	0.00468208	155	0	155	155	
1.25	1.5	1	3	11	3	9	1395	9	1395	0.00341375	0.000419193	0.00300269	0.00414571	155	0	155	155	
1.25	1.5	1	4	14	3	15	2325	15	2325	0.00368874	0.00079913	0.00303431	0.00628844	155	0	155	155	
1.25	1.5	1	5	2	3	15	2325	15	2325	0.00413958	0.00101913	0.0032071	0.00719108	155	0	155	155	
1.25	1.5	1	6	12	3	10	1550	10	1550	0.00345731	0.000574787	0.00301685	0.00487966	155	0	155	155	
1.25	1.5	1	7	4	3	19	2945	19	2945	0.0042088	0.000825348	0.00333914	0.0059086	155	0	155	155	
1.25	1.5	1	8	1	3	9	1395	10	1550	0.00367812	0.000341395	0.00318039	0.00406396	155	0	155	155	
1.25	1.5	1	9	15	3	8	1240	8	1240	0.00360826	0.000271707	0.00331964	0.00399898	155	0	155	155	
1.25	1.5	1	10	13	3	9	1395	8	1240	0.00357922	0.000201629	0.00327125	0.00383675	155	0	155	155	
1.5	1.75	1	1	3	4	10	1550	11	1705	0.00368254	0.00060334	0.00308935	0.00527192	155	0	155	155	
1.5	1.75	1	2	16	3	9	1395	8	1240	0.00351602	0.00025202	0.00327853	0.0039893	155	0	155	155	
1.5	1.75	1	3	11	3	14	2170	13	2015	0.0039652	0.00103955	0.00307733	0.00692196	155	0	155	155	
1.5	1.75	1	4	14	3	11	1705	11	1705	0.00425141	0.00142846	0.00305097	0.00825731	155	0	155	155	
1.5	1.75	1	5	2	3	11	1705	11	1705	0.00361938	0.00045055	0.00309487	0.00465575	155	0	155	155	
1.5	1.75	1	6	12	3	10	1550	10	1550	0.00363041	0.000318039	0.00305087	0.00400792	155	0	155	155	
1.5	1.75	1	7	4	3	9	1395	9	1395	0.00344458	0.000267674	0.00320593	0.00409327	155	0	155	155	
1.5	1.75	1	8	1	3	10	1550	10	1550	0.00343072	0.00032844	0.00303164	0.00399418	155	0	155	155	
1.5	1.75	1	9	15	3	10	1550	10	1550	0.00364677	0.000307972	0.00316763	0.00422157	155	0	155	155	
1.5	1.75	1	10	13	3	12	1860	12	1860	0.00374629	0.000384373	0.00329462	0.0046546	155	0	155	155	
1.75	2	1	1	3	4	14	2170	14	2170	0.00433168	0.000982535	0.00323231	0.00593896	155	0	155	155	
1.75	2	1	2	16	3	12	1860	13	2015	0.00352198	0.000370937	0.00309204	0.00441775	155	0	155	155	
1.75	2	1	3	11	3	12	1860	13	2015	0.00401126	0.000661023	0.00300091	0.00565371	155	0	155	155	
1.75	2	1	4	14	3	14	2170	14	2170	0.00371335	0.000841713	0.00303356	0.00620676	155	0	155	155	
1.75	2	1	5	2	3	11	1705	11	1705	0.00367229	0.000223024	0.00333331	0.00391233	155	0	155	155	
1.75	2	1	6	12	3	12	1860	12	1860	0.00401781	0.000963644	0.00313152	0.00590162	155	0	155	155	
1.75	2	1	7	4	3	10	1550	10	1550	0.00372913	0.000699994	0.00300927	0.00499231	155	0	155	155	
1.75	2	1	8	1	3	14	2170	14	2170	0.00375521	0.000620673	0.00301737	0.00490895	155	0	155	155	
1.75	2	1	9	15	3	13	2015	13	2015	0.00351717	0.00031177	0.00309761	0.00398178	155	0	155	155	
1.75	2	1	10	13	3	10	1550	10	1550	0.00391949	0.000371976	0.00351239	0.00472218	155	0	155	155	
2	2.25	1	1	3	4	13	2015	13	2015	0.00383394	0.000733716	0.00302	0.00557275	155	0	155	155	
2	2.25	1	2	16	3	15	2325	14	2170	0.00348868	0.000301002	0.00301311	0.00407117	155	0	155	155	
2	2.25	1	3	11	3	12	1860	12	1860	0.00354561	0.000328589	0.00304354	0.00426587	155	0	155	155	
2	2.25	1	4	14	3	12	1860	12	1860	0.0039436	0.000808317	0.003027	0.00522513	155	0	155	155	
2	2.25	1	5	2	3	10	1550	10	1550	0.00375624	0.000409909	0.00320912	0.00461903	155	0	155	155	
2	2.25	1	6	12	3	11	1705	11	1705	0.00349446	0.000339306	0.00308683	0.00414899	155	0	155	155	
2	2.25	1	7	4	3	14	2170	14	2170	0.0041334	0.000972649	0.00312347	0.00699736	155	0	155	155	
2	2.25	1	8	1	3	7	1085	7	1085	0.00366116	0.000363266	0.00300644	0.00407475	155	0	155	155	
2	2.25	1	9	15	3	12	1860	12	1860	0.00384261	0.000946306	0.00315219	0.00659282	155	0	155	155	
2	2.25	1	10	13	3	15	2325	16	2480	0.00374668	0.00103706	0.00307836	0.00707829	155	0	155	155	
2.25	2.5	1	1	3	4	9	1395	9	1395	0.00390809	0.000674199	0.00302292	0.00489468	155	0	155	155	
2.25	2.5	1	2	16	3	9	1395	10	1550	0.00382661	0.000677737	0.0030007	0.00499511	155	0	155	155	
2.25	2.5	1	3	11	3	10	1550	10	1550	0.00361343	0.000883375	0.00304113	0.0059596	155	0	155	155	
2.25	2.5	1	4	14	3	12	1860	12	1860	0.00371012	0.000620069	0.00312556	0.00487066	155	0	155	155	
2.25	2.5	1	5	2	3	9	1395	9	1395	0.003638	0.000444248	0.00300239	0.0045721	155	0	155	155	
2.25	2.5	1	6	12	3	11	1705	11	1705	0.00355406	0.000440504	0.00312415	0.00452297	155	0	155	155	
2.25	2.5	1	7	4	3	10	1550	10	1550	0.00380992	0.000434195	0.00315765	0.00482004	155	0	155	155	
2.25	2.5	1	8	1	3	12	1860	12	1860	0.00358518	0.000451261	0.00301267	0.00455413	155	0	155	155	
2.25	2.5	1	9	15	3	11	1705	11	1705	0.00367286	0.000725214	0.00301193	0.00510704	155	0	155	155	
2.25	2.5	1	10	13	3	16	2480	16	2480	0.00414583	0.00170434	0.00303396	0.0102006	155	0	155	155	
2.5	2.75	1	1	3	4	15	2325	13	2015	0.00363413	0.00039189	0.00300097	0.00438001	155	0	155	155	
2.5	2.75	1	2	16	3	13	2015	13	2015	0.00392325	0.000870445	0.00300526	0.00599357	155	0	155	155	
2.5	2.75	1	3	11	3	11	1705	11	1705	0.00353298	0.000376681	0.00318726	0.00447115	155	0	155	155	
2.5	2.75	1	4	14	3	12	1860	10	1550	0.00368332	0.000297491	0.00338712	0.00427674	155	0	155	155	
2.5	2.75	1	5	2	3	11	1705	11	1705	0.00356103	0.000589474	0.00300813	0.00498157	155	0	155	155	
2.5	2.75	1	6	12	3	9	1395	8	1240	0.00396808	0.00146701	0.00302641	0.00752603	155	0	155	155	
2.5	2.75	1	7	4	3	13	2015	13	2015	0.00354644	0.000408331	0.00302693	0.00440548	155	0	155	155	
2.5	2.75	1	8	1	3	11	1705	11	1705	0.00404327	0.000927124	0.003146	0.00651663	155	0	155	155	
2.5	2.75	1	9	15	3	10	1550	10	1550	0.00363385	0.000681456	0.00307933	0.00546729	155	0	155	155	
2.5	2.75	1	10	13	3	10	1550	9	1395	0.00352841	0.000350259	0.00301679	0.00396612	155	0	155	155	
2.75	3	1	1	3	4	10	1550	11	1705	0.0040514	0.00132372	0.00324412	0.00785472	155	0	155	155	
2.75	3	1	2	16	3	9	1395	8	1240	0.00358141	0.000330304	0.00311059	0.0039968	155	0	155	155	
2.75	3	1	3	11	3	11	1705	11	1705	0.00418013	0.00100868	0.00327602	0.00646619	155	0	155	155	
2.75	3	1	4	14	3	11	1705	13	2015	0.0049163	0.00227752	0.00302717	0.0112385	155	0	155	155	
2.75	3	1	5	2	3	11	1705	11	1705	0.00378282	0.000806742	0.00303563	0.00545058	155	0	155	155	
2.75	3	1	6	12	3	8	1240	9	1395	0.00379842	0.000527266	0.00305513	0.00497912	155	0	155	155	
2.75	3	1	7	4	3	11	1705	10	1550	0.00370315	0.000596539	0.00300669	0.00499782	155	0	155	155	
2.75	3	1	8	1	3	14	2170	14	2170	0.00405408	0.000748469	0.00317367	0.00522431	155	0	155	155	
2.75	3	1	9	15	3	11	1705	11	1705	0.00406732	0.00122567	0.00324187	0.00763948	155	0	155	155	
2.75	3	1	10	13	3	12	1860	13	2015	0.00375313	0.000502281	0.00302157	0.00493226	155	0	155	155	
3	3.25	1	1	3	4	13	2015	13	2015	0.00400136	0.000847913	0.00321822	0.00582668	155	0	155	155	
3	3.25	1	2	16	3	15	2325	16	2480	0.0038965	0.000779989	0.00306426	0.00581661	155	0	155	155	
3	3.25	1	3	11	3	11	1705	10	1550	0.00360351	0.000420812	0.00320749	0.00463147	155	0	155	155	
3	3.25	1	4	14	3	11	1705	11	1705	0.00359208	0.000231902	0.00310125	0.00392115	155	0	155	155	
3	3.25	1	5	2	3	12	1860	12	1860	0.00411627	0.000752758	0.00340637	0.00612482	155	0	155	155	
3	3.25	1	6	12	3	10	1550	10	1550	0.00387869	0.00074965	0.00314713	0.00588885	155	0	155	155	
3	3.25	1	7	4	3	11	1705	11	1705	0.00366227	0.000494932	0.00300154	0.00467851	155	0	155	155	
3	3.25	1	8	1	3	11	1705	11	1705	0.0037819	0.000912595	0.0031389	0.00574926	155	0	155	155	
3	3.25	1	9	15	3	9	1395	9	1395	0.00365396	0.000561793	0.00310866	0.00489837	155	0	155	155	
3	3.25	1	10	13	3	11	1705	10	1550	0.00365392	0.000611713	0.00305947	0.00480256	155	0	155	155	
3.25	3.5	1	1	3	4	12	1860	13	2015	0.00398241	0.00101057	0.00301648	0.00687395	155	0	155	155	
3.25	3.5	1	2	16	3	12	1860	12	1860	0.00367429	0.000676848	0.00306833	0.00536211	155	0	155	155	
3.25	3.5	1	3	11	3	12	1860	13	2015	0.0036505	0.000397349	0.00315153	0.00463568	155	0	155	155	
3.25	3.5	1	4	14	3	12	1860	12	1860	0.00449643	0.00203483	0.00306585	0.0103662	155	0	155	155	
3.25	3.5	1	5	2	3	12	1860	12	1860	0.0034916	0.0002713	0.00306351	0.00390783	155	0	155	155	
3.25	3.5	1	6	12	3	17	2635	17	2635	0.00378524	0.000550404	0.00313626	0.00537997	155	0	155	155	
3.25	3.5	1	7	4	3	9	1395	10	1550	0.0036268	0.000690433	0.00305197	0.004943	155	0	155	155	
3.25	3.5	1	8	1	3	11	1705	11	1705	0.00332103	0.000250287	0.00300482	0.00374731	155	0	155	155	
3.25	3.5	1	9	15	3	13	2015	12	1860	0.00357528	0.000510039	0.00306518	0.00492971	155	0	155	155	
3.25	3.5	1	10	13	3	13	2015	14	2170	0.00384994	0.00075518	0.00314269	0.00524612	155	0	155	155	
3.5	3.75	1	1	3	4	13	2015	12	1860	0.00373071	0.000376395	0.00312318	0.00442872	155	0	155	155	
3.5	3.75	1	2	16	3	14	2170	14	2170	0.0038977	0.000596276	0.00303845	0.00512034	155	0	155	155	
3.5	3.75	1	3	11	3	14	2170	13	2015	0.0040927	0.00145774	0.00308088	0.00798767	155	0	155	155	
3.5	3.75	1	4	14	3	12	1860	12	1860	0.00375049	0.000546347	0.0031221	0.00509836	155	0	155	155	
3.5	3.75	1	5	2	3	9	1395	9	1395	0.00359062	0.000487856	0.00300225	0.00447701	155	0	155	155	
3.5	3.75	1	6	12	3	9	1395	9	1395	0.00377238	0.000363176	0.00337006	0.00439473	155	0	155	155	
3.5	3.75	1	7	4	3	13	2015	13	2015	0.00387844	0.000356021	0.00303409	0.00456808	155	0	155	155	
3.5	3.75	1	8	1	3	9	1395	9	1395	0.00355662	0.000221834	0.00309484	0.0037978	155	0	155	155	
3.5	3.75	1	9	15	3	15	2325	16	2480	0.00410555	0.00109536	0.00302902	0.00727828	155	0	155	155	
3.5	3.75	1	10	13	3	9	1395	9	1395	0.00357989	0.000528791	0.00307323	0.00480272	155	0	155	155	
3.75	4	1	1	3	4	9	1395	10	1550	0.00365455	0.000511446	0.00317392	0.0049723	155	0	155	155	
3.75	4	1	2	16	3	10	1550	10	1550	0.00344179	0.000284773	0.00301766	0.00383384	155	0	155	155	
3.75	4	1	3	11	3	13	2015	14	2170	0.00408	0.00085149	0.00301397	0.0059349	155	0	155	155	
3.75	4	1	4	14	3	14	2170	14	2170	0.00436195	0.00139055	0.00325117	0.0072083	155	0	155	155	
3.75	4	1	5	2	3	11	1705	11	1705	0.00361174	0.000541416	0.00308706	0.00486668	155	0	155	155	
3.75	4	1	6	12	3	14	2170	14	2170	0.00404625	0.00119224	0.00305241	0.00753517	155	0	155	155	
3.75	4	1	7	4	3	14	2170	13	2015	0.00408862	0.000875013	0.00333989	0.00627065	155	0	155	155	
3.75	4	1	8	1	3	15	2325	15	2325	0.00376462	0.000356427	0.00324031	0.00445842	155	0	155	155	
3.75	4	1	9	15	3	10	1550	10	1550	0.00351739	0.000560321	0.00303985	0.00496131	155	0	155	155	
3.75	4	1	10	13	3	12	1860	12	1860	0.00333366	0.000286725	0.00306267	0.00398465	155	0	155	155	
4	4.25	1	1	3	4	9	1395	9	1395	0.0037725	0.000672631	0.00301228	0.00483939	155	0	155	155	
4	4.25	1	2	16	3	12	1860	12	1860	0.00377129	0.000766984	0.00303918	0.00586345	155	0	155	155	
4	4.25	1	3	11	3	15	2325	15	2325	0.00373373	0.000693624	0.00306204	0.00518405	155	0	155	155	
4	4.25	1	4	14	3	12	1860	12	1860	0.00340223	0.000263147	0.0030774	0.00393886	155	0	155	155	
4	4.25	1	5	2	3	16	2480	16	2480	0.0037089	0.000705323	0.00305286	0.00510355	155	0	155	155	
4	4.25	1	6	12	3	9	1395	9	1395	0.00364499	0.000452806	0.00314956	0.00471312	155	0	155	155	
4	4.25	1	7	4	3	11	1705	11	1705	0.00378171	0.000630747	0.0030366	0.00524419	155	0	155	155	
4	4.25	1	8	1	3	7	1085	7	1085	0.00348862	0.000297515	0.00312055	0.00390307	155	0	155	155	
4	4.25	1	9	15	3	8	1240	8	1240	0.00360056	0.000222078	0.00323097	0.00393702	155	0	155	155	
4	4.25	1	10	13	3	12	1860	12	1860	0.00368323	0.000531304	0.00300488	0.00469178	155	0	155	155	
4.25	4.5	1	1	3	4	7	1085	7	1085	0.00343214	0.000299481	0.00305817	0.00370419	155	0	155	155	
4.25	4.5	1	2	16	3	12	1860	12	1860	0.00364579	0.000565368	0.00311308	0.00501714	155	0	155	155	
4.25	4.5	1	3	11	3	12	1860	12	1860	0.00378721	0.000746351	0.0030505	0.00568647	155	0	155	155	
4.25	4.5	1	4	14	3	7	1085	7	1085	0.00361418	0.000332591	0.0030889	0.00397543	155	0	155	155	
4.25	4.5	1	5	2	3	11	1705	11	1705	0.00381639	0.000765417	0.00301627	0.00552894	155	0	155	155	
4.25	4.5	1	6	12	3	10	1550	10	1550	0.00352393	0.000403304	0.00300446	0.0041023	155	0	155	155	
4.25	4.5	1	7	4	3	7	1085	8	1240	0.00339488	0.000461209	0.00303327	0.00439193	155	0	155	155	
4.25	4.5	1	8	1	3	14	2170	14	2170	0.00380755	0.000898024	0.00301998	0.0062446	155	0	155	155	
4.25	4.5	1	9	15	3	11	1705	11	1705	0.00385238	0.000784098	0.00301994	0.0059236	155	0	155	155	
4.25	4.5	1	10	13	3	12	1860	12	1860	0.00383667	0.000736601	0.00301315	0.00557444	155	0	155	155	
4.5	4.75	1	1	3	4	10	1550	10	1550	0.00352026	0.000320227	0.0030456	0.00394832	155	0	155	155	
4.5	4.75	1	2	16	3	11	1705	10	1550	0.00372709	0.000390833	0.00320576	0.0043539	155	0	155	155	
4.5	4.75	1	3	11	3	12	1860	12	1860	0.00419527	0.00116625	0.00301085	0.00653015	155	0	155	155	
4.5	4.75	1	4	14	3	9	1395	9	1395	0.00391149	0.000797889	0.00328929	0.0059752	155	0	155	155	
4.5	4.75	1	5	2	3	11	1705	11	1705	0.00377029	0.000362377	0.00330804	0.0045812	155	0	155	155	
4.5	4.75	1	6	12	3	10	1550	10	1550	0.00391529	0.000922288	0.00300204	0.00616147	155	0	155	155	
4.5	4.75	1	7	4	3	14	2170	14	2170	0.00373583	0.000666941	0.00301946	0.00547655	155	0	155	155	
4.5	4.75	1	8	1	3	10	1550	10	1550	0.00355129	0.000347384	0.00306008	0.00407194	155	0	155	155	
4.5	4.75	1	9	15	3	9	1395	8	1240	0.00353942	0.000286266	0.00316192	0.00390935	155	0	155	155	
4.5	4.75	1	10	13	3	10	1550	10	1550	0.00369491	0.000764013	0.00302235	0.00553538	155	0	155	155	
4.75	5	1	1	3	4	9	1395	8	1240	0.00338992	0.000269953	0.00310568	0.00391229	155	0	155	155	
4.75	5	1	2	16	3	14	2170	15	2325	0.00406714	0.0010149	0.00303112	0.00651173	155	0	155	155	
4.75	5	1	3	11	3	10	1550	10	1550	0.00363318	0.000379327	0.00310853	0.00451161	155	0	155	155	
4.75	5	1	4	14	3	12	1860	12	1860	0.00352569	0.000378247	0.00300207	0.00412839	155	0	155	155	
4.75	5	1	5	2	3	13	2015	12	1860	0.00395702	0.000870671	0.00310366	0.00528163	155	0	155	155	
4.75	5	1	6	12	3	10	1550	10	1550	0.00376666	0.000733861	0.00304699	0.00568694	155	0	155	155	
4.75	5	1	7	4	3	10	1550	10	1550	0.00357461	0.000496737	0.00309835	0.00482312	155	0	155	155	
4.75	5	1	8	1	3	15	2325	14	2170	0.00431479	0.00101597	0.00314188	0.00619526	155	0	155	155	
4.75	5	1	9	15	3	12	1860	13	2015	0.00370266	0.00065476	0.00302012	0.00510337	155	0	155	155	
4.75	5	1	10	13	3	9	1395	9	1395	0.00333946	0.000311443	0.00301928	0.00386954	155	0	155	155	
5	5.25	1	1	3	4	11	1705	11	1705	0.0039018	0.000886046	0.00300309	0.00579709	155	0	155	155	
5	5.25	1	2	16	3	9	1395	9	1395	0.00354338	0.000570858	0.00301619	0.00470709	155	0	155	155	
5	5.25	1	3	11	3	10	1550	10	1550	0.00379081	0.000806935	0.00311689	0.00579161	155	0	155	155	
5	5.25	1	4	14	3	12	1860	12	1860	0.00417366	0.00109007	0.00302139	0.00613761	155	0	155	155	
5	5.25	1	5	2	3	10	1550	11	1705	0.00363433	0.000464718	0.00302256	0.0046003	155	0	155	155	
5	5.25	1	6	12	3	8	1240	8	1240	0.00351779	0.00027354	0.00307085	0.00381893	155	0	155	155	
5	5.25	1	7	4	3	13	2015	13	2015	0.0038221	0.000359167	0.00327652	0.0045178	155	0	155	155	
5	5.25	1	8	1	3	12	1860	13	2015	0.00353939	0.000361423	0.00309844	0.00452114	155	0	155	155	
5	5.25	1	9	15	3	12	1860	12	1860	0.00381971	0.000694729	0.00310033	0.00581339	155	0	155	155	
5	5.25	1	10	13	3	9	1395	8	1240	0.0037822	0.000554383	0.00322852	0.00491541	155	0	155	155	
5.25	5.5	1	1	3	4	14	2170	14	2170	0.00392132	0.000896588	0.00305066	0.005935	155	0	155	155	
5.25	5.5	1	2	16	3	12	1860	12	1860	0.00338735	0.000304412	0.00304581	0.00394604	155	0	155	155	
5.25	5.5	1	3	11	3	11	1705	11	1705	0.0035175	0.000390126	0.00305362	0.00418755	155	0	155	155	
5.25	5.5	1	4	14	3	12	1860	11	1705	0.00390146	0.00103128	0.00300755	0.00671536	155	0	155	155	
5.25	5.5	1	5	2	3	12	1860	12	1860	0.00384399	0.000587035	0.00316061	0.00478159	155	0	155	155	
5.25	5.5	1	6	12	3	12	1860	12	1860	0.00349079	0.000257628	0.00310611	0.00396945	155	0	155	155	
5.25	5.5	1	7	4	3	8	1240	8	1240	0.00352251	0.000370207	0.00318934	0.00436671	155	0	155	155	
5.25	5.5	1	8	1	3	14	2170	14	2170	0.00426201	0.000996904	0.00300752	0.00653162	155	0	155	155	
5.25	5.5	1	9	15	3	14	2170	14	2170	0.00446043	0.0013009	0.00301019	0.00782193	155	0	155	155	
5.25	5.5	1	10	13	3	12	1860	13	2015	0.00384765	0.000651899	0.00323162	0.00547465	155	0	155	155	
5.5	5.75	1	1	3	4	10	1550	11	1705	0.00374947	0.000613217	0.00309817	0.00493151	155	0	155	155	
5.5	5.75	1	2	16	3	8	1240	8	1240	0.0034783	0.000342463	0.00306953	0.00397326	155	0	155	155	
5.5	5.75	1	3	11	3	12	1860	12	1860	0.00351205	0.000381589	0.00303823	0.00453415	155	0	155	155	
5.5	5.75	1	4	14	3	9	1395	10	1550	0.00385043	0.000608956	0.003189	0.00488396	155	0	155	155	
5.5	5.75	1	5	2	3	12	1860	12	1860	0.00376767	0.000514675	0.00307478	0.00484003	155	0	155	155	
5.5	5.75	1	6	12	3	9	1395	8	1240	0.00356758	0.000265049	0.00314086	0.00390368	155	0	155	155	
5.5	5.75	1	7	4	3	8	1240	8	1240	0.0032691	0.000220048	0.00303546	0.00358282	155	0	155	155	
5.5	5.75	1	8	1	3	13	2015	13	2015	0.00381618	0.000520101	0.00303326	0.00473431	155	0	155	155	
5.5	5.75	1	9	15	3	11	1705	11	1705	0.00399014	0.000753589	0.00333953	0.00586079	155	0	155	155	
5.5	5.75	1	10	13	3	12	1860	12	1860	0.00360902	0.000530364	0.00303044	0.00477514	155	0	155	155	
5.75	6	1	1	3	4	14	2170	14	2170	0.00420472	0.00115307	0.0030275	0.00688501	155	0	155	155	
5.75	6	1	2	16	3	12	1860	12	1860	0.00369598	0.000600887	0.00302647	0.00510174	155	0	155	155	
5.75	6	1	3	11	3	9	1395	9	1395	0.00362391	0.000663101	0.00301399	0.00507758	155	0	155	155	
5.75	6	1	4	14	3	12	1860	12	1860	0.00382063	0.000645517	0.00307513	0.00498473	155	0	155	155	
5.75	6	1	5	2	3	10	1550	10	1550	0.00373797	0.000417437	0.00318172	0.00446767	155	0	155	155	
5.75	6	1	6	12	3	10	1550	11	1705	0.00367994	0.000706402	0.00303614	0.00553097	155	0	155	155	
5.75	6	1	7	4	3	12	1860	12	1860	0.00366027	0.000789682	0.00300297	0.00596443	155	0	155	155	
5.75	6	1	8	1	3	8	1240	8	1240	0.00362637	0.00032388	0.00309493	0.00414165	155	0	155	155	
5.75	6	1	9	15	3	14	2170	14	2170	0.00411225	0.00106084	0.00303197	0.00580282	155	0	155	155	
5.75	6	1	10	13	3	15	2325	15	2325	0.00398085	0.00129895	0.00301524	0.00812671	155	0	155	155	
6	6.25	1	1	3	4	10	1550	10	1550	0.00356746	0.00048022	0.00315065	0.0044104	155	0	155	155	
6	6.25	1	2	16	3	13	2015	13	2015	0.00458536	0.00145688	0.00330717	0.00839822	155	0	155	155	
6	6.25	1	3	11	3	14	2170	14	2170	0.00396297	0.000825365	0.00301477	0.00624627	155	0	155	155	
6	6.25	1	4	14	3	13	2015	13	2015	0.00419315	0.00118704	0.00340244	0.00783511	155	0	155	155	
6	6.25	1	5	2	3	11	1705	11	1705	0.00359507	0.000373598	0.00313986	0.00410203	155	0	155	155	
6	6.25	1	6	12	3	13	2015	12	1860	0.00368054	0.00097732	0.00301375	0.00668428	155	0	155	155	
6	6.25	1	7	4	3	12	1860	11	1705	0.00361856	0.000304775	0.00303224	0.00401832	155	0	155	155	
6	6.25	1	8	1	3	10	1550	10	1550	0.00404504	0.00125049	0.00322664	0.00748621	155	0	155	155	
6	6.25	1	9	15	3	9	1395	9	1395	0.00383687	0.00103404	0.00316325	0.00646903	155	0	155	155	
6	6.25	1	10	13	3	11	1705	11	1705	0.00377295	0.000645165	0.00302903	0.00541595	155	0	155	155	
6.25	6.5	1	1	3	4	13	2015	13	2015	0.00371741	0.000415565	0.00336844	0.00499625	155	0	155	155	
6.25	6.5	1	2	16	3	8	1240	8	1240	0.00380529	0.000748287	0.00317797	0.00554855	155	0	155	155	
6.25	6.5	1	3	11	3	8	1240	8	1240	0.00368466	0.000327952	0.00310758	0.00405051	155	0	155	155	
6.25	6.5	1	4	14	3	8	1240	8	1240	0.00360137	0.000513602	0.00304574	0.0046518	155	0	155	155	
6.25	6.5	1	5	2	3	11	1705	11	1705	0.00384256	0.000832675	0.00306781	0.0057876	155	0	155	155	
6.25	6.5	1	6	12	3	8	1240	9	1395	0.00368657	0.00058572	0.00306073	0.00482482	155	0	155	155	
6.25	6.5	1	7	4	3	10	1550	11	1705	0.00357046	0.000422681	0.00315328	0.00453732	155	0	155	155	
6.25	6.5	1	8	1	3	15	2325	14	2170	0.0038186	0.000928543	0.00308323	0.00603773	155	0	155	155	
6.25	6.5	1	9	15	3	10	1550	10	1550	0.00333184	0.000249482	0.00303052	0.00371078	155	0	155	155	
6.25	6.5	1	10	13	3	13	2015	13	2015	0.00393778	0.000632196	0.00308327	0.00532773	155	0	155	155	
6.5	6.75	1	1	3	4	11	1705	10	1550	0.00364723	0.000750672	0.00301418	0.00548069	155	0	155	155	
6.5	6.75	1	2	16	3	10	1550	9	1395	0.0036386	0.000278685	0.00316337	0.00402059	155	0	155	155	
6.5	6.75	1	3	11	3	15	2325	15	2325	0.00397861	0.000994207	0.00305266	0.00685629	155	0	155	155	
6.5	6.75	1	4	14	3	11	1705	10	1550	0.00348218	0.000383044	0.00303739	0.00414149	155	0	155	155	
6.5	6.75	1	5	2	3	11	1705	11	1705	0.00369397	0.000387472	0.00323322	0.00449464	155	0	155	155	
6.5	6.75	1	6	12	3	12	1860	12	1860	0.00388676	0.000684734	0.00331407	0.00587348	155	0	155	155	
6.5	6.75	1	7	4	3	14	2170	14	2170	0.00413046	0.000878206	0.00314805	0.00573733	155	0	155	155	
6.5	6.75	1	8	1	3	11	1705	12	1860	0.00392099	0.000656649	0.00341522	0.0056039	155	0	155	155	
6.5	6.75	1	9	15	3	9	1395	9	1395	0.00401099	0.000798511	0.00316266	0.00565457	155	0	155	155	
6.5	6.75	1	10	13	3	8	1240	8	1240	0.0047594	0.00147043	0.00321362	0.00707888	155	0	155	155	
