% start	end	CellId	IMSI	RNTI	LCID	nTxPDUs	TxBytes	nRxPDUs	RxBytes	delay	stdDev	min	max	PduSize	stdDev	min	max
0	0.25	1	1	3	4	12	1860	12	1860	0.0036813	0.000292374	0.00334645	0.0044378	155	0	155	155	
0	0.25	1	2	11	3	9	1395	9	1395	0.0039784	0.00064222	0.00313004	0.00495985	155	0	155	155	
0	0.25	1	3	14	3	9	1395	9	1395	0.00379592	0.000947209	0.00301526	0.00599728	155	0	155	155	
0	0.25	1	4	9	3	11	1705	11	1705	0.003831	0.000814302	0.00314487	0.00543318	155	0	155	155	
0	0.25	1	5	1	3	12	1860	12	1860	0.00429612	0.000977297	0.00302556	0.00599276	155	0	155	155	
0	0.25	1	6	4	3	7	1085	7	1085	0.00345761	0.000311169	0.00313177	0.00393785	155	0	155	155	
0	0.25	1	7	10	3	10	1550	10	1550	0.00360982	0.00052135	0.00309681	0.00494241	155	0	155	155	
0	0.25	1	8	2	3	10	1550	10	1550	0.00433295	0.00176123	0.00303699	0.00783357	155	0	155	155	
0	0.25	1	9	13	3	10	1550	10	1550	0.00379471	0.000697117	0.00303827	0.004899	155	0	155	155	
0	0.25	1	10	12	3	6	930	6	930	0.00342708	0.000302457	0.00308965	0.00392962	155	0	155	155	
0.25	0.5	1	1	3	4	10	1550	9	1395	0.00366225	0.000665426	0.00300143	0.00519365	155	0	155	155	
0.25	0.5	1	2	11	3	10	1550	10	1550	0.00356724	0.000332227	0.00306243	0.00395804	155	0	155	155	
0.25	0.5	1	3	14	3	11	1705	11	1705	0.00371164	0.000381502	0.00316988	0.00458105	155	0	155	155	
0.25	0.5	1	4	9	3	9	1395	9	1395	0.00354873	0.000306969	0.00312409	0.00398503	155	0	155	155	
0.25	0.5	1	5	1	3	15	2325	15	2325	0.00427601	0.00098783	0.00307377	0.00655304	155	0	155	155	
0.25	0.5	1	6	4	3	15	2325	14	2170	0.00363449	0.000376116	0.00315831	0.0043141	155	0	155	155	
0.25	0.5	1	7	10	3	11	1705	11	1705	0.00400183	0.000525518	0.00304276	0.00463738	155	0	155	155	
0.25	0.5	1	8	2	3	8	1240	7	1085	0.00377381	0.000393448	0.00312955	0.00428426	155	0	155	155	
0.25	0.5	1	9	13	3	12	1860	12	1860	0.00385557	0.000812471	0.00302716	0.00547318	155	0	155	155	
0.25	0.5	1	10	12	3	9	1395	9	1395	0.00358386	0.000294398	0.003111	0.00389389	155	0	155	155	
0.5	0.75	1	1	3	4	10	1550	11	1705	0.00355088	0.000471435	0.00300752	0.00438706	155	0	155	155	
0.5	0.75	1	2	11	3	14	2170	14	2170	0.0040956	0.00111695	0.00301098	0.00678472	155	0	155	155	
0.5	0.75	1	3	14	3	11	1705	11	1705	0.00411301	0.000296824	0.0037106	0.00467053	155	0	155	155	
0.5	0.75	1	4	9	3	7	1085	7	1085	0.00341147	0.000242467	0.00313697	0.0037512	155	0	155	155	
0.5	0.75	1	5	1	3	8	1240	8	1240	0.00351535	0.000151177	0.00333885	0.00382402	155	0	155	155	
0.5	0.75	1	6	4	3	12	1860	13	2015	0.00451379	0.00133048	0.00323055	0.00772309	155	0	155	155	
0.5	0.75	1	7	10	3	11	1705	11	1705	0.00399629	0.00108839	0.00303473	0.00690072	155	0	155	155	
0.5	0.75	1	8	2	3	14	2170	15	2325	0.00378995	0.000625321	0.00302293	0.00496956	155	0	155	155	
0.5	0.75	1	9	13	3	14	2170	14	2170	0.00403371	0.00132996	0.00301646	0.0081999	155	0	155	155	
0.5	0.75	1	10	12	3	12	1860	12	1860	0.00347928	0.000431026	0.00301865	0.00418538	155	0	155	155	
0.75	1	1	1	3	4	12	1860	12	1860	0.00364524	0.00036852	0.00309529	0.00426017	155	0	155	155	
0.75	1	1	2	11	3	10	1550	10	1550	0.00395203	0.0007911	0.00319349	0.00587189	155	0	155	155	
0.75	1	1	3	14	3	10	1550	10	1550	0.00361818	0.00029163	0.00311449	0.00398829	155	0	155	155	
0.75	1	1	4	9	3	10	1550	10	1550	0.00349343	0.000267901	0.00305298	0.00376874	155	0	155	155	
0.75	1	1	5	1	3	13	2015	13	2015	0.00381383	0.000810119	0.0030669	0.00590972	155	0	155	155	
0.75	1	1	6	4	3	9	1395	9	1395	0.00357535	0.000244642	0.00325481	0.00395259	155	0	155	155	
0.75	1	1	7	10	3	14	2170	14	2170	0.00416688	0.000895148	0.00318933	0.00606393	155	0	155	155	
0.75	1	1	8	2	3	12	1860	12	1860	0.00418109	0.00109624	0.00311564	0.00708481	155	0	155	155	
0.75	1	1	9	13	3	12	1860	12	1860	0.00391644	0.00161554	0.00304483	0.00892183	155	0	155	155	
0.75	1	1	10	12	3	13	2015	13	2015	0.00367003	0.000689794	0.00301479	0.00512902	155	0	155	155	
1	1.25	1	1	3	4	12	1860	12	1860	0.00380343	0.000557312	0.00301097	0.00464585	155	0	155	155	
1	1.25	1	2	11	3	9	1395	9	1395	0.00353752	0.000384468	0.00302016	0.00398726	155	0	155	155	
1	1.25	1	3	14	3	10	1550	10	1550	0.00410012	0.000774218	0.0031069	0.00502184	155	0	155	155	
1	1.25	1	4	9	3	11	1705	11	1705	0.00384083	0.000704772	0.00314694	0.00526678	155	0	155	155	
1	1.25	1	5	1	3	12	1860	12	1860	0.00418204	0.00106616	0.00303037	0.00678718	155	0	155	155	
1	1.25	1	6	4	3	10	1550	10	1550	0.00369089	0.000366938	0.00326271	0.00444436	155	0	155	155	
1	1.25	1	7	10	3	10	1550	10	1550	0.00340441	0.000298962	0.00306074	0.00388381	155	0	155	155	
1	1.25	1	8	2	3	15	2325	14	2170	0.00390108	0.00054191	0.00322486	0.00509807	155	0	155	155	
1	1.25	1	9	13	3	12	1860	12	1860	0.00371056	0.000773055	0.00311653	0.00578092	155	0	155	155	
1	1.25	1	10	12	3	14	2170	14	2170	0.00437415	0.00151606	0.00310979	0.00881798	155	0	155	155	
1.25	1.5	1	1	3	4	16	2480	15	2325	0.00458792	0.00161029	0.00316946	0.00911607	155	0	155	155	
1.25	1.5	1	2	11	3	11	1705	11	1705	0.00346585	0.000251296	0.00309754	0.00395093	155	0	155	155	
1.25	1.5	1	3	14	3	15	2325	15	2325	0.00366447	0.000624099	0.0030063	0.00518426	155	0	155	155	
1.25	1.5	1	4	9	3	15	2325	15	2325	0.0038592	0.000967186	0.00311887	0.00687449	155	0	155	155	
1.25	1.5	1	5	1	3	12	1860	12	1860	0.0035989	0.000404178	0.00302256	0.0043557	155	0	155	155	
1.25	1.5	1	6	4	3	13	2015	13	2015	0.00363924	0.000470084	0.0031514	0.00483118	155	0	155	155	
1.25	1.5	1	7	10	3	11	1705	10	1550	0.00357951	0.000336912	0.0031827	0.00422329	155	0	155	155	
1.25	1.5	1	8	2	3	20	3100	20	3100	0.00400659	0.000904788	0.00320535	0.00663701	155	0	155	155	
1.25	1.5	1	9	13	3	8	1240	8	1240	0.00359823	0.000533808	0.00306093	0.00470016	155	0	155	155	
1.25	1.5	1	10	12	3	12	1860	12	1860	0.00368861	0.000282089	0.00318964	0.00397902	155	0	155	155	
1.5	1.75	1	1	3	4	18	2790	19	2945	0.00413217	0.000885833	0.00301629	0.00658902	155	0	155	155	
1.5	1.75	1	2	11	3	7	1085	7	1085	0.00353905	0.000277142	0.0032352	0.0038955	155	0	155	155	
1.5	1.75	1	3	14	3	11	1705	11	1705	0.00369335	0.000668365	0.0030262	0.00540925	155	0	155	155	
1.5	1.75	1	4	9	3	14	2170	14	2170	0.00349372	0.000370222	0.00301094	0.00423388	155	0	155	155	
1.5	1.75	1	5	1	3	13	2015	13	2015	0.00385165	0.00085215	0.00304186	0.00613137	155	0	155	155	
1.5	1.75	1	6	4	3	13	2015	13	2015	0.00380637	0.00053532	0.00301793	0.00499361	155	0	155	155	
1.5	1.75	1	7	10	3	9	1395	10	1550	0.00352764	0.000354803	0.00300623	0.00397192	155	0	155	155	
1.5	1.75	1	8	2	3	15	2325	16	2480	0.00409254	0.000989618	0.00308771	0.00639878	155	0	155	155	
1.5	1.75	1	9	13	3	11	1705	11	1705	0.00388068	0.00104623	0.00300814	0.00685858	155	0	155	155	
1.5	1.75	1	10	12	3	11	1705	11	1705	0.00340876	0.000387136	0.00304589	0.00427749	155	0	155	155	
1.75	2	1	1	3	4	11	1705	11	1705	0.00354027	0.000502018	0.00302212	0.00452726	155	0	155	155	
1.75	2	1	2	11	3	16	2480	16	2480	0.00431268	0.00145109	0.00306395	0.00825955	155	0	155	155	
1.75	2	1	3	14	3	13	2015	13	2015	0.0037377	0.00108201	0.00303538	0.00719643	155	0	155	155	
1.75	2	1	4	9	3	9	1395	9	1395	0.0036024	0.000529616	0.00306805	0.00470386	155	0	155	155	
1.75	2	1	5	1	3	8	1240	7	1085	0.00350353	0.00031394	0.00328871	0.0041499	155	0	155	155	
1.75	2	1	6	4	3	8	1240	8	1240	0.00367824	0.000481418	0.00310715	0.00462235	155	0	155	155	
1.75	2	1	7	10	3	13	2015	12	1860	0.00368578	0.000437315	0.00306992	0.0044859	155	0	155	155	
1.75	2	1	8	2	3	10	1550	10	1550	0.00360296	0.000211489	0.00316612	0.00384404	155	0	155	155	
1.75	2	1	9	13	3	13	2015	13	2015	0.00386361	0.000771863	0.00303906	0.00596726	155	0	155	155	
1.75	2	1	10	12	3	12	1860	12	1860	0.00391445	0.000776063	0.00327368	0.00587474	155	0	155	155	
2	2.25	1	1	3	4	14	2170	14	2170	0.00409288	0.00125665	0.00311238	0.00791748	155	0	155	155	
2	2.25	1	2	11	3	11	1705	10	1550	0.00413415	0.00106855	0.00329333	0.00691383	155	0	155	155	
2	2.25	1	3	14	3	9	1395	9	1395	0.00387373	0.00088252	0.00300086	0.00549811	155	0	155	155	
2	2.25	1	4	9	3	13	2015	13	2015	0.00375385	0.000733825	0.00310492	0.00554004	155	0	155	155	
2	2.25	1	5	1	3	14	2170	15	2325	0.00405848	0.000951454	0.00304061	0.00669042	155	0	155	155	
2	2.25	1	6	4	3	6	930	6	930	0.00340063	0.000272396	0.00301997	0.00382163	155	0	155	155	
2	2.25	1	7	10	3	10	1550	11	1705	0.00434024	0.00134345	0.00303316	0.00779342	155	0	155	155	
2	2.25	1	8	2	3	12	1860	12	1860	0.00387182	0.000564217	0.00318321	0.0050829	155	0	155	155	
2	2.25	1	9	13	3	10	1550	10	1550	0.0037187	0.000658879	0.00306068	0.00539347	155	0	155	155	
2	2.25	1	10	12	3	13	2015	13	2015	0.00398413	0.00131091	0.00320391	0.00811834	155	0	155	155	
2.25	2.5	1	1	3	4	11	1705	11	1705	0.00350577	0.000321691	0.00308977	0.00398804	155	0	155	155	
2.25	2.5	1	2	11	3	12	1860	13	2015	0.00354524	0.000412023	0.00300554	0.00459858	155	0	155	155	
2.25	2.5	1	3	14	3	14	2170	14	2170	0.003854	0.00119419	0.00312147	0.00762858	155	0	155	155	
2.25	2.5	1	4	9	3	13	2015	13	2015	0.00374624	0.00109258	0.00308026	0.00724042	155	0	155	155	
2.25	2.5	1	5	1	3	13	2015	12	1860	0.00412442	0.000932576	0.00324715	0.00644599	155	0	155	155	
2.25	2.5	1	6	4	3	12	1860	11	1705	0.0036463	0.000494992	0.00300124	0.00467362	155	0	155	155	
2.25	2.5	1	7	10	3	12	1860	12	1860	0.00394989	0.000445904	0.00325985	0.00470464	155	0	155	155	
2.25	2.5	1	8	2	3	13	2015	13	2015	0.0038474	0.000977348	0.00301044	0.00667144	155	0	155	155	
2.25	2.5	1	9	13	3	9	1395	9	1395	0.0036812	0.000333728	0.00323409	0.00421532	155	0	155	155	
2.25	2.5	1	10	12	3	12	1860	12	1860	0.00414539	0.00142935	0.00320613	0.00776754	155	0	155	155	
2.5	2.75	1	1	3	4	12	1860	12	1860	0.00446125	0.00189137	0.0030921	0.00996009	155	0	155	155	
2.5	2.75	1	2	11	3	8	1240	8	1240	0.0035261	0.000241589	0.00308844	0.0037693	155	0	155	155	
2.5	2.75	1	3	14	3	14	2170	14	2170	0.00381316	0.000655463	0.00312503	0.00536144	155	0	155	155	
2.5	2.75	1	4	9	3	14	2170	14	2170	0.00394685	0.00144401	0.00301234	0.008421	155	0	155	155	
2.5	2.75	1	5	1	3	13	2015	14	2170	0.00430907	0.00137907	0.00338174	0.00866355	155	0	155	155	
2.5	2.75	1	6	4	3	13	2015	14	2170	0.00413736	0.00157334	0.00318891	0.00906693	155	0	155	155	
2.5	2.75	1	7	10	3	12	1860	12	1860	0.00400517	0.000752909	0.00306904	0.00570922	155	0	155	155	
2.5	2.75	1	8	2	3	14	2170	14	2170	0.00389599	0.000778737	0.00307357	0.00548658	155	0	155	155	
2.5	2.75	1	9	13	3	13	2015	13	2015	0.00370509	0.000461724	0.00319144	0.00472947	155	0	155	155	
2.5	2.75	1	10	12	3	11	1705	11	1705	0.00341198	0.000313248	0.00301059	0.0039369	155	0	155	155	
2.75	3	1	1	3	4	8	1240	8	1240	0.00336554	0.000260073	0.00309453	0.00375919	155	0	155	155	
2.75	3	1	2	11	3	14	2170	14	2170	0.00372892	0.000342923	0.00326895	0.00458273	155	0	155	155	
2.75	3	1	3	14	3	11	1705	10	1550	0.00373401	0.000510907	0.00317334	0.00502585	155	0	155	155	
2.75	3	1	4	9	3	12	1860	12	1860	0.00417704	0.0010405	0.00301947	0.00630648	155	0	155	155	
2.75	3	1	5	1	3	14	2170	14	2170	0.00435572	0.00124997	0.00305741	0.00672823	155	0	155	155	
2.75	3	1	6	4	3	12	1860	11	1705	0.00378436	0.000602329	0.0032223	0.00500139	155	0	155	155	
2.75	3	1	7	10	3	10	1550	10	1550	0.00336752	0.000250133	0.00305859	0.00369526	155	0	155	155	
2.75	3	1	8	2	3	13	2015	13	2015	0.00385642	0.000628608	0.00311736	0.0053653	155	0	155	155	
2.75	3	1	9	13	3	13	2015	13	2015	0.00395381	0.000517032	0.00341908	0.00487645	155	0	155	155	
2.75	3	1	10	12	3	13	2015	13	2015	0.00354088	0.000507698	0.0030076	0.00453631	155	0	155	155	
3	3.25	1	1	3	4	11	1705	11	1705	0.00346292	0.000309181	0.00302683	0.0039801	155	0	155	155	
3	3.25	1	2	11	3	12	1860	12	1860	0.00484461	0.00174885	0.00321238	0.00974379	155	0	155	155	
3	3.25	1	3	14	3	12	1860	13	2015	0.00358572	0.000753138	0.00300707	0.00565472	155	0	155	155	
3	3.25	1	4	9	3	13	2015	13	2015	0.00397917	0.000800782	0.00312856	0.00617705	155	0	155	155	
3	3.25	1	5	1	3	12	1860	12	1860	0.00482533	0.0020816	0.00314748	0.00975518	155	0	155	155	
3	3.25	1	6	4	3	10	1550	11	1705	0.00369269	0.000489262	0.00301559	0.0044243	155	0	155	155	
3	3.25	1	7	10	3	9	1395	9	1395	0.0035819	0.000320368	0.0031636	0.00392645	155	0	155	155	
3	3.25	1	8	2	3	13	2015	12	1860	0.00362063	0.00063495	0.00300952	0.00514013	155	0	155	155	
3	3.25	1	9	13	3	9	1395	9	1395	0.0035259	0.0001881	0.00321255	0.00377122	155	0	155	155	
3	3.25	1	10	12	3	13	2015	13	2015	0.00407083	0.000712097	0.00317038	0.00583289	155	0	155	155	
3.25	3.5	1	1	3	4	11	1705	11	1705	0.00371037	0.000680236	0.00300451	0.00491143	155	0	155	155	
3.25	3.5	1	2	11	3	9	1395	9	1395	0.00353762	0.000292683	0.00315098	0.00393469	155	0	155	155	
3.25	3.5	1	3	14	3	12	1860	12	1860	0.0037084	0.000593042	0.00305008	0.0049576	155	0	155	155	
3.25	3.5	1	4	9	3	12	1860	12	1860	0.00387141	0.00125313	0.00304467	0.00754233	155	0	155	155	
3.25	3.5	1	5	1	3	9	1395	9	1395	0.0037936	0.000539117	0.00316908	0.00484408	155	0	155	155	
3.25	3.5	1	6	4	3	11	1705	11	1705	0.00408577	0.000993593	0.00303849	0.00632002	155	0	155	155	
3.25	3.5	1	7	10	3	10	1550	10	1550	0.00351812	0.000259561	0.00323672	0.00396919	155	0	155	155	
3.25	3.5	1	8	2	3	6	930	7	1085	0.00393959	0.000799566	0.00314998	0.00533648	155	0	155	155	
3.25	3.5	1	9	13	3	10	1550	10	1550	0.0035456	0.000289074	0.00310903	0.00387426	155	0	155	155	
3.25	3.5	1	10	12	3	12	1860	12	1860	0.00411147	0.000682462	0.00306832	0.00540464	155	0	155	155	
3.5	3.75	1	1	3	4	11	1705	11	1705	0.00389933	0.000671409	0.00326165	0.00550398	155	0	155	155	
3.5	3.75	1	2	11	3	11	1705	11	1705	0.0036155	0.000668627	0.00300171	0.00539965	155	0	155	155	
3.5	3.75	1	3	14	3	12	1860	12	1860	0.00400667	0.0015593	0.00306415	0.00863601	155	0	155	155	
3.5	3.75	1	4	9	3	8	1240	7	1085	0.00360123	0.000290306	0.00329924	0.0039386	155	0	155	155	
3.5	3.75	1	5	1	3	7	1085	7	1085	0.00342918	0.000308555	0.00300627	0.00383659	155	0	155	155	
3.5	3.75	1	6	4	3	11	1705	10	1550	0.00377758	0.000477259	0.00308578	0.00489004	155	0	155	155	
3.5	3.75	1	7	10	3	14	2170	14	2170	0.00392118	0.000711	0.00317823	0.00546799	155	0	155	155	
3.5	3.75	1	8	2	3	14	2170	14	2170	0.00411034	0.000657559	0.00322219	0.00517469	155	0	155	155	
3.5	3.75	1	9	13	3	11	1705	11	1705	0.00366894	0.000447027	0.00308153	0.00448633	155	0	155	155	
3.5	3.75	1	10	12	3	9	1395	9	1395	0.0036207	0.000347406	0.00311333	0.00418359	155	0	155	155	
3.75	4	1	1	3	4	11	1705	11	1705	0.00373555	0.00044919	0.00333502	0.00493663	155	0	155	155	
3.75	4	1	2	11	3	12	1860	12	1860	0.00361669	0.000464433	0.0031102	0.00479902	155	0	155	155	
3.75	4	1	3	14	3	10	1550	9	1395	0.00375753	0.000444477	0.00326547	0.00478719	155	0	155	155	
3.75	4	1	4	9	3	12	1860	13	2015	0.00348012	0.000362788	0.00300593	0.00420452	155	0	155	155	
3.75	4	1	5	1	3	10	1550	10	1550	0.00371203	0.000384207	0.00301693	0.00447331	155	0	155	155	
3.75	4	1	6	4	3	12	1860	13	2015	0.00387167	0.00079104	0.00305138	0.00566096	155	0	155	155	
3.75	4	1	7	10	3	12	1860	12	1860	0.00420943	0.0011976	0.00307571	0.00623628	155	0	155	155	
3.75	4	1	8	2	3	8	1240	8	1240	0.00345429	0.000252041	0.00316584	0.00392291	155	0	155	155	
3.75	4	1	9	13	3	12	1860	11	1705	0.0036849	0.000253814	0.00332061	0.00429914	155	0	155	155	
3.75	4	1	10	12	3	12	1860	12	1860	0.00406049	0.00123592	0.0030062	0.00770026	155	0	155	155	
4	4.25	1	1	3	4	10	1550	10	1550	0.0035818	0.000293928	0.00304993	0.00397424	155	0	155	155	
4	4.25	1	2	11	3	12	1860	12	1860	0.00431795	0.000750796	0.00333746	0.00583402	155	0	155	155	
4	4.25	1	3	14	3	10	1550	11	1705	0.00405066	0.000692487	0.00321791	0.00520663	155	0	155	155	
4	4.25	1	4	9	3	14	2170	13	2015	0.0039625	0.000763353	0.00327564	0.0058494	155	0	155	155	
4	4.25	1	5	1	3	10	1550	9	1395	0.00356365	0.000288821	0.00304659	0.00387923	155	0	155	155	
4	4.25	1	6	4	3	17	2635	17	2635	0.00409333	0.00100323	0.00302668	0.00635594	155	0	155	155	
4	4.25	1	7	10	3	9	1395	9	1395	0.00357873	0.000329212	0.00303622	0.00392151	155	0	155	155	
4	4.25	1	8	2	3	12	1860	12	1860	0.00373422	0.000607995	0.00310492	0.00499944	155	0	155	155	
4	4.25	1	9	13	3	13	2015	14	2170	0.00373114	0.000684165	0.00304137	0.00526414	155	0	155	155	
4	4.25	1	10	12	3	10	1550	10	1550	0.00366843	0.000623086	0.0030314	0.00481334	155	0	155	155	
4.25	4.5	1	1	3	4	11	1705	11	1705	0.00372019	0.000655171	0.00301717	0.00514058	155	0	155	155	
4.25	4.5	1	2	11	3	13	2015	13	2015	0.00394185	0.00112809	0.00306579	0.0073652	155	0	155	155	
4.25	4.5	1	3	14	3	12	1860	12	1860	0.00397035	0.00053418	0.00332304	0.00499498	155	0	155	155	
4.25	4.5	1	4	9	3	9	1395	10	1550	0.00385745	0.000844351	0.00317214	0.00602625	155	0	155	155	
4.25	4.5	1	5	1	3	9	1395	10	1550	0.00347922	0.000353014	0.00304146	0.00406197	155	0	155	155	
4.25	4.5	1	6	4	3	13	2015	13	2015	0.00400285	0.000914355	0.00309507	0.00580207	155	0	155	155	
4.25	4.5	1	7	10	3	12	1860	12	1860	0.00384727	0.000843702	0.00303628	0.00551038	155	0	155	155	
4.25	4.5	1	8	2	3	10	1550	10	1550	0.00356618	0.000308042	0.00311608	0.00397515	155	0	155	155	
4.25	4.5	1	9	13	3	11	1705	11	1705	0.0035412	0.000327105	0.00304964	0.0041685	155	0	155	155	
4.25	4.5	1	10	12	3	9	1395	9	1395	0.0034086	0.000246061	0.00307461	0.00383264	155	0	155	155	
4.5	4.75	1	1	3	4	12	1860	12	1860	0.00406376	0.000594861	0.00309995	0.00521242	155	0	155	155	
4.5	4.75	1	2	11	3	8	1240	8	1240	0.00367953	0.000352698	0.00301271	0.0039999	155	0	155	155	
4.5	4.75	1	3	14	3	12	1860	12	1860	0.00376126	0.000672234	0.00312936	0.00531853	155	0	155	155	
4.5	4.75	1	4	9	3	11	1705	11	1705	0.00363488	0.000461956	0.00307876	0.00474264	155	0	155	155	
4.5	4.75	1	5	1	3	11	1705	11	1705	0.00379571	0.000687405	0.00305361	0.00535831	155	0	155	155	
4.5	4.75	1	6	4	3	13	2015	13	2015	0.00364719	0.000923972	0.00300141	0.0065162	155	0	155	155	
4.5	4.75	1	7	10	3	7	1085	7	1085	0.00331983	0.000215433	0.0030577	0.00369447	155	0	155	155	
4.5	4.75	1	8	2	3	8	1240	7	1085	0.00333866	0.000286128	0.00300098	0.00375153	155	0	155	155	
4.5	4.75	1	9	13	3	14	2170	14	2170	0.00460675	0.00122777	0.00323275	0.00678597	155	0	155	155	
4.5	4.75	1	10	12	3	9	1395	9	1395	0.00363747	0.000398996	0.00310287	0.00413465	155	0	155	155	
4.75	5	1	1	3	4	10	1550	10	1550	0.00370246	0.000777456	0.00302365	0.00574202	155	0	155	155	
4.75	5	1	2	11	3	15	2325	15	2325	0.00407516	0.00122724	0.0030411	0.00812882	155	0	155	155	
4.75	5	1	3	14	3	11	1705	11	1705	0.00410319	0.00121775	0.00322831	0.00756389	155	0	155	155	
4.75	5	1	4	9	3	12	1860	12	1860	0.00355226	0.000416427	0.00304657	0.00427125	155	0	155	155	
4.75	5	1	5	1	3	14	2170	13	2015	0.00402171	0.00103343	0.00320808	0.00707664	155	0	155	155	
4.75	5	1	6	4	3	10	1550	10	1550	0.00362879	0.000244333	0.00327906	0.00399396	155	0	155	155	
4.75	5	1	7	10	3	14	2170	14	2170	0.00377772	0.00087163	0.00305014	0.00579878	155	0	155	155	
4.75	5	1	8	2	3	12	1860	13	2015	0.00379265	0.000933447	0.00305395	0.00591776	155	0	155	155	
4.75	5	1	9	13	3	10	1550	10	1550	0.00355705	0.000419952	0.00304173	0.00416651	155	0	155	155	
4.75	5	1	10	12	3	10	1550	10	1550	0.00350695	0.000196713	0.00326452	0.0037923	155	0	155	155	
5	5.25	1	1	3	4	10	1550	10	1550	0.00426293	0.00154176	0.00303538	0.00743828	155	0	155	155	
5	5.25	1	2	11	3	11	1705	11	1705	0.00373978	0.000559409	0.00313225	0.00484076	155	0	155	155	
5	5.25	1	3	14	3	9	1395	9	1395	0.00348171	0.000505727	0.00305023	0.00460685	155	0	155	155	
5	5.25	1	4	9	3	10	1550	10	1550	0.00369416	0.000298736	0.00317844	0.00407237	155	0	155	155	
5	5.25	1	5	1	3	12	1860	13	2015	0.00381499	0.000894522	0.00303483	0.00657724	155	0	155	155	
5	5.25	1	6	4	3	12	1860	12	1860	0.00405257	0.000997434	0.00312661	0.00688406	155	0	155	155	
5	5.25	1	7	10	3	12	1860	12	1860	0.00423979	0.00083943	0.00311539	0.00576408	155	0	155	155	
5	5.25	1	8	2	3	11	1705	11	1705	0.00390493	0.000602244	0.00315055	0.00471007	155	0	155	155	
5	5.25	1	9	13	3	14	2170	14	2170	0.00399803	0.000941374	0.00301895	0.00628573	155	0	155	155	
5	5.25	1	10	12	3	12	1860	12	1860	0.00368773	0.000790804	0.00301042	0.00605315	155	0	155	155	
5.25	5.5	1	1	3	4	10	1550	10	1550	0.0035726	0.000266033	0.0030655	0.00394972	155	0	155	155	
5.25	5.5	1	2	11	3	5	775	5	775	0.00345939	0.000291388	0.00320756	0.00394671	155	0	155	155	
5.25	5.5	1	3	14	3	13	2015	13	2015	0.00353619	0.000426083	0.00300689	0.00453126	155	0	155	155	
5.25	5.5	1	4	9	3	15	2325	15	2325	0.00380924	0.00048276	0.00304111	0.00504872	155	0	155	155	
5.25	5.5	1	5	1	3	12	1860	11	1705	0.00342703	0.00049061	0.00300198	0.00467296	155	0	155	155	
5.25	5.5	1	6	4	3	14	2170	13	2015	0.00444578	0.00178572	0.00301124	0.00810621	155	0	155	155	
5.25	5.5	1	7	10	3	10	1550	10	1550	0.00380369	0.000808531	0.00304192	0.00535204	155	0	155	155	
5.25	5.5	1	8	2	3	10	1550	10	1550	0.00361548	0.000312355	0.00311285	0.00396348	155	0	155	155	
5.25	5.5	1	9	13	3	11	1705	11	1705	0.00370508	0.000513938	0.00303209	0.00474306	155	0	155	155	
5.25	5.5	1	10	12	3	12	1860	12	1860	0.00415878	0.000796741	0.00321792	0.00627387	155	0	155	155	
5.5	5.75	1	1	3	4	11	1705	11	1705	0.00380947	0.000468231	0.00320236	0.00496837	155	0	155	155	
5.5	5.75	1	2	11	3	11	1705	11	1705	0.00363785	0.000270747	0.00316662	0.00399239	155	0	155	155	
5.5	5.75	1	3	14	3	7	1085	7	1085	0.00340472	0.000221112	0.00311221	0.00379838	155	0	155	155	
5.5	5.75	1	4	9	3	11	1705	11	1705	0.00397935	0.000935864	0.00302068	0.0059221	155	0	155	155	
5.5	5.75	1	5	1	3	11	1705	12	1860	0.00395353	0.000744532	0.00334828	0.0057268	155	0	155	155	
5.5	5.75	1	6	4	3	7	1085	8	1240	0.00345336	0.000275515	0.00303538	0.00385792	155	0	155	155	
5.5	5.75	1	7	10	3	10	1550	10	1550	0.0038342	0.000572456	0.0030218	0.00496322	155	0	155	155	
5.5	5.75	1	8	2	3	13	2015	13	2015	0.00376705	0.000634976	0.003179	0.00529524	155	0	155	155	
5.5	5.75	1	9	13	3	12	1860	11	1705	0.00448818	0.00205587	0.0030117	0.00991251	155	0	155	155	
5.5	5.75	1	10	12	3	7	1085	7	1085	0.00363924	0.000509854	0.00300014	0.00453687	155	0	155	155	
5.75	6	1	1	3	4	12	1860	11	1705	0.00442574	0.00136153	0.00312033	0.0069636	155	0	155	155	
5.75	6	1	2	11	3	11	1705	11	1705	0.00369745	0.00074112	0.00303654	0.00546892	155	0	155	155	
5.75	6	1	3	14	3	10	1550	10	1550	0.00364136	0.000288571	0.00320758	0.0040367	155	0	155	155	
5.75	6	1	4	9	3	12	1860	12	1860	0.00375797	0.000808882	0.00303588	0.00607689	155	0	155	155	
5.75	6	1	5	1	3	9	1395	9	1395	0.00377783	0.000519973	0.00320896	0.00487041	155	0	155	155	
5.75	6	1	6	4	3	12	1860	12	1860	0.00349441	0.000339252	0.0030975	0.0039783	155	0	155	155	
5.75	6	1	7	10	3	16	2480	16	2480	0.00370396	0.000524102	0.00301286	0.00472373	155	0	155	155	
5.75	6	1	8	2	3	12	1860	12	1860	0.00440432	0.000996658	0.00324373	0.00641382	155	0	155	155	
5.75	6	1	9	13	3	13	2015	14	2170	0.0040431	0.000919894	0.00303127	0.00569278	155	0	155	155	
5.75	6	1	10	12	3	9	1395	9	1395	0.00340449	0.000279339	0.00309421	0.0038574	155	0	155	155	
6	6.25	1	1	3	4	11	1705	12	1860	0.00379253	0.000562084	0.00312729	0.00497962	155	0	155	155	
6	6.25	1	2	11	3	12	1860	12	1860	0.00376827	0.000775971	0.00312091	0.00608927	155	0	155	155	
6	6.25	1	3	14	3	9	1395	9	1395	0.00400909	0.000554103	0.00333886	0.00489056	155	0	155	155	
6	6.25	1	4	9	3	12	1860	11	1705	0.00350548	0.000331472	0.0030566	0.00414932	155	0	155	155	
6	6.25	1	5	1	3	9	1395	8	1240	0.00347556	0.000318747	0.00309995	0.00390297	155	0	155	155	
6	6.25	1	6	4	3	14	2170	14	2170	0.00402429	0.000901355	0.00309934	0.00671582	155	0	155	155	
6	6.25	1	7	10	3	11	1705	11	1705	0.00410793	0.00097292	0.00306417	0.0063403	155	0	155	155	
6	6.25	1	8	2	3	9	1395	9	1395	0.00353834	0.000247516	0.00322513	0.00384069	155	0	155	155	
6	6.25	1	9	13	3	10	1550	10	1550	0.00393507	0.000466059	0.0033152	0.00482334	155	0	155	155	
6	6.25	1	10	12	3	12	1860	11	1705	0.00383237	0.000611936	0.00303002	0.00500153	155	0	155	155	
6.25	6.5	1	1	3	4	12	1860	12	1860	0.00364058	0.000492448	0.00308312	0.00486402	155	0	155	155	
6.25	6.5	1	2	11	3	12	1860	12	1860	0.00357315	0.000476084	0.00314945	0.0048101	155	0	155	155	
6.25	6.5	1	3	14	3	14	2170	14	2170	0.00381888	0.000706061	0.00302734	0.00548596	155	0	155	155	
6.25	6.5	1	4	9	3	10	1550	11	1705	0.00413999	0.000825904	0.00305389	0.0056696	155	0	155	155	
6.25	6.5	1	5	1	3	13	2015	14	2170	0.00372405	0.000530169	0.00301739	0.00485925	155	0	155	155	
6.25	6.5	1	6	4	3	9	1395	9	1395	0.00387088	0.001074	0.00309532	0.00634434	155	0	155	155	
6.25	6.5	1	7	10	3	10	1550	10	1550	0.00382735	0.000810142	0.00300429	0.00574502	155	0	155	155	
6.25	6.5	1	8	2	3	11	1705	11	1705	0.00381444	0.00091672	0.00317001	0.00649389	155	0	155	155	
6.25	6.5	1	9	13	3	8	1240	8	1240	0.00351689	0.000279807	0.00320295	0.0038834	155	0	155	155	
6.25	6.5	1	10	12	3	13	2015	13	2015	0.00391186	0.000797236	0.00304644	0.00572467	155	0	155	155	
6.5	6.75	1	1	3	4	13	2015	13	2015	0.00395622	0.000950288	0.00307448	0.00609073	155	0	155	155	
6.5	6.75	1	2	11	3	14	2170	14	2170	0.00433769	0.00105852	0.00311194	0.00654613	155	0	155	155	
6.5	6.75	1	3	14	3	10	1550	10	1550	0.00363474	0.000462881	0.00310078	0.00443498	155	0	155	155	
6.5	6.75	1	4	9	3	8	1240	7	1085	0.00341093	0.000366634	0.00301248	0.00379359	155	0	155	155	
6.5	6.75	1	5	1	3	11	1705	11	1705	0.00401841	0.00142629	0.00300775	0.00773323	155	0	155	155	
6.5	6.75	1	6	4	3	10	1550	10	1550	0.00360388	0.000549659	0.0030214	0.00493395	155	0	155	155	
6.5	6.75	1	7	10	3	14	2170	14	2170	0.00371372	0.000572085	0.00300358	0.00472895	155	0	155	155	
6.5	6.75	1	8	2	3	12	1860	12	1860	0.00376708	0.000510785	0.0030323	0.00467093	155	0	155	155	
6.5	6.75	1	9	13	3	10	1550	10	1550	0.00332774	0.000293095	0.00302663	0.00394466	155	0	155	155	
6.5	6.75	1	10	12	3	9	1395	10	1550	0.00383012	0.000614755	0.0031966	0.00493876	155	0	155	155	
6.75	7	1	1	3	4	12	1860	12	1860	0.00366594	0.00039912	0.00307643	0.00440599	155	0	155	155	
6.75	7	1	2	11	3	13	2015	13	2015	0.0039617	0.000842415	0.0031735	0.00556783	155	0	155	155	
6.75	7	1	3	14	3	12	1860	12	1860	0.00414408	0.00139646	0.0030285	0.00797932	155	0	155	155	
6.75	7	1	4	9	3	12	1860	13	2015	0.00419797	0.0013059	0.00305997	0.00688637	155	0	155	155	
6.75	7	1	5	1	3	9	1395	9	1395	0.00390155	0.000447098	0.00312115	0.00469561	155	0	155	155	
6.75	7	1	6	4	3	12	1860	12	1860	0.003618	0.000561879	0.00305451	0.00520885	155	0	155	155	
6.75	7	1	7	10	3	11	1705	11	1705	0.00403214	0.00105525	0.00309973	0.00656205	155	0	155	155	
6.75	7	1	8	2	3	9	1395	9	1395	0.0035729	0.000559254	0.0030014	0.00447696	155	0	155	155	
6.75	7	1	9	13	3	11	1705	10	1550	0.00368623	0.00070238	0.00306831	0.00529208	155	0	155	155	
6.75	7	1	10	12	3	9	1395	8	1240	0.00375039	0.000557683	0.00306582	0.00466024	155	0	155	155	
7	7.25	1	1	3	4	12	1860	12	1860	0.00361354	0.000826804	0.00300289	0.0060393	155	0	155	155	
7	7.25	1	2	11	3	10	1550	9	1395	0.00413997	0.000813799	0.0034012	0.00608518	155	0	155	155	
7	7.25	1	3	14	3	12	1860	12	1860	0.0042077	0.00122422	0.00304583	0.00708322	155	0	155	155	
7	7.25	1	4	9	3	10	1550	10	1550	0.00385123	0.000616872	0.00333164	0.00524519	155	0	155	155	
7	7.25	1	5	1	3	13	2015	13	2015	0.00361643	0.000398173	0.00302832	0.00465058	155	0	155	155	
7	7.25	1	6	4	3	9	1395	9	1395	0.00338719	0.000230832	0.00313446	0.00378361	155	0	155	155	
7	7.25	1	7	10	3	15	2325	15	2325	0.00398346	0.000935324	0.00303673	0.0066429	155	0	155	155	
7	7.25	1	8	2	3	8	1240	8	1240	0.00333762	0.000311182	0.00302663	0.00396212	155	0	155	155	
7	7.25	1	9	13	3	10	1550	11	1705	0.00406809	0.00106426	0.00306771	0.00665508	155	0	155	155	
7	7.25	1	10	12	3	11	1705	12	1860	0.003987	0.00144673	0.00304701	0.00798189	155	0	155	155	
7.25	7.5	1	1	3	4	11	1705	11	1705	0.00372924	0.000740296	0.00301069	0.00570453	155	0	155	155	
7.25	7.5	1	2	11	3	12	1860	12	1860	0.00410651	0.000935074	0.00340643	0.00631837	155	0	155	155	
7.25	7.5	1	3	14	3	15	2325	15	2325	0.00400665	0.000727514	0.00323642	0.00563971	155	0	155	155	
7.25	7.5	1	4	9	3	12	1860	12	1860	0.0036092	0.000281909	0.00317604	0.00395953	155	0	155	155	
7.25	7.5	1	5	1	3	6	930	6	930	0.00353118	0.000437274	0.00306375	0.00433231	155	0	155	155	
7.25	7.5	1	6	4	3	16	2480	15	2325	0.00407802	0.000759391	0.00316428	0.00609858	155	0	155	155	
7.25	7.5	1	7	10	3	8	1240	8	1240	0.00404061	0.00113316	0.00340428	0.00680614	155	0	155	155	
7.25	7.5	1	8	2	3	14	2170	14	2170	0.00402165	0.000940174	0.00300852	0.00642329	155	0	155	155	
7.25	7.5	1	9	13	3	11	1705	11	1705	0.00386953	0.000590835	0.00301469	0.00472871	155	0	155	155	
7.25	7.5	1	10	12	3	11	1705	11	1705	0.00371268	0.000710216	0.00303581	0.00534391	155	0	155	155	
