% time	cellId	IMSI	RNTI	sinrLinear	componentCarrierId
0.041	1	1	1	2713.55	0
0.081	1	1	1	1258.21	0
0.121	1	1	1	1617.24	0
0.161	1	1	1	1157.93	0
0.201	1	1	1	2549.25	0
0.241	1	1	1	2552.37	0
0.281	1	1	1	5589.26	0
0.321	1	1	1	6310.08	0
0.361	1	1	1	1299.13	0
0.401	1	1	1	5181.16	0
0.441	1	1	1	6778.39	0
0.481	1	1	1	3078.44	0
0.521	1	1	1	4541.38	0
0.561	1	1	1	6578.67	0
0.601	1	1	1	2683.26	0
0.641	1	1	1	2110.69	0
0.681	1	1	1	394.251	0
0.721	1	1	1	5057.32	0
0.761	1	1	1	6814.41	0
0.801	1	1	1	936.891	0
0.841	1	1	1	3739.12	0
0.881	1	1	1	6547.58	0
0.921	1	1	1	2396.43	0
0.961	1	1	1	1874.92	0
1.001	1	1	1	6164.25	0
1.041	1	1	1	4463.27	0
1.081	1	1	1	3553.94	0
1.121	1	1	1	7719.59	0
1.161	1	1	1	6503.73	0
1.201	1	1	1	2285.8	0
1.241	1	1	1	5040.26	0
1.281	1	1	1	6065.25	0
1.321	1	1	1	1934.7	0
1.361	1	1	1	2538.89	0
1.401	1	1	1	4404.81	0
1.441	1	1	1	3814.32	0
1.481	1	1	1	5264.39	0
1.521	1	1	1	1879.38	0
1.561	1	1	1	915.901	0
1.601	1	1	1	642.578	0
1.641	1	1	1	2994.7	0
1.681	1	1	1	8056.29	0
1.721	1	1	1	7271.08	0
1.761	1	1	1	4022.91	0
1.801	1	1	1	7429.82	0
1.841	1	1	1	5748.91	0
1.881	1	1	1	3255.45	0
1.921	1	1	1	4200.13	0
1.961	1	1	1	3368.83	0
2.001	1	1	1	3779.32	0
2.041	1	1	1	5716.18	0
2.081	1	1	1	3847.73	0
2.121	1	1	1	2418.64	0
2.161	1	1	1	2261.7	0
2.201	1	1	1	1072.21	0
2.241	1	1	1	2670.16	0
2.281	1	1	1	1829.72	0
2.321	1	1	1	2528.09	0
2.361	1	1	1	3616.89	0
2.401	1	1	1	3000.62	0
2.441	1	1	1	6276.56	0
2.481	1	1	1	3416.08	0
2.521	1	1	1	7534.87	0
2.561	1	1	1	2815.06	0
2.601	1	1	1	3733.78	0
2.641	1	1	1	1892.64	0
2.681	1	1	1	1988.97	0
2.721	1	1	1	6125.66	0
2.761	1	1	1	5295.46	0
2.801	1	1	1	4676.28	0
2.841	1	1	1	5946.18	0
2.881	1	1	1	3498.67	0
2.921	1	1	1	2770.25	0
2.961	1	1	1	1302.95	0
3.001	1	1	1	1837.72	0
3.041	1	1	1	2288.96	0
3.081	1	1	1	7839.12	0
3.121	1	1	1	7788.64	0
3.161	1	1	1	2909.38	0
3.201	1	1	1	3678.37	0
3.241	1	1	1	2064.27	0
3.281	1	1	1	1787.53	0
3.321	1	1	1	6958.73	0
3.361	1	1	1	5474.15	0
3.401	1	1	1	4568.03	0
3.441	1	1	1	6000.32	0
3.481	1	1	1	3600.23	0
3.521	1	1	1	2378.02	0
3.561	1	1	1	7230.48	0
3.601	1	1	1	5041.66	0
3.641	1	1	1	4850.27	0
3.681	1	1	1	5838.32	0
3.721	1	1	1	3363.1	0
3.761	1	1	1	2718.23	0
3.801	1	1	1	1207.97	0
3.841	1	1	1	2047.08	0
3.881	1	1	1	2214.03	0
3.921	1	1	1	1730.85	0
3.961	1	1	1	2195.52	0
4.001	1	1	1	5370.11	0
4.041	1	1	1	1577.47	0
4.081	1	1	1	2405.79	0
4.121	1	1	1	937.186	0
4.161	1	1	1	4116.29	0
4.201	1	1	1	7230.07	0
4.241	1	1	1	3732.27	0
4.281	1	1	1	5564.61	0
4.321	1	1	1	5156.65	0
4.361	1	1	1	3014.51	0
4.401	1	1	1	1988.36	0
4.441	1	1	1	1048.5	0
4.481	1	1	1	2581.49	0
4.521	1	1	1	3969.25	0
4.561	1	1	1	5522.03	0
4.601	1	1	1	4268.1	0
4.641	1	1	1	2623.68	0
4.681	1	1	1	3577.28	0
4.721	1	1	1	6450.77	0
4.761	1	1	1	4131.77	0
4.801	1	1	1	1221.39	0
4.841	1	1	1	4274.6	0
4.881	1	1	1	2959.3	0
4.921	1	1	1	3119.15	0
4.961	1	1	1	3924.53	0
5.001	1	1	1	2515.87	0
5.041	1	1	1	3037.93	0
5.081	1	1	1	1425.55	0
5.121	1	1	1	2726.81	0
5.161	1	1	1	3215.84	0
5.201	1	1	1	1604.37	0
5.241	1	1	1	1730.52	0
5.281	1	1	1	2091.83	0
5.321	1	1	1	1780.62	0
5.361	1	1	1	1678.2	0
5.401	1	1	1	1705.01	0
5.441	1	1	1	2426.95	0
5.481	1	1	1	2602.84	0
5.521	1	1	1	1978.82	0
5.561	1	1	1	2157.99	0
5.601	1	1	1	1775.25	0
5.641	1	1	1	2476.74	0
5.681	1	1	1	4930.43	0
5.721	1	1	1	4633.71	0
5.761	1	1	1	2815.06	0
5.801	1	1	1	3733.78	0
5.841	1	1	1	1892.64	0
5.881	1	1	1	1803.67	0
5.921	1	1	1	7087.31	0
5.961	1	1	1	5295.46	0
6.001	1	1	1	1175.8	0
6.041	1	1	1	4288.6	0
6.081	1	1	1	3326	0
6.121	1	1	1	1064.26	0
6.161	1	1	1	2897.09	0
6.201	1	1	1	5104.83	0
6.241	1	1	1	3618.33	0
6.281	1	1	1	2727.98	0
6.321	1	1	1	2987.25	0
6.361	1	1	1	1389.45	0
6.401	1	1	1	2851.51	0
6.441	1	1	1	3459.63	0
6.481	1	1	1	1550.48	0
6.521	1	1	1	8857.31	0
6.561	1	1	1	9414.11	0
6.601	1	1	1	3579.37	0
6.641	1	1	1	4046.85	0
6.681	1	1	1	3155.97	0
6.721	1	1	1	2673.36	0
6.761	1	1	1	6863.56	0
6.801	1	1	1	3471.32	0
6.841	1	1	1	2611.98	0
6.881	1	1	1	3597.19	0
6.921	1	1	1	1359.26	0
6.961	1	1	1	1658.66	0
7.001	1	1	1	5535.42	0
7.041	1	1	1	3869.78	0
7.081	1	1	1	2501.85	0
7.121	1	1	1	4500.12	0
7.161	1	1	1	6454.18	0
7.201	1	1	1	2975.48	0
7.241	1	1	1	2513.45	0
7.281	1	1	1	4329.66	0
7.321	1	1	1	2559.58	0
7.361	1	1	1	3856.06	0
7.401	1	1	1	3379.69	0
7.441	1	1	1	3308.17	0
7.481	1	1	1	6196.06	0
7.521	1	1	1	2953.81	0
7.561	1	1	1	2106	0
7.601	1	1	1	2915.48	0
7.641	1	1	1	6577.43	0
7.681	1	1	1	3925.57	0
7.721	1	1	1	1507.67	0
7.761	1	1	1	3844.58	0
7.801	1	1	1	4403.94	0
7.841	1	1	1	4827.95	0
7.881	1	1	1	5109.05	0
7.921	1	1	1	3664.07	0
7.961	1	1	1	4602	0
8.001	1	1	1	3355.04	0
8.041	1	1	1	3239.63	0
8.081	1	1	1	2680.01	0
8.121	1	1	1	2444.12	0
8.161	1	1	1	2053.01	0
8.201	1	1	1	962.861	0
8.241	1	1	1	1371.09	0
8.281	1	1	1	1618.99	0
8.321	1	1	1	2268.11	0
8.361	1	1	1	3741.81	0
8.401	1	1	1	4443.16	0
8.441	1	1	1	6069.62	0
8.481	1	1	1	6588.51	0
8.521	1	1	1	3867.8	0
8.561	1	1	1	3948.22	0
8.601	1	1	1	3832.66	0
8.641	1	1	1	4229.72	0
8.681	1	1	1	5133.11	0
8.721	1	1	1	2216.98	0
8.761	1	1	1	1465.58	0
8.801	1	1	1	2308.85	0
8.841	1	1	1	2057.61	0
8.881	1	1	1	1870.73	0
8.921	1	1	1	1452.4	0
8.961	1	1	1	1288.5	0
9.001	1	1	1	2231.67	0
9.041	1	1	1	2554.36	0
9.081	1	1	1	1296.25	0
9.121	1	1	1	1099.68	0
9.161	1	1	1	1577.36	0
9.201	1	1	1	1833.38	0
9.241	1	1	1	3142.1	0
9.281	1	1	1	4220.6	0
9.321	1	1	1	5145.56	0
9.361	1	1	1	7010.8	0
9.401	1	1	1	2472.55	0
9.441	1	1	1	951.464	0
9.481	1	1	1	3832.85	0
9.521	1	1	1	2716.09	0
9.561	1	1	1	3131.57	0
9.601	1	1	1	2029.69	0
9.641	1	1	1	1781.86	0
9.681	1	1	1	3748.46	0
9.721	1	1	1	2295.33	0
9.761	1	1	1	1460.27	0
9.801	1	1	1	2038.07	0
9.841	1	1	1	2129.65	0
9.881	1	1	1	1925.22	0
9.921	1	1	1	1521.23	0
9.961	1	1	1	2194.31	0
10.001	1	1	1	3431.45	0
10.041	1	1	1	3458.87	0
10.081	1	1	1	2029.25	0
10.121	1	1	1	3392.71	0
10.161	1	1	1	3613.82	0
10.201	1	1	1	5382.52	0
10.241	1	1	1	3988.45	0
10.281	1	1	1	3490.05	0
10.321	1	1	1	7606.61	0
10.361	1	1	1	2085.86	0
10.401	1	1	1	3899.11	0
10.441	1	1	1	4960.02	0
10.481	1	1	1	2414.56	0
10.521	1	1	1	4267.44	0
10.561	1	1	1	6527.54	0
10.601	1	1	1	2109.47	0
10.641	1	1	1	3345.27	0
10.681	1	1	1	2850.42	0
10.721	1	1	1	1241.92	0
10.761	1	1	1	1642.18	0
10.801	1	1	1	1129.45	0
10.841	1	1	1	2498.37	0
10.881	1	1	1	2650.37	0
10.921	1	1	1	5384.55	0
10.961	1	1	1	5965.07	0
11.001	1	1	1	1619.98	0
11.041	1	1	1	1669.92	0
11.081	1	1	1	2399.29	0
11.121	1	1	1	3965.43	0
11.161	1	1	1	2685.88	0
11.201	1	1	1	2132.1	0
11.241	1	1	1	1305.82	0
11.281	1	1	1	685.054	0
11.321	1	1	1	486.324	0
11.361	1	1	1	1913.35	0
11.401	1	1	1	4288.22	0
11.441	1	1	1	1835.97	0
11.481	1	1	1	4585.93	0
11.521	1	1	1	4821.24	0
11.561	1	1	1	6817.66	0
11.601	1	1	1	3988.04	0
11.641	1	1	1	1081.65	0
11.681	1	1	1	3158.3	0
11.721	1	1	1	4328.04	0
11.761	1	1	1	1505.56	0
11.801	1	1	1	1823.16	0
11.841	1	1	1	4642.27	0
11.881	1	1	1	4479.57	0
11.921	1	1	1	2670.87	0
11.961	1	1	1	3155	0
12.001	1	1	1	1640.49	0
12.041	1	1	1	2601.9	0
12.081	1	1	1	5246.4	0
12.121	1	1	1	6157.19	0
12.161	1	1	1	4601.63	0
12.201	1	1	1	2570.62	0
12.241	1	1	1	1473.53	0
12.281	1	1	1	2690.61	0
12.321	1	1	1	1450.86	0
12.361	1	1	1	1511.77	0
12.401	1	1	1	2551.69	0
12.441	1	1	1	989.707	0
12.481	1	1	1	2434.73	0
12.521	1	1	1	1537.64	0
12.561	1	1	1	1473.53	0
12.601	1	1	1	2690.61	0
12.641	1	1	1	1735.21	0
12.681	1	1	1	1511.77	0
12.721	1	1	1	2377.65	0
12.761	1	1	1	804.577	0
12.801	1	1	1	2434.73	0
12.841	1	1	1	2742.28	0
12.881	1	1	1	1750.22	0
12.921	1	1	1	3053.12	0
12.961	1	1	1	3480.84	0
13.001	1	1	1	3478.08	0
13.041	1	1	1	4230.81	0
13.081	1	1	1	4118.13	0
13.121	1	1	1	4486.32	0
13.161	1	1	1	4881.3	0
13.201	1	1	1	1827.62	0
13.241	1	1	1	1629.73	0
13.281	1	1	1	2038.77	0
13.321	1	1	1	1829.33	0
13.361	1	1	1	1852.25	0
13.401	1	1	1	1605.39	0
13.441	1	1	1	1298.5	0
13.481	1	1	1	2424.69	0
13.521	1	1	1	6230.73	0
13.561	1	1	1	3868.79	0
13.601	1	1	1	1451.84	0
13.641	1	1	1	3435.55	0
13.681	1	1	1	4452.9	0
13.721	1	1	1	4645.63	0
13.761	1	1	1	5039.99	0
13.801	1	1	1	3768.81	0
13.841	1	1	1	4267.27	0
13.881	1	1	1	4420.35	0
13.921	1	1	1	2832.43	0
13.961	1	1	1	2515.71	0
14.001	1	1	1	2365.17	0
14.041	1	1	1	1417.6	0
14.081	1	1	1	2299.48	0
14.121	1	1	1	2074	0
14.161	1	1	1	1550.43	0
14.201	1	1	1	1681.37	0
14.241	1	1	1	1293	0
14.281	1	1	1	2091.92	0
14.321	1	1	1	3169.7	0
14.361	1	1	1	2029.73	0
14.401	1	1	1	2122.81	0
14.441	1	1	1	1837.72	0
14.481	1	1	1	2116.48	0
14.521	1	1	1	1311.83	0
14.561	1	1	1	1933.24	0
14.601	1	1	1	1518.59	0
14.641	1	1	1	2147.01	0
14.681	1	1	1	2047.97	0
14.721	1	1	1	1410.94	0
14.761	1	1	1	1969.65	0
14.801	1	1	1	7311.69	0
14.841	1	1	1	8246.24	0
14.881	1	1	1	3162.76	0
14.921	1	1	1	2389.53	0
14.961	1	1	1	2413.09	0
15.001	1	1	1	5086.25	0
15.041	1	1	1	2956.92	0
15.081	1	1	1	2007.37	0
15.121	1	1	1	693.453	0
15.161	1	1	1	3554.49	0
15.201	1	1	1	2862.82	0
15.241	1	1	1	2716.44	0
15.281	1	1	1	5067.3	0
15.321	1	1	1	3245.25	0
15.361	1	1	1	12678.9	0
15.401	1	1	1	12646.1	0
15.441	1	1	1	1625.29	0
15.481	1	1	1	3576.43	0
15.521	1	1	1	1561.68	0
15.561	1	1	1	2696.92	0
15.601	1	1	1	1533.47	0
15.641	1	1	1	3515.45	0
15.681	1	1	1	2942.47	0
15.721	1	1	1	2754.01	0
15.761	1	1	1	5898.97	0
15.801	1	1	1	2594.39	0
15.841	1	1	1	8643.04	0
15.881	1	1	1	8875.35	0
15.921	1	1	1	2766.04	0
15.961	1	1	1	7375.78	0
16.001	1	1	1	1636.5	0
16.041	1	1	1	1760.4	0
16.081	1	1	1	2454.8	0
16.121	1	1	1	2614.29	0
16.161	1	1	1	2429.57	0
16.201	1	1	1	1084.77	0
16.241	1	1	1	2537.18	0
16.281	1	1	1	3854.48	0
16.321	1	1	1	1311.95	0
16.361	1	1	1	1810.61	0
16.401	1	1	1	1364.24	0
16.441	1	1	1	607.858	0
16.481	1	1	1	1960.14	0
16.521	1	1	1	4424.85	0
16.561	1	1	1	2661.72	0
16.601	1	1	1	3157.64	0
16.641	1	1	1	1840.51	0
16.681	1	1	1	1990.05	0
16.721	1	1	1	3768.27	0
16.761	1	1	1	2086.45	0
16.801	1	1	1	1517.34	0
16.841	1	1	1	1814.08	0
16.881	1	1	1	1940.37	0
16.921	1	1	1	1865.43	0
16.961	1	1	1	1545.9	0
17.001	1	1	1	4970.77	0
17.041	1	1	1	7334.53	0
17.081	1	1	1	4629.58	0
17.121	1	1	1	2496.25	0
17.161	1	1	1	2046.55	0
17.201	1	1	1	2324.24	0
17.241	1	1	1	1492.55	0
17.281	1	1	1	1646.28	0
17.321	1	1	1	1658.85	0
17.361	1	1	1	2546.26	0
17.401	1	1	1	3964.29	0
17.441	1	1	1	2573.65	0
17.481	1	1	1	2125.64	0
17.521	1	1	1	2535.39	0
17.561	1	1	1	2777.87	0
17.601	1	1	1	1597.63	0
17.641	1	1	1	5049.7	0
17.681	1	1	1	3553.28	0
17.721	1	1	1	2919.79	0
17.761	1	1	1	6098.72	0
17.801	1	1	1	8047.09	0
17.841	1	1	1	3653.33	0
17.881	1	1	1	3090.35	0
17.921	1	1	1	4827.79	0
17.961	1	1	1	3687.15	0
18.001	1	1	1	4191.82	0
18.041	1	1	1	5196.7	0
18.081	1	1	1	4014.23	0
18.121	1	1	1	2882.17	0
18.161	1	1	1	1812.97	0
18.201	1	1	1	1329.25	0
18.241	1	1	1	2790.23	0
18.281	1	1	1	1565.1	0
18.321	1	1	1	3159.27	0
18.361	1	1	1	3225.59	0
18.401	1	1	1	3376.18	0
18.441	1	1	1	5525.3	0
18.481	1	1	1	2667.48	0
18.521	1	1	1	4322.68	0
18.561	1	1	1	5996.88	0
18.601	1	1	1	5940.27	0
18.641	1	1	1	3763.49	0
18.681	1	1	1	1457.26	0
18.721	1	1	1	2064.59	0
18.761	1	1	1	1872.68	0
18.801	1	1	1	1175.94	0
18.841	1	1	1	2439.21	0
18.881	1	1	1	1614.14	0
18.921	1	1	1	1409.25	0
18.961	1	1	1	3415.54	0
19.001	1	1	1	2647.92	0
19.041	1	1	1	3548.83	0
19.081	1	1	1	4204.97	0
19.121	1	1	1	2997.98	0
19.161	1	1	1	11112.3	0
19.201	1	1	1	5406.86	0
19.241	1	1	1	4061.68	0
19.281	1	1	1	7789.6	0
19.321	1	1	1	2170.12	0
19.361	1	1	1	2624.18	0
19.401	1	1	1	732.188	0
19.441	1	1	1	3202.67	0
19.481	1	1	1	8370.75	0
19.521	1	1	1	7047.71	0
19.561	1	1	1	6032.12	0
19.601	1	1	1	1341.55	0
19.641	1	1	1	6252.78	0
19.681	1	1	1	3161.58	0
19.721	1	1	1	1637.78	0
19.761	1	1	1	2128.46	0
19.801	1	1	1	3001.27	0
19.841	1	1	1	7666.58	0
19.881	1	1	1	6209.61	0
19.921	1	1	1	3247.31	0
19.961	1	1	1	2506.34	0
20.001	1	1	1	1745.43	0
20.041	1	1	1	2633.78	0
20.081	1	1	1	3393.7	0
20.121	1	1	1	4024.3	0
20.161	1	1	1	3040.42	0
20.201	1	1	1	2553.45	0
20.241	1	1	1	5899.04	0
20.281	1	1	1	4247.61	0
20.321	1	1	1	2012.38	0
20.361	1	1	1	2020.05	0
20.401	1	1	1	1481.26	0
20.441	1	1	1	4250.53	0
20.481	1	1	1	4939.47	0
20.521	1	1	1	1008.69	0
20.561	1	1	1	3198.37	0
20.601	1	1	1	2416.44	0
20.641	1	1	1	2069.44	0
20.681	1	1	1	3314.54	0
20.721	1	1	1	3721.04	0
20.761	1	1	1	3221.52	0
20.801	1	1	1	2012.92	0
20.841	1	1	1	5166.83	0
20.881	1	1	1	2764.32	0
20.921	1	1	1	2227.41	0
20.961	1	1	1	3128.12	0
21.001	1	1	1	1989.91	0
21.041	1	1	1	2119.49	0
21.081	1	1	1	2004.36	0
21.121	1	1	1	1514.2	0
21.161	1	1	1	2074.63	0
21.201	1	1	1	2533.93	0
21.241	1	1	1	2655.55	0
21.281	1	1	1	2074.27	0
21.321	1	1	1	1652.1	0
21.361	1	1	1	2408.79	0
21.401	1	1	1	3097.22	0
21.441	1	1	1	1633.96	0
21.481	1	1	1	1861.97	0
21.521	1	1	1	6310.29	0
21.561	1	1	1	2356.57	0
21.601	1	1	1	2952.03	0
21.641	1	1	1	2207.89	0
21.681	1	1	1	1696.17	0
21.721	1	1	1	4152.58	0
21.761	1	1	1	5084.03	0
21.801	1	1	1	3815.8	0
21.841	1	1	1	5794.49	0
21.881	1	1	1	7270.61	0
21.921	1	1	1	2621.8	0
21.961	1	1	1	4248.17	0
22.001	1	1	1	6245.7	0
22.041	1	1	1	2631.56	0
22.081	1	1	1	7871.54	0
22.121	1	1	1	9967.65	0
22.161	1	1	1	2898.23	0
22.201	1	1	1	6708.89	0
22.241	1	1	1	6006.41	0
22.281	1	1	1	2370.64	0
22.321	1	1	1	2189.27	0
22.361	1	1	1	691.675	0
22.401	1	1	1	7052.38	0
22.441	1	1	1	6031.78	0
22.481	1	1	1	373.193	0
22.521	1	1	1	3383.22	0
22.561	1	1	1	3052.11	0
22.601	1	1	1	1919.65	0
22.641	1	1	1	6221.74	0
22.681	1	1	1	4839.58	0
22.721	1	1	1	2114.87	0
22.761	1	1	1	3839.21	0
22.801	1	1	1	1809.88	0
22.841	1	1	1	1493.38	0
22.881	1	1	1	1342.51	0
22.921	1	1	1	1563.47	0
22.961	1	1	1	2707.67	0
23.001	1	1	1	1174.72	0
23.041	1	1	1	1657.21	0
23.081	1	1	1	2660.78	0
23.121	1	1	1	1754.1	0
23.161	1	1	1	1921.27	0
23.201	1	1	1	4448.05	0
23.241	1	1	1	3934.51	0
23.281	1	1	1	5831.71	0
23.321	1	1	1	3456.74	0
23.361	1	1	1	1167.15	0
23.401	1	1	1	2402.56	0
23.441	1	1	1	2240.51	0
23.481	1	1	1	1206.33	0
23.521	1	1	1	5100.48	0
23.561	1	1	1	7115.64	0
23.601	1	1	1	4927.76	0
23.641	1	1	1	2395.35	0
23.681	1	1	1	6158.59	0
23.721	1	1	1	4876.13	0
23.761	1	1	1	1460.8	0
23.801	1	1	1	2884.6	0
23.841	1	1	1	4458.27	0
23.881	1	1	1	4622.08	0
23.921	1	1	1	3442.32	0
23.961	1	1	1	3861.89	0
24.001	1	1	1	2469.34	0
24.041	1	1	1	1228.07	0
24.081	1	1	1	2666.89	0
24.121	1	1	1	3227.04	0
24.161	1	1	1	4486.92	0
24.201	1	1	1	2867.08	0
24.241	1	1	1	2378.96	0
24.281	1	1	1	2266.76	0
24.321	1	1	1	1004.47	0
24.361	1	1	1	1310.65	0
24.401	1	1	1	1608.7	0
24.441	1	1	1	2091.08	0
24.481	1	1	1	3616.99	0
24.521	1	1	1	7515.18	0
24.561	1	1	1	4861.6	0
24.601	1	1	1	5546.76	0
24.641	1	1	1	5368.87	0
24.681	1	1	1	2598.47	0
24.721	1	1	1	1541.85	0
24.761	1	1	1	1592.61	0
24.801	1	1	1	1684.2	0
24.841	1	1	1	1359.84	0
24.881	1	1	1	3945.31	0
24.921	1	1	1	2806.39	0
24.961	1	1	1	1477.22	0
25.001	1	1	1	4861.6	0
25.041	1	1	1	5546.76	0
25.081	1	1	1	4600.83	0
25.121	1	1	1	2598.47	0
25.161	1	1	1	1541.85	0
25.201	1	1	1	1431.17	0
25.241	1	1	1	1508.02	0
25.281	1	1	1	2261.9	0
25.321	1	1	1	3945.31	0
25.361	1	1	1	2806.39	0
25.401	1	1	1	2135.41	0
25.441	1	1	1	1407.05	0
25.481	1	1	1	683.111	0
25.521	1	1	1	732.188	0
25.561	1	1	1	3679.53	0
25.601	1	1	1	8370.75	0
25.641	1	1	1	1810.68	0
25.681	1	1	1	2597.08	0
25.721	1	1	1	6812.98	0
25.761	1	1	1	3034.22	0
25.801	1	1	1	1717.04	0
25.841	1	1	1	2063.37	0
25.881	1	1	1	983.011	0
25.921	1	1	1	785.197	0
25.961	1	1	1	1112.79	0
26.001	1	1	1	2866.94	0
26.041	1	1	1	3091.08	0
26.081	1	1	1	5543.61	0
26.121	1	1	1	3455.47	0
26.161	1	1	1	5084.55	0
26.201	1	1	1	2611.69	0
26.241	1	1	1	4782.31	0
26.281	1	1	1	7077.89	0
26.321	1	1	1	1628.46	0
26.361	1	1	1	5059.45	0
26.401	1	1	1	4728.74	0
26.441	1	1	1	2670.24	0
26.481	1	1	1	3312.11	0
26.521	1	1	1	2864.74	0
26.561	1	1	1	1635.72	0
26.601	1	1	1	1824.2	0
26.641	1	1	1	854.816	0
26.681	1	1	1	863.693	0
26.721	1	1	1	3943.77	0
26.761	1	1	1	8651.93	0
26.801	1	1	1	6272.29	0
26.841	1	1	1	3508.56	0
26.881	1	1	1	7789.84	0
26.921	1	1	1	4826.89	0
26.961	1	1	1	3506.02	0
27.001	1	1	1	5119.55	0
27.041	1	1	1	5247.09	0
27.081	1	1	1	2982.05	0
27.121	1	1	1	10288.5	0
27.161	1	1	1	7379.67	0
27.201	1	1	1	3075.21	0
27.241	1	1	1	7821.98	0
27.281	1	1	1	4201.8	0
27.321	1	1	1	2507.29	0
27.361	1	1	1	1314.56	0
27.401	1	1	1	2101.65	0
27.441	1	1	1	8404.02	0
27.481	1	1	1	3412.58	0
27.521	1	1	1	5922.58	0
27.561	1	1	1	8313.56	0
27.601	1	1	1	7087.57	0
27.641	1	1	1	9303.95	0
27.681	1	1	1	8805.58	0
27.721	1	1	1	1880.56	0
27.761	1	1	1	3935.11	0
27.801	1	1	1	2732.11	0
27.841	1	1	1	3225.97	0
27.881	1	1	1	6875.3	0
27.921	1	1	1	2942.06	0
27.961	1	1	1	2123.79	0
28.001	1	1	1	5695.31	0
28.041	1	1	1	5458.38	0
28.081	1	1	1	2037.21	0
28.121	1	1	1	3795.48	0
28.161	1	1	1	2106.38	0
28.201	1	1	1	1396.94	0
28.241	1	1	1	1452.06	0
28.281	1	1	1	1381.78	0
28.321	1	1	1	2689.41	0
28.361	1	1	1	2842.08	0
28.401	1	1	1	5873.34	0
28.441	1	1	1	5372.83	0
28.481	1	1	1	2796.98	0
28.521	1	1	1	1356.42	0
28.561	1	1	1	3509.93	0
28.601	1	1	1	2135.6	0
28.641	1	1	1	4394.88	0
28.681	1	1	1	4851.37	0
28.721	1	1	1	3898.71	0
28.761	1	1	1	5748	0
28.801	1	1	1	2248.15	0
28.841	1	1	1	7047.71	0
28.881	1	1	1	6032.12	0
28.921	1	1	1	1579.72	0
28.961	1	1	1	6252.78	0
29.001	1	1	1	2762.45	0
29.041	1	1	1	2927.75	0
29.081	1	1	1	1153.11	0
29.121	1	1	1	2973.01	0
29.161	1	1	1	3374.61	0
29.201	1	1	1	1505	0
29.241	1	1	1	1800.91	0
29.281	1	1	1	2097.86	0
29.321	1	1	1	2117.89	0
29.361	1	1	1	1623.27	0
29.401	1	1	1	1780.32	0
29.441	1	1	1	2462.17	0
29.481	1	1	1	2618.96	0
29.521	1	1	1	8870.07	0
29.561	1	1	1	5299.99	0
29.601	1	1	1	5047.27	0
29.641	1	1	1	7769.43	0
29.681	1	1	1	4032.45	0
29.721	1	1	1	3869.83	0
29.761	1	1	1	4349.67	0
29.801	1	1	1	4153.71	0
29.841	1	1	1	5187.91	0
29.881	1	1	1	2365.17	0
29.921	1	1	1	1417.6	0
29.961	1	1	1	2299.48	0
30.001	1	1	1	5535.01	0
30.041	1	1	1	4422.61	0
30.081	1	1	1	2601.8	0
30.121	1	1	1	3688.71	0
30.161	1	1	1	6471.7	0
30.201	1	1	1	4022.8	0
30.241	1	1	1	1986.34	0
30.281	1	1	1	4301.07	0
30.321	1	1	1	2610.97	0
30.361	1	1	1	3343.82	0
30.401	1	1	1	3882.17	0
30.441	1	1	1	2767.03	0
30.481	1	1	1	5823.55	0
30.521	1	1	1	5939.77	0
30.561	1	1	1	2287.57	0
30.601	1	1	1	3089.5	0
30.641	1	1	1	1947.44	0
30.681	1	1	1	2612.47	0
30.721	1	1	1	6103.43	0
30.761	1	1	1	4740.29	0
30.801	1	1	1	4038.18	0
30.841	1	1	1	7579.07	0
30.881	1	1	1	6740.79	0
30.921	1	1	1	2352.57	0
30.961	1	1	1	4818.65	0
31.001	1	1	1	4881.65	0
31.041	1	1	1	5052.43	0
31.081	1	1	1	3633.63	0
31.121	1	1	1	4698.3	0
31.161	1	1	1	5453.14	0
31.201	1	1	1	3597.47	0
31.241	1	1	1	2539.64	0
31.281	1	1	1	4931.32	0
31.321	1	1	1	6266.11	0
31.361	1	1	1	2540.34	0
31.401	1	1	1	2861.86	0
31.441	1	1	1	4204.76	0
31.481	1	1	1	2502.38	0
31.521	1	1	1	1085.81	0
31.561	1	1	1	2696.14	0
31.601	1	1	1	1792.8	0
31.641	1	1	1	2594.03	0
31.681	1	1	1	3583.3	0
31.721	1	1	1	3055.15	0
31.761	1	1	1	6305.37	0
31.801	1	1	1	3315.6	0
31.841	1	1	1	5676.87	0
31.881	1	1	1	11057.9	0
31.921	1	1	1	3952.82	0
31.961	1	1	1	5250.1	0
32.001	1	1	1	575.897	0
32.041	1	1	1	4545.93	0
32.081	1	1	1	6175.69	0
32.121	1	1	1	2050.5	0
32.161	1	1	1	1049.81	0
32.201	1	1	1	640.678	0
32.241	1	1	1	814.826	0
32.281	1	1	1	829.704	0
32.321	1	1	1	1431.65	0
32.361	1	1	1	3265.65	0
32.401	1	1	1	3440.97	0
32.441	1	1	1	1650.27	0
32.481	1	1	1	1660.67	0
32.521	1	1	1	2341.24	0
32.561	1	1	1	3100.03	0
32.601	1	1	1	1895.02	0
32.641	1	1	1	2219.72	0
32.681	1	1	1	1654.83	0
32.721	1	1	1	2905.95	0
32.761	1	1	1	8491.81	0
32.801	1	1	1	6988.92	0
32.841	1	1	1	2690.03	0
32.881	1	1	1	3805.15	0
32.921	1	1	1	1567	0
32.961	1	1	1	2507.76	0
33.001	1	1	1	2165.61	0
33.041	1	1	1	2596.36	0
33.081	1	1	1	1533.77	0
33.121	1	1	1	1005.61	0
33.161	1	1	1	1542.2	0
33.201	1	1	1	1728.84	0
33.241	1	1	1	2863.44	0
33.281	1	1	1	4117.02	0
33.321	1	1	1	4855.32	0
33.361	1	1	1	4256.19	0
33.401	1	1	1	1768.19	0
33.441	1	1	1	1050.92	0
33.481	1	1	1	3248.11	0
33.521	1	1	1	2412.35	0
33.561	1	1	1	1543.11	0
33.601	1	1	1	1730.16	0
33.641	1	1	1	3382.23	0
33.681	1	1	1	6157.84	0
33.721	1	1	1	3587.07	0
33.761	1	1	1	2182.87	0
33.801	1	1	1	1618.84	0
33.841	1	1	1	2730.65	0
33.881	1	1	1	1502.36	0
33.921	1	1	1	1170.96	0
33.961	1	1	1	2413.76	0
34.001	1	1	1	1289.97	0
34.041	1	1	1	2133.34	0
34.081	1	1	1	3162.46	0
34.121	1	1	1	2003.74	0
34.161	1	1	1	2140.6	0
34.201	1	1	1	1806.31	0
34.241	1	1	1	2380.65	0
34.281	1	1	1	7958.74	0
34.321	1	1	1	7666.15	0
34.361	1	1	1	2858.63	0
34.401	1	1	1	3709.45	0
34.441	1	1	1	1977.16	0
34.481	1	1	1	1896.24	0
34.521	1	1	1	1583.56	0
34.561	1	1	1	628.105	0
34.601	1	1	1	1502.86	0
34.641	1	1	1	1678.02	0
34.681	1	1	1	2172.06	0
34.721	1	1	1	4022.06	0
34.761	1	1	1	4691.93	0
34.801	1	1	1	6654.12	0
34.841	1	1	1	5654.49	0
34.881	1	1	1	1259.28	0
34.921	1	1	1	2788.33	0
34.961	1	1	1	4492.86	0
35.001	1	1	1	2763.37	0
35.041	1	1	1	4431.69	0
35.081	1	1	1	2419.49	0
35.121	1	1	1	3100.74	0
35.161	1	1	1	6757.1	0
35.201	1	1	1	2593.58	0
35.241	1	1	1	3158.55	0
35.281	1	1	1	3114.47	0
35.321	1	1	1	1233.5	0
35.361	1	1	1	1674.96	0
35.401	1	1	1	1097.44	0
35.441	1	1	1	2376.4	0
35.481	1	1	1	2624.68	0
35.521	1	1	1	2349.74	0
35.561	1	1	1	2220.22	0
35.601	1	1	1	733.788	0
35.641	1	1	1	2696.14	0
35.681	1	1	1	1792.8	0
35.721	1	1	1	2594.03	0
35.761	1	1	1	3583.3	0
35.801	1	1	1	1919.37	0
35.841	1	1	1	6305.37	0
35.881	1	1	1	3315.6	0
35.921	1	1	1	4469.15	0
35.961	1	1	1	11057.9	0
36.001	1	1	1	1357.25	0
36.041	1	1	1	3407.04	0
36.081	1	1	1	2019.79	0
36.121	1	1	1	2426.35	0
36.161	1	1	1	3374.1	0
36.201	1	1	1	3925.16	0
36.241	1	1	1	2947.4	0
36.281	1	1	1	2250.44	0
36.321	1	1	1	6143.36	0
36.361	1	1	1	2298.29	0
36.401	1	1	1	2169.69	0
36.441	1	1	1	3159.51	0
36.481	1	1	1	1067.59	0
36.521	1	1	1	2104.69	0
36.561	1	1	1	987.79	0
36.601	1	1	1	704.303	0
36.641	1	1	1	455.98	0
36.681	1	1	1	1227.24	0
36.721	1	1	1	3862.21	0
36.761	1	1	1	2045.36	0
36.801	1	1	1	3512.72	0
36.841	1	1	1	4187.39	0
36.881	1	1	1	4581.33	0
36.921	1	1	1	5089.82	0
36.961	1	1	1	2449.37	0
37.001	1	1	1	3279.76	0
37.041	1	1	1	3253.56	0
37.081	1	1	1	1537.92	0
37.121	1	1	1	1716.94	0
37.161	1	1	1	706.16	0
37.201	1	1	1	576.346	0
37.241	1	1	1	970.924	0
37.281	1	1	1	4082.27	0
37.321	1	1	1	2724.45	0
37.361	1	1	1	3282.38	0
37.401	1	1	1	5478.81	0
37.441	1	1	1	3468	0
37.481	1	1	1	5875.99	0
37.521	1	1	1	2379.12	0
37.561	1	1	1	2322.33	0
37.601	1	1	1	1491.67	0
37.641	1	1	1	2733.21	0
37.681	1	1	1	3637.12	0
37.721	1	1	1	1568.3	0
37.761	1	1	1	1869.21	0
37.801	1	1	1	1221.32	0
37.841	1	1	1	623.995	0
37.881	1	1	1	2389	0
37.921	1	1	1	3912.78	0
37.961	1	1	1	5966.68	0
38.001	1	1	1	2824.18	0
38.041	1	1	1	4353.7	0
38.081	1	1	1	3476.81	0
38.121	1	1	1	5018.9	0
38.161	1	1	1	3408.54	0
38.201	1	1	1	4266.4	0
38.241	1	1	1	8299.47	0
38.281	1	1	1	1886.32	0
38.321	1	1	1	4643.23	0
38.361	1	1	1	5085.82	0
38.401	1	1	1	2541	0
38.441	1	1	1	3510.22	0
38.481	1	1	1	1071.37	0
38.521	1	1	1	3760.22	0
38.561	1	1	1	1886.18	0
38.601	1	1	1	2505.33	0
38.641	1	1	1	1989.81	0
38.681	1	1	1	944.044	0
38.721	1	1	1	1425.39	0
38.761	1	1	1	1634.05	0
38.801	1	1	1	2404.6	0
38.841	1	1	1	3855.79	0
38.881	1	1	1	4517.65	0
38.921	1	1	1	6297.2	0
38.961	1	1	1	6306.2	0
39.001	1	1	1	2766.38	0
39.041	1	1	1	1539.09	0
39.081	1	1	1	3324.76	0
39.121	1	1	1	3098.91	0
39.161	1	1	1	4004.35	0
39.201	1	1	1	6154.85	0
39.241	1	1	1	2583.32	0
39.281	1	1	1	8301.35	0
39.321	1	1	1	9631.04	0
39.361	1	1	1	2811.29	0
39.401	1	1	1	6957.11	0
39.441	1	1	1	5727.52	0
39.481	1	1	1	2368.12	0
39.521	1	1	1	4843.5	0
39.561	1	1	1	2097.59	0
39.601	1	1	1	6354.47	0
39.641	1	1	1	2754.05	0
39.681	1	1	1	3690.3	0
39.721	1	1	1	1574.71	0
39.761	1	1	1	4239.48	0
39.801	1	1	1	10666.4	0
39.841	1	1	1	5257.56	0
39.881	1	1	1	3283.53	0
39.921	1	1	1	2250.93	0
39.961	1	1	1	3838.33	0
40.001	1	1	1	4090.46	0
40.041	1	1	1	3851.44	0
40.081	1	1	1	2236.07	0
40.121	1	1	1	2592.5	0
40.161	1	1	1	1462.04	0
40.201	1	1	1	1029.35	0
40.241	1	1	1	1523.31	0
40.281	1	1	1	1754.3	0
40.321	1	1	1	2943.34	0
40.361	1	1	1	4149.16	0
40.401	1	1	1	4931.18	0
40.441	1	1	1	4347.41	0
40.481	1	1	1	4852.7	0
40.521	1	1	1	2009.26	0
40.561	1	1	1	7087.31	0
40.601	1	1	1	5295.46	0
40.641	1	1	1	4676.28	0
40.681	1	1	1	5946.18	0
40.721	1	1	1	3498.67	0
40.761	1	1	1	2770.25	0
40.801	1	1	1	1302.95	0
40.841	1	1	1	1892.34	0
40.881	1	1	1	1686.86	0
40.921	1	1	1	1638.4	0
40.961	1	1	1	3689.08	0
41.001	1	1	1	679.529	0
41.041	1	1	1	3217.81	0
41.081	1	1	1	8235.87	0
41.121	1	1	1	6452.16	0
41.161	1	1	1	3960.78	0
41.201	1	1	1	7553.39	0
41.241	1	1	1	5514.34	0
41.281	1	1	1	3301.45	0
41.321	1	1	1	4591.39	0
41.361	1	1	1	3853.05	0
41.401	1	1	1	5181.7	0
41.441	1	1	1	3548.76	0
41.481	1	1	1	1159.08	0
41.521	1	1	1	1013.88	0
41.561	1	1	1	4792.98	0
41.601	1	1	1	6385.83	0
41.641	1	1	1	4191.82	0
41.681	1	1	1	6037.18	0
41.721	1	1	1	4221.98	0
41.761	1	1	1	2882.17	0
41.801	1	1	1	1812.97	0
41.841	1	1	1	1329.25	0
41.881	1	1	1	2790.23	0
41.921	1	1	1	1535.24	0
41.961	1	1	1	3159.27	0
42.001	1	1	1	3197.75	0
42.041	1	1	1	2624.18	0
42.081	1	1	1	732.188	0
42.121	1	1	1	3679.53	0
42.161	1	1	1	6533.93	0
42.201	1	1	1	1810.68	0
42.241	1	1	1	2597.08	0
42.281	1	1	1	6812.98	0
42.321	1	1	1	3034.22	0
42.361	1	1	1	1717.04	0
42.401	1	1	1	2063.37	0
42.441	1	1	1	983.011	0
42.481	1	1	1	785.197	0
42.521	1	1	1	7630.99	0
42.561	1	1	1	2945.75	0
42.601	1	1	1	2626.48	0
42.641	1	1	1	593.321	0
42.681	1	1	1	4265.97	0
42.721	1	1	1	7172.69	0
42.761	1	1	1	1388.23	0
42.801	1	1	1	3080.13	0
42.841	1	1	1	6738.57	0
42.881	1	1	1	2740.96	0
42.921	1	1	1	1781.71	0
42.961	1	1	1	2002.45	0
43.001	1	1	1	882.821	0
43.041	1	1	1	4421.41	0
43.081	1	1	1	7147.26	0
43.121	1	1	1	4233.32	0
43.161	1	1	1	5668.56	0
43.201	1	1	1	5016.24	0
43.241	1	1	1	2982.87	0
43.281	1	1	1	2012.41	0
43.321	1	1	1	1061.33	0
43.361	1	1	1	2643.97	0
43.401	1	1	1	889.733	0
43.441	1	1	1	2464.93	0
43.481	1	1	1	3645.7	0
43.521	1	1	1	6555.24	0
43.561	1	1	1	2897.78	0
43.601	1	1	1	1852.01	0
43.641	1	1	1	4228.58	0
43.681	1	1	1	3812.2	0
43.721	1	1	1	5063.38	0
