% time	cellId	IMSI	RNTI	sinrLinear	componentCarrierId
0.041	1	4	1	897.64	0
0.042	1	8	2	24883.3	0
0.043	1	3	3	8538.35	0
0.044	1	7	4	861.602	0
0.047	1	5	7	635.056	0
0.048	1	1	8	50745.3	0
0.049	1	2	9	153.243	0
0.05	1	6	10	1141.76	0
0.053	1	10	13	14395.8	0
0.054	1	9	14	5324.21	0
0.081	1	4	1	2722.58	0
0.082	1	8	2	17919.7	0
0.083	1	3	3	3424.12	0
0.084	1	7	4	924.36	0
0.087	1	5	7	1324.73	0
0.088	1	1	8	65590	0
0.089	1	2	9	131.143	0
0.09	1	6	10	475.045	0
0.093	1	10	13	14189.9	0
0.094	1	9	14	3111.29	0
0.121	1	4	1	943.09	0
0.122	1	8	2	19320.8	0
0.123	1	3	3	1862.4	0
0.124	1	7	4	1047.86	0
0.127	1	5	7	445.124	0
0.128	1	1	8	52297.1	0
0.129	1	2	9	307.78	0
0.13	1	6	10	404.113	0
0.133	1	10	13	38589.6	0
0.134	1	9	14	8970.07	0
0.161	1	4	1	2334.1	0
0.162	1	8	2	34650.2	0
0.163	1	3	3	3046.24	0
0.164	1	7	4	1046.89	0
0.167	1	5	7	619.685	0
0.168	1	1	8	51542.1	0
0.169	1	2	9	196.606	0
0.17	1	6	10	642.172	0
0.173	1	10	13	39851.5	0
0.174	1	9	14	17913.8	0
0.201	1	4	1	3092.33	0
0.202	1	8	2	21598.3	0
0.203	1	3	3	6916.97	0
0.204	1	7	4	761.088	0
0.207	1	5	7	899.889	0
0.208	1	1	8	160788	0
0.209	1	2	9	137.767	0
0.21	1	6	10	331.187	0
0.213	1	10	13	23389.5	0
0.214	1	9	14	15122	0
0.241	1	4	1	2379.93	0
0.242	1	8	2	36355.9	0
0.243	1	3	3	2927.88	0
0.244	1	7	4	1022.62	0
0.247	1	5	7	553.752	0
0.248	1	1	8	92500.3	0
0.249	1	2	9	1053.44	0
0.25	1	6	10	442.644	0
0.253	1	10	13	26967.5	0
0.254	1	9	14	25600.2	0
0.281	1	4	1	4648.85	0
0.282	1	8	2	19300.5	0
0.283	1	3	3	3962.53	0
0.284	1	7	4	1135.89	0
0.287	1	5	7	516.984	0
0.288	1	1	8	48777.3	0
0.289	1	2	9	394.873	0
0.29	1	6	10	546.279	0
0.293	1	10	13	17478.6	0
0.294	1	9	14	11158	0
0.321	1	4	1	5042.65	0
0.322	1	8	2	29891.7	0
0.323	1	3	3	4601.78	0
0.324	1	7	4	727.044	0
0.327	1	5	7	180.117	0
0.328	1	1	8	19191.1	0
0.329	1	2	9	437.478	0
0.33	1	6	10	218.69	0
0.333	1	10	13	15344.5	0
0.334	1	9	14	1330.71	0
0.361	1	4	1	10165.9	0
0.362	1	8	2	50241.2	0
0.363	1	3	3	11711.6	0
0.364	1	7	4	547.721	0
0.367	1	5	7	144.958	0
0.368	1	1	8	8649.2	0
0.369	1	2	9	568.401	0
0.37	1	6	10	702.542	0
0.373	1	10	13	32279.8	0
0.374	1	9	14	2922.87	0
0.401	1	4	1	14452.4	0
0.402	1	8	2	9784.98	0
0.403	1	3	3	59795.8	0
0.404	1	7	4	1095.2	0
0.407	1	5	7	325.485	0
0.408	1	1	8	14013	0
0.409	1	2	9	218.105	0
0.41	1	6	10	629.7	0
0.413	1	10	13	19766.1	0
0.414	1	9	14	1418.32	0
0.441	1	4	1	7907.83	0
0.442	1	8	2	31624	0
0.443	1	3	3	27207.8	0
0.444	1	7	4	1288.5	0
0.447	1	5	7	137.478	0
0.448	1	1	8	35564.5	0
0.449	1	2	9	1035.66	0
0.45	1	6	10	451.075	0
0.453	1	10	13	12575.1	0
0.454	1	9	14	2102.64	0
0.481	1	4	1	17654.5	0
0.482	1	8	2	29556.9	0
0.483	1	3	3	1710.03	0
0.484	1	7	4	490.238	0
0.487	1	5	7	329.248	0
0.488	1	1	8	27871.6	0
0.489	1	2	9	941.661	0
0.49	1	6	10	767.194	0
0.493	1	10	13	17550.8	0
0.494	1	9	14	3374.22	0
0.521	1	4	1	2146.04	0
0.522	1	8	2	7680.78	0
0.523	1	3	3	2325.99	0
0.524	1	7	4	719.734	0
0.527	1	5	7	406.329	0
0.528	1	1	8	56053.2	0
0.529	1	2	9	304.102	0
0.53	1	6	10	1005.53	0
0.533	1	10	13	3591.49	0
0.534	1	9	14	4705.66	0
0.561	1	4	1	8602.34	0
0.562	1	8	2	9994.13	0
0.563	1	3	3	2223.8	0
0.564	1	7	4	269.666	0
0.567	1	5	7	646.271	0
0.568	1	1	8	28379.6	0
0.569	1	2	9	453.752	0
0.57	1	6	10	1061.9	0
0.573	1	10	13	24989.1	0
0.574	1	9	14	9523.96	0
0.601	1	4	1	15901.3	0
0.602	1	8	2	12537.3	0
0.603	1	3	3	3735.77	0
0.604	1	7	4	355.165	0
0.607	1	5	7	565.499	0
0.608	1	1	8	124648	0
0.609	1	2	9	484.646	0
0.61	1	6	10	1224.08	0
0.613	1	10	13	27114.3	0
0.614	1	9	14	3460.35	0
0.641	1	4	1	10644.2	0
0.642	1	8	2	21537.1	0
0.643	1	3	3	6370.77	0
0.644	1	7	4	233.11	0
0.647	1	5	7	617.106	0
0.648	1	1	8	218939	0
0.649	1	2	9	649.8	0
0.65	1	6	10	564.448	0
0.653	1	10	13	20984	0
0.654	1	9	14	4738.81	0
0.681	1	4	1	9381.68	0
0.682	1	8	2	26984.2	0
0.683	1	3	3	10505.7	0
0.684	1	7	4	462.671	0
0.687	1	5	7	383.479	0
0.688	1	1	8	130212	0
0.689	1	2	9	1954.8	0
0.69	1	6	10	1908.06	0
0.693	1	10	13	44549.9	0
0.694	1	9	14	3906.75	0
0.721	1	4	1	9758.6	0
0.722	1	8	2	34711	0
0.723	1	3	3	7901.18	0
0.724	1	7	4	555.846	0
0.727	1	5	7	151.866	0
0.728	1	1	8	118038	0
0.729	1	2	9	2049.66	0
0.73	1	6	10	1049.23	0
0.733	1	10	13	26423.5	0
0.734	1	9	14	7543.51	0
0.761	1	4	1	10785	0
0.762	1	8	2	43548.5	0
0.763	1	3	3	15355.9	0
0.764	1	7	4	939.501	0
0.767	1	5	7	271.729	0
0.768	1	1	8	79112.2	0
0.769	1	2	9	360.292	0
0.77	1	6	10	549.851	0
0.773	1	10	13	95114.9	0
0.774	1	9	14	5382.79	0
0.801	1	4	1	2294.77	0
0.802	1	8	2	19955	0
0.803	1	3	3	14876.3	0
0.804	1	7	4	1473.52	0
0.807	1	5	7	337.237	0
0.808	1	1	8	24443.2	0
0.809	1	2	9	1466.28	0
0.81	1	6	10	1492.39	0
0.813	1	10	13	115701	0
0.814	1	9	14	3073.87	0
0.841	1	4	1	2265.3	0
0.842	1	8	2	7641.27	0
0.843	1	3	3	8464.79	0
0.844	1	7	4	671.617	0
0.847	1	5	7	346.492	0
0.848	1	1	8	34206.1	0
0.849	1	2	9	825.801	0
0.85	1	6	10	622.029	0
0.853	1	10	13	17395.9	0
0.854	1	9	14	5672.89	0
0.881	1	4	1	5009.41	0
0.882	1	8	2	27119.9	0
0.883	1	3	3	4095.18	0
0.884	1	7	4	995.99	0
0.887	1	5	7	684.009	0
0.888	1	1	8	15852.1	0
0.889	1	2	9	260.41	0
0.89	1	6	10	886.283	0
0.893	1	10	13	32679.7	0
0.894	1	9	14	1656.93	0
0.921	1	4	1	2866.61	0
0.922	1	8	2	20291.3	0
0.923	1	3	3	1261.12	0
0.924	1	7	4	1566.23	0
0.927	1	5	7	675.764	0
0.928	1	1	8	19532.7	0
0.929	1	2	9	303.163	0
0.93	1	6	10	334.077	0
0.933	1	10	13	32690.9	0
0.934	1	9	14	4043.45	0
0.961	1	4	1	6086.83	0
0.962	1	8	2	6623.49	0
0.963	1	3	3	1921.82	0
0.964	1	7	4	990.736	0
0.967	1	5	7	422.895	0
0.968	1	1	8	21713.5	0
0.969	1	2	9	316.64	0
0.97	1	6	10	1107.15	0
0.973	1	10	13	6904.91	0
0.974	1	9	14	7818.86	0
1.001	1	4	1	16602.5	0
1.002	1	8	2	24001.9	0
1.003	1	3	3	4979.97	0
1.004	1	7	4	663.271	0
1.007	1	5	7	156.078	0
1.008	1	1	8	20055.6	0
1.009	1	2	9	1123.61	0
1.01	1	6	10	267.569	0
1.013	1	10	13	36097.8	0
1.014	1	9	14	1992.53	0
1.041	1	4	1	1689.61	0
1.042	1	8	2	21983.1	0
1.043	1	3	3	6707.68	0
1.044	1	7	4	190.501	0
1.047	1	5	7	224.784	0
1.048	1	1	8	100985	0
1.049	1	2	9	582.735	0
1.05	1	6	10	282.288	0
1.053	1	10	13	51989.1	0
1.054	1	9	14	1900.37	0
1.081	1	4	1	847.38	0
1.082	1	8	2	17468.5	0
1.083	1	3	3	3584.18	0
1.084	1	7	4	1180.14	0
1.087	1	5	7	243.291	0
1.088	1	1	8	29945.3	0
1.089	1	2	9	602.753	0
1.09	1	6	10	376.478	0
1.093	1	10	13	36357.5	0
1.094	1	9	14	1869.2	0
1.121	1	4	1	8409.25	0
1.122	1	8	2	26264.2	0
1.123	1	3	3	1867.39	0
1.124	1	7	4	1401.26	0
1.127	1	5	7	120.343	0
1.128	1	1	8	29262.4	0
1.129	1	2	9	120.495	0
1.13	1	6	10	462.087	0
1.133	1	10	13	24819.7	0
1.134	1	9	14	3527.58	0
1.161	1	4	1	1567.98	0
1.162	1	8	2	16554.9	0
1.163	1	3	3	3820.78	0
1.164	1	7	4	876.503	0
1.167	1	5	7	447.243	0
1.168	1	1	8	118729	0
1.169	1	2	9	485.463	0
1.17	1	6	10	796.237	0
1.173	1	10	13	15612.3	0
1.174	1	9	14	4964.51	0
1.201	1	4	1	1891.99	0
1.202	1	8	2	31156.9	0
1.203	1	3	3	12026.1	0
1.204	1	7	4	1262.52	0
1.207	1	5	7	1421.42	0
1.208	1	1	8	56320.7	0
1.209	1	2	9	726.093	0
1.21	1	6	10	1013.76	0
1.213	1	10	13	11446.8	0
1.214	1	9	14	2048.25	0
1.241	1	4	1	5969.44	0
1.242	1	8	2	29196.4	0
1.243	1	3	3	19048.4	0
1.244	1	7	4	936.64	0
1.247	1	5	7	1562.9	0
1.248	1	1	8	43520.8	0
1.249	1	2	9	1261.93	0
1.25	1	6	10	1285.52	0
1.253	1	10	13	24028	0
1.254	1	9	14	5362.99	0
1.281	1	4	1	15194.1	0
1.282	1	8	2	19421.7	0
1.283	1	3	3	11715.1	0
1.284	1	7	4	613.168	0
1.287	1	5	7	786.966	0
1.288	1	1	8	80754.4	0
1.289	1	2	9	1299.88	0
1.29	1	6	10	1653.55	0
1.293	1	10	13	13477.8	0
1.294	1	9	14	5275.01	0
1.321	1	4	1	12774.1	0
1.322	1	8	2	15080.7	0
1.323	1	3	3	51743.8	0
1.324	1	7	4	412.325	0
1.327	1	5	7	1332.76	0
1.328	1	1	8	201405	0
1.329	1	2	9	730.654	0
1.33	1	6	10	813.6	0
1.333	1	10	13	27205.9	0
1.334	1	9	14	3806.92	0
1.361	1	4	1	15128.9	0
1.362	1	8	2	3299.07	0
1.363	1	3	3	50514.7	0
1.364	1	7	4	258.883	0
1.367	1	5	7	979.623	0
1.368	1	1	8	78604.6	0
1.369	1	2	9	297.886	0
1.37	1	6	10	267.811	0
1.373	1	10	13	27777.1	0
1.374	1	9	14	10346.8	0
1.401	1	4	1	38818.5	0
1.402	1	8	2	22777.5	0
1.403	1	3	3	20800.1	0
1.404	1	7	4	588.204	0
1.407	1	5	7	560.711	0
1.408	1	1	8	11824.7	0
1.409	1	2	9	236.608	0
1.41	1	6	10	999.367	0
1.413	1	10	13	32063.3	0
1.414	1	9	14	4209.47	0
1.441	1	4	1	19967.2	0
1.442	1	8	2	22656.1	0
1.443	1	3	3	6198.9	0
1.444	1	7	4	341.887	0
1.447	1	5	7	878.563	0
1.448	1	1	8	73685.9	0
1.449	1	2	9	149.974	0
1.45	1	6	10	803.947	0
1.453	1	10	13	54105.3	0
1.454	1	9	14	4975.42	0
1.481	1	4	1	6915.45	0
1.482	1	8	2	12806.7	0
1.483	1	3	3	7011.8	0
1.484	1	7	4	629.029	0
1.487	1	5	7	761.138	0
1.488	1	1	8	132295	0
1.489	1	2	9	121.35	0
1.49	1	6	10	253.12	0
1.493	1	10	13	22970.9	0
1.494	1	9	14	14196.1	0
1.521	1	4	1	2714.33	0
1.522	1	8	2	9179.54	0
1.523	1	3	3	8268.56	0
1.524	1	7	4	760.13	0
1.527	1	5	7	137.169	0
1.528	1	1	8	37101.9	0
1.529	1	2	9	211.378	0
1.53	1	6	10	1360.55	0
1.533	1	10	13	21920.8	0
1.534	1	9	14	4545.84	0
1.561	1	4	1	1356.96	0
1.562	1	8	2	10527.5	0
1.563	1	3	3	1159.9	0
1.564	1	7	4	715.134	0
1.567	1	5	7	587.574	0
1.568	1	1	8	83823.7	0
1.569	1	2	9	223.954	0
1.57	1	6	10	672.068	0
1.573	1	10	13	11824.3	0
1.574	1	9	14	6828.59	0
1.601	1	4	1	1217.32	0
1.602	1	8	2	10330.7	0
1.603	1	3	3	1374.52	0
1.604	1	7	4	456.028	0
1.607	1	5	7	296.049	0
1.608	1	1	8	28360.4	0
1.609	1	2	9	276.672	0
1.61	1	6	10	284.78	0
1.613	1	10	13	14662.5	0
1.614	1	9	14	11834.4	0
1.641	1	4	1	1555.29	0
1.642	1	8	2	17538.1	0
1.643	1	3	3	2902.23	0
1.644	1	7	4	383.746	0
1.647	1	5	7	197.977	0
1.648	1	1	8	57461.7	0
1.649	1	2	9	184.177	0
1.65	1	6	10	334.897	0
1.653	1	10	13	29237.7	0
1.654	1	9	14	6333.77	0
1.681	1	4	1	4791.93	0
1.682	1	8	2	24436.9	0
1.683	1	3	3	2944.03	0
1.684	1	7	4	154.578	0
1.687	1	5	7	400.335	0
1.688	1	1	8	141697	0
1.689	1	2	9	110.248	0
1.69	1	6	10	563.988	0
1.693	1	10	13	15837.2	0
1.694	1	9	14	6913.37	0
1.721	1	4	1	2802.54	0
1.722	1	8	2	15099	0
1.723	1	3	3	7512.09	0
1.724	1	7	4	138.434	0
1.727	1	5	7	183.803	0
1.728	1	1	8	51261	0
1.729	1	2	9	378.661	0
1.73	1	6	10	572.294	0
1.733	1	10	13	23014.4	0
1.734	1	9	14	3550.79	0
1.761	1	4	1	4379.04	0
1.762	1	8	2	13108	0
1.763	1	3	3	4923.06	0
1.764	1	7	4	173.189	0
1.767	1	5	7	137.932	0
1.768	1	1	8	40691.6	0
1.769	1	2	9	916.159	0
1.77	1	6	10	365.585	0
1.773	1	10	13	29273.6	0
1.774	1	9	14	7766.52	0
1.801	1	4	1	8739.37	0
1.802	1	8	2	6576.82	0
1.803	1	3	3	3451.44	0
1.804	1	7	4	829.142	0
1.807	1	5	7	94.5392	0
1.808	1	1	8	71734.9	0
1.809	1	2	9	833.322	0
1.81	1	6	10	869.362	0
1.813	1	10	13	34788.9	0
1.814	1	9	14	18023	0
1.841	1	4	1	4733.9	0
1.842	1	8	2	4411.42	0
1.843	1	3	3	5209.44	0
1.844	1	7	4	620.772	0
1.847	1	5	7	584.832	0
1.848	1	1	8	65195.1	0
1.849	1	2	9	829.424	0
1.85	1	6	10	1368.49	0
1.853	1	10	13	25664.4	0
1.854	1	9	14	8575.21	0
1.881	1	4	1	7109.47	0
1.882	1	8	2	2862.2	0
1.883	1	3	3	8323.86	0
1.884	1	7	4	633.686	0
1.887	1	5	7	739.452	0
1.888	1	1	8	44529.9	0
1.889	1	2	9	595.166	0
1.89	1	6	10	1439.43	0
1.893	1	10	13	22626.7	0
1.894	1	9	14	7755.89	0
1.921	1	4	1	10952.8	0
1.922	1	8	2	16496.6	0
1.923	1	3	3	5819.05	0
1.924	1	7	4	1175.57	0
1.927	1	5	7	273.332	0
1.928	1	1	8	101660	0
1.929	1	2	9	279.922	0
1.93	1	6	10	1046.26	0
1.933	1	10	13	56003.5	0
1.934	1	9	14	13653.3	0
1.961	1	4	1	5433.46	0
1.962	1	8	2	25154.8	0
1.963	1	3	3	2347.49	0
1.964	1	7	4	730.306	0
1.967	1	5	7	797.074	0
1.968	1	1	8	113674	0
1.969	1	2	9	411.636	0
1.97	1	6	10	407.536	0
1.973	1	10	13	35609.7	0
1.974	1	9	14	14821.6	0
2.001	1	4	1	3554.21	0
2.002	1	8	2	18655.9	0
2.003	1	3	3	4983.45	0
2.004	1	7	4	537.647	0
2.007	1	5	7	552.566	0
2.008	1	1	8	69868.3	0
2.009	1	2	9	329.559	0
2.01	1	6	10	2094.17	0
2.013	1	10	13	18227.9	0
2.014	1	9	14	2650.41	0
2.041	1	4	1	1047.19	0
2.042	1	8	2	7708.81	0
2.043	1	3	3	19891.1	0
2.044	1	7	4	419.709	0
2.047	1	5	7	522.644	0
2.048	1	1	8	60356.1	0
2.049	1	2	9	148.518	0
2.05	1	6	10	1251.29	0
2.053	1	10	13	16168.7	0
2.054	1	9	14	5761.45	0
2.081	1	4	1	1598.17	0
2.082	1	8	2	10385.4	0
2.083	1	3	3	9363.49	0
2.084	1	7	4	480.914	0
2.087	1	5	7	59.0525	0
2.088	1	1	8	55799.3	0
2.089	1	2	9	925.555	0
2.09	1	6	10	1191.63	0
2.093	1	10	13	10471.6	0
2.094	1	9	14	3047.87	0
2.121	1	4	1	3198.88	0
2.122	1	8	2	6933.64	0
2.123	1	3	3	3498.5	0
2.124	1	7	4	785.86	0
2.127	1	5	7	216.551	0
2.128	1	1	8	28270.9	0
2.129	1	2	9	1919.93	0
2.13	1	6	10	1834.32	0
2.133	1	10	13	31900.4	0
2.134	1	9	14	3403.72	0
2.161	1	4	1	1424.79	0
2.162	1	8	2	15254.9	0
2.163	1	3	3	19527.1	0
2.164	1	7	4	597.638	0
2.167	1	5	7	521.839	0
2.168	1	1	8	33899.4	0
2.169	1	2	9	1271.65	0
2.17	1	6	10	952.038	0
2.173	1	10	13	27662	0
2.174	1	9	14	951.921	0
2.201	1	4	1	2098.19	0
2.202	1	8	2	16459.9	0
2.203	1	3	3	10334.2	0
2.204	1	7	4	1287.88	0
2.207	1	5	7	125.582	0
2.208	1	1	8	72040.9	0
2.209	1	2	9	511.255	0
2.21	1	6	10	913.645	0
2.213	1	10	13	14140.6	0
2.214	1	9	14	8238.71	0
2.241	1	4	1	4910.66	0
2.242	1	8	2	32354.9	0
2.243	1	3	3	2922.56	0
2.244	1	7	4	814.139	0
2.247	1	5	7	277.893	0
2.248	1	1	8	84366.5	0
2.249	1	2	9	190.26	0
2.25	1	6	10	1026.93	0
2.253	1	10	13	16132.7	0
2.254	1	9	14	16993.8	0
2.281	1	4	1	15584.7	0
2.282	1	8	2	41416	0
2.283	1	3	3	4143.84	0
2.284	1	7	4	987.712	0
2.287	1	5	7	400.877	0
2.288	1	1	8	55358	0
2.289	1	2	9	192.417	0
2.29	1	6	10	980.666	0
2.293	1	10	13	8610.44	0
2.294	1	9	14	3508.59	0
2.321	1	4	1	24314.7	0
2.322	1	8	2	17212.8	0
2.323	1	3	3	6674.89	0
2.324	1	7	4	2362.38	0
2.327	1	5	7	1159.2	0
2.328	1	1	8	18409.6	0
2.329	1	2	9	486.629	0
2.33	1	6	10	1224.83	0
2.333	1	10	13	6222.83	0
2.334	1	9	14	2590.99	0
2.361	1	4	1	10931.7	0
2.362	1	8	2	35038.4	0
2.363	1	3	3	22165.7	0
2.364	1	7	4	1016.3	0
2.367	1	5	7	1050.81	0
2.368	1	1	8	10284.9	0
2.369	1	2	9	405.737	0
2.37	1	6	10	558.403	0
2.373	1	10	13	27710.1	0
2.374	1	9	14	4505.43	0
2.401	1	4	1	1722.99	0
2.402	1	8	2	44133.9	0
2.403	1	3	3	14060.4	0
2.404	1	7	4	948.418	0
2.407	1	5	7	603.576	0
2.408	1	1	8	60431.4	0
2.409	1	2	9	647.421	0
2.41	1	6	10	334.687	0
2.413	1	10	13	70923	0
2.414	1	9	14	6072.41	0
2.441	1	4	1	9471.96	0
2.442	1	8	2	28431	0
2.443	1	3	3	2949.26	0
2.444	1	7	4	1611.79	0
2.447	1	5	7	413.806	0
2.448	1	1	8	146358	0
2.449	1	2	9	1512.33	0
2.45	1	6	10	542.894	0
2.453	1	10	13	60526	0
2.454	1	9	14	6782.26	0
2.481	1	4	1	6771.2	0
2.482	1	8	2	37331.9	0
2.483	1	3	3	4446.53	0
2.484	1	7	4	622.188	0
2.487	1	5	7	563.906	0
2.488	1	1	8	137820	0
2.489	1	2	9	1954.74	0
2.49	1	6	10	489.659	0
2.493	1	10	13	35094.2	0
2.494	1	9	14	3011.83	0
2.521	1	4	1	11332.1	0
2.522	1	8	2	35381.6	0
2.523	1	3	3	7220.1	0
2.524	1	7	4	1665.68	0
2.527	1	5	7	376.43	0
2.528	1	1	8	131678	0
2.529	1	2	9	860.056	0
2.53	1	6	10	611.805	0
2.533	1	10	13	32495.5	0
2.534	1	9	14	9636.2	0
2.561	1	4	1	2113.56	0
2.562	1	8	2	19228.8	0
2.563	1	3	3	2932.23	0
2.564	1	7	4	760.924	0
2.567	1	5	7	227.288	0
2.568	1	1	8	104301	0
2.569	1	2	9	478.342	0
2.57	1	6	10	275.243	0
2.573	1	10	13	45416.2	0
2.574	1	9	14	3429.87	0
2.601	1	4	1	7542.62	0
2.602	1	8	2	8703.82	0
2.603	1	3	3	2780.22	0
2.604	1	7	4	546.481	0
2.607	1	5	7	610.904	0
2.608	1	1	8	29504.7	0
2.609	1	2	9	236.565	0
2.61	1	6	10	479.469	0
2.613	1	10	13	33582.2	0
2.614	1	9	14	1232.28	0
2.641	1	4	1	10697.4	0
2.642	1	8	2	15946.6	0
2.643	1	3	3	4179.01	0
2.644	1	7	4	204.563	0
2.647	1	5	7	430.347	0
2.648	1	1	8	48676	0
2.649	1	2	9	460.885	0
2.65	1	6	10	778.142	0
2.653	1	10	13	35964.7	0
2.654	1	9	14	21719.5	0
2.681	1	4	1	4526.02	0
2.682	1	8	2	12703.9	0
2.683	1	3	3	4704.73	0
2.684	1	7	4	620.027	0
2.687	1	5	7	139.104	0
2.688	1	1	8	179012	0
2.689	1	2	9	828.679	0
2.69	1	6	10	414.898	0
2.693	1	10	13	47908.7	0
2.694	1	9	14	9785.52	0
2.721	1	4	1	5675.33	0
2.722	1	8	2	8115.93	0
2.723	1	3	3	1896.89	0
2.724	1	7	4	1793.06	0
2.727	1	5	7	210.261	0
2.728	1	1	8	143207	0
2.729	1	2	9	629.844	0
2.73	1	6	10	675.563	0
2.733	1	10	13	36195.3	0
2.734	1	9	14	3158.54	0
2.761	1	4	1	7179.49	0
2.762	1	8	2	16166.5	0
2.763	1	3	3	2500.19	0
2.764	1	7	4	521.911	0
2.767	1	5	7	198.291	0
2.768	1	1	8	172152	0
2.769	1	2	9	388.348	0
2.77	1	6	10	808.82	0
2.773	1	10	13	21838	0
2.774	1	9	14	5032.44	0
2.801	1	4	1	7530.65	0
2.802	1	8	2	7525.52	0
2.803	1	3	3	7612.39	0
2.804	1	7	4	420.212	0
2.807	1	5	7	376.888	0
2.808	1	1	8	115115	0
2.809	1	2	9	353.462	0
2.81	1	6	10	968.877	0
2.813	1	10	13	34439.8	0
2.814	1	9	14	3101.9	0
2.841	1	4	1	6532.13	0
2.842	1	8	2	12269.9	0
2.843	1	3	3	5277.15	0
2.844	1	7	4	1439.55	0
2.847	1	5	7	350.151	0
2.848	1	1	8	63440.7	0
2.849	1	2	9	568.14	0
2.85	1	6	10	632.073	0
2.853	1	10	13	56143.5	0
2.854	1	9	14	2327.76	0
2.881	1	4	1	6292.96	0
2.882	1	8	2	20766.1	0
2.883	1	3	3	4262.81	0
2.884	1	7	4	731.671	0
2.887	1	5	7	280.341	0
2.888	1	1	8	45868.3	0
2.889	1	2	9	303.366	0
2.89	1	6	10	722.684	0
2.893	1	10	13	30875.2	0
2.894	1	9	14	2934.16	0
2.921	1	4	1	5754.42	0
2.922	1	8	2	11051.9	0
2.923	1	3	3	1380.86	0
2.924	1	7	4	347.324	0
2.927	1	5	7	290.543	0
2.928	1	1	8	22018.5	0
2.929	1	2	9	298.604	0
2.93	1	6	10	1568.54	0
2.933	1	10	13	18597.2	0
2.934	1	9	14	3348.32	0
2.961	1	4	1	1733.22	0
2.962	1	8	2	17659.6	0
2.963	1	3	3	2417.83	0
2.964	1	7	4	449.126	0
2.967	1	5	7	572.559	0
2.968	1	1	8	15932.1	0
2.969	1	2	9	343.879	0
2.97	1	6	10	848.168	0
2.973	1	10	13	37550.5	0
2.974	1	9	14	6200.39	0
3.001	1	4	1	2469.07	0
3.002	1	8	2	19121.2	0
3.003	1	3	3	10396.1	0
3.004	1	7	4	716.083	0
3.007	1	5	7	599.549	0
3.008	1	1	8	66434.7	0
3.009	1	2	9	972.567	0
3.01	1	6	10	974.948	0
3.013	1	10	13	43665.9	0
3.014	1	9	14	4339.74	0
3.041	1	4	1	4227.93	0
3.042	1	8	2	22946	0
3.043	1	3	3	13673.2	0
3.044	1	7	4	552.748	0
3.047	1	5	7	845.413	0
3.048	1	1	8	29242.6	0
3.049	1	2	9	1255.73	0
3.05	1	6	10	559.203	0
3.053	1	10	13	17368.9	0
3.054	1	9	14	3560.58	0
3.081	1	4	1	6359.19	0
3.082	1	8	2	26777.3	0
3.083	1	3	3	15749.8	0
3.084	1	7	4	1112.54	0
3.087	1	5	7	331.085	0
3.088	1	1	8	40098.9	0
3.089	1	2	9	1023.92	0
3.09	1	6	10	402.188	0
3.093	1	10	13	12652.2	0
3.094	1	9	14	5503.53	0
3.121	1	4	1	1671.66	0
3.122	1	8	2	14980.9	0
3.123	1	3	3	8478.78	0
3.124	1	7	4	1275.04	0
3.127	1	5	7	952.767	0
3.128	1	1	8	30623.7	0
3.129	1	2	9	961.417	0
3.13	1	6	10	395.021	0
3.133	1	10	13	26696.2	0
3.134	1	9	14	8368.52	0
3.161	1	4	1	3936.47	0
3.162	1	8	2	15965.3	0
3.163	1	3	3	7211.55	0
3.164	1	7	4	476.581	0
3.167	1	5	7	1056.11	0
3.168	1	1	8	41559.5	0
3.169	1	2	9	387.035	0
3.17	1	6	10	163.477	0
3.173	1	10	13	28891.9	0
3.174	1	9	14	14026.6	0
3.201	1	4	1	10083.5	0
3.202	1	8	2	11485.5	0
3.203	1	3	3	7332.08	0
3.204	1	7	4	666.395	0
3.207	1	5	7	396.495	0
3.208	1	1	8	59999.8	0
3.209	1	2	9	209.102	0
3.21	1	6	10	284.658	0
3.213	1	10	13	38445.4	0
3.214	1	9	14	14460.8	0
3.241	1	4	1	7621.81	0
3.242	1	8	2	5916	0
3.243	1	3	3	7472.31	0
3.244	1	7	4	854.906	0
3.247	1	5	7	490.422	0
3.248	1	1	8	100622	0
3.249	1	2	9	443.384	0
3.25	1	6	10	1216.11	0
3.253	1	10	13	23078.9	0
3.254	1	9	14	10128.9	0
3.281	1	4	1	12314.1	0
3.282	1	8	2	9202.71	0
3.283	1	3	3	6553.49	0
3.284	1	7	4	532.441	0
3.287	1	5	7	261.264	0
3.288	1	1	8	117185	0
3.289	1	2	9	703.897	0
3.29	1	6	10	2094.16	0
3.293	1	10	13	21047.5	0
3.294	1	9	14	3674.65	0
3.321	1	4	1	2360.95	0
3.322	1	8	2	10352.4	0
3.323	1	3	3	7138.4	0
3.324	1	7	4	879.215	0
3.327	1	5	7	268.21	0
3.328	1	1	8	30665.2	0
3.329	1	2	9	615.767	0
3.33	1	6	10	1225.08	0
3.333	1	10	13	18382.7	0
3.334	1	9	14	5539.86	0
3.361	1	4	1	3702.96	0
3.362	1	8	2	15946.3	0
3.363	1	3	3	4750.66	0
3.364	1	7	4	619.962	0
3.367	1	5	7	286.845	0
3.368	1	1	8	122966	0
3.369	1	2	9	569.485	0
3.37	1	6	10	1215.18	0
3.373	1	10	13	8291.66	0
3.374	1	9	14	12517	0
3.401	1	4	1	7572.31	0
3.402	1	8	2	24730.2	0
3.403	1	3	3	2812.86	0
3.404	1	7	4	857.245	0
3.407	1	5	7	262.775	0
3.408	1	1	8	179866	0
3.409	1	2	9	322.533	0
3.41	1	6	10	1827.47	0
3.413	1	10	13	11807.1	0
3.414	1	9	14	6147.06	0
3.441	1	4	1	5116.09	0
3.442	1	8	2	28809.5	0
3.443	1	3	3	3819.43	0
3.444	1	7	4	1295.5	0
3.447	1	5	7	521.745	0
3.448	1	1	8	64051	0
3.449	1	2	9	168.082	0
3.45	1	6	10	931.967	0
3.453	1	10	13	13941.9	0
3.454	1	9	14	12944.5	0
3.481	1	4	1	4272.57	0
3.482	1	8	2	40693.4	0
3.483	1	3	3	1366.04	0
3.484	1	7	4	739.335	0
3.487	1	5	7	564.01	0
3.488	1	1	8	82544.4	0
3.489	1	2	9	652.507	0
3.49	1	6	10	925.143	0
3.493	1	10	13	19531.8	0
3.494	1	9	14	27265.8	0
3.521	1	4	1	4908.67	0
3.522	1	8	2	10360.3	0
3.523	1	3	3	4797.93	0
3.524	1	7	4	451.567	0
3.527	1	5	7	576.547	0
3.528	1	1	8	44461.9	0
3.529	1	2	9	2137.66	0
3.53	1	6	10	253.142	0
3.533	1	10	13	22948.2	0
3.534	1	9	14	707.836	0
3.561	1	4	1	5210.64	0
3.562	1	8	2	13028.6	0
3.563	1	3	3	4633.08	0
3.564	1	7	4	383.988	0
3.567	1	5	7	427.49	0
3.568	1	1	8	87590.7	0
3.569	1	2	9	591.852	0
3.57	1	6	10	630.41	0
3.573	1	10	13	26957.5	0
3.574	1	9	14	1984.83	0
3.601	1	4	1	11039.9	0
3.602	1	8	2	13359.9	0
3.603	1	3	3	7491.85	0
3.604	1	7	4	332.567	0
3.607	1	5	7	238.178	0
3.608	1	1	8	55441.6	0
3.609	1	2	9	896.916	0
3.61	1	6	10	431.986	0
3.613	1	10	13	14443	0
3.614	1	9	14	5778.15	0
3.641	1	4	1	1879.44	0
3.642	1	8	2	10868.8	0
3.643	1	3	3	3122.9	0
3.644	1	7	4	488.695	0
3.647	1	5	7	314.818	0
3.648	1	1	8	156164	0
3.649	1	2	9	1378.62	0
3.65	1	6	10	596.866	0
3.653	1	10	13	23129.8	0
3.654	1	9	14	8905.38	0
3.681	1	4	1	3016.87	0
3.682	1	8	2	10246.2	0
3.683	1	3	3	4116.35	0
3.684	1	7	4	543.164	0
3.687	1	5	7	91.297	0
3.688	1	1	8	92757.4	0
3.689	1	2	9	1300.29	0
3.69	1	6	10	853.926	0
3.693	1	10	13	26345.4	0
3.694	1	9	14	8211.33	0
3.721	1	4	1	20004.2	0
3.722	1	8	2	14893.9	0
3.723	1	3	3	40158.1	0
3.724	1	7	4	549.935	0
3.727	1	5	7	216.295	0
3.728	1	1	8	278051	0
3.729	1	2	9	521.41	0
3.73	1	6	10	708.428	0
3.733	1	10	13	12467.6	0
3.734	1	9	14	8075.97	0
3.761	1	4	1	1471.41	0
3.762	1	8	2	16174.8	0
3.763	1	3	3	7831.96	0
3.764	1	7	4	376.674	0
3.767	1	5	7	321.621	0
3.768	1	1	8	187189	0
3.769	1	2	9	194.015	0
3.77	1	6	10	1481.86	0
3.773	1	10	13	22939.1	0
3.774	1	9	14	19428.9	0
3.801	1	4	1	1231.46	0
3.802	1	8	2	15921.7	0
3.803	1	3	3	6864.35	0
3.804	1	7	4	549.429	0
3.807	1	5	7	363.62	0
3.808	1	1	8	24879.8	0
3.809	1	2	9	131.954	0
3.81	1	6	10	806.516	0
3.813	1	10	13	30746.1	0
3.814	1	9	14	8181.15	0
3.841	1	4	1	1601.54	0
3.842	1	8	2	10722.3	0
3.843	1	3	3	22752.8	0
3.844	1	7	4	872.213	0
3.847	1	5	7	375.572	0
3.848	1	1	8	26411.8	0
3.849	1	2	9	639.206	0
3.85	1	6	10	1290.68	0
3.853	1	10	13	14077	0
3.854	1	9	14	1061.92	0
3.881	1	4	1	3294.45	0
3.882	1	8	2	18039.1	0
3.883	1	3	3	7341.48	0
3.884	1	7	4	500.277	0
3.887	1	5	7	416.453	0
3.888	1	1	8	55903.1	0
3.889	1	2	9	1054.98	0
3.89	1	6	10	2622.86	0
3.893	1	10	13	14741.5	0
3.894	1	9	14	1970.71	0
3.921	1	4	1	17041	0
3.922	1	8	2	25388.7	0
3.923	1	3	3	1764.46	0
3.924	1	7	4	359.807	0
3.927	1	5	7	698.536	0
3.928	1	1	8	6249.38	0
3.929	1	2	9	332.329	0
3.93	1	6	10	969.978	0
3.933	1	10	13	18004.8	0
3.934	1	9	14	4153.21	0
3.961	1	4	1	50586.2	0
3.962	1	8	2	13329.3	0
3.963	1	3	3	1936.41	0
3.964	1	7	4	353.396	0
3.967	1	5	7	461.23	0
3.968	1	1	8	32802.1	0
3.969	1	2	9	243.695	0
3.97	1	6	10	1203.8	0
3.973	1	10	13	18368.7	0
3.974	1	9	14	3902.99	0
4.001	1	4	1	5856.41	0
4.002	1	8	2	10002.9	0
4.003	1	3	3	4730.73	0
4.004	1	7	4	1227.45	0
4.007	1	5	7	722.975	0
4.008	1	1	8	79033	0
4.009	1	2	9	186.327	0
4.01	1	6	10	632.79	0
4.013	1	10	13	12790	0
4.014	1	9	14	4065.81	0
4.041	1	4	1	4677.71	0
4.042	1	8	2	38289.6	0
4.043	1	3	3	15013.7	0
4.044	1	7	4	617.026	0
4.047	1	5	7	386.047	0
4.048	1	1	8	63373.8	0
4.049	1	2	9	274.707	0
4.05	1	6	10	684.051	0
4.053	1	10	13	15653.9	0
4.054	1	9	14	23487.4	0
4.081	1	4	1	6353.37	0
4.082	1	8	2	54293.2	0
4.083	1	3	3	4235.3	0
4.084	1	7	4	256.605	0
4.087	1	5	7	707.413	0
4.088	1	1	8	75910.3	0
4.089	1	2	9	203.915	0
4.09	1	6	10	1495.27	0
4.093	1	10	13	18078.5	0
4.094	1	9	14	7189.24	0
4.121	1	4	1	1053.42	0
4.122	1	8	2	28269.7	0
4.123	1	3	3	3111.15	0
4.124	1	7	4	296.717	0
4.127	1	5	7	629.329	0
4.128	1	1	8	190581	0
4.129	1	2	9	374.716	0
4.13	1	6	10	1296.33	0
4.133	1	10	13	18197.2	0
4.134	1	9	14	5398.5	0
4.161	1	4	1	1414.21	0
4.162	1	8	2	36861.5	0
4.163	1	3	3	2796.84	0
4.164	1	7	4	498.702	0
4.167	1	5	7	208.243	0
4.168	1	1	8	111292	0
4.169	1	2	9	499.024	0
4.17	1	6	10	649.934	0
4.173	1	10	13	13872.2	0
4.174	1	9	14	8638.55	0
4.201	1	4	1	3272.57	0
4.202	1	8	2	46033	0
4.203	1	3	3	5617.16	0
4.204	1	7	4	518.12	0
4.207	1	5	7	1725.49	0
4.208	1	1	8	53343.6	0
4.209	1	2	9	847.307	0
4.21	1	6	10	1628.62	0
4.213	1	10	13	15499.5	0
4.214	1	9	14	3606.75	0
4.241	1	4	1	2873.68	0
4.242	1	8	2	21739.7	0
4.243	1	3	3	10191.6	0
4.244	1	7	4	324.806	0
4.247	1	5	7	433.299	0
4.248	1	1	8	108454	0
4.249	1	2	9	1022.45	0
4.25	1	6	10	1442.8	0
4.253	1	10	13	21275.5	0
4.254	1	9	14	5594.61	0
4.281	1	4	1	1890.15	0
4.282	1	8	2	26444.6	0
4.283	1	3	3	2657.74	0
4.284	1	7	4	762.208	0
4.287	1	5	7	135.366	0
4.288	1	1	8	90329	0
4.289	1	2	9	745.803	0
4.29	1	6	10	1119.76	0
4.293	1	10	13	22581.4	0
4.294	1	9	14	2791.84	0
4.321	1	4	1	4569.49	0
4.322	1	8	2	25740.3	0
4.323	1	3	3	4216.8	0
4.324	1	7	4	1218.46	0
4.327	1	5	7	1200.07	0
4.328	1	1	8	53018	0
4.329	1	2	9	1054.29	0
4.33	1	6	10	1429.27	0
4.333	1	10	13	20575.1	0
4.334	1	9	14	2820.4	0
4.361	1	4	1	12654.6	0
4.362	1	8	2	28041.7	0
4.363	1	3	3	9437.28	0
4.364	1	7	4	1289.97	0
4.367	1	5	7	290.045	0
4.368	1	1	8	14113.8	0
4.369	1	2	9	250.741	0
4.37	1	6	10	865.856	0
4.373	1	10	13	14682.2	0
4.374	1	9	14	5408.13	0
4.401	1	4	1	10327.7	0
4.402	1	8	2	30510.5	0
4.403	1	3	3	6180.62	0
4.404	1	7	4	951.048	0
4.407	1	5	7	186.024	0
4.408	1	1	8	12004.6	0
4.409	1	2	9	505.737	0
4.41	1	6	10	426.055	0
4.413	1	10	13	29268.1	0
4.414	1	9	14	8869.36	0
4.441	1	4	1	16933	0
4.442	1	8	2	11423.5	0
4.443	1	3	3	5072.19	0
4.444	1	7	4	373.393	0
4.447	1	5	7	261.954	0
4.448	1	1	8	56110.5	0
4.449	1	2	9	1456.73	0
4.45	1	6	10	347.264	0
4.453	1	10	13	32492.9	0
4.454	1	9	14	15723.3	0
4.481	1	4	1	12091.7	0
4.482	1	8	2	10186.6	0
4.483	1	3	3	3289.62	0
4.484	1	7	4	398.654	0
4.487	1	5	7	379.911	0
4.488	1	1	8	57369.9	0
4.489	1	2	9	258.592	0
4.49	1	6	10	408.97	0
4.493	1	10	13	15637	0
4.494	1	9	14	8880.38	0
4.521	1	4	1	2263.54	0
4.522	1	8	2	12939.1	0
4.523	1	3	3	7424.19	0
4.524	1	7	4	579.455	0
4.527	1	5	7	1031.64	0
4.528	1	1	8	96183.9	0
4.529	1	2	9	374.133	0
4.53	1	6	10	333.516	0
4.533	1	10	13	43551	0
4.534	1	9	14	2053.26	0
4.561	1	4	1	9292.99	0
4.562	1	8	2	23957	0
4.563	1	3	3	12226	0
4.564	1	7	4	286.51	0
4.567	1	5	7	448.158	0
4.568	1	1	8	65241.5	0
4.569	1	2	9	519.693	0
4.57	1	6	10	384.761	0
4.573	1	10	13	66956.5	0
4.574	1	9	14	6243.48	0
4.601	1	4	1	13985.1	0
4.602	1	8	2	12022.5	0
4.603	1	3	3	11259.7	0
4.604	1	7	4	686.897	0
4.607	1	5	7	207.484	0
4.608	1	1	8	127831	0
4.609	1	2	9	75.5131	0
4.61	1	6	10	559.365	0
4.613	1	10	13	8068.02	0
4.614	1	9	14	11441.4	0
4.641	1	4	1	6541.34	0
4.642	1	8	2	9092.67	0
4.643	1	3	3	17041.2	0
4.644	1	7	4	661.856	0
4.647	1	5	7	262.528	0
4.648	1	1	8	40365	0
4.649	1	2	9	139.813	0
4.65	1	6	10	904.035	0
4.653	1	10	13	32199.3	0
4.654	1	9	14	1515.14	0
4.681	1	4	1	3153.01	0
4.682	1	8	2	8665.09	0
4.683	1	3	3	16453.3	0
4.684	1	7	4	301.4	0
4.687	1	5	7	501.592	0
4.688	1	1	8	100604	0
4.689	1	2	9	851.423	0
4.69	1	6	10	1061.6	0
4.693	1	10	13	56384.4	0
4.694	1	9	14	5595.12	0
4.721	1	4	1	8602.58	0
4.722	1	8	2	9294.54	0
4.723	1	3	3	2785.6	0
4.724	1	7	4	397.298	0
4.727	1	5	7	421.64	0
4.728	1	1	8	60858.8	0
4.729	1	2	9	144.377	0
4.73	1	6	10	1474.04	0
4.733	1	10	13	20636.8	0
4.734	1	9	14	6014.96	0
4.761	1	4	1	6163.37	0
4.762	1	8	2	16905.7	0
4.763	1	3	3	3528.95	0
4.764	1	7	4	444.565	0
4.767	1	5	7	198.596	0
4.768	1	1	8	36658.2	0
4.769	1	2	9	646.598	0
4.77	1	6	10	1506.41	0
4.773	1	10	13	16145.9	0
4.774	1	9	14	736.23	0
4.801	1	4	1	5048.37	0
4.802	1	8	2	19283.4	0
4.803	1	3	3	6629.92	0
4.804	1	7	4	441.395	0
4.807	1	5	7	594.327	0
4.808	1	1	8	43013.4	0
4.809	1	2	9	516.53	0
4.81	1	6	10	437.746	0
4.813	1	10	13	16409.8	0
4.814	1	9	14	3182.29	0
4.841	1	4	1	4532.31	0
4.842	1	8	2	41437.4	0
4.843	1	3	3	4545.29	0
4.844	1	7	4	330.982	0
4.847	1	5	7	1164.14	0
4.848	1	1	8	2859.66	0
4.849	1	2	9	1461.68	0
4.85	1	6	10	486.19	0
4.853	1	10	13	7487.11	0
4.854	1	9	14	6275.66	0
4.881	1	4	1	1320.24	0
4.882	1	8	2	31373.2	0
4.883	1	3	3	6483.27	0
4.884	1	7	4	397.684	0
4.887	1	5	7	1160.52	0
4.888	1	1	8	29201.9	0
4.889	1	2	9	1337.36	0
4.89	1	6	10	1093.78	0
4.893	1	10	13	6971.83	0
4.894	1	9	14	5294.59	0
4.921	1	4	1	2309.22	0
4.922	1	8	2	18519.8	0
4.923	1	3	3	2071.69	0
4.924	1	7	4	527.178	0
4.927	1	5	7	747.619	0
4.928	1	1	8	64624.5	0
4.929	1	2	9	398.652	0
4.93	1	6	10	539.466	0
4.933	1	10	13	11016.9	0
4.934	1	9	14	8437.55	0
4.961	1	4	1	16129.6	0
4.962	1	8	2	44956.1	0
4.963	1	3	3	847.275	0
4.964	1	7	4	557.019	0
4.967	1	5	7	287.472	0
4.968	1	1	8	13917.9	0
4.969	1	2	9	102.767	0
4.97	1	6	10	294.121	0
4.973	1	10	13	26212	0
4.974	1	9	14	6699.91	0
5.001	1	4	1	3462.22	0
5.002	1	8	2	20523.6	0
5.003	1	3	3	1869.91	0
5.004	1	7	4	681.376	0
5.007	1	5	7	551.037	0
5.008	1	1	8	51060.1	0
5.009	1	2	9	617.011	0
5.01	1	6	10	958.987	0
5.013	1	10	13	95224.7	0
5.014	1	9	14	1964.65	0
5.041	1	4	1	4666.91	0
5.042	1	8	2	14069.4	0
5.043	1	3	3	6082.2	0
5.044	1	7	4	1452.17	0
5.047	1	5	7	312.244	0
5.048	1	1	8	48109.7	0
5.049	1	2	9	329.01	0
5.05	1	6	10	503.476	0
5.053	1	10	13	34039.6	0
5.054	1	9	14	3349.42	0
5.081	1	4	1	7949.74	0
5.082	1	8	2	23991.4	0
5.083	1	3	3	25609.1	0
5.084	1	7	4	621.408	0
5.087	1	5	7	1109.53	0
5.088	1	1	8	31000.4	0
5.089	1	2	9	297.889	0
5.09	1	6	10	415.615	0
5.093	1	10	13	34188.3	0
5.094	1	9	14	7166.11	0
5.121	1	4	1	24737	0
5.122	1	8	2	39178.1	0
5.123	1	3	3	2535.95	0
5.124	1	7	4	615.614	0
5.127	1	5	7	974.249	0
5.128	1	1	8	90098.7	0
5.129	1	2	9	556.214	0
5.13	1	6	10	367.07	0
5.133	1	10	13	62210.3	0
5.134	1	9	14	7878.4	0
5.161	1	4	1	5885.68	0
5.162	1	8	2	13723.1	0
5.163	1	3	3	3564.46	0
5.164	1	7	4	708.36	0
5.167	1	5	7	573.676	0
5.168	1	1	8	56755.5	0
5.169	1	2	9	659.685	0
5.17	1	6	10	150.454	0
5.173	1	10	13	22649.3	0
5.174	1	9	14	15858.3	0
5.201	1	4	1	1271.47	0
5.202	1	8	2	17058.2	0
5.203	1	3	3	8733.03	0
5.204	1	7	4	266.708	0
5.207	1	5	7	379.286	0
5.208	1	1	8	24010.5	0
5.209	1	2	9	324.917	0
5.21	1	6	10	348.241	0
5.213	1	10	13	20881.6	0
5.214	1	9	14	8149.78	0
5.241	1	4	1	2814.24	0
5.242	1	8	2	36770.6	0
5.243	1	3	3	5600.79	0
5.244	1	7	4	355.71	0
5.247	1	5	7	143.464	0
5.248	1	1	8	70487.6	0
5.249	1	2	9	305.638	0
5.25	1	6	10	1380.93	0
5.253	1	10	13	3986.91	0
5.254	1	9	14	1407.97	0
5.281	1	4	1	3900.32	0
5.282	1	8	2	37440.5	0
5.283	1	3	3	5630.83	0
5.284	1	7	4	231.917	0
5.287	1	5	7	295.118	0
5.288	1	1	8	136890	0
5.289	1	2	9	304.9	0
5.29	1	6	10	2070.48	0
5.293	1	10	13	45244.7	0
5.294	1	9	14	8605.22	0
5.321	1	4	1	1761.96	0
5.322	1	8	2	20167.7	0
5.323	1	3	3	909.803	0
5.324	1	7	4	471.274	0
5.327	1	5	7	147.126	0
5.328	1	1	8	53578.3	0
5.329	1	2	9	593.548	0
5.33	1	6	10	1107.51	0
5.333	1	10	13	65914.9	0
5.334	1	9	14	10144	0
5.361	1	4	1	7870.46	0
5.362	1	8	2	7907.4	0
5.363	1	3	3	3300.87	0
5.364	1	7	4	554.873	0
5.367	1	5	7	296.906	0
5.368	1	1	8	57691.2	0
5.369	1	2	9	895.025	0
5.37	1	6	10	1340.46	0
5.373	1	10	13	7284.03	0
5.374	1	9	14	2341.96	0
5.401	1	4	1	2522.52	0
5.402	1	8	2	8443.25	0
5.403	1	3	3	6699.43	0
5.404	1	7	4	961.134	0
5.407	1	5	7	355.458	0
5.408	1	1	8	92389.2	0
5.409	1	2	9	329.931	0
5.41	1	6	10	1770.5	0
5.413	1	10	13	33627	0
5.414	1	9	14	6112.44	0
5.441	1	4	1	1883.47	0
5.442	1	8	2	14060.1	0
5.443	1	3	3	2304.06	0
5.444	1	7	4	1466.53	0
5.447	1	5	7	212.195	0
5.448	1	1	8	33098.5	0
5.449	1	2	9	532.649	0
5.45	1	6	10	847.514	0
5.453	1	10	13	55811.3	0
5.454	1	9	14	12016.8	0
5.481	1	4	1	9736.28	0
5.482	1	8	2	15968.4	0
5.483	1	3	3	3151.86	0
5.484	1	7	4	655.193	0
5.487	1	5	7	1748.73	0
5.488	1	1	8	19364	0
5.489	1	2	9	1086.66	0
5.49	1	6	10	978.924	0
5.493	1	10	13	19980.5	0
5.494	1	9	14	10655.5	0
5.521	1	4	1	3837.74	0
5.522	1	8	2	19326.2	0
5.523	1	3	3	5853.23	0
5.524	1	7	4	1080.18	0
5.527	1	5	7	642.702	0
5.528	1	1	8	40847.2	0
5.529	1	2	9	1123.54	0
5.53	1	6	10	525.867	0
5.533	1	10	13	36602.6	0
5.534	1	9	14	1800.93	0
5.561	1	4	1	9080.9	0
5.562	1	8	2	38911.8	0
5.563	1	3	3	2477.17	0
5.564	1	7	4	705.938	0
5.567	1	5	7	1170.34	0
5.568	1	1	8	37629.7	0
5.569	1	2	9	1313.81	0
5.57	1	6	10	456.173	0
5.573	1	10	13	20416.7	0
5.574	1	9	14	1937.36	0
5.601	1	4	1	1468.69	0
5.602	1	8	2	27583.2	0
5.603	1	3	3	2819.13	0
5.604	1	7	4	595.833	0
5.607	1	5	7	1296.85	0
5.608	1	1	8	28264	0
5.609	1	2	9	578.882	0
5.61	1	6	10	423.493	0
5.613	1	10	13	22077.7	0
5.614	1	9	14	2389.32	0
5.641	1	4	1	6521.14	0
5.642	1	8	2	27199.7	0
5.643	1	3	3	4937.95	0
5.644	1	7	4	596.032	0
5.647	1	5	7	475.671	0
5.648	1	1	8	50510.3	0
5.649	1	2	9	591.88	0
5.65	1	6	10	338.725	0
5.653	1	10	13	15494.4	0
5.654	1	9	14	1191.54	0
5.681	1	4	1	3745.37	0
5.682	1	8	2	49385.4	0
5.683	1	3	3	4296.14	0
5.684	1	7	4	285.294	0
5.687	1	5	7	286.806	0
5.688	1	1	8	154308	0
5.689	1	2	9	955.901	0
5.69	1	6	10	358	0
5.693	1	10	13	8181.14	0
5.694	1	9	14	3251.74	0
5.721	1	4	1	2908.69	0
5.722	1	8	2	38309.1	0
5.723	1	3	3	6641.8	0
5.724	1	7	4	664.203	0
5.727	1	5	7	80.5337	0
5.728	1	1	8	61469.9	0
5.729	1	2	9	1245.56	0
5.73	1	6	10	701.112	0
5.733	1	10	13	12775.2	0
5.734	1	9	14	8613.33	0
5.761	1	4	1	6646.4	0
5.762	1	8	2	13946.6	0
5.763	1	3	3	12097.4	0
5.764	1	7	4	683.284	0
5.767	1	5	7	490.632	0
5.768	1	1	8	24722.9	0
5.769	1	2	9	1682.91	0
5.77	1	6	10	615.494	0
5.773	1	10	13	14317	0
5.774	1	9	14	5303.53	0
5.801	1	4	1	5841.25	0
5.802	1	8	2	33496.3	0
5.803	1	3	3	15501.6	0
5.804	1	7	4	306.695	0
5.807	1	5	7	681.249	0
5.808	1	1	8	40447.6	0
5.809	1	2	9	1055.26	0
5.81	1	6	10	434.459	0
5.813	1	10	13	22301.2	0
5.814	1	9	14	23836.2	0
5.841	1	4	1	19652	0
5.842	1	8	2	36339.8	0
5.843	1	3	3	15036.3	0
5.844	1	7	4	390.822	0
5.847	1	5	7	64.7799	0
5.848	1	1	8	17461.2	0
5.849	1	2	9	247.604	0
5.85	1	6	10	530.402	0
5.853	1	10	13	34264.1	0
5.854	1	9	14	1325.85	0
5.881	1	4	1	15878.7	0
5.882	1	8	2	10963.3	0
5.883	1	3	3	11663.8	0
5.884	1	7	4	443.98	0
5.887	1	5	7	192.945	0
5.888	1	1	8	19723.8	0
5.889	1	2	9	229.835	0
5.89	1	6	10	341.206	0
5.893	1	10	13	39918.7	0
5.894	1	9	14	1287.2	0
5.921	1	4	1	7885.15	0
5.922	1	8	2	17188.8	0
5.923	1	3	3	2607.58	0
5.924	1	7	4	444.089	0
5.927	1	5	7	452.187	0
5.928	1	1	8	34703	0
5.929	1	2	9	473.669	0
5.93	1	6	10	1257.3	0
5.933	1	10	13	56494.2	0
5.934	1	9	14	36074.5	0
5.961	1	4	1	7717.68	0
5.962	1	8	2	27934.9	0
5.963	1	3	3	8533.24	0
5.964	1	7	4	335.333	0
5.967	1	5	7	243.02	0
5.968	1	1	8	40054.5	0
5.969	1	2	9	171.724	0
5.97	1	6	10	2151.3	0
5.973	1	10	13	50440	0
5.974	1	9	14	1961.16	0
6.001	1	4	1	6394.53	0
6.002	1	8	2	21330.5	0
6.003	1	3	3	4114.45	0
6.004	1	7	4	908.775	0
6.007	1	5	7	290.328	0
6.008	1	1	8	20007.3	0
6.009	1	2	9	1446.24	0
6.01	1	6	10	2239.71	0
6.013	1	10	13	43903.9	0
6.014	1	9	14	3450.02	0
6.041	1	4	1	4485.03	0
6.042	1	8	2	11814.1	0
6.043	1	3	3	2468.2	0
6.044	1	7	4	1281.73	0
6.047	1	5	7	109.684	0
6.048	1	1	8	52719.6	0
6.049	1	2	9	643.308	0
6.05	1	6	10	3541.9	0
6.053	1	10	13	18484.7	0
6.054	1	9	14	3441.32	0
6.081	1	4	1	2789.02	0
6.082	1	8	2	16200.6	0
6.083	1	3	3	5185.34	0
6.084	1	7	4	835.005	0
6.087	1	5	7	43.8501	0
6.088	1	1	8	40368	0
6.089	1	2	9	793.643	0
6.09	1	6	10	853.362	0
6.093	1	10	13	12838.6	0
6.094	1	9	14	4333.38	0
6.121	1	4	1	14651.2	0
6.122	1	8	2	21194.4	0
6.123	1	3	3	11186.7	0
6.124	1	7	4	603.048	0
6.127	1	5	7	195.343	0
6.128	1	1	8	13323.3	0
6.129	1	2	9	681.845	0
6.13	1	6	10	650.044	0
6.133	1	10	13	19911.1	0
6.134	1	9	14	1989.5	0
6.161	1	4	1	32727.5	0
6.162	1	8	2	25034.6	0
6.163	1	3	3	20949	0
6.164	1	7	4	343.945	0
6.167	1	5	7	495.471	0
6.168	1	1	8	25303.4	0
6.169	1	2	9	245.352	0
6.17	1	6	10	1088	0
6.173	1	10	13	17651	0
6.174	1	9	14	3447.35	0
6.201	1	4	1	22525.5	0
6.202	1	8	2	19389.2	0
6.203	1	3	3	11047.2	0
6.204	1	7	4	316.016	0
6.207	1	5	7	240.397	0
6.208	1	1	8	13425.2	0
6.209	1	2	9	315.33	0
6.21	1	6	10	196.282	0
6.213	1	10	13	16083.1	0
6.214	1	9	14	12965.7	0
6.241	1	4	1	7114.86	0
6.242	1	8	2	15522.2	0
6.243	1	3	3	17220.6	0
6.244	1	7	4	581.76	0
6.247	1	5	7	384.466	0
6.248	1	1	8	107649	0
6.249	1	2	9	484.098	0
6.25	1	6	10	599.425	0
6.253	1	10	13	14250.9	0
6.254	1	9	14	12205.4	0
6.281	1	4	1	2210.21	0
6.282	1	8	2	40034	0
6.283	1	3	3	18997.4	0
6.284	1	7	4	324.439	0
6.287	1	5	7	418.821	0
6.288	1	1	8	159877	0
6.289	1	2	9	225.689	0
6.29	1	6	10	709.167	0
6.293	1	10	13	11085.7	0
6.294	1	9	14	5374.29	0
6.321	1	4	1	2025.91	0
6.322	1	8	2	27262.2	0
6.323	1	3	3	2414.43	0
6.324	1	7	4	713.473	0
6.327	1	5	7	602.279	0
6.328	1	1	8	4442.24	0
6.329	1	2	9	406.607	0
6.33	1	6	10	956.31	0
6.333	1	10	13	19086.5	0
6.334	1	9	14	11686.5	0
6.361	1	4	1	1888.89	0
6.362	1	8	2	14002.3	0
6.363	1	3	3	2829.63	0
6.364	1	7	4	645.702	0
6.367	1	5	7	334.437	0
6.368	1	1	8	70493.3	0
6.369	1	2	9	661.423	0
6.37	1	6	10	921.62	0
6.373	1	10	13	27065.2	0
6.374	1	9	14	4940.96	0
6.401	1	4	1	770.325	0
6.402	1	8	2	19328.5	0
6.403	1	3	3	6748.25	0
6.404	1	7	4	866.585	0
6.407	1	5	7	177.523	0
6.408	1	1	8	139987	0
6.409	1	2	9	273.022	0
6.41	1	6	10	529.319	0
6.413	1	10	13	16842.7	0
6.414	1	9	14	3809.29	0
6.441	1	4	1	2541.32	0
6.442	1	8	2	9282.4	0
6.443	1	3	3	7033.5	0
6.444	1	7	4	1288.27	0
6.447	1	5	7	354.46	0
6.448	1	1	8	25261.7	0
6.449	1	2	9	362.889	0
6.45	1	6	10	613.008	0
6.453	1	10	13	18723.7	0
6.454	1	9	14	6962.55	0
6.481	1	4	1	2029.38	0
6.482	1	8	2	25914.5	0
6.483	1	3	3	10268.9	0
6.484	1	7	4	543.303	0
6.487	1	5	7	148.313	0
6.488	1	1	8	64389.4	0
6.489	1	2	9	536.567	0
6.49	1	6	10	353.497	0
6.493	1	10	13	15021.7	0
6.494	1	9	14	5880.52	0
6.521	1	4	1	5299.82	0
6.522	1	8	2	13652.4	0
6.523	1	3	3	12681.9	0
6.524	1	7	4	739.335	0
6.527	1	5	7	369.808	0
6.528	1	1	8	36084.7	0
6.529	1	2	9	524.865	0
6.53	1	6	10	664.885	0
6.533	1	10	13	11182.6	0
6.534	1	9	14	3500.85	0
6.561	1	4	1	5053.17	0
6.562	1	8	2	25919.9	0
6.563	1	3	3	10124.3	0
6.564	1	7	4	576.899	0
6.567	1	5	7	363.131	0
6.568	1	1	8	67156.5	0
6.569	1	2	9	170.144	0
6.57	1	6	10	1184.78	0
6.573	1	10	13	11422.2	0
6.574	1	9	14	8531.09	0
6.601	1	4	1	4387.62	0
6.602	1	8	2	40471.7	0
6.603	1	3	3	11580.8	0
6.604	1	7	4	155.88	0
6.607	1	5	7	300.929	0
6.608	1	1	8	37657.8	0
6.609	1	2	9	53.3834	0
6.61	1	6	10	785.31	0
6.613	1	10	13	18876.2	0
6.614	1	9	14	6315.46	0
6.641	1	4	1	10129	0
6.642	1	8	2	16927.8	0
6.643	1	3	3	7987.19	0
6.644	1	7	4	541.749	0
6.647	1	5	7	441.114	0
6.648	1	1	8	150206	0
6.649	1	2	9	245.032	0
6.65	1	6	10	3053.37	0
6.653	1	10	13	22367.1	0
6.654	1	9	14	4695.26	0
6.681	1	4	1	8404.24	0
6.682	1	8	2	17803.7	0
6.683	1	3	3	15171.6	0
6.684	1	7	4	929.952	0
6.687	1	5	7	498.69	0
6.688	1	1	8	271233	0
6.689	1	2	9	428.843	0
6.69	1	6	10	2920.34	0
6.693	1	10	13	10178.7	0
6.694	1	9	14	5628.27	0
6.721	1	4	1	11533.6	0
6.722	1	8	2	14821.5	0
6.723	1	3	3	5798.36	0
6.724	1	7	4	355.407	0
6.727	1	5	7	429.415	0
6.728	1	1	8	129491	0
6.729	1	2	9	564.107	0
6.73	1	6	10	358.595	0
6.733	1	10	13	24073.6	0
6.734	1	9	14	1749.25	0
6.761	1	4	1	15534.7	0
6.762	1	8	2	12411.2	0
6.763	1	3	3	4662.05	0
6.764	1	7	4	1027.05	0
6.767	1	5	7	203.072	0
6.768	1	1	8	92028.2	0
6.769	1	2	9	1212.67	0
6.77	1	6	10	1005.42	0
6.773	1	10	13	48029.1	0
6.774	1	9	14	6614.35	0
6.801	1	4	1	9853.48	0
6.802	1	8	2	35591.4	0
6.803	1	3	3	5785.91	0
6.804	1	7	4	717.487	0
6.807	1	5	7	230.2	0
6.808	1	1	8	99228.4	0
6.809	1	2	9	994.259	0
6.81	1	6	10	783.477	0
6.813	1	10	13	52969.5	0
6.814	1	9	14	11520.8	0
6.841	1	4	1	16992.6	0
6.842	1	8	2	33048.7	0
6.843	1	3	3	3744.64	0
6.844	1	7	4	1566.73	0
6.847	1	5	7	275.314	0
6.848	1	1	8	15488.8	0
6.849	1	2	9	1758.14	0
6.85	1	6	10	213.564	0
6.853	1	10	13	42194.5	0
6.854	1	9	14	2866.35	0
