% start	end	CellId	IMSI	RNTI	LCID	nTxPDUs	TxBytes	nRxPDUs	RxBytes	delay	stdDev	min	max	PduSize	stdDev	min	max
0	0.25	1	1	12	4	14	2170	14	2170	0.00405394	0.000778754	0.00305372	0.00581192	155	0	155	155	
0	0.25	1	2	4	3	11	1705	11	1705	0.00363468	0.000495452	0.00303695	0.00480674	155	0	155	155	
0	0.25	1	3	14	3	14	2170	14	2170	0.00384655	0.000683857	0.00301202	0.00567184	155	0	155	155	
0	0.25	1	4	11	3	8	1240	8	1240	0.00348825	0.000283771	0.00310916	0.00391705	155	0	155	155	
0	0.25	1	5	17	3	10	1550	9	1395	0.00372503	0.000610707	0.00315112	0.0049022	155	0	155	155	
0	0.25	1	6	3	3	12	1860	12	1860	0.00402662	0.000502577	0.00327752	0.00504728	155	0	155	155	
0	0.25	1	7	2	3	11	1705	11	1705	0.00367355	0.000554029	0.00312033	0.00475847	155	0	155	155	
0	0.25	1	8	18	3	9	1395	9	1395	0.0038307	0.000681333	0.00306581	0.00541832	155	0	155	155	
0	0.25	1	9	1	3	9	1395	9	1395	0.00372531	0.000537906	0.00300035	0.00491309	155	0	155	155	
0	0.25	1	10	13	3	13	2015	13	2015	0.00415307	0.000673069	0.00309647	0.00533919	155	0	155	155	
0.25	0.5	1	1	12	4	12	1860	11	1705	0.00376731	0.000591648	0.00303014	0.00472819	155	0	155	155	
0.25	0.5	1	2	4	3	9	1395	9	1395	0.00353553	0.000275751	0.00316438	0.00394362	155	0	155	155	
0.25	0.5	1	3	14	3	13	2015	13	2015	0.00367077	0.000577186	0.00307339	0.00498366	155	0	155	155	
0.25	0.5	1	4	11	3	13	2015	13	2015	0.00375762	0.000359498	0.00310702	0.00447192	155	0	155	155	
0.25	0.5	1	5	17	3	11	1705	12	1860	0.00361578	0.000301215	0.00316409	0.00407473	155	0	155	155	
0.25	0.5	1	6	3	3	10	1550	10	1550	0.00338818	0.000303135	0.0030638	0.0038618	155	0	155	155	
0.25	0.5	1	7	2	3	12	1860	12	1860	0.00363454	0.000511729	0.00300403	0.00490272	155	0	155	155	
0.25	0.5	1	8	18	3	18	2790	18	2790	0.00401639	0.000907067	0.00305524	0.00598787	155	0	155	155	
0.25	0.5	1	9	1	3	12	1860	12	1860	0.00373217	0.000452527	0.00300234	0.00456741	155	0	155	155	
0.25	0.5	1	10	13	3	7	1085	7	1085	0.00389695	0.000550603	0.00311326	0.0049542	155	0	155	155	
0.5	0.75	1	1	12	4	10	1550	11	1705	0.00361475	0.000605626	0.00300424	0.00490297	155	0	155	155	
0.5	0.75	1	2	4	3	9	1395	9	1395	0.00342657	0.000182807	0.00309726	0.00368556	155	0	155	155	
0.5	0.75	1	3	14	3	12	1860	12	1860	0.00385681	0.000584422	0.00301297	0.00494965	155	0	155	155	
0.5	0.75	1	4	11	3	14	2170	13	2015	0.00379068	0.000727161	0.0030234	0.00599004	155	0	155	155	
0.5	0.75	1	5	17	3	10	1550	10	1550	0.00375489	0.000718877	0.00302013	0.00512013	155	0	155	155	
0.5	0.75	1	6	3	3	13	2015	12	1860	0.00376117	0.000555974	0.00310367	0.00493528	155	0	155	155	
0.5	0.75	1	7	2	3	14	2170	14	2170	0.0038108	0.000774752	0.00305997	0.00572413	155	0	155	155	
0.5	0.75	1	8	18	3	12	1860	12	1860	0.00390049	0.000536457	0.00316286	0.0047836	155	0	155	155	
0.5	0.75	1	9	1	3	12	1860	12	1860	0.00381064	0.000896854	0.00300135	0.00564341	155	0	155	155	
0.5	0.75	1	10	13	3	12	1860	12	1860	0.003478	0.000489668	0.00300893	0.00449403	155	0	155	155	
0.75	1	1	1	12	4	16	2480	16	2480	0.00393953	0.000799765	0.00311438	0.00552606	155	0	155	155	
0.75	1	1	2	4	3	11	1705	11	1705	0.00338565	0.000228314	0.00304476	0.00368878	155	0	155	155	
0.75	1	1	3	14	3	12	1860	12	1860	0.00408264	0.000712028	0.00300172	0.00532425	155	0	155	155	
0.75	1	1	4	11	3	10	1550	11	1705	0.00380718	0.000548735	0.00316196	0.00481608	155	0	155	155	
0.75	1	1	5	17	3	14	2170	14	2170	0.00383365	0.000648624	0.0030146	0.00576018	155	0	155	155	
0.75	1	1	6	3	3	11	1705	12	1860	0.00350718	0.000349551	0.00300404	0.00399384	155	0	155	155	
0.75	1	1	7	2	3	10	1550	9	1395	0.00399553	0.000899411	0.00312963	0.00585186	155	0	155	155	
0.75	1	1	8	18	3	11	1705	11	1705	0.00364905	0.000588384	0.00307905	0.0047142	155	0	155	155	
0.75	1	1	9	1	3	11	1705	10	1550	0.00359549	0.000244616	0.00306279	0.00397649	155	0	155	155	
0.75	1	1	10	13	3	10	1550	10	1550	0.00354733	0.000456823	0.0030227	0.00437821	155	0	155	155	
1	1.25	1	1	12	4	10	1550	10	1550	0.00452005	0.00177435	0.00319335	0.00872861	155	0	155	155	
1	1.25	1	2	4	3	9	1395	9	1395	0.00436468	0.000866091	0.0035339	0.00590474	155	0	155	155	
1	1.25	1	3	14	3	11	1705	10	1550	0.00365356	0.000471142	0.00308241	0.00443862	155	0	155	155	
1	1.25	1	4	11	3	15	2325	15	2325	0.00374033	0.000551215	0.00311566	0.00470951	155	0	155	155	
1	1.25	1	5	17	3	9	1395	8	1240	0.00368906	0.000613807	0.00311328	0.00470808	155	0	155	155	
1	1.25	1	6	3	3	8	1240	7	1085	0.00345879	0.000343353	0.00313681	0.00393119	155	0	155	155	
1	1.25	1	7	2	3	10	1550	10	1550	0.00370448	0.000779025	0.00303474	0.00570201	155	0	155	155	
1	1.25	1	8	18	3	12	1860	12	1860	0.00391259	0.000829672	0.00303568	0.00590295	155	0	155	155	
1	1.25	1	9	1	3	14	2170	15	2325	0.00372571	0.000657505	0.00304112	0.00573157	155	0	155	155	
1	1.25	1	10	13	3	11	1705	11	1705	0.00411709	0.00110624	0.00308805	0.00681398	155	0	155	155	
1.25	1.5	1	1	12	4	11	1705	11	1705	0.00376778	0.000497274	0.00312902	0.00457326	155	0	155	155	
1.25	1.5	1	2	4	3	13	2015	13	2015	0.00390922	0.00092741	0.00309898	0.00688745	155	0	155	155	
1.25	1.5	1	3	14	3	9	1395	10	1550	0.00380777	0.000762069	0.00317371	0.00582841	155	0	155	155	
1.25	1.5	1	4	11	3	6	930	6	930	0.00344529	0.000514251	0.00300894	0.00434765	155	0	155	155	
1.25	1.5	1	5	17	3	11	1705	12	1860	0.00377148	0.000565526	0.00304162	0.00490864	155	0	155	155	
1.25	1.5	1	6	3	3	11	1705	11	1705	0.00360454	0.000195883	0.00325063	0.00386973	155	0	155	155	
1.25	1.5	1	7	2	3	13	2015	14	2170	0.00370299	0.000885126	0.00301799	0.00659759	155	0	155	155	
1.25	1.5	1	8	18	3	15	2325	14	2170	0.00388424	0.000551551	0.00312535	0.0052087	155	0	155	155	
1.25	1.5	1	9	1	3	11	1705	11	1705	0.00360449	0.00044918	0.00316921	0.00463164	155	0	155	155	
1.25	1.5	1	10	13	3	6	930	6	930	0.00355285	0.0005508	0.00305591	0.00457848	155	0	155	155	
1.5	1.75	1	1	12	4	13	2015	13	2015	0.00382392	0.000360648	0.00341032	0.00456303	155	0	155	155	
1.5	1.75	1	2	4	3	11	1705	11	1705	0.00369176	0.000469681	0.00304131	0.00478883	155	0	155	155	
1.5	1.75	1	3	14	3	11	1705	11	1705	0.00348457	0.000643739	0.00301051	0.0051982	155	0	155	155	
1.5	1.75	1	4	11	3	12	1860	11	1705	0.00348015	0.000203285	0.00303629	0.00379676	155	0	155	155	
1.5	1.75	1	5	17	3	12	1860	12	1860	0.00382026	0.000844883	0.0030772	0.00597694	155	0	155	155	
1.5	1.75	1	6	3	3	12	1860	13	2015	0.00373055	0.000771659	0.00300558	0.00589556	155	0	155	155	
1.5	1.75	1	7	2	3	10	1550	10	1550	0.00358162	0.000393818	0.00313778	0.00444755	155	0	155	155	
1.5	1.75	1	8	18	3	14	2170	15	2325	0.00369571	0.000642021	0.00300702	0.00494471	155	0	155	155	
1.5	1.75	1	9	1	3	16	2480	16	2480	0.0037585	0.00049884	0.00300146	0.00504497	155	0	155	155	
1.5	1.75	1	10	13	3	14	2170	14	2170	0.00360574	0.00041761	0.00309855	0.00461488	155	0	155	155	
1.75	2	1	1	12	4	11	1705	11	1705	0.0037946	0.00041451	0.0031067	0.00474531	155	0	155	155	
1.75	2	1	2	4	3	10	1550	10	1550	0.0035203	0.000309117	0.00315775	0.00392659	155	0	155	155	
1.75	2	1	3	14	3	11	1705	11	1705	0.00366399	0.000413735	0.00300892	0.00447732	155	0	155	155	
1.75	2	1	4	11	3	13	2015	14	2170	0.00362674	0.000377131	0.00301238	0.00419993	155	0	155	155	
1.75	2	1	5	17	3	14	2170	14	2170	0.00372524	0.000383237	0.00308124	0.00440496	155	0	155	155	
1.75	2	1	6	3	3	13	2015	13	2015	0.0035404	0.000302534	0.00307392	0.00395341	155	0	155	155	
1.75	2	1	7	2	3	10	1550	10	1550	0.00370533	0.000535079	0.00304366	0.00497128	155	0	155	155	
1.75	2	1	8	18	3	10	1550	10	1550	0.00367871	0.000508484	0.00317751	0.00494629	155	0	155	155	
1.75	2	1	9	1	3	11	1705	11	1705	0.00363839	0.000461656	0.00301029	0.00465894	155	0	155	155	
1.75	2	1	10	13	3	14	2170	14	2170	0.00412789	0.00100774	0.0031269	0.00663297	155	0	155	155	
2	2.25	1	1	12	4	13	2015	13	2015	0.00386307	0.000725142	0.00310362	0.00523981	155	0	155	155	
2	2.25	1	2	4	3	13	2015	12	1860	0.00359124	0.000653461	0.00306719	0.00550831	155	0	155	155	
2	2.25	1	3	14	3	12	1860	12	1860	0.0037164	0.000926029	0.00302405	0.00644246	155	0	155	155	
2	2.25	1	4	11	3	9	1395	9	1395	0.00361251	0.000184001	0.00333699	0.00384031	155	0	155	155	
2	2.25	1	5	17	3	12	1860	12	1860	0.00367189	0.000473768	0.00318307	0.00466874	155	0	155	155	
2	2.25	1	6	3	3	14	2170	14	2170	0.00440935	0.0010787	0.00301511	0.00654333	155	0	155	155	
2	2.25	1	7	2	3	13	2015	13	2015	0.00358056	0.000441512	0.00307422	0.00437285	155	0	155	155	
2	2.25	1	8	18	3	12	1860	12	1860	0.00354313	0.000398547	0.00304448	0.00438406	155	0	155	155	
2	2.25	1	9	1	3	9	1395	9	1395	0.00351955	0.000314144	0.00313006	0.00390405	155	0	155	155	
2	2.25	1	10	13	3	10	1550	10	1550	0.00386051	0.000545672	0.00318442	0.00486131	155	0	155	155	
2.25	2.5	1	1	12	4	11	1705	11	1705	0.00393225	0.000643013	0.00309222	0.00490875	155	0	155	155	
2.25	2.5	1	2	4	3	11	1705	12	1860	0.00379143	0.00042867	0.00318424	0.00462004	155	0	155	155	
2.25	2.5	1	3	14	3	9	1395	9	1395	0.00344252	0.000325875	0.00303301	0.00391566	155	0	155	155	
2.25	2.5	1	4	11	3	12	1860	12	1860	0.00353334	0.000405981	0.00306414	0.00445423	155	0	155	155	
2.25	2.5	1	5	17	3	10	1550	10	1550	0.00399594	0.000854025	0.00320828	0.00595648	155	0	155	155	
2.25	2.5	1	6	3	3	12	1860	12	1860	0.00367222	0.000502747	0.00305981	0.00493865	155	0	155	155	
2.25	2.5	1	7	2	3	11	1705	11	1705	0.0037418	0.000654446	0.00309632	0.00474401	155	0	155	155	
2.25	2.5	1	8	18	3	13	2015	12	1860	0.00450415	0.00272618	0.00319304	0.0127324	155	0	155	155	
2.25	2.5	1	9	1	3	14	2170	14	2170	0.00354874	0.000348806	0.00301435	0.00399645	155	0	155	155	
2.25	2.5	1	10	13	3	10	1550	10	1550	0.00364289	0.000567356	0.00317157	0.00510629	155	0	155	155	
2.5	2.75	1	1	12	4	11	1705	11	1705	0.00378479	0.000584578	0.0031032	0.00500277	155	0	155	155	
2.5	2.75	1	2	4	3	9	1395	9	1395	0.00361037	0.000458666	0.00300721	0.0043862	155	0	155	155	
2.5	2.75	1	3	14	3	15	2325	15	2325	0.00413741	0.000917105	0.00323202	0.00594432	155	0	155	155	
2.5	2.75	1	4	11	3	12	1860	12	1860	0.00393307	0.000649701	0.00322896	0.00523029	155	0	155	155	
2.5	2.75	1	5	17	3	10	1550	10	1550	0.00361916	0.000470412	0.00303797	0.004391	155	0	155	155	
2.5	2.75	1	6	3	3	11	1705	11	1705	0.00347151	0.000328497	0.00309848	0.004078	155	0	155	155	
2.5	2.75	1	7	2	3	10	1550	10	1550	0.00341369	0.000287345	0.00305973	0.0039333	155	0	155	155	
2.5	2.75	1	8	18	3	13	2015	14	2170	0.00411961	0.000783203	0.00330096	0.00551821	155	0	155	155	
2.5	2.75	1	9	1	3	12	1860	12	1860	0.00382165	0.000524463	0.00303373	0.00468446	155	0	155	155	
2.5	2.75	1	10	13	3	12	1860	12	1860	0.00351173	0.000528319	0.00306422	0.00491316	155	0	155	155	
2.75	3	1	1	12	4	10	1550	10	1550	0.00367354	0.000477498	0.00307728	0.00454701	155	0	155	155	
2.75	3	1	2	4	3	13	2015	13	2015	0.0034391	0.000363121	0.00301221	0.00422695	155	0	155	155	
2.75	3	1	3	14	3	8	1240	8	1240	0.00354004	0.000247032	0.00311582	0.00384614	155	0	155	155	
2.75	3	1	4	11	3	11	1705	11	1705	0.00358348	0.000424581	0.00305067	0.00447944	155	0	155	155	
2.75	3	1	5	17	3	18	2790	17	2635	0.00375317	0.00064022	0.00302861	0.00485117	155	0	155	155	
2.75	3	1	6	3	3	12	1860	12	1860	0.00382599	0.000741842	0.0030205	0.00553029	155	0	155	155	
2.75	3	1	7	2	3	13	2015	13	2015	0.00357154	0.000477415	0.00301598	0.00470517	155	0	155	155	
2.75	3	1	8	18	3	15	2325	15	2325	0.00359113	0.000402996	0.00309783	0.00437845	155	0	155	155	
2.75	3	1	9	1	3	11	1705	11	1705	0.00376823	0.000170755	0.00330161	0.00399566	155	0	155	155	
2.75	3	1	10	13	3	11	1705	11	1705	0.00351979	0.000411653	0.00301459	0.00400277	155	0	155	155	
3	3.25	1	1	12	4	9	1395	9	1395	0.00363806	0.000461784	0.00317604	0.00468711	155	0	155	155	
3	3.25	1	2	4	3	11	1705	10	1550	0.00349596	0.000564753	0.00301578	0.00484703	155	0	155	155	
3	3.25	1	3	14	3	11	1705	11	1705	0.00334568	0.000270012	0.00301287	0.0038775	155	0	155	155	
3	3.25	1	4	11	3	16	2480	16	2480	0.00405843	0.000888594	0.00304045	0.00594129	155	0	155	155	
3	3.25	1	5	17	3	15	2325	16	2480	0.0041069	0.000891029	0.00308615	0.00611176	155	0	155	155	
3	3.25	1	6	3	3	13	2015	13	2015	0.00381256	0.000657894	0.00307618	0.00499508	155	0	155	155	
3	3.25	1	7	2	3	11	1705	11	1705	0.00390103	0.000933025	0.00305547	0.00626557	155	0	155	155	
3	3.25	1	8	18	3	11	1705	11	1705	0.0036842	0.000409294	0.00324749	0.00471105	155	0	155	155	
3	3.25	1	9	1	3	10	1550	10	1550	0.00349648	0.000249514	0.00307831	0.00380875	155	0	155	155	
3	3.25	1	10	13	3	9	1395	9	1395	0.00354867	0.000306341	0.00322164	0.00398433	155	0	155	155	
3.25	3.5	1	1	12	4	12	1860	12	1860	0.00343546	0.000254498	0.00303088	0.00378601	155	0	155	155	
3.25	3.5	1	2	4	3	12	1860	12	1860	0.00350522	0.000308106	0.00308568	0.00404906	155	0	155	155	
3.25	3.5	1	3	14	3	9	1395	9	1395	0.00372218	0.000443969	0.00319278	0.00444297	155	0	155	155	
3.25	3.5	1	4	11	3	15	2325	15	2325	0.00380356	0.000705463	0.00300352	0.00590284	155	0	155	155	
3.25	3.5	1	5	17	3	9	1395	9	1395	0.00368648	0.000638218	0.00303008	0.00491446	155	0	155	155	
3.25	3.5	1	6	3	3	14	2170	14	2170	0.0033994	0.000324795	0.00305262	0.00398208	155	0	155	155	
3.25	3.5	1	7	2	3	12	1860	11	1705	0.0037618	0.000430813	0.00314812	0.00450973	155	0	155	155	
3.25	3.5	1	8	18	3	12	1860	12	1860	0.0037621	0.000644384	0.00310435	0.00537457	155	0	155	155	
3.25	3.5	1	9	1	3	13	2015	12	1860	0.00366895	0.000431731	0.00324457	0.00486959	155	0	155	155	
3.25	3.5	1	10	13	3	11	1705	11	1705	0.00375399	0.000563841	0.00319718	0.00512789	155	0	155	155	
3.5	3.75	1	1	12	4	10	1550	10	1550	0.00385864	0.000767426	0.00317302	0.00592554	155	0	155	155	
3.5	3.75	1	2	4	3	14	2170	15	2325	0.00414659	0.000956854	0.00303788	0.00643098	155	0	155	155	
3.5	3.75	1	3	14	3	11	1705	10	1550	0.00363775	0.000613878	0.00307868	0.00523388	155	0	155	155	
3.5	3.75	1	4	11	3	14	2170	14	2170	0.00402339	0.000558199	0.00315344	0.0047696	155	0	155	155	
3.5	3.75	1	5	17	3	11	1705	11	1705	0.00358954	0.000510057	0.00308263	0.0046247	155	0	155	155	
3.5	3.75	1	6	3	3	13	2015	13	2015	0.00381973	0.00058383	0.00315873	0.00529139	155	0	155	155	
3.5	3.75	1	7	2	3	12	1860	13	2015	0.00369486	0.000459759	0.00302178	0.00443252	155	0	155	155	
3.5	3.75	1	8	18	3	13	2015	13	2015	0.00379093	0.000643581	0.0031575	0.0054868	155	0	155	155	
3.5	3.75	1	9	1	3	15	2325	15	2325	0.00413436	0.000883338	0.00305704	0.00586143	155	0	155	155	
3.5	3.75	1	10	13	3	11	1705	10	1550	0.00347693	0.000239312	0.00315231	0.00396042	155	0	155	155	
